0.420288777853927 0.370989165039086
0.4319637269203 0.29195739302641
0.421488443197931 0.358520381063136
0.416706215632136 0.390174310164845
0.430555903589498 0.298341706905905
0.398686639564423 0.518072582834007
0.422005148731924 0.3579454161703
0.400095343713194 0.507542649330752
0.427585083085842 0.322063476004779
0.428306296006606 0.314303792931281
0.395526018775307 0.539454609633984
0.42072961779847 0.370295997746228
0.438044134083386 0.249795599375054
0.420952478165904 0.364444766895729
0.423009791691353 0.348949155333121
0.42080163761533 0.365348022078152
0.395654020020845 0.53731809575071
0.412471304841329 0.422461206836476
0.43708562366223 0.252542515843555
0.421262013753088 0.363041110169696
0.395512057768783 0.537186470456216
0.411165444930699 0.433854065058318
0.400835022501201 0.499696313466404
0.425005335983983 0.337885230690911
0.393133323402838 0.554119072193702
0.434516098157141 0.270587776254617
0.419623812997555 0.374092623766014
0.411583058778832 0.429324373218337
0.420777212471744 0.36381608626199
0.425908270123842 0.328681658502506
0.405819863898645 0.466095087483858
0.434475577646531 0.269961658621944
0.421188714759053 0.36413736067086
0.442739922591563 0.216747451988848
0.449761014637874 0.168494646748837
0.442208282655322 0.218588841143281
0.431198563702269 0.291308737335926
0.418389035049024 0.38544770834227
0.431606289613687 0.29432667759161
0.427587410948661 0.317168206939534
0.40815253634902 0.449009799013246
0.407638121919413 0.454960566167657
0.407413928018855 0.457974893867633
0.408108551847248 0.449017373776432
0.423690049813808 0.344453584942224
0.434827149434609 0.272367488111124
0.418984941327771 0.378735581404681
0.417849940206666 0.384415910986606
0.409617997593353 0.440531761980245
0.40763545955755 0.455475231698758
0.403907145942197 0.475886842905924
0.417701251511798 0.387559900468185
0.445851266861378 0.194596183314835
0.417806650416559 0.383810049555427
0.441733066890809 0.226470986541914
0.397484432153678 0.525103823112785
0.427945433693347 0.312609566925974
0.413027670167907 0.419792066657942
0.417308134322666 0.390056879108808
0.436581727958273 0.259539278853921
0.419320955724206 0.383005617914477
0.420748665951079 0.3647315297738
0.415093953177381 0.40433289347566
0.420991064506682 0.364848026204166
0.428808535448873 0.309361574451835
0.416943257609882 0.389974678460847
0.416688451848901 0.39447383828135
0.416270855260053 0.394178699429551
0.415686229359268 0.397848439522224
0.426053125091196 0.332627618632553
0.451015697350134 0.158798959824738
0.419937244143689 0.367780283468133
0.41665908482315 0.39034242707266
0.409604368499922 0.443625620789088
0.416592407056955 0.394326550630398
0.425386182095548 0.333242589293588
0.415965177304217 0.398105627604095
0.393717552819176 0.550104476717496
0.389555199860789 0.579534929894676
0.426699040920437 0.324883979716082
0.42160054598646 0.362064954469934
0.415434078923163 0.406880296824403
0.418210438220854 0.383180260467323
0.412816241218676 0.41553725936238
0.439304755420927 0.24193172046894
0.432293254050686 0.286330260762434
0.406541730106985 0.464309275957827
0.414386565548073 0.407529318952518
0.409299208958247 0.44366017687788
0.400040316886525 0.50826060234772
0.391306271735127 0.56645151942707
0.418139662043002 0.384346414077114
0.405560100662107 0.471004593582432
0.413652754386434 0.413328721661514
0.412778382204749 0.422914609102351
0.425668195836299 0.329010127096439
0.428637500914287 0.316167419413391
0.416796963053724 0.39178529114297
0.401814780526 0.493193092262401
0.435491029891757 0.264636010920257
0.457925745364386 0.110859015417124
0.424109493713656 0.343947241341221
0.404731673041004 0.474713299178029
0.420011026351555 0.370513198435736
0.423388629407539 0.347359685118257
0.428317128298555 0.315827174025699
0.429128669599941 0.306709458243521
0.446144429051311 0.1894098891153
0.419684329706919 0.375429370010752
0.386749935105663 0.596627953321842
0.410272953637096 0.437709790767464
0.41908306024368 0.378989167663523
0.416752858929128 0.393138859201706
0.411560329338779 0.427251682115371
0.428748403526395 0.311224191636518
0.431021611087714 0.294993577999418
0.42751786393585 0.320886071923846
0.422114352680007 0.357307556841567
0.41541909911104 0.402184123587775
0.425956758273193 0.331445809483525
0.420108892073273 0.367239512620225
0.417259357295678 0.387557783407818
0.40903784254138 0.442688904600494
0.436232445260261 0.261559445989125
0.399178831918999 0.51390784190172
0.420590128576689 0.363666721080025
0.427220365490384 0.31667136214434
0.417117287740737 0.388738907062718
0.396074522500251 0.533836401447848
0.420541562334333 0.365575576766838
0.397634588554951 0.521008044525287
0.41041303560083 0.436410469450267
0.420300801991958 0.367732064419237
0.420739209818615 0.368349854509422
0.425509636044673 0.335489835459485
0.428151090940685 0.314784414085621
0.412513407788183 0.423572546303769
0.410498286313096 0.436915685845223
0.420480867114764 0.36422856228635
0.413573420355429 0.417433102009551
0.404534459552399 0.474538691264567
0.416370394440971 0.392574743734127
0.412404673127247 0.420449219217753
0.406164434007802 0.464920774116397
0.431264796038755 0.295178343439373
0.402249247850229 0.491456936135784
0.40856517508648 0.450316005746774
0.41453589595499 0.409223861475175
0.409043745840728 0.447003607367146
0.426342501094219 0.32659211688619
0.40974237195866 0.443047606682955
0.428054462438114 0.317171337115621
0.414445787071181 0.410816503326793
0.421790169478565 0.361158048022802
0.436213302993677 0.260655116780589
0.415281641708043 0.404687516563342
0.440866641804043 0.227870406452365
0.43810117720105 0.249264158128572
0.426606118234948 0.324159732105748
0.401336199392815 0.497926826600995
0.412638287369136 0.420971778147388
0.395124672162457 0.539557232726424
0.409043717074691 0.44525817075111
0.448131228375942 0.1779893551994
0.425896716646351 0.330005162306244
0.417895889947632 0.385059479516688
0.411663152246423 0.425249580260256
0.432482822415657 0.28613863974608
0.418305339348093 0.383311745173859
0.411643693935511 0.427632022107593
0.449901197112844 0.166286595551712
0.405228846674665 0.471261593448962
0.436655434892985 0.256402138838865
0.404258811647354 0.476039405391539
0.428371993775383 0.317282447915103
0.401361645123179 0.50001694504408
0.402793330804306 0.486226489783102
0.423509309395606 0.350282357292115
0.427965134079941 0.316663859598439
0.426338965880717 0.325564041228033
0.407602589572364 0.453422845462137
0.433678532014797 0.277625687144182
0.43173866879174 0.296764880573047
0.418902707140422 0.374462090206929
0.401602649975577 0.496257818809776
0.427137949295218 0.323591981539259
0.434006749884192 0.274847001363367
0.43245326712271 0.288537287481254
0.439002815608945 0.241848656923996
0.432389131770017 0.287300059933453
0.424242920878128 0.343430348777474
0.422380403548028 0.354808906405621
0.433192872528215 0.277259936475522
0.431062724361464 0.29318077528624
0.439524946659352 0.239339329153394
0.405655751791566 0.469097586556605
0.421175346595747 0.361637019079789
0.4232179292025 0.346920485452389
0.428700369610291 0.307913215002104
0.43818831971513 0.246546016896736
0.426686336856258 0.324066030653065
0.399959493682936 0.509497899848825
0.439500198141937 0.239079701653109
0.423021417216662 0.35108718660511
0.429339186318109 0.308316058845772
0.414666842320386 0.404350020051916
0.403241644706934 0.486778802917734
0.424628094219835 0.341836802395485
0.434823797923809 0.270762390581322
0.411140983609874 0.429653046959821
0.399120922564355 0.515154857993474
0.431470734703335 0.28889682157414
0.41353171960388 0.416490103891115
0.412836784925651 0.424603894932458
0.417715953349228 0.383581511740638
0.422945265854072 0.351775061639548
0.450981833696846 0.15927753355256
0.421161896007278 0.359132677633548
0.427576324082772 0.321108646538148
0.392029004878213 0.564243842252734
0.412020607355254 0.424393139091716
0.431639626052506 0.292151945577461
0.445298341193633 0.196495796644761
0.430897485740723 0.294864560362133
0.434343262740452 0.271215854553606
0.424212794871629 0.338592964805877
0.387653484318671 0.592120577755952
0.412837695035408 0.419668405203659
0.431114759216166 0.293004498594505
0.438742376301507 0.242584756127132
0.40342853527785 0.485587847078179
0.39900033547348 0.517141633922953
0.42231280286686 0.352048329691721
0.435918425268246 0.264429777220102
0.419789860407152 0.374740685532104
0.410457035238394 0.435715518748431
0.438433924308323 0.245725802626434
0.431466833819884 0.292653857857401
0.431525134824265 0.288846128673527
0.437578323412723 0.251843366486038
0.413027327329072 0.420794119812213
0.410491330492619 0.436351859944573
0.445486231669998 0.195999758985757
0.415196839465949 0.40314183716372
0.421189759619698 0.360442007887613
0.423200916820214 0.345337792041887
0.423863243221583 0.343505700593322
0.3969194338299 0.530650330800521
0.403275274133923 0.486838167356492
0.415264528320801 0.404546984748055
0.393183141105871 0.550709903739391
0.417993751217372 0.385864862348343
0.395532948491572 0.54166704977437
0.416504624966563 0.395816494256876
0.429235365398572 0.303898670074665
0.395348007024218 0.540452312445433
0.415507562920711 0.399167266067251
0.421698021495445 0.361457396644225
0.417921384252491 0.383864011796937
0.412466777495846 0.423120353872355
0.422303824636798 0.355916591491046
0.402016656972055 0.494641207653381
0.447797738006956 0.184524458865306
0.429962251926413 0.30200084146186
0.406850230412332 0.462470819243277
0.425811479310536 0.334463688529418
0.418197834371209 0.38330010978181
0.434246460306123 0.27148788690599
0.413543936424287 0.413848084171309
0.414026008077097 0.410680719050302
0.389339571408178 0.575708264878709
0.414628125183634 0.413987086250748
0.405718449421292 0.472230166801007
0.407237344095009 0.458242554180103
0.427551426945058 0.320474444099965
0.407215950454186 0.456059880890436
0.411466884841799 0.431678089105139
0.41501274704126 0.405990564840203
0.410117214948223 0.436777205915595
0.394461482364844 0.541055950221918
0.400350196235168 0.503409915232384
0.435161719981322 0.2695869187175
0.407278952121328 0.458566021010519
0.418770432562649 0.379964907975541
0.424694222022681 0.340367428487233
0.418938180622318 0.374987268503068
0.434011289019746 0.278746618886906
0.420911434944432 0.363148006413423
0.443185208114976 0.217652732879614
0.440685105726308 0.229979922948673
0.410788660588821 0.437679213108253
0.419132735844313 0.377873344910458
0.397682448839404 0.523148215549442
0.441494883977401 0.224746168134466
0.43400745639616 0.276350927216065
0.419973425909383 0.372572358412354
0.415105534745225 0.407343728939455
0.430171343614318 0.301496763911703
0.423104970281486 0.349041658290552
0.430053455859945 0.300091077696716
0.416682630225127 0.39394115326176
0.418197426611878 0.386692616494164
0.400961554188215 0.501397631602648
0.40577902662908 0.466656938813265
0.42360254019733 0.344110353623103
0.423282740757138 0.345134842931127
0.415935989025915 0.397716081521151
0.444507913321694 0.203620268212469
0.421995533333516 0.358558538272031
0.42366428613694 0.347461402702149
0.438788588225417 0.241027184754743
0.418812891996286 0.383191911137921
0.411844504383551 0.429171458303493
0.422347259855465 0.356167184383467
0.405652958059215 0.464847305811277
0.417897675852824 0.385149708043727
0.433485260875069 0.27666949927035
0.432004717124976 0.287621606498479
0.429555296586839 0.303835725559965
0.418804202617885 0.379681414869951
0.416875353382892 0.392192624214105
0.433880103074611 0.277000322005071
0.382799357685842 0.624722085035283
0.428155650407565 0.315909562630697
0.404905913182521 0.474667069058446
0.387987919737075 0.58652609319181
0.421218457802433 0.362477838863216
0.41623594827039 0.397462106388046
0.414498065115494 0.409659067959333
0.414886126999366 0.406585419281828
0.416739531759576 0.390022363454982
0.403240293644962 0.482341951068865
0.413806640788996 0.416114158184685
0.413432362686414 0.413907836196643
0.431327571617975 0.293981255702832
0.429910062015786 0.302329363660651
0.427559279439999 0.315691419967282
0.42943296027736 0.308220948330611
0.402426352585948 0.492789827654094
0.433089573363471 0.284172291603979
0.433276481564022 0.27817809776519
0.439038612036955 0.242571367558234
0.436991503762924 0.254544609079577
0.436970244793536 0.254468577468099
0.414191939910034 0.408526779117001
0.424311239805656 0.338735803525689
0.402155121352179 0.493528501964482
0.437454847956051 0.250229946185737
0.422088483279706 0.360122745352951
0.402929035448606 0.488412192450375
0.41449376346379 0.407941933969474
0.429118214495241 0.307929565208652
0.423120224945619 0.349717249006678
0.421893505783605 0.356638607495625
0.428001042657694 0.316595025930065
0.395378085457143 0.540987639197041
0.403855994701128 0.48124750543888
0.421199836111901 0.359875031960885
0.435733441261083 0.264078959670437
0.417731488921722 0.38203880371543
0.413318669590116 0.41721186428918
0.432662429857888 0.282856370200261
0.435186876788359 0.266710961833909
0.445853030933798 0.196643941823458
0.427730803884133 0.311918808772997
0.399256749311746 0.511421093397853
0.412693830461933 0.419674997798337
0.409171109798928 0.444125432225094
0.386457836706767 0.602267455675767
0.398078513698073 0.52209161687738
0.409818169415955 0.441621000171863
0.420160735015245 0.372450332161493
0.37912657664941 0.645609326812222
0.373531623816674 0.692478163103876
0.435176184857442 0.267843795827311
0.428584360406101 0.31657755603564
0.420721296906863 0.367783234012852
0.432269484176579 0.288177096693738
0.406632914934295 0.463086138520977
0.403523106281678 0.479149592748562
0.443462323966877 0.211613547315095
0.418766601574201 0.377683085759671
0.400290651754828 0.507972577608919
0.41932134295959 0.374011207945863
0.421705792945191 0.359589989302837
0.412145165331616 0.42162762553703
0.415601321437478 0.402364957029058
0.422086579803091 0.356189641445371
0.429887150909168 0.302187690925363
0.421190101808187 0.3643698470744
0.444715537803254 0.199333912394617
0.43113474063678 0.293694766355476
0.421747073163901 0.355751336547039
0.416620135737396 0.395389544613417
0.421963158378256 0.359020503441449
0.429068042426094 0.311415355485841
0.412990143577526 0.419149784701787
0.405959234650214 0.464647077882959
0.431733093768879 0.292998941867455
0.411300879468817 0.43097777985393
0.401425028037843 0.49464462383196
0.44241043162076 0.216655600255728
0.43825331711583 0.247437534230633
0.409031566314521 0.449653294704679
0.431196405069031 0.292490827261827
0.420250880216811 0.369335886373427
0.405959593427953 0.466758810083968
0.436633467784737 0.258708657851655
0.425041630257602 0.340209555794166
0.430906760740058 0.297761072616015
0.423263289948626 0.347550784690701
0.413070174831008 0.418570650281492
0.421654809549594 0.356467996942673
0.437481111103753 0.250469987191074
0.399289912599435 0.510249918056896
0.411470404201097 0.433278872732188
0.428408185368137 0.316992221874045
0.45074370833272 0.159662449971742
0.419377935706227 0.379476314212768
0.429929349568643 0.303159083750132
0.431520036279954 0.290377333289413
0.435202667700116 0.263465063711816
0.42095925618044 0.364134074765925
0.439571277202769 0.238877563170219
0.416304789205013 0.399130693940498
0.42941309588384 0.304383955853315
0.427428268815195 0.316854024979968
0.430120333912958 0.301149975258521
0.424065010446466 0.342510785498443
0.400264633102278 0.506861520547892
0.434587107924126 0.269444508961967
0.428988728270288 0.308821216208674
0.408905510467678 0.446224258004604
0.432749676757468 0.283459675367935
0.469009109907923 0.0352894383780205
0.419069800624489 0.376902865005722
0.408530765432376 0.450174834508035
0.396704026076502 0.525002848481456
0.43028110328324 0.299571305787641
0.416691454091128 0.392618777726524
0.421208364885335 0.366680268293821
0.413633528659122 0.414332601267741
0.418758391264452 0.380517954229484
0.403356600795533 0.483623996860256
0.407485032340349 0.461298916437158
0.426569117128657 0.326797803451434
0.419130575964849 0.376165705676917
0.424392059876614 0.340280549225906
0.423581751861709 0.346478012771189
0.427353837090442 0.321906385766196
0.414118394228554 0.412175139186162
0.424170249565005 0.342028056630701
0.398485395521225 0.510518818750409
0.431589174817807 0.290772630533173
0.414416681416568 0.407894012678549
0.426740041813034 0.325835319178519
0.432688792322509 0.284630411431868
0.467160965389145 0.0507165813064157
0.409850335953866 0.440815775850477
0.392025421671531 0.561431562784011
0.38228573229744 0.630228323371054
0.411100683924646 0.433184494995585
0.406265303437537 0.46523605296758
0.427304196154449 0.321249063101923
0.415174031214761 0.401205865638516
0.424387658007314 0.343000333993438
0.430807567768935 0.296702768288468
0.421830751248907 0.359687371271281
0.403865136342483 0.481714018752785
0.417537692636361 0.387326206055693
0.440278766342469 0.230058716766486
0.405270414360721 0.471556948297229
0.414435120713135 0.410184747030955
0.409385597214032 0.444127494004003
0.423673606909933 0.345137945740067
0.412273828039416 0.423093462605364
0.416304848803546 0.393408639751881
0.410165260215586 0.438537890109085
0.413465793307896 0.414468193576814
0.425837466533047 0.330555240210125
0.404789559728373 0.473021863892632
0.415272058490748 0.402418622511563
0.426938143287138 0.322967361929576
0.409790090916058 0.441827968380036
0.413231068812808 0.415342458441667
0.4394020613294 0.239051150795512
0.427727701983495 0.321289089149179
0.41646834900919 0.396179154949294
0.420126716868801 0.369702464469552
0.417484635460282 0.387602991760911
0.40910664788396 0.444446427817287
0.411782896142506 0.426213933166582
0.38126657481168 0.63565518705112
0.412196802580268 0.426678832508135
0.412293139127881 0.419653988352499
0.424899733418624 0.338066102800906
0.39642803167562 0.534188269203882
0.392402917650261 0.55924514527153
0.423265799822196 0.346981907182642
0.396659305586473 0.532104154037973
0.426584865538842 0.324256652935643
0.430821266048742 0.300159945242592
0.434352270661686 0.269562950679348
0.385409078565102 0.605415605730756
0.432829725025343 0.283200884577491
0.434454832446584 0.2734049943291
0.430647844016216 0.295130643617182
0.400528342592052 0.504146127096094
0.438014586627162 0.246359181586661
0.403519319541918 0.483929787499886
0.409476074448531 0.43894069430592
0.406899206156226 0.460963630085108
0.419110717646652 0.374929544647562
0.408109505852131 0.452331226065475
0.423856667830455 0.342691989429904
0.424569939630818 0.341894340549122
0.415208307976467 0.404145759163864
0.427442687326059 0.317385296390504
0.407529508832247 0.453134563665757
0.41650308639229 0.395917492929264
0.422803036709116 0.352494063115641
0.424564476945443 0.337936141468043
0.410157940331453 0.438033503060692
0.440543306085632 0.23022335208631
0.417320883291568 0.384912320195311
0.413001758569746 0.418038902654384
0.426120675645967 0.329485654589484
0.418225544849218 0.38064000507608
0.426926007614571 0.322622348369729
0.431351189375863 0.290720715918703
0.442215573726793 0.217537791498282
0.428698113611535 0.312720696331901
0.406722408204701 0.46314173051603
0.431886038884463 0.288091179290944
0.451171447163433 0.157507977529114
0.44502085559711 0.201357412044199
0.412955503075968 0.418397865469936
0.403738313855333 0.481919807452101
0.438895394557978 0.244270616799074
0.423772656224978 0.34759099508606
0.432069670364124 0.28822305766116
0.411451567297176 0.430513362210797
0.430991200727401 0.297625369640298
0.400746975994638 0.504049306732663
0.420898179890575 0.362247272272138
0.413484022204543 0.414842009863175
0.43053300977186 0.298638171470579
0.420613578579842 0.3660728904808
0.420274846002232 0.367612786884109
0.431744560894029 0.29012558599855
0.419785773852125 0.372043315240654
0.43006996607579 0.299354936126565
0.420502892569857 0.366579451289729
0.420791217861701 0.363077577754311
0.441672501797394 0.221584337101467
0.419255907907056 0.368572511033395
0.436506048221227 0.254388383511653
0.452307744497628 0.149827350836137
0.425407539485866 0.333857299791105
0.418711399015495 0.379325517819182
0.439292683629338 0.237992537058509
0.403764113366838 0.480279411087033
0.451446385486278 0.157610492805716
0.414715035682586 0.406306724144153
0.438679214786746 0.244289157179613
0.42069726563345 0.36433956114211
0.407734851729778 0.454468184154471
0.414834445168616 0.404571977961013
0.427241005352315 0.323199082413925
0.400195367462162 0.507854535344996
0.418480428277645 0.380077347541477
0.42175559521037 0.356494888780623
0.380695472173208 0.637992575676006
0.439545840041748 0.237609557675389
0.423752112260743 0.343735339094753
0.409111448460374 0.441325184280361
0.413013743626671 0.415321621841894
0.435156191198747 0.268731857833167
0.415616074688692 0.402459116016189
0.408705264086478 0.444130206117431
0.443619853292961 0.210740811453579
0.398086777443787 0.514769824901355
0.408526225531179 0.454453576955739
0.42052854112619 0.366078522290015
0.421912823776272 0.359757570470053
0.414256989240986 0.40653185732483
0.413946515032527 0.412586206642696
0.434704722358081 0.271417348279723
0.411901345794408 0.426587690018145
0.399727963005966 0.50615057215422
0.414703398482728 0.407600813065902
0.417974150789126 0.385975162300729
0.417464292425105 0.389373899237276
0.429884724898323 0.306420312942343
0.452250803673503 0.150086095240511
0.416485164171143 0.394510153972142
0.396290076691992 0.536017727267464
0.428265474009259 0.314932448376396
0.431150723113743 0.292407765938398
0.431925527241255 0.291302540220906
0.420548385513441 0.368172407779634
0.410706950557231 0.438041890145816
0.456338130431107 0.123013257254689
0.433557997335019 0.274398872079243
0.42223583622044 0.354233235403359
0.430694875032085 0.298093622533808
0.444770810581893 0.202543261082834
0.444399066691796 0.202505467236266
0.426641709479482 0.324615326329581
0.407920622288926 0.452699138343044
0.401980804697639 0.491241074116432
0.430360634277772 0.299324656900096
0.384193086982123 0.617350539183171
0.42608768828606 0.331049412379951
0.417530966287879 0.385906281080159
0.419160969938435 0.378197138782447
0.414310497692258 0.410779790692084
0.437403620732208 0.25464086117757
0.402825902388071 0.488849002943827
0.422555170954499 0.35242585717189
0.402332307216878 0.491273764953928
0.405026783279901 0.472106316147889
0.427912800962204 0.31778185996033
0.408563243896582 0.448839280632417
0.405467887423715 0.470665512553745
0.424232911335765 0.343247707289653
0.407650001103483 0.453678655834321
0.430010526349268 0.302861909264496
0.448248206480306 0.177153504851782
0.423546916982088 0.350432879353822
0.431172279858078 0.295865264622252
0.403982895425873 0.480265540160455
0.420664324211074 0.365320608745846
0.404919247111647 0.47245421208836
0.412538550222874 0.421156525806896
0.430520492037403 0.29853012175765
0.437534677522729 0.24832904120956
0.420946319607103 0.361877418233356
0.420708882144882 0.368206376839966
0.415953850037811 0.396999519261613
0.401059230724427 0.499244843023113
0.382617634307339 0.629034646099258
0.456963014789165 0.118311700808148
0.42701323172986 0.323719157422764
0.416459232877916 0.39310291396297
0.420541927493481 0.366294329195298
0.431523541853922 0.292369988754161
0.43532527141732 0.268345113655536
0.439014091350679 0.242489527005058
0.430061244115457 0.300945057066181
0.417006510091183 0.390468504280417
0.41561935230766 0.402969788213879
0.423551668976981 0.345325252499336
0.396742313845989 0.53352513654566
0.412681199247494 0.420655983096972
0.418470065212594 0.380273261524163
0.386608254748427 0.598769403069767
0.445121257959266 0.197495494128433
0.40467828829808 0.476862176982092
0.409282476420665 0.440695481176804
0.405275394365424 0.470671401066269
0.422390672407647 0.355483100193296
0.413434424829414 0.412721229759327
0.413410714786391 0.414727134533786
0.446112690019919 0.192967375376236
0.414887252261467 0.407445351818548
0.427516446805076 0.319101851479834
0.406379133687314 0.463146818996421
0.424584487388721 0.341767246467552
0.411602199222528 0.428395477512859
0.425209195073212 0.333445766505398
0.442789888263928 0.214908080009262
0.422739945695415 0.347539028027597
0.402523189670206 0.490461159599154
0.418033925945875 0.38582980073709
0.405325481787628 0.47586839607623
0.431506763081075 0.291994594829207
0.444265507304582 0.201563895282824
0.412673722028597 0.420063890566824
0.404785669329803 0.47362572791685
0.409606231438863 0.441901763271038
0.413140373186373 0.421451519337989
0.421376343291614 0.359926195247669
0.425392667867524 0.330469009465924
0.415108642783828 0.403385330020866
0.426623534789524 0.330345559439754
0.415361479881498 0.403400577242627
0.441771514675275 0.221838893507268
0.414615905169077 0.406384058689772
0.465478017848126 0.057498125280857
0.407156948474641 0.45855150314784
0.401682753936621 0.492098781066168
0.426832104437095 0.322276858004066
0.413089019112492 0.418140764548217
0.450538075467412 0.162442255847398
0.435952558584293 0.261942272115595
0.438432818904365 0.249410621703695
0.430759204825133 0.297635363991495
0.437564869925931 0.25197809389564
0.415751669820228 0.40146928923957
0.416380310401812 0.395282237455564
0.392558116053892 0.558377161545582
0.42412798628599 0.343104553092616
0.41174306776487 0.431321237503061
0.414901282685018 0.40716856646701
0.426503802343982 0.326586223510378
0.408792269488183 0.449733594553722
0.426022035752316 0.331702408622811
0.432949694695881 0.282023807104194
0.441596668423433 0.226591370419219
0.436514839647865 0.261602348473073
0.426248473793784 0.327495826203046
0.417505461577544 0.389703924439285
0.430435229108234 0.298123842794438
0.417440155780502 0.390647093327696
0.428252232169893 0.313004647744374
0.446571755842932 0.188824653372338
0.441808290049084 0.222219390373222
0.413829861830662 0.413404797237847
0.436657989691809 0.256359099327343
0.427504477196294 0.318586117434838
0.40372198542411 0.483421408550653
0.442229256596613 0.219190658617646
0.436469747566155 0.256348625429448
0.407125251264639 0.460438605118955
0.4325617920261 0.283084378074131
0.393420853786944 0.553837401598125
0.411492077490689 0.431792184148696
0.421484535113545 0.361255126331559
0.39156951413931 0.567230294590819
0.416383894976607 0.39423750162086
0.418654300824238 0.381370283754256
0.41592792141689 0.396104184474165
0.421572809424634 0.362169010414543
0.424374084111759 0.345230433704657
0.411791368635761 0.427522480900886
0.416059572991227 0.394636549911841
0.41334795878549 0.416489350537872
0.421661515301342 0.361092577452162
0.422718369417486 0.35355766069475
0.422494710642481 0.357850055270676
0.417202811857461 0.390577338601033
0.426585023917789 0.326518090167395
0.415638324170687 0.40323354440161
0.427137479615862 0.322613488012506
0.413533253525532 0.413709347679037
0.416025687752967 0.397606521955503
0.451084458558511 0.154935945517099
0.414024176587741 0.414632483000408
0.427869693150657 0.315656923175468
0.445486367847519 0.195473856367362
0.45927016743756 0.104525630413341
0.44002523081103 0.233948441116236
0.40103623076532 0.504282167337425
0.403613161404677 0.479841071240245
0.421256679171507 0.358676221256389
0.463482784398488 0.0729780768603666
0.423684733134664 0.347605221157752
0.408112742999829 0.449276119964412
0.440882244679353 0.229384508142725
0.417028480458849 0.39085291255981
0.431894391234492 0.287559315205549
0.41901632190418 0.380137403938492
0.392262639071537 0.561038232022613
0.426463733609268 0.326879979191186
0.432452669678454 0.283842652111405
0.43274585187246 0.277977096124976
0.422579979531207 0.352880924427589
0.41509385873509 0.404007824409687
0.43432024158568 0.273544425845396
0.426902978439244 0.323548585968716
0.422514192066564 0.355806244281864
0.417240172294103 0.387237458894291
0.417233908939277 0.389372789859185
0.421603862074566 0.361806980075805
0.433467171203904 0.278512357296412
0.411591258872986 0.429236079162443
0.410247409430457 0.434869828642734
0.41372861794796 0.413839858384489
0.434883493774601 0.269548912263106
0.41477654405926 0.40763858940502
0.43428591013453 0.271854937816553
0.420280198422529 0.369197495538206
0.428698682418229 0.313525900406852
0.406364505170349 0.462695041076339
0.424366632723723 0.336837896489732
0.437003374600133 0.255093384872227
0.410290610618866 0.439295539385773
0.443564759835958 0.212441849187666
0.397128346280468 0.524860497280205
0.393236219165459 0.554711878572709
0.431543264306255 0.294279466345808
0.41402600458414 0.417451545148024
0.411656587186276 0.426026090088243
0.396911107210681 0.531009148683688
0.432343757211463 0.289245078388327
0.410303466132959 0.438474683472589
0.426101156553583 0.327411708348136
0.390401994365958 0.572803027780628
0.441978661328876 0.223376477754446
0.415902475845904 0.39860419131272
0.423005179247405 0.349016089856044
0.444982352583315 0.200069620648606
0.418425865520836 0.382191483607629
0.410174288068214 0.4359177972217
0.417444196995149 0.387982970333773
0.399591455190411 0.512574089717006
0.443359750233647 0.208501399912968
0.404767373402609 0.473306500644893
0.417061066526519 0.390531472328843
0.423083190535577 0.349405321054466
0.431932172166076 0.284988348865951
0.438094743739508 0.24905572321538
0.409219829132357 0.444490598001513
0.422463151423085 0.355031107302637
0.417021647654552 0.390030530020472
0.408817656268983 0.444903305635852
0.410790026507296 0.433425496449002
0.425633886157373 0.334112166702582
0.417500706215253 0.388567638330821
0.420526988766198 0.365299555696346
0.418160489148121 0.384647819017181
0.443850261352809 0.209120334942668
0.427210712750008 0.324995580534395
0.415384981711888 0.400226730131506
0.398260689598961 0.521368566763807
0.42125272733034 0.361411175871693
0.403160107649072 0.482021534295733
0.425278782349596 0.334147415409227
0.445749076623158 0.195425858006824
0.411741360886594 0.427278301822457
0.430116476937205 0.300820493520651
0.416288473037339 0.397285166966141
0.404964193346562 0.474907071993461
0.417107623315344 0.392632576061862
0.425829763483323 0.330493178983768
0.43436074557508 0.273021076466202
0.43873840236067 0.243717811921936
0.435568105965666 0.264571070343421
0.423827479408641 0.345168436827645
0.386710472091149 0.597500151671705
0.411959728301663 0.426030214855399
0.410535777398404 0.437666380309063
0.4275814787879 0.320806921012836
0.440370579217585 0.233263531443122
0.416566553086771 0.390291957616136
0.446349357356387 0.19177008775831
0.415714690727116 0.403291595539864
0.396461453055729 0.530109610136263
0.393922825039579 0.54972020832865
0.425219820271495 0.337133136008989
0.423711986441483 0.347443378387692
0.409956215645374 0.440804600162074
0.431406952010713 0.292757695965926
0.429108386256251 0.309396856664383
0.403521497710792 0.486777043299317
0.42260928629654 0.355347672976509
0.421607871628745 0.362198485121704
0.394669377577508 0.540214996801749
0.399346937123412 0.511815400591327
0.436528435023417 0.253263361983538
0.436948586973256 0.255341014889719
0.408318450180368 0.455995124232986
0.40604179599518 0.468693256433162
0.423951903962963 0.347951835328472
0.42158066736051 0.360989721787298
0.411564777033878 0.431770388852074
0.429661200473431 0.307950385097249
0.415355379593269 0.402698599161558
0.432143815247091 0.286167664031925
0.418924835337352 0.377564024806463
0.403096954334288 0.488868018078553
0.423882156608514 0.340373137744099
0.42840360184987 0.313020566719318
0.438780244485677 0.243473263005444
0.400123639706192 0.509925138043904
0.414775950390997 0.40817741266304
0.429600075556487 0.30570609879506
0.430323206635423 0.299744825842254
0.421277404207599 0.363260869341958
0.399298309176897 0.516629981442339
0.412280680182635 0.423064399670309
0.437252240031466 0.252924440597937
0.404761171944143 0.47200347268792
0.442600563112841 0.214973315819754
0.424347002658733 0.344201482468848
0.39010201565535 0.576402790510995
0.432973880400853 0.282041500031341
0.43098031583467 0.294270935426885
0.407998434709355 0.452077070205565
0.401229276500361 0.499559221499258
0.424680372766763 0.332735274594208
0.405468982586499 0.470090885374579
0.423364975572216 0.346467352972375
0.446852096459926 0.18963158323453
0.44676938444573 0.191152053622135
0.420092728757109 0.371230988655351
0.428859295501271 0.309529843965642
0.441828647758705 0.224793700949485
0.425727160967134 0.333704687402969
0.436187948862106 0.259424498556158
0.419161588684535 0.380155119485464
0.418645980014806 0.380829169057359
0.397460074071891 0.525453293915675
0.431721507739234 0.292437814555955
0.428252691770951 0.314577922402168
0.420922354510448 0.366989576133965
0.443132748834672 0.210923020759961
0.42797059507147 0.317742392823107
0.41879343805757 0.376587729031693
0.450029884348587 0.165094126200752
0.437282086274956 0.252336883720308
0.415839480297938 0.400494619618637
0.425978138824594 0.331802823439539
0.420972323905656 0.367071963742108
0.431672350209768 0.286597901980836
0.418204661458717 0.382430374510822
0.419322056211531 0.374121980942555
0.430932081276862 0.292081320465243
0.401090548643709 0.499111824077294
0.409683765586469 0.442471804244682
0.411037847664142 0.434058214414537
0.426029086531474 0.328514693406273
0.417526057540782 0.387852882228512
0.410587758290347 0.433412809348383
0.424920443880219 0.338457836386065
0.395925247086522 0.537980038394697
0.403678362367102 0.482135336959267
0.424296991595109 0.339159945752701
0.42405651370362 0.347619077285248
0.429175310507418 0.305454850968013
0.432213124677327 0.287939196172656
0.428690144246348 0.311034121836636
0.42463992966235 0.340387720799956
0.437720385310463 0.250539531216261
0.436510816854824 0.255583174930904
0.402858244834189 0.494351435390038
0.423069581001449 0.348172686017323
0.41634279227568 0.39356412745191
0.41211826755307 0.424426834263239
0.435928327497505 0.260143890789768
0.43238419728107 0.28325014201564
0.402934044712464 0.490634604560828
0.425063584352838 0.335907185354337
0.437886629481084 0.246264404043112
0.405493401581738 0.471370302621729
0.404965941642217 0.472238685578476
0.409097863526851 0.444465268613438
0.406416013753212 0.461071881984487
0.403687478316716 0.481088998949862
0.40822167739057 0.45353039542225
0.433854344528663 0.275073193803227
0.407910035002408 0.454133810664758
0.425823601568113 0.333671334207547
0.424984288572745 0.335396082413016
0.422776446957286 0.350127001623509
0.41403995114633 0.413816761577719
0.420752223391292 0.366851508782981
0.404237780875819 0.47784721772757
0.417437040635491 0.386174395158861
0.421938232706047 0.358819944890119
0.412670558979413 0.42326865084949
0.422369033559758 0.354916250168303
0.431431114625417 0.296268582703114
0.42275670712806 0.352931931218556
0.408790235921858 0.440470398467389
0.42050489571169 0.367091051392785
0.435202379407388 0.266468520281907
0.413913139013048 0.416588798614442
0.41822052767433 0.383939963492275
0.448266766741966 0.181736441378813
0.426985131717836 0.322857967416959
0.418775756001613 0.379283205962443
0.452328278410433 0.150334436860791
0.40400105967537 0.484827455071897
0.397564303620451 0.525901129991765
0.421315551073773 0.362190183944483
0.417861316664768 0.386943403174095
0.434871629221254 0.271089285658505
0.409183301817127 0.443360710542075
0.418925081526623 0.378592358623659
0.401366494937593 0.496812126047084
0.444527681259205 0.205008109002621
0.413322005298039 0.414209613111507
0.424527407105483 0.340193362670603
0.418704434597631 0.382006958323644
0.419950314615068 0.36823784823612
0.408705285833594 0.447412398489052
0.401181863018818 0.499755798060094
0.436285011633243 0.259774672664632
0.402187956327743 0.496525109233986
0.393812763684158 0.552932509313046
0.413413256943381 0.415186503860149
0.403798901418162 0.480568607542869
0.442851426263036 0.213726089759588
0.443336396276451 0.214029711319053
0.435472033210777 0.261765977568505
0.417989343327204 0.386272607807093
0.44996155654738 0.165525055847549
0.410042711054297 0.443121056463311
0.429989229054084 0.303461289861071
0.405101191143705 0.471974678090734
0.414968595896745 0.399797746243809
0.426400976150722 0.325148730058493
0.449240620299594 0.171906988184083
0.439356319355351 0.238816465535066
0.427428742675217 0.321366801767208
0.381256429315559 0.635278451792102
0.417532411850924 0.38874980974902
0.423596537646978 0.343531504458771
0.429241180240007 0.307068687751335
0.387062213145469 0.595817853102413
0.420932534983331 0.364464774689291
0.444010994126229 0.206174655360718
0.441224263162424 0.223924057051865
0.412741218796112 0.424129123845099
0.422567183886729 0.353265195731516
0.429093180674544 0.309402433059373
0.435167073845082 0.267376630319745
0.415509147049426 0.400886177836206
0.426727707027856 0.327215732429422
0.422762360253652 0.352740573941532
0.418057357682221 0.385997635448491
0.447617273218378 0.181240098638645
0.429536431664172 0.306537731490611
0.430790389402432 0.296062498865323
0.406045120419285 0.466577063016114
0.450942529747331 0.162034348504471
0.404672591745612 0.474490398924636
0.423113948520113 0.349531189706842
0.410021120462641 0.439004350791601
0.398942170884221 0.513942884698289
0.402223082273447 0.488850054811031
0.425367975169894 0.335618784311503
0.420745034889558 0.369045164133452
0.431871691338455 0.289258401931907
0.438989659320257 0.23494239536102
0.416883957728398 0.395744658098809
0.421632350534094 0.357633769631351
0.397192041898535 0.528059105409633
0.42808246248014 0.317473292080339
0.429840442793845 0.304017909617175
0.412537606539993 0.421982148562838
0.406665843601874 0.464346509883145
0.424705206810063 0.339244770853864
0.413895366465915 0.411515849343202
0.444916021998752 0.202009703850887
0.397921956481061 0.522132649841422
0.423194751607717 0.346934343001904
0.410619677308833 0.431420201639896
0.400852202336032 0.502338099471229
0.449597688400886 0.168251357146974
0.430380985704332 0.299277688621817
0.434317728251576 0.275035121119484
0.410162745161418 0.441570190287295
0.429499598334803 0.30687920260825
0.429308836915927 0.310392575787541
0.423244957391768 0.349972488337961
0.432718839876368 0.281403892577017
0.452652101493006 0.148937787894419
0.416083793894364 0.39261751615856
0.425829154064809 0.329054682271931
0.438028639133118 0.249895264940027
0.415970519383958 0.399653244614501
0.425442323944134 0.334808682438139
0.427155813672445 0.320152297878163
0.40160927620749 0.498569978164897
0.412115943583358 0.421469346537725
0.423608305707964 0.34545457577393
0.428494998670897 0.310971930099669
0.437324027039584 0.247312374985718
0.430718700571941 0.29721631861264
0.427551553265981 0.321542297454304
0.415862452902369 0.399380140863308
0.404911004499947 0.47537029504163
0.418912993150191 0.379473245448464
0.412745467565646 0.420127169591416
0.434952517034537 0.264203019881983
0.40938206056411 0.44298782836116
0.443967727397898 0.205017721595529
0.433993888575369 0.27820573752297
0.406434612995249 0.46325875983746
0.39538719377046 0.538866646455617
0.415677287060994 0.399054253740707
0.379750135545006 0.643096642487591
0.420394951719782 0.36619938639499
0.433024677718748 0.281223543669611
0.405773776375981 0.465114851751102
0.436852529115531 0.256301305908739
0.435951724744789 0.260823714475116
0.398191768975493 0.521216791239816
0.411859540954633 0.431294385035569
0.417575286699284 0.384900390152276
0.432104320718224 0.288499304919899
0.422369003479203 0.353870977465137
0.4369956776003 0.256570157433007
0.438378249641805 0.246912772859441
0.446197255785474 0.191256266061101
0.420925904233245 0.363876368061464
0.428346014905726 0.311884832368018
0.421299887008051 0.364667437594321
0.435578069506341 0.261328020511592
0.435908435012867 0.263750415032391
0.417384014617514 0.385479116744081
0.428777585417293 0.311640955595291
0.421901415831202 0.357734621864682
0.438630624419214 0.245629696136899
0.411482858932168 0.433390080160026
0.416228767099987 0.400628910585775
0.424573925912475 0.339145993916735
0.423642893919184 0.346121933352791
0.434184120544223 0.271652358731678
0.400083965520078 0.504784038190223
0.422307012130361 0.356579605045384
0.403246409400081 0.483506456687338
0.426014292759567 0.331961316480575
0.386653295850201 0.598056289842988
0.405506737363286 0.468990490806645
0.43466094120647 0.269392862129086
0.398437045257286 0.522348376211672
0.420732477221459 0.365095626778188
0.421367677948503 0.362009372462774
0.410976841211763 0.431177941659631
0.419706044922028 0.372728854324819
0.425607329059119 0.332415181069462
0.450772203106219 0.16036595686138
0.440906094614869 0.227287671103893
0.423076173033999 0.350829650358135
0.420778658130508 0.366166232802481
0.417828663850082 0.387527652630652
0.415330143784665 0.404637753708466
0.421609952858128 0.357323982111277
0.40606742431458 0.46626342370664
0.41316867451046 0.415759471748775
0.407253961807247 0.459321552924736
0.43421743415817 0.271625530155588
0.403203202171336 0.485318678108042
0.434282109066597 0.273087960822541
0.405211872164812 0.473279458601986
0.405942185876228 0.466248915491052
0.416216934662698 0.39349745852683
0.422989693221045 0.35251753844281
0.396664973294144 0.534992134595946
0.413880331178853 0.413053731733125
0.412108841720134 0.425523742515695
0.41355190206584 0.417783818585737
0.41759426898392 0.388594250997574
0.450592635497938 0.15998682622544
0.400316626409643 0.503602642027553
0.424096564542402 0.347129171080571
0.412464281654686 0.423764639404639
0.428188427797232 0.319090893051007
0.430772643243348 0.291586846886143
0.437850168608404 0.250914688718748
0.449000443610509 0.175250554897576
0.423075002443541 0.349808860613412
0.392774822949556 0.557956076929797
0.423556878964561 0.345566097441969
0.415828351601344 0.399851328274886
0.423702122856295 0.347709218229436
0.424477503488026 0.342249688877555
0.42626101540736 0.32331316554119
0.426378937421599 0.327878325486911
0.427223772351473 0.321302645320516
0.423420936801602 0.348320507407132
0.431754929401951 0.290597467731686
0.425563694803759 0.334709693440005
0.429890516424851 0.302444015695961
0.435652474311709 0.265322795921543
0.425179907983497 0.337615631435155
0.411136374605718 0.429421569379139
0.417323571721821 0.38675707776415
0.39771439146638 0.526264508180418
0.424985730886459 0.340909856837112
0.401130754598584 0.501700845198761
0.434820758211327 0.273476256971579
0.417655056232758 0.387001747398656
0.422019333256114 0.356878752478672
0.388388944568525 0.585131481240187
0.436512080410806 0.258914021411092
0.428094868273546 0.320249962986161
0.397461248181312 0.52296638912056
0.415794864628639 0.401082385598519
0.409550522552762 0.441086987040218
0.422846259686131 0.349446206352527
0.439052633840537 0.24104087812756
0.416429519976237 0.389486913415844
0.428294756567369 0.315776559137745
0.402382167547494 0.491602382350759
0.426380126422648 0.327552912048575
0.394390419105354 0.545923320587742
0.412392861420029 0.419281687749268
0.416947226451244 0.38915984661479
0.437536151521392 0.249996732774753
0.401851533751513 0.496537715386953
0.405827421768431 0.469858078252232
0.427310405842619 0.323181842539645
0.430857724237181 0.297736679739164
0.426846553394033 0.323242605698734
0.445284976619418 0.199039560929343
0.424952057945863 0.337436992651451
0.426486440273172 0.325440584193085
0.411613565478386 0.42543018086004
0.413289901809417 0.416193033307705
0.423368426839284 0.350079714227064
0.414849098917863 0.404731470436133
0.431012810692581 0.293498794222136
0.435050984245073 0.262346642363937
0.41005978102765 0.439275664209804
0.427708951832954 0.318753200634404
0.397434805222043 0.5238022595166
0.41876295071309 0.381243350811256
0.460475771111102 0.0932078911577132
0.404622292268977 0.473840920199421
0.384526413164875 0.615192282449275
0.418453377466208 0.382433235273025
0.433122555412658 0.283676241630269
0.452399330126713 0.151183629477453
0.415297351058125 0.403567874413126
0.405993923942151 0.467347962429271
0.419399932381166 0.375399178103899
0.412161824975046 0.422056751173116
0.426865175446483 0.323252218191693
0.447927112193143 0.180370226509028
0.422181746697018 0.355529128308592
0.418938219841677 0.38043431080725
0.435718314012662 0.261481900680729
0.426150574963333 0.330297242404413
0.428045397605518 0.314206818722402
0.432589349275702 0.27855204037743
0.415548849720979 0.402310183662038
0.431533080031832 0.291864928720059
0.424201829685576 0.341157105135871
0.418478000166398 0.379045831654816
0.423255277956169 0.345288826399608
0.439610300233441 0.239836566711304
0.408284674093685 0.450999196465604
0.399345698997956 0.512571836014439
0.428088897306676 0.317583171915875
0.413895127097667 0.413661836712445
0.418227127438965 0.383841422829614
0.426481044886838 0.322188125641354
0.422851972564748 0.353582960352212
0.427145105570704 0.320152001313161
0.433233001893329 0.275593264777641
0.405556056063878 0.469621387034499
0.409949581064155 0.439526983793254
0.414578727054623 0.411009951321773
0.430379350503944 0.300918669463344
0.429282395247419 0.305916601993567
0.426796390877981 0.321949613929108
0.42442540934963 0.34377478189298
0.428581309219441 0.313621503566269
0.449935067891876 0.164140837839198
0.43898686583374 0.239665154876265
0.404885262228589 0.471240316818121
0.425522786419368 0.333342541232226
0.409089140274136 0.442355880187515
0.38773378268178 0.588690904110664
0.437921996964531 0.246946646043593
0.415004785717838 0.405569357361897
0.445631005720509 0.195936474652432
0.428457097758609 0.313027327438079
0.420972250340014 0.366297747921199
0.411060527279047 0.429426754885751
0.414642931890245 0.407707514310225
0.434278506349337 0.270689051317553
0.436291994295782 0.259692745773547
0.400077779117118 0.506250422893089
0.425730303021156 0.325353838201448
0.417040525320345 0.392669008673646
0.417845107912809 0.381904349937297
0.42678844457538 0.325252229866828
0.405025647895142 0.473704001925337
0.429254794938517 0.307128762129243
0.440589671883778 0.23076333129343
0.437797683024298 0.248686818956063
0.454270829373973 0.138787864293872
0.42170026782567 0.362528483299347
0.414658676621147 0.405703538988061
0.39430819710522 0.549394699127887
0.429774638660733 0.303261902268042
0.435567162802228 0.263703083216114
0.42775374357039 0.317918598181165
0.427511980262654 0.320935124299876
0.413263635751904 0.418480981444723
0.419308875184358 0.37656968883427
0.418953838762003 0.376429837283079
0.417233968440094 0.390626896924519
0.422257806012442 0.357508379232295
0.433706570803576 0.280149144728847
0.408322357261497 0.449886996675358
0.420612658821968 0.365978128493347
0.433031534131 0.279082745803838
0.414048427781159 0.408425429844265
0.428744086645577 0.310118028748742
0.427387333443478 0.318665727705945
0.423763944358629 0.346423634920726
0.440106325196141 0.233941775667592
0.409924393603057 0.439857374922651
0.422196096333687 0.356225395154936
0.404760105223639 0.473704894458258
0.413756295458535 0.415821264820045
0.417138648625312 0.386993503600673
0.41403272125903 0.412342290116325
0.434986695455545 0.266195407938919
0.430494573336324 0.299001630045097
0.387315487008258 0.593724722387276
0.378484362452546 0.653983686973089
0.415229994712348 0.406664045672806
0.412289732113895 0.42650819810294
0.42622654520574 0.330053555234572
0.434921641861147 0.266827940419437
0.426872170332713 0.320525743362446
0.418666143160307 0.378319763943698
0.424098291145915 0.342400280477155
0.440145095013758 0.237143660960703
0.449927445573371 0.163610809578562
0.446716586489933 0.191411546289032
0.416361504417867 0.395574494708013
0.398569300824798 0.512183702948377
0.407970768045451 0.451907505053175
0.412049732046647 0.425004638259701
0.421260603726151 0.359596773415317
0.385656856131652 0.604076931087381
0.432882094421991 0.287578856250798
0.404149198553954 0.479207502175176
0.422681293975686 0.356924563753524
0.419590462256234 0.37523701476426
0.399851633621749 0.506332672162744
0.446712760476441 0.188702636758412
0.41080916631969 0.432591694516675
0.44526351439771 0.199990186726091
0.430738437122553 0.300323531187601
0.399091483080353 0.51432463328884
0.416476302226534 0.394452821447636
0.428193464802833 0.317627514417457
0.427169873189543 0.325231002106701
0.425812163385904 0.330458906693866
0.419813460083783 0.372759494253548
0.424023449365559 0.347456380093106
0.422238283623587 0.355596714532548
0.422793845937302 0.35158634845736
0.429649331510373 0.304135699655106
0.416974825049477 0.390342533746569
0.427686791059219 0.317743647510485
0.399026489343399 0.513878709555131
0.443933864063927 0.211107098297712
0.42021059352418 0.373957782542667
0.402340512964437 0.493642400743051
0.435540148366145 0.266141909112484
0.427600929769233 0.319243729300219
0.425195033361108 0.333887277220644
0.441177810166966 0.226635332437024
0.418653343212847 0.378007365030126
0.406205155054004 0.469854024600657
0.430898055032453 0.295200111366047
0.457259892834314 0.118928993252294
0.384709905144017 0.611838745623902
0.419372172216169 0.373988264762781
0.422121241775976 0.359581845257898
0.408842399956101 0.450090238061125
0.410483311395631 0.441603438818685
0.406120277472168 0.469043566512787
0.424164239018957 0.344708698506939
0.43398038716187 0.277469578368385
0.399693230975972 0.509720648135047
0.424032190560902 0.341473353859387
0.432052030446921 0.28705625662855
0.437054520495029 0.255660545863102
0.423459318043741 0.342835357246682
0.398481261255569 0.517781537944031
0.421161146186139 0.360349410367229
0.441544125681979 0.224963587365546
0.425756878579981 0.334083345832652
0.433407003145543 0.279815003114272
0.403399516891093 0.483743971648562
0.426382117796438 0.325230919080111
0.419179233803232 0.375811432651923
0.411499728454851 0.427638335798689
0.439223679188358 0.238069915756571
0.411970005856651 0.423939421704227
0.44570740041864 0.195632135740189
0.43556301319821 0.26096813356259
0.425616670411032 0.333889078303165
0.432671160830059 0.285451975861984
0.41510518162038 0.403196044776241
0.414473584420624 0.405177408274099
0.411492599886714 0.430665313889929
0.414447704858101 0.413142346524435
0.408078844726664 0.452155983610772
0.42774931221441 0.316830794473948
0.422595474726841 0.350192744700711
0.396592096627378 0.532060723928009
0.416741801565215 0.393006394509285
0.429232232166027 0.311320221443806
0.414964520515794 0.406070846273121
0.405132558541585 0.471962868261493
0.443533504172025 0.212122752463992
0.411940363536429 0.422408879131506
0.421948212580694 0.360953888983376
0.411004671606412 0.43055570230523
0.416710612651207 0.391102399797366
0.403399201168143 0.485742843268593
0.418135366504195 0.381220349271107
0.424531201703465 0.34554383222082
0.418421539228556 0.382453769762122
0.407642204022661 0.451912606980453
0.417869092749608 0.384026468224754
0.424271932605707 0.342590917602403
0.432790963094487 0.283267880864566
0.426031637155505 0.331476138113102
0.388394252544155 0.58681024909765
0.425876690385984 0.335329920340278
0.417961038624074 0.387177373934899
0.40248656546796 0.492653349991788
0.419725527809206 0.374700367869398
0.431838157868883 0.287687368609414
0.418503191071841 0.380069993705438
0.409977641575875 0.442877063395176
0.430356156713656 0.298151116073945
0.412144202680802 0.423628040581599
0.439721869159427 0.234378281182338
0.416299415647763 0.396116001146553
0.438958714255384 0.239159677854557
0.433024908299876 0.280757820383947
0.42409354491664 0.347343699204724
0.449199928933605 0.168644365091386
0.418046679038737 0.384008671834759
0.422626097176013 0.350666213483361
0.407743169237514 0.453681513648681
0.406458172190237 0.46087795783088
0.433505064715369 0.277660764182871
0.412645762538707 0.425265178035174
0.425572312378456 0.333436867919768
0.402923983791574 0.489531251190739
0.438591769968587 0.247219860143539
0.446417011478366 0.188094790872479
0.426336315945355 0.329892095554841
0.40798169149486 0.455658185240035
0.415336697584841 0.399653387498845
0.430257102649759 0.301833683779134
0.436655866509155 0.258705616193252
0.408070742713821 0.452637470338672
0.414382199429324 0.410040908737477
0.427568176002824 0.319384432798826
0.427845074619655 0.318725896796852
0.397678232353341 0.523359504803468
0.424893302064758 0.335038446435326
0.429054852135188 0.312116964267452
0.435514985109803 0.26554249024836
0.417178505099313 0.391676322326354
0.41151443523184 0.42920157573812
0.41653785792428 0.393582266335227
0.41250753362758 0.424586878600754
0.40303075087057 0.491165304470903
0.403839834427664 0.48174076670534
0.42558823039144 0.32982263664251
0.420819133201895 0.363587642911861
0.416943494011305 0.389538612127433
0.430445503603315 0.30198596766727
0.424927385175877 0.33495056254309
0.426223494651271 0.324996180107293
0.421789064691903 0.351836911305284
0.414468541808107 0.408015829360068
0.417353127389848 0.387106266560509
0.410544338476909 0.435508426468847
0.405047817490759 0.474902616026716
0.434044618624121 0.276354141993835
0.417840525363908 0.38381374694431
0.426533091541245 0.327167011985356
0.393073796763922 0.55698582285398
0.419771527526893 0.373391378070412
0.371303161127299 0.704581233579724
0.410362331572996 0.438210565340557
0.407323871550024 0.454640232156593
0.42359449070847 0.347276334171247
0.419817710738536 0.372103390137085
0.42949506330483 0.304738706873377
0.420549742240465 0.363502754558832
0.419209761919324 0.3728612745181
0.423391890290343 0.346483027582187
0.416012701240466 0.398283460931211
0.407893568942432 0.456539517281096
0.418866848271445 0.377685931824038
0.424778560499806 0.336208627011436
0.422737107171536 0.355105403151914
0.417605653264147 0.385950477936932
0.442712076565967 0.213798087706257
0.411619712185049 0.428672198952435
0.405515621485488 0.467870635336242
0.424885196609842 0.337386422052081
0.425643117507651 0.334321105506957
0.39696525814224 0.528811444636544
0.411141931321465 0.432224625090173
0.405660617601775 0.465314353251777
0.402667323683547 0.491921884338509
0.415513919514323 0.40250776700602
0.428816506898646 0.309746818804153
0.416435131805087 0.392114211020958
