0.480469743544194 3.30966238991984
0.478837285902997 3.32699726109991
0.548813546207974 2.37265937812599
0.485660619007042 3.26391304819102
0.554619544075017 2.30315726905012
0.495046815112636 3.11419138984726
0.524062066831896 2.71352238042605
0.490848597828108 3.14172405399336
0.456955768143577 3.61467525984702
0.494625934018409 3.1073116036189
0.41985599642958 4.11198411206515
0.511414733582473 2.89724746852787
0.552237155377853 2.31801492864823
0.48737624850003 3.20527231138523
0.504353234464629 2.96518738757139
0.53913688839865 2.51449808118648
0.526191901379399 2.67839212414384
0.47586722433907 3.38531703287993
0.479178777723284 3.29354591802155
0.521301622664485 2.74258656711452
0.478240117471549 3.3300113272231
0.513180612104969 2.874101385862
0.521086177490961 2.75549676167852
0.500925627670094 3.01402412831047
0.529399399216923 2.61468521368242
0.546591918958752 2.40499119172927
0.450903662710897 3.68867262314892
0.554081844874224 2.33780817805405
0.512323587199085 2.84804800124185
0.561770970185584 2.18838346799943
0.565653079985493 2.1512669124185
0.43803066894136 3.86914983991506
0.47791798023492 3.33582903491684
0.615063328921547 1.47802821098431
0.539734072025359 2.51279009920285
0.493596142960254 3.11778994951652
0.535373188406896 2.55598227423997
0.565088959999025 2.18051960760053
0.514411129644265 2.83835482799048
0.570131231665823 2.07737763157267
0.52470731001755 2.705256787132
0.532898250518183 2.58977945537461
0.479848305564606 3.31335702519903
0.468822767885127 3.46343647735986
0.461018427166182 3.56739411640698
0.566162251840301 2.15892776704494
0.514266629562372 2.83626039099868
0.462049399540447 3.55341687946584
0.430069453281415 3.98534092476727
0.47499442196698 3.36512065097728
0.535965719215692 2.53898938850093
0.517649460765766 2.80406435823072
0.544064453954621 2.41205373897356
0.577748542311346 1.96832690952996
0.597129679919561 1.7406119615103
0.476183201503548 3.3513294278148
0.488040850966902 3.19846976100096
0.586530289730916 1.86840918543927
0.472374995459247 3.41175093277217
0.550553283522321 2.34740577372169
0.500950634882199 3.01615719740737
0.602548485309009 1.64814147254775
0.464173688007017 3.50675224868936
0.505046116285985 2.95255711237546
0.551041117155856 2.32508523918754
0.510956254269712 2.88730799904115
0.494815404148198 3.1079654378546
0.585139851613392 1.89217803904801
0.526813725759253 2.67773027225793
0.500635932653412 3.03700184800786
0.516703428324742 2.7955628598043
0.529045332211502 2.63586212817347
0.491617298483882 3.13225332347487
0.484301548635894 3.26071927083605
0.541079886557174 2.48069428711023
0.540372906460878 2.46114488586366
0.524037536813759 2.70925288535861
0.492999101397675 3.1442030463723
0.582496899988165 1.92869520942292
0.467044176925335 3.49066467994729
0.54106069184543 2.49690179770157
0.583873250726113 1.90075600987187
0.599606646094761 1.69954790719969
0.565367423971786 2.1496721197502
0.603646638376187 1.643563967654
0.585621576466143 1.87340880889538
0.529606350487703 2.64940277802852
0.481335568014751 3.29582782278608
0.501793495739042 3.00436359547995
0.516102738775448 2.82343475449424
0.511066601485451 2.88976257042473
0.583640083714617 1.90969960896809
0.395260992805531 4.42197852973942
0.580545123128958 1.96878047821359
0.481685708081195 3.27069377616055
0.501823963256225 2.98818862584217
0.565256434289748 2.1582535543808
0.540018971734102 2.50685986778084
0.547036363181418 2.41202845444793
0.5081389867397 2.91097108953701
0.59094974239614 1.80944496788562
0.511743478009634 2.86398823846185
0.46065066819618 3.5716872625357
0.536408519922473 2.54559988050844
0.504658275559104 2.96700531518722
0.542023609558015 2.47123525002634
0.51538069450973 2.81229837718975
0.534330587076688 2.58638803936173
0.465088715148011 3.51622386955591
0.5782265731583 1.98789097641615
0.546310390429143 2.41233158807312
0.578942517595602 1.99207010669161
0.498155532896105 3.07134206687612
0.547308670562765 2.40979287121419
0.490036347491542 3.17731240004167
0.552914318453919 2.34595144643736
0.561462312533855 2.2190106383555
0.519892211399931 2.76402781943132
0.539502497319721 2.50855658922177
0.524956775480551 2.71072096562411
0.546010922153848 2.40922329464423
0.451593344747566 3.66564831761257
0.548852585767715 2.38097739753064
0.518363243859605 2.78059756664208
0.572479325067907 2.05215843339527
0.501218142822701 3.02104462330639
0.538026199852544 2.51485887615384
0.544389309155207 2.44377907557565
0.526997288761546 2.66472676707023
0.540446928388784 2.48790010071704
0.515437477429396 2.81368673394137
0.477429341891953 3.33356393605064
0.484399465202175 3.26012902856058
0.614235472809978 1.48358981572764
0.503120759046945 3.0012237592518
0.461253458165891 3.5530459973925
0.550450465101042 2.36682172341669
0.540762073084469 2.49065466745162
0.551714385106556 2.31801986155068
0.551461027919163 2.34349076366245
0.575258731834179 2.0272635061965
0.53735147604393 2.53597394460269
0.551881969976887 2.33061892237946
0.561227509938434 2.20632954460037
0.481343427863763 3.28934888897476
0.485822601109289 3.21227592373045
0.558209197659387 2.26675693037801
0.465509196382229 3.48645621717588
0.461099036498137 3.55607132341088
0.501442526135039 3.00208321358724
0.449557306749493 3.72604552075872
0.548749419641096 2.38805142984571
0.523874825627054 2.73011120260609
0.553087396171503 2.31885487412781
0.502788974593006 3.00487810643388
0.531194739866157 2.61215073375587
0.510661040994884 2.89908616959831
0.52600069564942 2.68187090611604
0.556954609102895 2.28212667702726
0.525275529341381 2.70350909342279
0.554532588120676 2.31813927481206
0.484515435307035 3.23626017133836
0.579236259070484 1.95548078804346
0.585175264994542 1.88230665473004
0.562686582480593 2.20759456850886
0.494446990670538 3.09852240129479
0.478664542240498 3.32887568658255
0.517005730079448 2.82371740071369
0.58843837445512 1.82917876666212
0.517523447960571 2.78895811384739
0.510797992829269 2.89313052321514
0.602816765207628 1.65483484757811
0.570893667827773 2.08560280130822
0.477916074362935 3.3288340348641
0.470410517472422 3.42092343430842
0.502513625027059 2.98209789988462
0.508988775316802 2.89541684309312
0.521414696508855 2.75389501767468
0.541282351754816 2.483776334252
0.494166597954216 3.11138755633673
0.504799084369652 2.96980240599563
0.481209492120337 3.2951924723777
0.473972845304394 3.38417408348696
0.528038170918184 2.66678327217656
0.444491054649157 3.76342397674005
0.545311583049902 2.42995927692101
0.592915989669273 1.77524919325344
0.530842603441935 2.62072138253478
0.462310413225835 3.53276074305401
0.577623585125001 1.98886833001433
0.452084346568478 3.68699467604726
0.511941039565106 2.87586238392335
0.549104428386435 2.3753419914584
0.527550948769662 2.65432010473252
0.512164568251412 2.87667430464915
0.589643857659439 1.81107068995128
0.541498440650266 2.47025221804635
0.440568150100456 3.84368979262593
0.490079365661882 3.16039033360691
0.568421762393243 2.11576908405007
0.506090327208387 2.94564623835859
0.510212730015746 2.89855650163612
0.536818678975792 2.54974002648356
0.513790353545615 2.84693216753474
0.498494202751604 3.0478906064888
0.555412099720271 2.27446501695004
0.530849399151481 2.60372298578928
0.585867342474578 1.88964440917215
0.477925941693977 3.34878653795932
0.488463539339991 3.18299968125307
0.47215782101084 3.42190245130699
0.559115048028835 2.24300082762448
0.495365219810694 3.08425221870794
0.502521074312784 3.0035659888364
0.573162339316689 2.04396415804537
0.584306569063764 1.88527127206495
0.450336472407633 3.70821959616227
0.507385935469568 2.94277368038272
0.569647495756513 2.08687211593915
0.477872977370779 3.34352546191692
0.472288341911404 3.39403462075277
0.584050088222748 1.91721832912172
0.465013485102414 3.48833286973482
0.529292758213101 2.63418329731882
0.530777002065914 2.60486455720451
0.56214663721492 2.19314296626571
0.53347398797272 2.57918512765566
0.557763773357395 2.25497577160963
0.527622425502604 2.6566176779995
0.536223775271173 2.54037369262876
0.499971998669566 3.03389040205217
0.471986867091181 3.40371289384816
0.554918201092023 2.30239763433493
0.531666899025045 2.60663346969201
0.553478149464809 2.31356160427738
0.542186520400083 2.46974611921803
0.537109390198824 2.51674879946492
0.51414530631695 2.84383958910124
0.525998427323029 2.6807334966197
0.537294002436898 2.54346963173402
0.502298451825672 3.00389356573111
0.434172738344219 3.91640429903804
0.515248717606453 2.82694439918001
0.427618857450044 3.99775853816631
0.543624272549528 2.4468805702562
0.564704230254673 2.18189767825717
0.611524389420755 1.53843360323698
0.484354280036035 3.26616902652512
0.514582237165447 2.8484691528519
0.461029052414079 3.5725098234791
0.556208091416242 2.26299426932539
0.500140011891662 3.06191033392658
0.437594405241635 3.89239027251084
0.458384763066808 3.601346358425
0.583278124277956 1.91581101942707
0.525439176236475 2.68333750538179
0.610618821030935 1.52875039017179
0.583256451313397 1.91420992320619
0.630917591067914 1.27032236528604
0.525199409856481 2.70110988787856
0.492328831495444 3.1400439013703
0.476916177091676 3.34302205677902
0.598422692291017 1.72455683596982
0.482761386624413 3.26535298637951
0.460521008212043 3.57678008251786
0.532806342203957 2.59835563585873
0.508843952765496 2.88723621618147
0.58842162826578 1.8396950019548
0.508366833350652 2.92634821038229
0.546025437431517 2.42028290488636
0.559228355095386 2.25500533878449
0.574175971083204 2.0334746847564
0.515923503542575 2.83123089979638
0.477489723169613 3.33836356366886
0.538847281498037 2.51521601083662
0.542342215690841 2.46897401959494
0.516884493371045 2.8064595301635
0.44489652895103 3.77951564965324
0.563914275179025 2.17485530389646
0.559918469328281 2.22425784554214
0.475813071958322 3.35211866545741
0.472724740320857 3.40889318550653
0.426838373137655 4.00190229550336
0.547150014529303 2.40290530421356
0.497872757253965 3.09705319242428
0.546352654428552 2.40692082178254
0.501333259831196 3.0200689299132
0.540750751686377 2.49294192161289
0.485022206382841 3.23445316554238
0.582766079217819 1.94037129343734
0.47559938235471 3.36204404110505
0.485313810225162 3.23988725733642
0.489184842956958 3.18409948895302
0.531734398666113 2.6093706785133
0.565893593526809 2.14097887846761
0.50237986042418 2.98961326003675
0.498381979903447 3.04797081527063
0.480964532070706 3.29935717636458
0.525642066195396 2.68045689859253
0.52550215812165 2.68900108842723
0.551597766489238 2.33849938715748
0.429939886822261 3.98677129678534
0.495700588807857 3.0867258274887
0.459967984079804 3.59284328972091
0.523650482646086 2.69960205978761
0.517920522465874 2.79521079194328
0.532973203898702 2.6033828927506
0.500321869282051 3.04303732983037
0.579168991177451 1.95666310016443
0.560848416352943 2.22105671889863
0.546890085295187 2.40245891833355
0.434120725313883 3.90985859535608
0.575243834514866 2.04924560530906
0.532148298408706 2.61529360034145
0.50139066493211 3.00278460249946
0.532105804401868 2.60981568004257
0.543202856767242 2.46063761791058
0.515021315446218 2.82494361058622
0.492783186149064 3.1142135656397
0.512736233747512 2.88318248187201
0.564119630692559 2.20991555017062
0.543441517251687 2.45656633440649
0.530358855228283 2.62985167333129
0.512513446456439 2.85707112224707
0.628663056384827 1.29489554107997
0.536463333344656 2.53821750873642
0.484440084399674 3.2345604346204
0.516048468543807 2.82511967584405
0.534426778685388 2.55493422211322
0.531711855387158 2.61630490298917
0.501301890057227 3.01925086924385
0.483325888971544 3.2464414165944
0.556744058707136 2.27076664983311
0.46303744322098 3.53403964040153
0.54334467246877 2.44242151723698
0.524653884652138 2.69235185971349
0.467898667993354 3.47017169582585
0.555214148057118 2.26003793281524
0.531014999993763 2.60426742661508
0.516042701690859 2.79730956202366
0.481541618680827 3.28839971094661
0.513726875041663 2.86597408601296
0.50014450200501 3.0391996960417
0.547206721742756 2.4038741342684
0.466036711772095 3.48597770838563
0.571341605850664 2.06684624604426
0.471427939144756 3.44068170372705
0.5396763911603 2.51373348775318
0.585643552465326 1.88596295481466
0.46183084009062 3.53950531711926
0.54916752115175 2.36219207417464
0.639650528068745 1.17435755482867
0.525940927056004 2.67956173622757
0.568581304520883 2.11628237782248
0.619490480183116 1.42006898371058
0.579342170510597 1.97593314973725
0.555705620659871 2.29137178781242
0.526603718732392 2.686093284076
0.55838124481579 2.24379107188731
0.561492484369584 2.19979114484137
0.564152651672872 2.16918528729739
0.479455508604871 3.30609987620116
0.512272208577213 2.86928359895316
0.499346824325661 3.03900737399334
0.464656748138241 3.50753782233504
0.4925035328143 3.14465252173028
0.500299684824074 3.03099047688545
0.476931949429349 3.35857326540365
0.510189579113069 2.89812513324821
0.465076686376375 3.49178597701935
0.493109698953917 3.11639685603858
0.549706194580397 2.36445768385028
0.492196875444875 3.12714369074816
0.498126321576304 3.06267459369283
0.629570059786716 1.2966759825407
0.545238061913476 2.43622619510513
0.521822427145354 2.74055215288972
0.56982194722518 2.08881752796335
0.488384872326792 3.20626613605047
0.578798678718397 1.97809029189334
0.524361397757263 2.71572875709904
0.5260345356112 2.66852776629021
0.477857749828243 3.3435971861328
0.492315951881966 3.13562790124139
0.492184447660224 3.14411323859697
0.470452449213748 3.43883386782198
0.509008486248694 2.9300962706506
0.490363420799034 3.1801243436874
0.466645844830915 3.50104500633994
0.55014997564719 2.35327983017913
0.581884336218633 1.95219971613203
0.496642640203433 3.09287292425893
0.48453342102252 3.250468837519
0.47791417747535 3.33756441749423
0.543102901452955 2.48077047033395
0.542175856513323 2.4740884232971
0.462323602020777 3.54733806614284
0.440683485365888 3.83378982764333
0.496784906370762 3.07022775773907
0.476234604197565 3.35127203977699
0.568686830010659 2.09537928041262
0.56049806676466 2.20226271763585
0.498048577342398 3.06467847245967
0.562745646463939 2.18715062972652
0.541213391455235 2.48670286654003
0.525035692024268 2.69258878274435
0.492502434179824 3.16050466396081
0.584573524263325 1.90370636774043
0.458387232964627 3.60095746162493
0.52107895185913 2.74777943081455
0.547079353305934 2.39117628968257
0.500169017155781 3.0497671529943
0.54394059351487 2.45192611336109
0.527591852244811 2.63895264594918
0.495081060976887 3.11133304983639
0.560335602458689 2.22795297071714
0.484014316622406 3.25947645011272
0.501699459176659 3.0112202440516
0.58595627187114 1.88333106268255
0.517144000316601 2.80163474208714
0.467464674819651 3.47155641981997
0.441147667022323 3.80390921334027
0.574320042550403 2.044986453344
0.487159942038572 3.20900686831206
0.543392331000129 2.45153858552629
0.507417375457353 2.93289980035953
0.583036053030242 1.90261511729743
0.48672969787186 3.2068158362664
0.54563112063976 2.4336124962747
0.533615158662015 2.59632640547781
0.505729198912901 2.9493818110385
0.519008898266581 2.78239808091717
0.492104655572642 3.14086178134031
0.523511204771592 2.72110318457848
0.478899946318725 3.33117381878467
0.541641892395347 2.46386587519115
0.510264699655772 2.912997558602
0.521014705151497 2.75359779756953
0.618482313896233 1.43575041771558
0.482742086936775 3.26952534925222
0.546073445804934 2.41359127658943
0.513735126559397 2.84205463564868
0.485571439482251 3.23807858794851
0.546594945435914 2.41048190759331
0.491113623231423 3.15670623087074
0.579559873050169 1.98793216691418
0.457381882064603 3.60665401829913
0.487638323250841 3.20478559264413
0.541379238948513 2.49539991508917
0.574597838976622 2.01694838079736
0.493331898465623 3.11493098363704
0.484551323560345 3.24330819524438
0.550113437869642 2.35863069022069
0.506802298973037 2.93857774502747
0.476177799936018 3.35784204467482
0.509001398290323 2.90204822961026
0.533603987564106 2.56866938328796
0.513541830883451 2.85452643973899
0.618371548744018 1.4302026423666
0.475778379181793 3.33963778465559
0.52145973327006 2.74162933259755
0.516261439245433 2.79873980215398
0.578555978862145 1.97925052843971
0.546573503276169 2.41432522187722
0.500508569338877 3.038071162746
0.546432318881437 2.40640394403788
0.512050589084158 2.88608507679803
0.546995562302263 2.42148446986243
0.457786533357607 3.60256542914858
0.516162173124939 2.81053867666192
0.497465959194896 3.07832022035402
0.517609842232746 2.81440817332616
0.496373871427366 3.08124921874791
0.470551216458423 3.41364834367543
0.529286503870308 2.61929267797137
0.52499206874353 2.69399376139299
0.463822416184686 3.51795422731241
0.518196974289819 2.78703559947646
0.478822184984333 3.31586539767976
0.468072969356752 3.48860392077127
0.524598603284346 2.7029643252206
0.523400092258929 2.70283453500306
0.481710752630574 3.27921172798109
0.520844007806905 2.74098594722302
0.524951115279443 2.69250162690829
0.468413687109071 3.47693009462377
0.476358372633541 3.37599972375638
0.584462040070204 1.89744290941709
0.623761981537245 1.37073174642412
0.471667561294711 3.43864364500472
0.49292053922895 3.14234485834145
0.499028762585253 3.04722396166556
0.537713737074016 2.51845177892237
0.548163881870792 2.39341391820106
0.46582267308501 3.48969174042533
0.557714839720101 2.25889440716025
0.535834193139662 2.55312530906909
0.531654735535739 2.5854265380887
0.533058226676307 2.58987281288651
0.434829485653794 3.93320476620886
0.513520870315238 2.85248016797948
0.558200404540176 2.25763632300776
0.503499884141568 2.99379882166708
0.539559107211831 2.49552594295181
0.515505928136737 2.81992302243828
0.530872266531392 2.61703699632341
0.527857929122962 2.65619403872704
0.44236619362118 3.78778208352946
0.645509272719902 1.09056550131935
0.4731612335799 3.40775898761642
0.454667986103276 3.62943237347039
0.564243646086741 2.1638875603316
0.536104172344204 2.53839368415468
0.551728352401629 2.34323479125239
0.540082514713648 2.4928307363741
0.484419371030044 3.2694059674102
0.527477921426768 2.67551974579647
0.449689116826859 3.71538988358847
0.474751648986243 3.36665214060179
0.488190012526572 3.20039370837175
0.489190747414287 3.19105526719662
0.563044773663302 2.17891629734293
0.465399307914787 3.48437780845338
0.578241808454729 1.99664164321328
0.532435069626209 2.60199805808726
0.504011600204437 2.99035747949801
0.473254453327411 3.39635378656817
0.571580637819626 2.06592922610455
0.487726779124521 3.19642287253359
0.555632662805429 2.28709193965316
0.517265748442484 2.79438846659588
0.504447317380656 2.97463824137774
0.516981507152608 2.80941005346827
0.562559623669528 2.17999098586814
0.525806076756323 2.69008810098843
0.477297027950663 3.33772803557938
0.505178912280821 2.96804466603302
0.516808139342086 2.81778599458935
0.589238398926251 1.85266079105719
0.490895659880945 3.14620826283896
0.52178323140582 2.74153597171853
0.547684902962597 2.39699439043341
0.575926981052398 2.01748457305264
0.485382128367835 3.23729459663103
0.539354971175234 2.49064446326241
0.419288034216643 4.11036989252633
0.594797861136313 1.74897545660254
0.505434658496278 2.96578895853217
0.586413353612312 1.89298150015321
0.471292069884148 3.40525370922498
0.468612232956903 3.43275062769182
0.521012253158708 2.71945392700947
0.465921787636257 3.49720686387625
0.512658710682876 2.86404219517819
0.539536035769986 2.51553290014867
0.553502177243317 2.31296717076821
0.5927096519748 1.81002243214279
0.587389738468207 1.85882038708154
0.477059796263703 3.34304194006617
0.495412822816265 3.08676655066579
0.541765780120127 2.48733798140447
0.494288097972948 3.10547405262816
0.476559715933754 3.35476950379612
0.526563082427246 2.68967196605585
0.513559066827552 2.84962905168033
0.501084238399477 3.00312123742142
0.450616694308373 3.70051193533919
0.546862202857449 2.41281600244997
0.514125662301805 2.85517693730833
0.54732844605372 2.39942208984925
0.455505855067707 3.65008062786702
0.539638505812473 2.50902852936612
0.468180760500998 3.45648021494191
0.532963331564611 2.5921161211355
0.51291968907171 2.84792326273626
0.488371273305438 3.18576763577637
0.543466601695997 2.43111541799333
0.518972571166669 2.77690624563571
0.565710114321963 2.14748329132556
0.523036020797436 2.70755604901089
0.51811704899893 2.80166328109593
0.495364735365179 3.08894299423572
0.546395085273278 2.41174643034103
0.508812621761973 2.93391889880689
0.524555413341178 2.7083063772282
0.502718792476625 3.00650844113285
0.502853812554577 3.01818008708268
0.482528326246528 3.27474978368626
0.517195039630511 2.81693629611034
0.492075402295448 3.14347859844882
0.491908306612221 3.15581504612037
0.442216010360963 3.8246890331003
0.507054216649496 2.95849454884476
0.469027597501501 3.45705997880947
0.57842835969745 1.96744872860758
0.531886309150477 2.62852983982767
0.517551855611825 2.80856256700492
0.491102891694421 3.16530888603619
0.611103076235983 1.53463632217834
0.538216439847812 2.53651700480528
0.478830194365807 3.31335166297163
0.511505217951783 2.89446631461871
0.563048741656412 2.19756941905436
0.532607672720033 2.59648957273333
0.531606948850745 2.61769660488604
0.487965579602726 3.2034170540392
0.500592322128101 3.02676419290897
0.57303639665551 2.04895593123273
0.489760101253779 3.19048502058143
0.537528747181722 2.53381918171068
0.516477655229415 2.81987212678436
0.442804642634471 3.80075962343206
0.467446735951654 3.47592854345235
0.521153915265054 2.7557416202478
0.517707739926521 2.79226965191349
0.503241255814693 3.01399685227403
0.467552425921844 3.47801712016287
0.517240058471608 2.81306308817799
0.457410938009704 3.61440508334245
0.498942795774222 3.06090891175105
0.452589772542071 3.68131385318502
0.444416055978226 3.77687261202879
0.551813552901436 2.34263546149266
0.528747216314867 2.65347074240935
0.472389944610884 3.42126581721707
0.452850965544134 3.68472823483682
0.540506054392801 2.48315594580663
0.562938388663469 2.18255114046759
0.479703855432057 3.31941683584584
0.484225641026777 3.22750532589679
0.51518570630799 2.82369786464017
0.552915257480121 2.31868955681297
0.485884892550274 3.21761310148417
0.536392253543545 2.54457449701105
0.551288132023073 2.35762367374242
0.507697804851229 2.92967957340631
0.534197981747466 2.58374875112375
0.495260810629887 3.08389657427713
0.582408743384236 1.92506506636384
0.498555622407852 3.05192101695808
0.456293490822136 3.62508399650505
0.49636590729078 3.07632710320902
0.507039221347614 2.94278054568037
0.570286782398096 2.08212860382294
0.548529114815535 2.36405348795426
0.512386974969802 2.85143886825798
0.537028030092495 2.53132975276093
0.535209592421821 2.58147530325943
0.538147825993548 2.54292968897178
0.566355333804371 2.16216183002045
0.540000536644677 2.48064643772907
0.531635488752328 2.62158664497412
0.579811563378202 1.95813076492657
0.501426882914583 3.00889467986886
0.4953415097163 3.1093402370998
0.571867067419922 2.0384820321097
0.483544813608867 3.25781209102621
0.592467510579028 1.78953388320342
0.518111285862162 2.79063134871435
0.556966301885051 2.25352763869667
0.487719782940495 3.19722017447838
0.522315119027243 2.7380302241878
0.559958501995166 2.21365183629946
0.484502880451795 3.2549659360206
0.522032722906997 2.7411542528521
0.512778189829385 2.87544139273734
0.513904989985874 2.85632998664238
0.442361164464774 3.81655762989827
0.592923194019156 1.76317596897302
0.536887780638065 2.5578516670672
0.543686957011266 2.44312288850553
0.606229173033684 1.60621036491314
0.465893180071682 3.47723737245283
0.561030637766743 2.22105908723701
0.505928836678542 2.94700053300168
0.507413946702836 2.93826541948854
0.556307301826117 2.26948445308818
0.501182914908896 3.02941820747234
0.546076766576926 2.40086932852411
0.472220873498965 3.4180136047377
0.442623522611445 3.79450539158917
0.519857091665807 2.79432604560375
0.551147218411499 2.33187146389291
0.55313309108398 2.31343874407628
0.571084756811405 2.06892485132616
0.490726793115149 3.18092262251561
0.582899881077843 1.92298649136299
0.481331153494628 3.28766414500974
0.490634490012986 3.15721820121555
0.535948961605778 2.5521055265971
0.527549906481898 2.66600993274179
0.510049025811918 2.90323685013184
0.442856112403646 3.7864353414378
0.518841036263744 2.78998454049063
0.527978601466318 2.67553505720265
0.439032633574281 3.87020853738935
0.482945051696414 3.26215382927708
0.516198459411726 2.82477472330688
0.522311048437599 2.73366589360342
0.481057847631904 3.30472641113554
0.53385593130257 2.57943499297863
0.507906887669521 2.90963126652475
0.539720438627948 2.51473437610981
0.504089591916223 2.99011913534234
0.49848897361974 3.04869883175759
0.518827168693924 2.8038759327069
0.539080675483297 2.507327819817
0.54535559687125 2.43174054905138
0.581330999108075 1.92350370881188
0.549589754565981 2.38378439465269
0.592674943670004 1.76644003105856
0.484674164847001 3.2347829950882
0.569341981469805 2.10272647472599
0.42077371740361 4.09283107951604
0.552495656849906 2.35551784823707
0.584453916962695 1.86880332378256
0.507543455570073 2.93601439181309
0.527145785000616 2.66295129316052
0.563894041926447 2.17429744865077
0.560787625734146 2.23081164775852
0.4893505045005 3.17969680071561
0.483182294775211 3.26572334177442
0.480566029882112 3.30033048741457
0.546181454833153 2.40938204637431
0.485054395057993 3.23122583599381
0.512156243373002 2.87321987584941
0.492466327329297 3.14645781937328
0.57459712384087 2.0299879795599
0.522856818530958 2.72545481788123
0.493676693735313 3.13047167569412
0.546661162034618 2.39246081444599
0.506344459332299 2.94606200015256
0.529177802174405 2.65585591623506
0.556213262831119 2.28875416142218
0.489623582521176 3.16916814154549
0.562521552743172 2.20273364207142
0.486260776351166 3.20537786071175
0.519613964623956 2.76821495415699
0.49231829256067 3.13686753622043
0.521397894625168 2.72245091723927
0.532975283128344 2.59165913599854
0.595167571539961 1.74269516059018
0.45400896760974 3.64851127965058
0.460775610046783 3.58106244161866
0.506153994217214 2.94082053965145
0.536275800729214 2.55215039385463
0.488025437174319 3.20103556989011
0.496434403823923 3.08915778215204
0.48778001864097 3.19547674595306
0.516795863628992 2.80344903672896
0.585028011447484 1.90512593849406
0.445976655552559 3.76693722108202
0.518601454688273 2.78520281663742
0.518547928306862 2.79337925681768
0.548201779943975 2.3887294067302
0.58091402483693 1.93991445571981
0.503602811643438 2.99021965237145
0.542679188466626 2.47211725162951
0.59000262967836 1.82516125387724
0.541240904488905 2.47655674818493
0.500855141335638 3.02112809491685
0.629866830232482 1.27606390775109
0.426781948256387 4.01786489734003
0.517305862655194 2.81993420345678
0.571915434267173 2.06635377047593
0.505807086970366 2.95319817096827
0.523264858526064 2.71482624825856
0.480573362290508 3.30872715207608
0.545589419851684 2.41119269223739
0.480176909425261 3.30603845086052
0.501109916516925 3.01489016490476
0.540115678627351 2.48971778299274
0.487685940053497 3.21065968094742
0.568921068086693 2.10873394604311
0.509950918970528 2.91773503648401
0.575959680994963 2.01565518430322
0.507374015631633 2.93755602682735
0.521453777694697 2.74318780613605
0.515086370809398 2.83766013672354
0.478661996026225 3.35062833943692
0.51295180182225 2.85800054887407
0.508939710656753 2.90176673814099
0.568514787623282 2.12166618393897
0.526363830479249 2.67387222736292
0.526876702689369 2.69488118554816
0.498864260014225 3.05345464255077
0.538811638838053 2.52598431554743
0.553796778064274 2.3353738315268
0.563102486863869 2.21076126528864
0.50873730169025 2.9097407828276
0.464942314461956 3.50803813357823
0.494607663929214 3.10481295966924
0.466590529290135 3.5026967713154
0.515800585153901 2.82702858635258
0.504953356795994 2.97586830141906
0.536699238127116 2.55328497000496
0.534989020591498 2.57030384241269
0.538143273986779 2.51961357069938
0.497141888553643 3.07277496863077
0.511607258727039 2.89493985938612
0.534832467384248 2.57802325481472
0.491949757147681 3.14214468707769
0.557860471615066 2.26364058220524
0.500826864155797 3.02966080738046
0.545281844374884 2.41721446770004
0.57000338638995 2.08845020071557
0.508378691285415 2.92844504782408
0.501791429573212 2.99815262876372
0.463693220849304 3.53146691840516
0.498512181709025 3.05235638525909
0.542328192957779 2.46267250276726
0.536729392936866 2.52669672524855
0.473391979462305 3.41350991775194
0.523949616398751 2.7295336662919
0.531755497489757 2.61810583563705
0.456265175320997 3.61355591814026
0.52773672153369 2.64600698077229
0.51625256438725 2.82410292871001
0.496669164988621 3.08806318954322
0.485986726949439 3.2454616164223
0.503606399839008 2.98349173374859
0.528619502667605 2.66049934741603
0.451723523270203 3.69936911556703
0.54789544832471 2.39952588248135
0.654889507958321 0.962188435439293
0.486589871409772 3.22956080601994
0.466883569696684 3.47048413847761
0.460477245832341 3.56921490921041
0.497535028934113 3.08409876474622
0.611859592665635 1.5222509172607
0.520285899160659 2.74809273077939
0.50760175033812 2.93276145713064
0.486533200182155 3.20673950298717
0.496275760390437 3.08787620003774
0.537105258302909 2.54053106674676
0.534398582392718 2.56560679947764
0.484929077656605 3.26137380354567
0.541919231955263 2.4728469301644
0.549767167222477 2.38458401326282
0.549388589626419 2.35806442482724
0.55683829234931 2.25068506398048
0.462224411300048 3.55856843238082
0.456037038411762 3.63132621377028
0.589484634467695 1.83586213766282
0.542216681883461 2.47050401329401
0.514473021141274 2.85811382642195
0.526512935396163 2.68114889650769
0.470582360990229 3.44076913663018
0.522542419901741 2.7284937419027
0.48131826887186 3.29964218699088
0.515180278135401 2.83602814084646
0.486512717281894 3.20369632122597
0.568082090275905 2.12660104571358
0.538044223585277 2.53120650702054
0.631418553283007 1.26247319289868
0.447537864882789 3.7540029111474
0.504859097179554 2.97037382780599
0.554747143385424 2.32078704326246
0.499026532333807 3.03391624581483
0.511558174862206 2.87066424820652
0.523282234316797 2.69243469617916
0.560684595006541 2.21698117906081
0.504153220392384 2.97431213219538
0.528520544164631 2.6616643427467
0.554410276863936 2.30303885679604
0.585038725765447 1.89318049036915
0.493927981522338 3.13527932659804
0.448678964337113 3.74550687641009
0.491114374324748 3.1629116607442
0.546254104757801 2.42651742483995
0.546462632865223 2.4007894509513
0.49127722126885 3.15018538187302
0.536807795780968 2.52299986776738
0.575296010467937 2.00585230106108
0.551611841872405 2.35667165871662
0.540335323488028 2.50960380907125
0.529794113840349 2.65602914955421
0.495631293192263 3.08756629346212
0.494266803267237 3.12452436056433
0.549021325142651 2.38237226887454
0.49443264626158 3.12569278427038
0.519967092737145 2.75605058142371
0.525402788720675 2.68676717639651
0.481877265276505 3.27663367099283
0.499901231204058 3.02599489774386
0.536859168606699 2.52830628632814
0.535132634251609 2.57884396481521
0.549150120489388 2.37854457627333
0.44613299272975 3.75696174604192
0.548142974528116 2.39218175119331
0.580180650052659 1.96070908436287
0.449820841881821 3.70827719437917
0.56567439141578 2.16528351638624
0.576764600399474 2.0094616953985
0.528759089910036 2.65500946024987
0.566176933474233 2.15511658082762
0.567323767480644 2.12371599573616
0.645482211922241 1.06602045806781
0.501541636347035 3.01911703568284
0.553526053890078 2.31078682688367
0.523886826681719 2.69908095967567
0.512509318010375 2.89030119230841
0.498103146331632 3.08717519624295
0.547085033101349 2.41523347032081
0.502368525026973 3.00246620354135
0.419411874467328 4.13214821907185
0.574582803289 2.0514928537527
0.522280040989311 2.7471763238925
0.56087069331523 2.21922887413653
0.488530552617738 3.15874329242171
0.602620682905046 1.65882364962946
0.563612864859727 2.18059974252115
0.444088493123037 3.78492937202777
0.509391120879518 2.91441849956125
0.474850896698021 3.37770429579675
0.500824301713939 3.00374959952331
0.466027154240632 3.49276379288747
0.450664121175721 3.70663917079945
0.551695666055915 2.32496921855479
0.559064252606591 2.23263186678468
0.604637078425483 1.62044067490055
0.61407438238958 1.48849120199472
0.470833928962351 3.42578093397527
0.544729327884731 2.44313690457247
0.492189541769834 3.13666120170337
0.502927996423798 2.99552600340063
0.492631237021194 3.1556373128786
0.537444768303749 2.54381817058679
0.474740093269538 3.38645808452649
0.512945993338101 2.87960273375332
0.514576810859434 2.83146001214612
0.503277338811781 2.99449731817381
0.497143965968403 3.06002778911638
0.521374914019753 2.76753040971485
0.570439374619625 2.08771154113183
0.565804159519542 2.14780287831485
0.5783117571386 1.99674482819061
0.522326704731978 2.75275576003783
0.546703388891374 2.42368347756312
0.497099348216329 3.08215206962589
0.530264037137119 2.62238342813098
0.490198343121367 3.18497678275227
0.529460040395413 2.65000485065415
0.522329524354859 2.74503913824681
0.492062815509034 3.129945633284
0.549572019565998 2.38013589807378
0.458505010434327 3.5934404152213
0.503847135859154 2.96684762768398
0.449911023803189 3.71898599223801
0.433666378176447 3.9377391612169
0.484629584900562 3.23834452571551
0.480587694154951 3.30327814568413
0.480820676281491 3.30146850489309
0.550807796667659 2.35725105827619
0.563128080517287 2.19249394969788
0.530831365843316 2.61510365554242
0.595203998252318 1.74607478465502
0.542728446105978 2.46967796283947
0.534175374830499 2.59048280366844
0.538120876125915 2.52470058639368
0.483525512764163 3.2503195054146
0.484306635492432 3.26062710540367
0.465830582410177 3.51950864432431
0.563485525833436 2.18952129678748
0.514819111824162 2.83262458871876
0.529232524357047 2.63780546887316
0.494609742083771 3.09292607270338
0.555068085346427 2.30948526979827
0.512189116585953 2.87170953960399
0.477511184816939 3.34788986009479
0.580450988443024 1.96826392799962
0.527763992545045 2.64579973173112
0.508374328915783 2.93023213598242
0.496156415337414 3.09943315007172
0.535971184794186 2.55664416187887
0.468453642466737 3.47991837303246
0.491550683216265 3.15186258368179
0.492785134058484 3.13823046544719
0.506598643905313 2.94114207297758
0.514065644541882 2.84977382202024
0.501709896606716 3.00288924630574
0.464601167994863 3.49629054006673
0.471032891858161 3.43886695923803
0.468171832960483 3.47108638249377
0.463394164382942 3.53599146150871
0.530602009233072 2.61195278223154
0.551349951761694 2.34670574789435
0.521665253685578 2.74226164370338
0.464396869202249 3.5180509615722
0.490633313251162 3.16469742941783
0.513049823536213 2.86067258541695
0.535222167801995 2.58675140298012
0.521090370590496 2.74741072616998
0.531116463407299 2.64393211729018
0.554961028571717 2.31959479459229
0.551874811461535 2.34845434921745
0.498290087009134 3.0365325529674
0.537678219974826 2.53369040992853
0.559700275941499 2.23377690005682
0.493196394462046 3.13656978148271
0.55709323979186 2.27233340220041
0.514127121844096 2.83775736986592
0.514927649563055 2.8293141219314
0.520342844585167 2.75579213178171
0.456618660833057 3.61541175530956
0.546515046753374 2.39883356725928
0.556007179898911 2.28297797693466
0.522097950928501 2.73823024636699
0.538375737869454 2.5374805551404
0.493823822243016 3.1122328364617
0.537873289908785 2.52112109556178
0.506211306869947 2.93776649160776
0.489139237473891 3.19624096255338
0.520303401004724 2.75997186236602
0.472839872066276 3.39750544729755
0.573432258971946 2.06305840333598
0.514510595299816 2.83999992396561
0.460733469195402 3.57302274049468
0.565780800518753 2.15134581678638
0.493183503883589 3.12132193463213
0.480890424880281 3.31105893767627
0.55199988687573 2.34363379419968
0.500537911497192 3.02533539274127
0.527341537302506 2.66676086687226
0.554098313784627 2.31188096471389
0.49845708200253 3.02966449775595
0.586258887847501 1.88065950328798
0.504198178975722 2.97144162161431
0.521704420626791 2.75188440560501
0.528757064137462 2.66784983223971
0.445633636649031 3.77423714197003
0.527662545119502 2.68519210100409
0.510102410949078 2.9001412276245
0.51536477899457 2.83123534570243
0.543207765483189 2.45553737374828
0.577199007850439 1.99493009178151
0.516975959444753 2.79996799238433
0.52084115029509 2.77812908263574
0.519316288089733 2.78320427098687
0.550178302921396 2.36240929576933
0.486824909971309 3.22188725031535
0.51312447542208 2.85648447428861
0.485901618903915 3.21698176526213
0.470871066018028 3.43339122689138
0.539947862474408 2.48154384646316
0.482390119676113 3.27113543137436
0.546787877462912 2.41727353647386
0.498623735054394 3.06169031840261
0.518849818140168 2.77972512248563
0.474379273004754 3.37288423174131
0.486339095794016 3.22026169796148
0.506072431017699 2.95851720918889
0.551006725350566 2.33616915412191
0.510837733838344 2.88731320726171
0.532287001834668 2.61377206517675
0.518722116336442 2.79724357066424
0.444128508521187 3.79920558253742
0.457107533392836 3.61766217888241
0.53885490042239 2.51485846592299
0.48276059542557 3.28376383860155
0.506155939655175 2.94517972585977
0.54298979377 2.45044904038048
0.505793472226927 2.94890958574242
0.526947825510853 2.66039003061481
0.386521192020882 4.55445388332626
0.600440333709016 1.68414957666009
0.532360662343327 2.59330207712187
0.556294285851667 2.25999042550216
0.487591636605191 3.1893670056858
0.475102563633346 3.38195920776881
0.502567175991928 2.99806245891208
0.531594741090036 2.62419116771227
0.500216407111699 3.04235817932832
0.553243241575891 2.30238421191333
0.535726500055885 2.56872096555048
0.481307658088118 3.27912288499454
0.508404425182967 2.91410183577542
0.537673014226422 2.50967322889799
0.54873284504227 2.38837093380139
0.553925275433265 2.29737715044031
0.536665069076908 2.54446241878101
0.457999066594016 3.58580276198916
0.514546115478433 2.85106811201415
0.555236445447731 2.29770659962364
0.515007360336595 2.84559708724577
0.513557221752072 2.85066919665197
0.498579147543832 3.05025003154314
0.550052350450642 2.36348674571701
0.601363790705579 1.68791746358115
0.53687561303083 2.55817578506986
0.542901382663988 2.44177928027173
0.462550432887329 3.5619685425998
0.492273022300315 3.15140911092616
0.545037326233021 2.44100100958467
0.52558528479614 2.68158875573179
0.471975695684944 3.42779376195648
0.568451906739979 2.1172366787084
0.519928881412039 2.77390460110875
0.473020293733581 3.37094712353375
0.509279399020341 2.90400805275475
0.516647860370341 2.80833916151783
0.538393873932505 2.52021056162196
0.551455783595128 2.336568549799
0.527658803927537 2.65383822298221
0.497736191934393 3.06584989780251
0.466550945093757 3.49638191377933
0.463933953321245 3.50436402022772
0.549330006747805 2.36824901319796
0.543130610087204 2.45781489273602
0.527583317989211 2.67750409823673
0.448106218913748 3.74454664016798
0.563786203640411 2.15844249942563
0.459833191142363 3.58450343939831
0.532433767929868 2.59017536664922
0.542579561448288 2.46274944478772
0.49212129189371 3.1630542108397
0.529959893209243 2.64994600644885
0.468511649271876 3.46752896004634
0.487047820209991 3.19738618729587
0.555798671795682 2.26087323609249
0.513037222334597 2.87177223003585
0.538001982177174 2.50528823332262
0.509811158678733 2.91278457087284
0.476534174752867 3.34901534977803
0.435105792829455 3.89189988408453
0.532796770264421 2.60124413610968
0.564708832401829 2.17288645041822
0.544871063234839 2.42860648670391
0.562592882937254 2.1975120534793
0.529671629486184 2.63749023319317
0.499177824236582 3.05242901156188
0.550281826830228 2.36109248302832
0.555004878530787 2.2818558151197
0.48794255855832 3.18295802496429
0.514582851081059 2.8250780739229
0.516333526461037 2.82499163578648
0.493757627988608 3.12292186879847
0.48400769391266 3.24782549375307
0.472703058763546 3.40643835161766
0.464733170208384 3.49361562527445
0.486684793679377 3.20198657429528
0.53285648434304 2.61081767115697
0.537931277402989 2.52798866121169
0.488358375912677 3.1916874501859
0.496763734775305 3.07424241075068
0.527595936721945 2.6577117221832
0.50794565850745 2.94694276607062
0.515326916418611 2.84006081987871
0.589496345862673 1.81702101412659
0.524519338882556 2.70413769585677
0.606823220688338 1.60100345312833
0.595165309537717 1.75595218992788
0.48765964349738 3.19422744951958
0.503987979067221 2.97082743390401
0.512975027508684 2.87127458306907
0.53736249721051 2.54426686342844
0.420093205452552 4.09760391869475
0.581224375545432 1.94439918359851
0.477742210677193 3.33432120207773
0.463144213614227 3.55664942842042
0.531878281811963 2.6077123509769
0.50614433325011 2.9569496592344
0.550864793715225 2.35307516709658
0.613883691895104 1.48405392329029
0.501577683395813 3.00402795233991
0.526125207669923 2.69506679275795
0.580721110379298 1.93984538601578
0.502581940964914 3.01044524787046
0.475504700746692 3.36887502549998
0.522996015708026 2.73656429711732
0.52934719927588 2.63553471772542
0.444828781455174 3.76687218113215
0.540274533649505 2.47752023521574
0.556022356386483 2.27892916005812
0.541588712768821 2.46357464145624
0.546268773041609 2.41594358573195
0.53824718782196 2.5234285833711
0.456477157383408 3.61723094624154
0.592476145580769 1.79167821469879
0.569185063625547 2.10797401762678
0.541254082498302 2.49316830902555
0.523623787093457 2.72303692297992
0.501760270498711 3.00820147481007
0.474926789722371 3.37422620432293
0.496579305129828 3.08334894056464
0.635101581802313 1.21721169385319
0.550352805251195 2.35278193740807
0.487923803008014 3.21298385588557
0.515990882856986 2.80563310227751
0.520881911051804 2.73777318811137
0.527399555680226 2.6631396645832
0.570933546069898 2.06472284432458
0.55743798747659 2.23419571189647
0.458266164219206 3.60900802351988
0.488800325139075 3.19325525294901
0.569883622801112 2.10335955400355
0.48204079933307 3.26177969220255
0.564648219204679 2.15909016929312
0.426473703895648 4.01747282198732
0.525938068400775 2.68108945482564
0.530579433790812 2.6166761978361
0.510790090124223 2.89095631168512
0.516540237826291 2.79176478175421
0.524515765445314 2.7125972358254
0.55288176151216 2.33048929708671
0.478825849300967 3.30605035386204
0.510896749563104 2.88537085883528
0.59130760485925 1.8380814915952
0.460621366319158 3.55585701092687
0.481719881243701 3.28029746165606
0.531608072433038 2.62465159204921
0.526357266374845 2.67195008375225
0.501321275078542 3.01652771425813
0.516556689375157 2.8228463010903
0.484169994435298 3.24041249196018
0.489455182408927 3.16917287435351
0.537924398615443 2.51413064223618
0.507919986985737 2.94535483224915
0.472775386802231 3.38056509968563
0.417707667722579 4.13903515805303
0.482516463637122 3.27057001991611
0.514177308754263 2.86212063026999
0.519659578704683 2.77490495088779
0.470379407209408 3.44504119990415
0.49349035556638 3.12812237271969
0.537527823909714 2.5255162521161
0.462604060850775 3.52534915268759
0.56087688832738 2.20922023666394
0.519827607675834 2.77230323315507
0.521236812818945 2.72770151674759
0.463458579385188 3.53286625997743
0.532270886979522 2.58696314994943
0.507175156731265 2.95001297999877
0.474022941931299 3.38204507332715
0.529677534357275 2.64772053989152
0.46071111669877 3.57220105642722
0.583422860169331 1.91152107967192
0.467769005953235 3.47122913406824
0.470399397505372 3.43478849999832
0.54702162007554 2.39944819300799
0.561896960121202 2.20710984330306
0.504054486426851 2.96422380303319
0.54543684259197 2.41819084234727
0.522470107443549 2.74726061883477
0.584507378887829 1.88823814964802
0.553121366190568 2.3110434183792
0.517081666679891 2.80195842151441
0.543898130722864 2.47080179123389
0.522953607209186 2.73149545204215
0.475187926584636 3.37221385666594
0.495916996611631 3.10486756262443
0.517323850960721 2.81684246621038
0.520875547464819 2.7615158314512
0.513341642406874 2.84695392607732
0.562772293331562 2.19542569649319
0.518188323899498 2.77195086078717
0.491558771443275 3.14541521244417
0.513785680684334 2.84205072237357
0.468200599247536 3.48449705758204
0.535863986641048 2.54376333617654
0.546522854383558 2.40564073020177
0.498433485644393 3.05253875134588
0.556505109148529 2.26921671378122
0.55306606668801 2.32518577068803
0.516636320651803 2.81892644163022
0.522845469805594 2.74137361424921
0.477413463797328 3.34436299916381
0.538135030465133 2.51552840291767
0.592197904441883 1.79350905697315
0.477737571369542 3.33242725923303
0.532476613179913 2.60234855961877
0.406130419722236 4.30078767313736
0.533723159718033 2.60272661665601
0.541921712121176 2.4798642743502
0.477696964713202 3.32156282442077
0.548760173624552 2.38156983484234
0.561231520035028 2.2328066762911
0.569715617902229 2.09477671482493
0.525831607617525 2.68187201510922
0.499582991206097 3.06244729746531
0.493136076333027 3.11724304562638
0.521256538279111 2.74804826756379
0.515027245142261 2.84468492734425
0.49983176642239 3.03226881319598
0.514471110382477 2.85101925980899
0.532609130076209 2.59522247945491
0.508237746353307 2.91809096103332
0.607135359393189 1.58249762376705
0.473033175619818 3.40848124210417
0.489327917930444 3.19086492932696
0.540836750455477 2.47600529767283
0.537152794315272 2.51981119639091
0.564281324224451 2.16362179937812
0.564608346410068 2.17270442212987
0.55843634902896 2.23029789395752
0.551019925704424 2.35482403845996
0.476560042169989 3.36417635527863
0.478432985915571 3.33083365888555
0.509667405702988 2.89483585295826
0.537799870285278 2.53186906441104
0.536984668328767 2.53950174792211
0.477370807012821 3.35811817257276
0.559643955826172 2.21554472811638
0.53954754565224 2.49554669055838
0.509338480600606 2.90262736020774
0.545645403160056 2.43215069517098
0.563986524286505 2.18449430481356
0.576508567204008 1.99765750591778
0.554796782550531 2.29663735366644
0.516670206912285 2.81916276653067
0.482589841972189 3.27109929336934
0.583473068587686 1.94519183878699
0.532100937171371 2.61880252032169
0.47384565427074 3.38681437942261
0.507498680235494 2.92287065407419
0.545472746404755 2.43472953110973
0.574729462173554 2.05767076560735
0.55710116015035 2.26204464091166
0.550794603908312 2.38040193861537
0.558830713026837 2.26733640848714
0.523762273640994 2.71194072825415
0.427221965790333 4.02182391419289
0.599621839240211 1.68499574852087
0.542566740547808 2.45879298873433
0.516153346700731 2.84510998094736
0.596114032656299 1.76595254049708
0.543145109461424 2.45130220380186
0.527074689901288 2.67730349796269
0.51006136582045 2.92019194690467
0.561960501816384 2.18471766361731
0.557736771321947 2.270212799753
0.549356182602073 2.35458318624173
0.59808725526773 1.73127374855823
0.501559346767558 3.01988662139662
0.5035975623482 2.97935730646613
0.545660651562425 2.4245075616115
0.471330955589988 3.4297041358508
0.488859559288919 3.20138143521388
0.610943623108209 1.53609260873826
0.512853191718458 2.86903692741112
0.478052580731484 3.32761713729167
0.495960337514058 3.10203302035886
0.51667144788868 2.80968309728727
0.56507112513124 2.17896571523804
0.567310159549454 2.12329509206368
0.519930562463269 2.77761545623806
0.507440376032685 2.93292155009673
0.525241971791049 2.71912481103476
0.467448233460142 3.47888362403969
0.445305810281954 3.76706033773373
0.515147292909165 2.8378618757952
0.56861001751035 2.08552863802225
0.539893330868165 2.52596994676766
0.547941850026941 2.40989768622855
0.512489420269044 2.85332182348474
0.547809126784522 2.38076693044599
0.502355685803788 2.99424474675538
0.5413147802156 2.4738947526888
0.4758012813076 3.33404310074837
0.492654289993651 3.14889212392813
0.50008048786406 3.02825159813069
0.472245101076992 3.41198192140496
0.534208329928296 2.56804045079976
0.545443644195539 2.42822313244822
0.522315058489198 2.74561361579274
0.562353479063878 2.18324039013725
0.542699377666682 2.45195591888517
0.477268887430759 3.35187238211885
0.539014774563238 2.49977112918149
0.576469262457873 2.01340486522291
0.510521866552174 2.88685750137018
0.53006464291861 2.62174260640735
0.547331310671014 2.38406379110774
0.552115441136392 2.34930335418148
0.455737613327424 3.62845076082816
0.557672454090421 2.26111560790875
0.511124781314296 2.88636797227805
0.458834936045681 3.5826812554287
0.527170214702506 2.67357355923411
0.446703784797806 3.75506554500063
0.499172503656552 3.03947912038706
0.513544129462198 2.84638154060812
0.519678773862182 2.75943895261163
0.58531409320142 1.88551758406133
0.533976779792489 2.58392596724581
0.591957086406228 1.78624966793677
0.515787597098393 2.8241221420374
0.519802826486754 2.76582719772873
0.569975428070972 2.09242613890921
0.445164800628439 3.79334606351897
0.533523650158779 2.59257574609933
0.482156703615052 3.27614877028534
0.50142988075142 2.99860517854281
0.47137672081706 3.4158393107374
0.506298757294431 2.94235165389666
0.460081483162675 3.58358265316762
0.494652845687153 3.11163529340113
0.442660746020524 3.78798571151509
0.550545169361991 2.36438123644736
0.599889079162695 1.70604933779947
0.601018343579464 1.69472872987738
0.515035486771453 2.80955791453545
0.466016051188919 3.48086673595267
0.586486954997504 1.84788135605199
0.522251191122329 2.72815113074728
0.495274900105874 3.09246133460884
0.514445059266798 2.84315069514997
0.530649064493815 2.6110516159724
0.555005042650154 2.29062370106542
0.546479078799951 2.40592871020633
0.55588298785417 2.30430909145118
0.483659956365247 3.25931366526939
0.514833738941362 2.84008660213081
0.435632624505503 3.9179679880285
0.478804387221764 3.32155123702298
0.462066995625123 3.54722951751538
0.572408086085003 2.06997470373416
0.512355619273417 2.86823937558486
0.549621383706676 2.35395386725467
0.445431374260641 3.77836387482832
0.507974331121282 2.91929726890117
0.501879070038418 2.99668522782314
0.528705612589923 2.63783929386122
0.444478560180696 3.80367807829148
0.557151578431584 2.26930216129665
0.560494754740521 2.22092838476613
0.494353413056648 3.13412106356734
0.546610931402106 2.40079974455625
0.55477854067079 2.31330395826511
0.476413242797505 3.34511276161368
0.514598699357957 2.82807010190734
0.468570477864228 3.44063879905418
0.515173870356596 2.83248546071302
0.552172872351101 2.36361147764925
0.531891370395526 2.59929195871188
0.510564686124745 2.89597789256011
0.466105449706297 3.50773024610381
0.544630079366954 2.44312307276119
0.496649683240579 3.09306999999489
0.535458482920132 2.59259402706176
0.470549446512405 3.43418274946787
0.552065056376383 2.34298335064136
0.451932205411359 3.67879129676331
0.564335696782198 2.16982109030812
0.53910813709126 2.51202062934
0.541064284506456 2.48807929866979
0.488302544327115 3.17690062453634
0.488472187368011 3.18942271105251
0.508167924158942 2.91201973065566
0.542924416274386 2.45513197097676
0.552135589305044 2.3339617988679
0.57538882212725 2.01636943266738
0.501178607652179 3.02977520585107
0.53855750898107 2.51879823312647
0.561286000700991 2.23063580819762
0.453453578178335 3.66503061204984
0.453248518924738 3.66080369039855
0.50906736277167 2.93596754986391
0.488146487204207 3.18739216999372
0.564631428908812 2.16911506909718
0.549154981575751 2.37085461916966
0.490393151893061 3.16458686397466
0.548128114053555 2.37368119782219
0.496422032905218 3.0688408228354
0.564213219185642 2.17236928099606
0.499315535067306 3.03245994672752
0.533061061378064 2.60078215439746
0.566702764136121 2.12957739371593
0.590834243943686 1.81610195668335
0.521715278080324 2.74337657880418
0.470098985838314 3.43970705538504
0.513722120288929 2.85887640875736
0.503913539281539 2.98261030033974
0.564313282644775 2.18736900375562
0.51682173593841 2.82788901021406
0.540661395032969 2.48548225277347
0.498470771369361 3.05939481632339
0.500389067491586 3.0218828926261
0.547231134329984 2.40011972641605
0.500606140617608 3.02198238023647
0.57427976967707 2.02094750070862
0.51176110937841 2.87402637118561
0.575066080214752 2.01843050253722
0.55528487521169 2.2956619630744
0.463478956186977 3.51736336848837
0.482866698323845 3.26645219531443
0.548146794120456 2.39722328850381
0.547956925527921 2.40119479608465
0.520295919420719 2.7559945118854
0.432740098264502 3.92129562213029
0.574932953863891 2.01364114361706
0.498069999954967 3.06560171512946
0.491872361680475 3.13814027777488
0.589818367601245 1.83354194783701
0.524268324261358 2.70753654400059
0.526912624481893 2.65916246063805
0.530892364666729 2.62335900077464
0.569425186439909 2.11146766409903
0.486741666988001 3.2225302251072
0.503903696094085 2.98590167048517
