0.554586572814778 3.22739553772749
0.55704027032625 3.20143078608067
0.544084698397175 3.33396584090342
0.560693955273341 3.15593565886254
0.539076637155989 3.38998896190804
0.555957612727578 3.21111649482362
0.569464946953573 3.06804770367631
0.561050972655079 3.15611312926646
0.558132581976442 3.19144630632848
0.572713911455272 3.03185094073909
0.560026029073214 3.16920807251091
0.547573424719344 3.3055687224774
0.549451574756583 3.28287837931981
0.581010781238175 2.94348659087167
0.521616408363472 3.57574237108865
0.55516709240398 3.21946462582717
0.562716103320074 3.1378630046065
0.549848160450078 3.27582569447047
0.557752154179986 3.18982545634325
0.532284244305143 3.46553344264101
0.570744304283343 3.05160497845897
0.551183300446082 3.26508139852456
0.560026203390559 3.1638730463069
0.546104014025274 3.31692982876832
0.564158467713372 3.12241803459362
0.546185798614119 3.31449858812794
0.583337032126532 2.92103665717029
0.558878921186673 3.18093923120341
0.556168839494246 3.20644742047949
0.552792448317578 3.24311470489951
0.541473077252035 3.36396319618341
0.559799528664568 3.16836231516998
0.553951444240671 3.23364218214661
0.54287314086684 3.35210317965796
0.576059217941517 2.99854146552624
0.554480940192545 3.22473583150042
0.57065932417745 3.05198827209016
0.562976611783684 3.13992811457992
0.548284407950808 3.29402803349412
0.560487889878397 3.1605285905347
0.566620869494343 3.09602410429618
0.550498005683841 3.26850197229038
0.551405200574782 3.25928553280764
0.552264995404694 3.24761631135282
0.559234072763821 3.17381837558457
0.552570639784147 3.25081551566514
0.555142756751691 3.22139638847803
0.550075604285775 3.27089487423755
0.524797506125471 3.5430831262422
0.555905688078535 3.21131194324905
0.544400288877527 3.3292079856798
0.544149521118454 3.33713434565367
0.5363346964859 3.4203830773459
0.556728035013355 3.20019692683718
0.573325086527834 3.03034810485567
0.554664775315214 3.22431411857442
0.562944497311967 3.13030363747592
0.565523758847804 3.11105726071878
0.565343297927044 3.11067505420719
0.541731833868423 3.36385789905876
0.563883029069117 3.13496772507202
0.551838383503736 3.2542045533052
0.562482436699401 3.14279416402671
0.557783828923688 3.19044473632324
0.569914704010864 3.05952012995873
0.564797575624046 3.11457032080983
0.559478989948026 3.17319389369095
0.548626038055543 3.28686253524072
0.535901461164384 3.42442254541665
0.550894267271196 3.26803104767602
0.553693055509546 3.23645410956311
0.543224071120649 3.34212773422844
0.567032731228953 3.08766275831572
0.540463010779133 3.37719122904526
0.562986620043338 3.13642657512254
0.552006556256518 3.25162690636607
0.556268377548834 3.20808819753172
0.547070183339043 3.30589239468659
0.560290666921163 3.16610589415151
0.572066611840324 3.03835521795436
0.572107127028429 3.04021729449115
0.559322735381933 3.18046614929914
0.55569340022661 3.21236121070211
0.542606906219663 3.3483003947497
0.562671851470269 3.14243939710439
0.548764751614971 3.2863638795437
0.544857247725975 3.33039876060145
0.551438961832647 3.25645463948899
0.540008270962362 3.37964974524499
0.560600534904243 3.16078851861374
0.550776501076763 3.26561582207335
0.549585093130875 3.27939046060864
0.549229593179777 3.28465708663103
0.566343949088085 3.09856884362537
0.554328337619927 3.23175005979173
0.549801491340046 3.27298562985063
0.564788379749613 3.12167364320505
0.558921096398673 3.17827783946899
0.558657528724774 3.18101965627156
0.562037870279238 3.14626177985211
0.541810401967908 3.36142760615556
0.560891363485983 3.15852665212837
0.561048033354926 3.15450402927213
0.547004059047912 3.3066747884897
0.574119305853553 3.01584527646952
0.540193912665263 3.37878640250602
0.545175661536123 3.32491756442235
0.555083996485772 3.21838422237565
0.556685584477679 3.20514651859961
0.548691859784618 3.2859739437754
0.558430759018118 3.18486864077153
0.568461213738597 3.07850445739394
0.550766759269382 3.26616144524062
0.561378748710749 3.15220991416821
0.542019464659175 3.36048330741388
0.5695392101664 3.06528928129192
0.565921773192813 3.1069340787525
0.565072814449492 3.11545468969015
0.549818697372107 3.27656236367542
0.546005356531165 3.31932695120614
0.567601932545375 3.08527182499142
0.554640885731461 3.22270877736454
0.537470240968782 3.4035455166909
0.54673546864714 3.31151861191732
0.562137280139447 3.14570960347433
0.550811884787377 3.26218883218795
0.543599186147601 3.33650298675027
0.56824996297791 3.07689556124193
0.574657623231674 3.01151372841566
0.570288515243278 3.05634416198835
0.555986612141226 3.20778463687327
0.542727936762449 3.35146882007916
0.567210392592142 3.08891634959044
0.560108195861333 3.16923192026341
0.566344369406168 3.10215195260522
0.548428247407719 3.2897353523155
0.581113751691929 2.94392797139496
0.549713122963332 3.27640551277993
0.545417160618475 3.31935360844396
0.551697523620514 3.25903897957358
0.572375851461104 3.03337489274446
0.547066155815985 3.30285754636349
0.549637837193831 3.27442879462559
0.55251307651919 3.24705360874824
0.537891198923025 3.40621252242313
0.553196591239283 3.23913234693868
0.547701498351801 3.2998940557929
0.544442452480962 3.33415140944437
0.545462677534055 3.32518616189287
0.555608734167005 3.21340517733093
0.546522293141872 3.31443279488309
0.563523957832214 3.13127405899393
0.563663111866424 3.13144491756003
0.564674826479373 3.12030973491511
0.544666171708644 3.32996908597455
0.556714991761576 3.20388592804153
0.576378923735383 2.99177200453885
0.546128020980405 3.31794058993289
0.548712478378134 3.28675251856135
0.555972043286284 3.21113130187661
0.545861375306794 3.31858299303183
0.545964402563346 3.31501765459742
0.549785173882337 3.27382449329228
0.557446247739255 3.1930445007055
0.558518998761855 3.18400552362222
0.558858774921834 3.18051542393699
0.553062761277035 3.23767000419827
0.552522810136125 3.24922520147626
0.563487274508283 3.13094908792633
0.576948486985753 2.9866655738754
0.55223845012367 3.25045144344021
0.541896673219889 3.3613580558974
0.558125587345752 3.1875567855447
0.573873774796852 3.01744860410935
0.552433329260904 3.25225517892525
0.564074356468253 3.12541069371068
0.558706334914172 3.17800284271865
0.554850193026382 3.2263935585816
0.579591511148656 2.9578654613738
0.56404647704018 3.12191692292943
0.546505147010628 3.3094619015744
0.558117986104518 3.18821631934404
0.548980560329807 3.2912263090877
0.562317229236543 3.13896029071511
0.565874549469864 3.10401094885446
0.550703608054506 3.26726000246021
0.567416010906407 3.08695476123514
0.54544355684938 3.32540245536039
0.546558986159149 3.31203683146933
0.555479735864452 3.21704550207573
0.565388101991993 3.11226021582748
0.544621165397633 3.33140276027103
0.558720028195888 3.17707556380237
0.55088773932898 3.26142241679215
0.552128553061856 3.25292187985988
0.562268222755476 3.14359355540472
0.54185304205577 3.35804699416942
0.555049433970712 3.21880680347221
0.555980031756703 3.20694409912203
0.55662915343095 3.20255146722796
0.55616170707598 3.20785315636753
0.563334441377367 3.13586993156963
0.53800175754665 3.40455352730494
0.549707390336781 3.27709304601994
0.552763060467937 3.24720639702456
0.569596121837661 3.06117807921904
0.572198830203466 3.03826071087525
0.559466344634846 3.17602545529233
0.54626435438032 3.31500890489817
0.55392185886139 3.231487574963
0.558428198181573 3.1857702163682
0.549945235246125 3.27104619617715
0.528171645526094 3.50796848685117
0.559669542632989 3.17713635623964
0.560670597959739 3.15729917050342
0.547775464459872 3.29993735000404
0.553652572724828 3.23655503397516
0.539871080627464 3.37840230430833
0.540088087555156 3.38312753062627
0.542722893135956 3.35288240735558
0.552217950179544 3.24998460946241
0.550837602051447 3.26623548112539
0.577810125173897 2.97580771773224
0.554549951055545 3.2237656431142
0.573903146910887 3.01739793264303
0.539075682152214 3.38829996645398
0.556715251979249 3.20365959716944
0.559043627702529 3.17807117692555
0.547252824344778 3.30021366580138
0.556847785020528 3.20024289513214
0.551187076875881 3.26200992499994
0.563874309396925 3.13055089915479
0.548183827973449 3.28885194694616
0.548060770264466 3.2967538495015
0.561083895678813 3.15919476805113
0.562453709920918 3.14276071914054
0.548726958980326 3.28976071714617
0.558600883547808 3.18231270077676
0.566808665239423 3.09182975205955
0.552842995659299 3.24563015118725
0.566324230765509 3.10268643533599
0.56408395852294 3.12402006116063
0.544189535707385 3.33408948847536
0.553124799178158 3.24123778620918
0.566708885557315 3.09298924378896
0.562289899194279 3.14165730231178
0.540340553227374 3.3762531757713
0.560463535065442 3.16418036930957
0.545658825862437 3.32238791626026
0.556587575586643 3.20496491938486
0.553347794867499 3.23437859942547
0.556696317648814 3.20426739729561
0.554901551727318 3.22582654272275
0.544871419097727 3.32838636555293
0.555573847561913 3.21005466076091
0.557560853769861 3.19437896257799
0.547754912603009 3.29565600164781
0.546298473896466 3.31675341263686
0.56390533389849 3.12522636661082
0.551580732849822 3.25951314043186
0.557979997410267 3.18990658757395
0.552248624972335 3.25164356758493
0.560131556038534 3.17231852739271
0.569702167731058 3.06384377204516
0.565477234567331 3.11046646911309
0.565632651394439 3.11119028515659
0.545398764683925 3.32305391031675
0.552406703610656 3.24621523569222
0.555920974225304 3.20990689762004
0.555100553402605 3.21938027857798
0.561197083022737 3.14911970436374
0.552099496268431 3.25982508372941
0.550997588029245 3.26862299422628
0.573273879632663 3.02564742772385
0.559550621221874 3.17563353224901
0.533274746385879 3.44945711928342
0.57419357962724 3.01876381312666
0.537450300907123 3.40955165968367
0.570878483144006 3.04829476662639
0.555100460789207 3.21555552631908
0.562813599629974 3.13478728246279
0.548822075260168 3.29112411231561
0.547693123972805 3.29941412454076
0.548614890463 3.29111291258371
0.554995711171583 3.22197367804201
0.551502030155758 3.25381073246063
0.556923170882988 3.20399012727264
0.537272009400421 3.40838308619421
0.566036909367689 3.1100784669297
0.550714991279754 3.26859651551705
0.569499956519013 3.07040555434263
0.560863749881603 3.1602621896322
0.535011420322851 3.43284345051475
0.567028931521712 3.09452877896084
0.569613403951582 3.06607610079269
0.53915105929737 3.39022125105055
0.546636476196814 3.31233832606702
0.553008995323256 3.24305431656053
0.545215045371196 3.32314188585681
0.531006999325408 3.47399217352782
0.56136032047834 3.15429811527608
0.569450355261758 3.07121035759663
0.553888697972491 3.2330372147307
0.554154671609709 3.22878079622152
0.561733153212091 3.14755349307503
0.565345532860255 3.1082186822102
0.564448777266655 3.11906306002038
0.546882930447584 3.30737134258052
0.573004449637196 3.03149227561771
0.563136880592033 3.13573293598006
0.557563227470407 3.19193214454752
0.562871201648234 3.13982092418116
0.552441597772337 3.25262082994949
0.559216968751649 3.17559264040448
0.568639051693367 3.0713293089251
0.562274607910233 3.14288826128746
0.548569963339876 3.28782916574222
0.551110855461409 3.26079396980522
0.5660585105953 3.10126714538586
0.547413586940433 3.3029310748383
0.558031239531652 3.18888578474572
0.557283013982528 3.19773049840412
0.56118597634112 3.15419230339476
0.546449934027508 3.31150589194059
0.562389493207849 3.14221983881059
0.555695809954594 3.21074167424009
0.561157150015372 3.15528259955239
0.55008467177477 3.27571634286688
0.549340798768153 3.28254912827524
0.548747588576839 3.2873761989956
0.574346112993257 3.01153541986144
0.564262982295073 3.11875267229387
0.554250571668418 3.23160714568337
0.54412293597155 3.33551499614545
0.553756994294472 3.23443974422217
0.55527219594632 3.21706548264649
0.537199092350799 3.40871098291256
0.55423247299971 3.23066321481278
0.540232326517514 3.38067774389033
0.571972695146036 3.04329335184823
0.560779195790735 3.15653907775395
0.553439644615679 3.23898079712041
0.545968722880019 3.31743992622822
0.571836187491528 3.04175831601706
0.548970586698427 3.2834275102957
0.560897891207692 3.15580734197417
0.558071485156815 3.1889629120274
0.555110421310036 3.2183899769127
0.565296810061858 3.11502669158837
0.560930403036496 3.15817925176657
0.575507619752394 3.00164538968119
0.552848145364119 3.24367349629027
0.553354044419034 3.23816106010618
0.564503477961576 3.11923987616944
0.553091314504906 3.24108818647528
0.577745638188842 2.98067905652288
0.561147135130875 3.15659447985618
0.558911306698856 3.1759227894242
0.545617413552541 3.32069518445193
0.563047705379281 3.12926009935866
0.572394165418496 3.03519731897105
0.563635126404656 3.12868970060114
0.560151368401836 3.16635281556842
0.56236474866339 3.14487451039126
0.547129903501497 3.2988083395703
0.562541525589454 3.13948148794816
0.559579902557472 3.17082383746664
0.546328773714472 3.31287574403377
0.551662209666107 3.25731970472818
0.552364959884021 3.25114557366472
0.564342287152761 3.12115805806923
0.551646511894927 3.25974543366001
0.550960879429076 3.2590536039255
0.549970110129432 3.27768530097762
0.563273133335827 3.13316643981889
0.570278780255258 3.06272723186674
0.558946823993606 3.18052629253909
0.565239810848299 3.11280839891408
0.550351191158775 3.27254055873945
0.546042690935117 3.3113260009538
0.575521767171022 3.00296352446849
0.550623812480162 3.26704148179867
0.556952146389508 3.20191128374843
0.542273857580583 3.35477695212701
0.540489898463433 3.37597882003775
0.545664879759901 3.31702915342171
0.561759571290687 3.14921662173809
0.558474505572072 3.18260166056563
0.5475077984835 3.29954357055526
0.556448980158574 3.20501422647731
0.562424160755111 3.13919285436741
0.574941221661922 3.00826874010272
0.551555248279688 3.25401914783949
0.567018167806221 3.09478662095351
0.554057316157123 3.23298321896737
0.569743939772536 3.06712502408285
0.552530588329511 3.24734859377154
0.558067952109949 3.1863027060844
0.540506796365249 3.37817428901156
0.550329859395349 3.27125072640372
0.550296642377627 3.26576869211601
0.561547643603214 3.1505581886421
0.543623779992927 3.3449258815957
0.550880936444056 3.2687529148194
0.553864960260235 3.22945317422629
0.552941916745795 3.24359465648714
0.563676021883006 3.12903854665791
0.565339818292526 3.11291159774761
0.556575417265431 3.20909057124177
0.564306346164641 3.12177960609277
0.569256692482357 3.06728151363834
0.54237951321795 3.35655191799151
0.551592950423629 3.2543716227615
0.553689717060109 3.23422177764592
0.551346255262484 3.25857107437637
0.561465730539638 3.15639809187363
0.561144754663343 3.15994846760552
0.55493750810969 3.22094606785668
0.564549134993565 3.12427215736544
0.559533146814867 3.17141578068614
0.563738250509291 3.12627028540359
0.550475600187926 3.26567723333767
0.558231336416366 3.18536010089861
0.544169422145788 3.33861560375218
0.555505955529014 3.21641326430821
0.544579495426365 3.32934774251994
0.552890039062265 3.23970379693271
0.552890108766247 3.24395036399276
0.561739102720738 3.15007042289528
0.579847370587605 2.95747382583668
0.53750610334505 3.40592080597008
0.541423530989463 3.36486545477941
0.552582796371354 3.24654296347565
0.5392167697268 3.39004816904508
0.558476961849731 3.18353169801076
0.567357088106431 3.08766474870689
0.558130753869942 3.18897309497511
0.549957825877914 3.26987197337232
0.562179445723002 3.14323053946591
0.572329021767973 3.03539389605862
0.560425922283143 3.16740363506784
0.56208054438082 3.14502709794097
0.537907535812151 3.40523822595716
0.561707090941253 3.14739031793921
0.550383757427693 3.27605880156218
0.539091319019981 3.39282675868148
0.5581306574876 3.18708454957849
0.565731336513546 3.10649581506969
0.550647505096032 3.26685030543106
0.558320408677803 3.18685697992094
0.555530247599452 3.21628871157757
0.564295930586387 3.12166996564342
0.589767610586934 2.8429863128058
0.563305990391813 3.13187883176475
0.551193098064028 3.25949780433894
0.564905369431738 3.11756485527035
0.549910219527497 3.27741220750339
0.554655383742642 3.22750645524831
0.551802304582331 3.2548445982544
0.570423414725489 3.0550416430759
0.569259013471431 3.07118430805347
0.555724435354202 3.21470952185472
0.553643521443071 3.23532217733117
0.546658080176603 3.30995630092206
0.550758979911129 3.26379919572243
0.555753607652099 3.21518752801151
0.538012590756258 3.40289815532025
0.539033534706102 3.39322316450534
0.56219973498152 3.14578086056972
0.546708268160969 3.30905876849953
0.575623198555132 2.99908334992932
0.559848276709964 3.16845785011823
0.531559663471595 3.4721356916325
0.571325520441685 3.04727832536141
0.553711628457136 3.23400528161422
0.560084016979173 3.16618518385737
0.551158078236761 3.25949016412162
0.566458920838974 3.09830679766034
0.550992168186945 3.26240356919067
0.537770017116767 3.40418307180665
0.546061920921882 3.31319123774192
0.548874381955476 3.28485257005844
0.568733413434154 3.07451179411117
0.556991090139059 3.20123639101681
0.549403585990119 3.2795431460486
0.545528357741623 3.3227556637654
0.535742052227459 3.43107186920071
0.550657008398335 3.26816467170115
0.556190774887171 3.20740478329589
0.554396502625691 3.22706673180076
0.544497089792938 3.33250947035453
0.539673172005392 3.38385144709314
0.551325248334264 3.26135374600044
0.561776260453404 3.15202186044039
0.552190121426775 3.24770562966492
0.538804110788155 3.39393569895159
0.543088916861573 3.34955061564654
0.571382033482186 3.04689817141609
0.552295063326817 3.24817824742066
0.549900816047219 3.27748793447899
0.559330050924545 3.17409375438337
0.551703086734226 3.26030020193868
0.557524692510211 3.19154315172775
0.563651692914991 3.12645965784264
0.552212617870014 3.25147376004793
0.55869463376272 3.1815776102815
0.543254787758939 3.34285662796489
0.53659523774764 3.4166522081679
0.552848898034312 3.24161848677939
0.546614371366032 3.31027172270133
0.550674840137976 3.26320874776734
0.551647164806485 3.25609617707275
0.534393913924669 3.43754372478756
0.561871625718838 3.1476551601242
0.553742689619736 3.23159065724133
0.565966492589434 3.10725158652627
0.567220690138402 3.09009883690276
0.538620016590724 3.39293566430849
0.556127630922115 3.20526045598558
0.561271983958154 3.15611526629667
0.549140195098776 3.2829749154191
0.551832477968547 3.25275681651604
0.546136866895655 3.31470569062911
0.553599259254281 3.23680884300117
0.555644759041129 3.20881862707445
0.555345569320248 3.21654147535603
0.559080806332145 3.17790178700156
0.547137891810294 3.30194798144109
0.548196526735934 3.29272397774371
0.54602215182658 3.31322087663978
0.556178324893805 3.20867382664721
0.550702449574925 3.26916489312048
0.551462480943775 3.26063182614258
0.548492028210485 3.2875581880499
0.550460424806552 3.26867935408805
0.559815994520491 3.17024372571548
0.564128198341879 3.12292051252706
0.561816456148854 3.14898876288491
0.546126173667799 3.3181325527064
0.557222432276116 3.19955460731534
0.559730976569499 3.17009461999191
0.569512671862984 3.06717681256767
0.553763731262528 3.23582814652372
0.543169707390941 3.34872740115194
0.557286378262549 3.19443601111679
0.562787813102108 3.13858762357235
0.580502172426962 2.94961580438768
0.543397272750551 3.34412221333201
0.544135618932172 3.335557115236
0.551155649173828 3.26086589778444
0.550525420286808 3.26779335515698
0.563865346278538 3.12228496547684
0.560787970870758 3.15881655137001
0.551015156260192 3.26122979045845
0.550812563055327 3.2640212365712
0.569223991753674 3.06104306145865
0.536645615898401 3.41480754135772
0.552740679463894 3.24548284030283
0.549720370698036 3.2761737928393
0.560261993126503 3.16506285255591
0.554264522442169 3.22775200870795
0.548821254531976 3.28484542642988
0.545877001829763 3.32006112651158
0.551153828944454 3.26268086610569
0.549709354460607 3.27886113946108
0.525151339670431 3.53645449894707
0.565040629514379 3.11428802812477
0.563351799677857 3.13065898621949
0.546043618914023 3.31841293600436
0.544551135973572 3.33397951831371
0.557146729559775 3.19798813545388
0.557972174049547 3.18608955444799
0.566440805317279 3.09769445233521
0.534550814343132 3.44039767601144
0.548885406876987 3.28528561080463
0.551237618666979 3.25545402398774
0.550722406785087 3.26149174803723
0.562633124277165 3.14259116237203
0.543513932846234 3.34484006263636
0.569703759879738 3.05983492512534
0.53917447527094 3.39353742190619
0.561816743556559 3.14224342110587
0.569598296378058 3.07223504701918
0.555776822799715 3.21167776044434
0.55160473018912 3.25736000919429
0.555838854072457 3.20836580407417
0.54937718783933 3.28143451727984
0.54827304195405 3.29454780667155
0.548365763756766 3.29148464488974
0.546907533230462 3.30469221722883
0.548200602746404 3.29390887384572
0.540478381802619 3.37819472212202
0.55201288747469 3.25450465086122
0.550606037081223 3.27154324052745
0.562126624913905 3.14334606919532
0.53735721433888 3.4094779045804
0.564175727871547 3.12569216957999
0.555664613510793 3.21571851203711
0.534040038423766 3.44088872156062
0.553223431404325 3.24157669206369
0.558772650028229 3.18188698987987
0.547637943039296 3.30313221256737
0.54839432985205 3.29373311430618
0.551793933458537 3.25139051517203
0.562518513068427 3.13986747633048
0.555950410298982 3.20984922973684
0.55438633458126 3.22901246391935
0.542723801610623 3.35063511342984
0.545669369913422 3.31912934129179
0.53407430904721 3.44274916766586
0.539648875652282 3.38240265759966
0.561365605712969 3.1524251289744
0.530391889404834 3.48495816619026
0.543991018849859 3.33956816673614
0.565714769133383 3.10336962012902
0.53820552063791 3.40259787623885
0.540294133462702 3.37964997949611
0.55386443748866 3.23558761722541
0.555538883628193 3.2163080231768
0.552116014207302 3.25119576244286
0.553722985342895 3.23368607477066
0.560002026082044 3.16578285957592
0.544840622761409 3.33106268825604
0.553580938902716 3.23581559225662
0.560748372185851 3.161630631499
0.555586269849386 3.21582784844804
0.545040689226422 3.32406218961428
0.568139460221248 3.08182386502495
0.560720308724649 3.15839333991908
0.554194279036853 3.23203395098436
0.53099046625162 3.47905938275739
0.560931853082268 3.15723261458556
0.52969154014816 3.48933573592758
0.556901473496837 3.19950295799294
0.54697815754531 3.30522323083722
0.542711206274191 3.35229813038375
0.554808876968302 3.21875935207509
0.549839176914738 3.27382678976021
0.560698442037052 3.16266438525902
0.559396485026392 3.17199320656722
0.558801511240063 3.17904378148331
0.565381093144109 3.11424224804999
0.54669297220785 3.30959728946759
0.57092508968307 3.05218003162004
0.553629950381397 3.23218504272222
0.566297589668298 3.09845315620377
0.549854177797874 3.27591812787163
0.548435117747615 3.29340934650461
0.550768009883846 3.26709629993537
0.561382587863557 3.15123459467623
0.536213914503346 3.41999474006121
0.579124673788725 2.96478294043249
0.559886172469165 3.1671359458261
0.558153790921965 3.19002167816908
0.552640686227981 3.2452610063678
0.555154146192008 3.21766093404658
0.55325950536566 3.23925695642294
0.565049498292597 3.11336444801893
0.570369224120007 3.05752659540376
0.552961897331252 3.2383406316418
0.542866385513039 3.34880492102695
0.550808433252418 3.26750692969053
0.541919350533341 3.35805582782988
0.560230694072664 3.16340869777416
0.568187973951628 3.08241399482193
0.557727690843759 3.19405702753793
0.54690023036426 3.30818350922
0.557029250738941 3.19870796826672
0.567447346731311 3.08991398083705
0.552061232193962 3.25208965783264
0.552244628802153 3.24795512534359
0.5578794681476 3.1884840551453
0.541911022102518 3.35646546037901
0.546012677680305 3.31796655146857
0.552902341083857 3.24495396611785
0.552774442112047 3.24922610157043
0.570941959564717 3.05128048307871
0.553221836920344 3.23719612817071
0.555796642711397 3.21210262965955
0.531710750068276 3.46786191587395
0.550061546943112 3.27380348571416
0.559607762035494 3.17693588739343
0.559150044438666 3.17401014699459
0.5610320023341 3.15137318131334
0.553597445718456 3.23296891329796
0.549199770624668 3.28807446100221
0.563534867554482 3.13040441675479
0.549673741909069 3.27661014409371
0.563337713721408 3.13050927946755
0.560027341350658 3.16554181410516
0.572082776755031 3.03964439835626
0.549862989070143 3.27339483735236
0.555256471575272 3.21658615488793
0.568044224409617 3.08111223837708
0.576155042169956 2.99556647411504
0.561172438084035 3.15544254296753
0.550034525846748 3.27810776476628
0.556620287464988 3.20363280508029
0.558372405532926 3.18730742322571
0.550172902241242 3.27249183209927
0.552726552991964 3.24427375161447
0.555241165533914 3.21824312802258
0.560719640620054 3.15921023245733
0.561683822608608 3.15343237730224
0.536754456802968 3.41793666233412
0.547971204442751 3.29664698121863
0.54503441834853 3.32864137662731
0.540729565683278 3.37553264428749
0.540273600277248 3.3773082016786
0.569953590357797 3.0642552097903
0.546299561193981 3.31756828159295
0.553589778283954 3.23501087381119
0.544273949287502 3.33731891597327
0.564495842651268 3.11797194494606
0.559585243530002 3.17481946871315
0.523074943808337 3.55988095168721
0.556738994348895 3.20084153781621
0.544455951885386 3.33349449493928
0.565743952210969 3.10692959219367
0.573999959409791 3.01692703301589
0.540213275726826 3.37697577869358
0.544026298776053 3.33811975342038
0.574752207520459 3.01078358458479
0.539193584098395 3.38658292563464
0.547804162478376 3.30069681938112
0.573716529550513 3.01883769970595
0.549985727312141 3.27626693243465
0.561223224611675 3.15747300949297
0.567436195968556 3.0881732488605
0.564605369339289 3.12045787382875
0.559309881800082 3.17270958799345
0.555337217056997 3.21878442357302
0.555694672916614 3.21149437895777
0.543393769287038 3.34574882949947
0.551449853297439 3.2639703786668
0.54905303428743 3.28501038192397
0.541466513181124 3.36243486022327
0.578882459196124 2.96746602817861
0.557515792441024 3.19727622367411
0.560524963795255 3.16325845683119
0.560537384750243 3.16672784896002
0.551199113528206 3.26243264102604
0.558724427268004 3.18268841518234
0.547685065569517 3.30062260195593
0.538245212153817 3.4000879323612
0.552561704334354 3.24789429596127
0.568175164218642 3.07926108761042
0.553928637266969 3.22758138699919
0.558294456331924 3.18988665649613
0.555026217029338 3.22015113964016
0.547370925428552 3.29988943552246
0.565410213854095 3.11160592470509
0.55108463507447 3.26376209867888
0.551049388762918 3.2678153687998
0.566853173721499 3.09084969267006
0.560293041958323 3.16017219460048
0.552333443976429 3.24804857613022
0.541178903817577 3.37164242971723
0.538537871197236 3.39338632610627
0.565520881545349 3.10967461388035
0.54839213901978 3.29199158771021
0.552150279015247 3.2481043408234
0.551871576834917 3.25750280590561
0.551151373006261 3.2625831414272
0.540211883877203 3.37931447831979
0.534520294096012 3.43814508196777
0.554518993885841 3.22116271897367
0.575382574733497 3.00293345341738
0.553102814300667 3.24065896216211
0.541413170474027 3.36534499960421
0.55917803084349 3.17514618950974
0.555023060405371 3.222746015978
0.556112665840946 3.2072807096707
0.543605926613485 3.34115137803007
0.549469954085985 3.2836593815387
0.547519452435276 3.2999657397078
0.536154022194198 3.42145181823014
0.56347287957206 3.12894251240252
0.5538771645585 3.23321865120205
0.555075494208607 3.22060011985916
0.556261199438552 3.20916527772007
0.551978911586887 3.25170345550847
0.548078307591333 3.29532746460792
0.55319212166659 3.24196441883782
0.5466017023978 3.30898780190665
0.554716787092674 3.21985198714621
0.561887251231394 3.14790562256693
0.545205538627408 3.32781576999035
0.538716711439584 3.39886309984804
0.548082804379313 3.29351342435823
0.553463389959334 3.23748546483276
0.558924523377641 3.18169306837596
0.541304642429059 3.3730001527052
0.533339154740829 3.45047975087985
0.556750258608722 3.20424748944609
0.567936913472036 3.08524218374492
0.540770052484466 3.37348637183947
0.56186424996343 3.14623489407828
0.564901416167556 3.11389369905151
0.568385189259322 3.08233926580523
0.55908959157969 3.17642629722166
0.546766577893072 3.30783715222751
0.555922368945229 3.21134489047127
0.547950175287542 3.29791029243376
0.571139413527943 3.04821685299091
0.548463194696766 3.29000058823171
0.567145160576182 3.09471925952518
0.547504930969448 3.29869732992064
0.560600162672621 3.15948550385581
0.534265771641108 3.44252957158988
0.565500689217885 3.10888906343628
0.55560889585068 3.20982075188655
0.536096244314636 3.42378213304658
0.570533662382132 3.05751961680922
0.553254387724112 3.23942202215364
0.553553877436303 3.23489829865262
0.570685828328436 3.05248332811594
0.566964185917568 3.09202607538398
0.568439106630342 3.07940759177731
0.552964080537193 3.24275764524771
0.563294833264332 3.13055493862925
0.544810621712758 3.33179257922488
0.53513483785408 3.43422316138072
0.552900641337122 3.24655820275988
0.560558834215273 3.15887967907953
0.55532089068033 3.22013454318941
0.549034586965623 3.28421564240232
0.54380618989516 3.3356510991659
0.556477744653528 3.20332162984086
0.565134516315986 3.11309487449544
0.565502241332727 3.10964655411731
0.564626302467585 3.11790468999508
0.55939088729419 3.17535462480309
0.541573035201929 3.36704352007199
0.558025691745992 3.19023795820723
0.566861368814616 3.0928027717488
0.529233462390395 3.49635181607262
0.548486362681858 3.29200341199107
0.567409208401132 3.08885731144427
0.561281590766345 3.15514806357442
0.547387813903707 3.29928982092724
0.571101781064819 3.0507719311034
0.548355826583717 3.29355242452636
0.548328748689981 3.29409854953985
0.56477050182678 3.11835148649314
0.554272021913117 3.22369653216588
0.533309846683236 3.45421840684168
0.573386609650399 3.02839838245166
0.553716643178563 3.23189766489982
0.555844783430377 3.21361548057473
0.545186000649203 3.32824823210286
0.567459196067045 3.08872647167766
0.564365163497193 3.12149353153006
0.567960955105274 3.08282908954906
0.540388552701492 3.37760025000242
0.554406109432259 3.23108696652665
0.548791231515428 3.28888705310711
0.540308366501254 3.37937819570391
0.539151094393047 3.38592448923375
0.581956273965095 2.93331663018104
0.566623414806735 3.08991410359819
0.557577003193531 3.1936977312849
0.550104771415178 3.27918717916852
0.565407998579894 3.11308369819946
0.572159462280726 3.04221968847677
0.5485409854933 3.29008556024799
0.562337687582813 3.14651868885627
0.550572669176175 3.27140854686761
0.548639584289918 3.29055849250684
0.555959150067809 3.2098813735857
0.543624216223494 3.34313044572766
0.559020268927521 3.17995176506707
0.556989335438847 3.1948207069395
0.542852700288973 3.35159699642128
0.569712694384008 3.06578679176233
0.570031581609851 3.06408026237194
0.546462068406361 3.31326495905906
0.551195610264707 3.26359855954038
0.538747193178507 3.3941351242489
0.564967203578775 3.11663595086282
0.549447425750847 3.28526017436187
0.525487324454414 3.53552244448779
0.546275397605536 3.31347167643077
0.529055889222412 3.49390406571106
0.560647450999736 3.16024130420833
0.544739528952286 3.33389560415834
0.535697235354343 3.42800757404565
0.553134970629684 3.2404345832202
0.55090547119751 3.26265424949034
0.564238378817417 3.12113115371668
0.555759241757791 3.21333780209485
0.546470437495459 3.30528728844058
0.570926602563802 3.05056354235755
0.553475758147556 3.23627914789395
0.567153923632889 3.09304836151774
0.554379031383374 3.23175546065056
0.555265509284338 3.21922548691276
0.556299437808589 3.20595514473423
0.560271756598256 3.16786698189872
0.566037703041368 3.10732439278364
0.557777643966312 3.18987482703507
0.537982283397258 3.40622151961153
0.548564587354937 3.28968576204723
0.542948831559155 3.3506012828059
0.548600390452143 3.29163355488017
0.55589131672689 3.21304193784974
0.564428564923196 3.12349133672377
0.539056208398173 3.38944891920686
0.558366510045988 3.18599806691302
0.561300809689213 3.15107276431153
0.556440109854247 3.20583667842836
0.552912881923159 3.24252532558945
0.563826310942553 3.12575669644361
0.565403917823714 3.11280502667123
0.547414381994819 3.30514865308171
0.546172656317834 3.31073888360497
0.535947654457586 3.42268924732545
0.55327697995587 3.23798901668032
0.560144765659546 3.16282566292002
0.547398334878246 3.30109863315783
0.542174235946473 3.35868591998517
0.542979019648212 3.34932967752009
0.563032861357565 3.13521089200838
0.543501769584131 3.34282708433151
0.562112176425361 3.14313176706662
0.549249112496041 3.28299249401689
0.551224431898412 3.26371649296251
0.550072056324287 3.27319726350626
0.545520898809561 3.31964252537612
0.55561794934693 3.21879149532894
0.553434846442376 3.23542996176704
0.553820421389442 3.23309050396992
0.555084838904334 3.21948723351954
0.548348022957379 3.29349924617411
0.577971049706304 2.97659522891685
0.55380382509148 3.23082392259672
0.561838964394915 3.15340227579354
0.551317125831946 3.25805640538684
0.562684689975497 3.13630699137584
0.561826051289044 3.14868720453708
0.547660109175058 3.29934091196075
0.560363708024038 3.16165686379853
0.562645533906322 3.14226507206437
0.544366585915008 3.33317298453104
0.557481266022437 3.19245792083016
0.574169644587496 3.01840956957013
0.537517480889775 3.40581550003816
0.555052883054238 3.21852942833842
0.553441505760841 3.23448092681336
0.546380135608077 3.31116371842653
0.57119761298837 3.04980702705424
0.548181825010149 3.2918350381375
0.55463906896408 3.22572297558011
0.561704295188868 3.15190390441953
0.548702706298856 3.28690648166692
0.55046508244512 3.26778214775698
0.556395099322843 3.20909870545048
0.570445405472115 3.0559805634069
0.564284190445521 3.1220894139499
0.558555267390593 3.17881406265664
0.542673520619593 3.35277011551549
0.551514247668907 3.26092718002631
0.550968730971422 3.2641628497636
0.531127523745223 3.47940461926425
0.556266392391832 3.20815227725672
0.544190883953443 3.32904193698842
0.545047249334007 3.32719478311364
0.570868130389164 3.05114523279133
0.557836627548632 3.19504734227704
0.542237028108311 3.35892928181498
0.537499537802108 3.41176786302921
0.573568732100765 3.02322228481206
0.545543615999521 3.32162828307446
0.552779462548992 3.2445812525309
0.564293476513822 3.12560122243939
0.547054018508747 3.30683396822962
0.559348875993153 3.17579735319536
0.561271794895791 3.15626267842936
0.54557097024889 3.32431776077984
0.561159840921084 3.15397337719896
0.563001555744328 3.13526570874841
0.558570455735572 3.18051768987545
0.566050929638249 3.10628005008426
0.554462010274268 3.22516898355538
0.550625869676693 3.26738964379249
0.559439148443713 3.1747049116815
0.55810293998412 3.18486778444589
0.542585012040095 3.35178049586922
0.558140479433408 3.18746255460067
0.560534465780637 3.16274561192914
0.551394964525869 3.26335545492601
0.559306825492196 3.17941427992192
0.571841595081648 3.0405618474772
0.538938830351703 3.39273304335373
0.534821848386166 3.43577371728949
0.546464634880846 3.31473284125928
0.548025580130879 3.29042808779148
0.558542024161675 3.18335637529351
0.564430631294015 3.12119023590502
0.562921920062682 3.14231114691259
0.563851208697023 3.12729004508159
0.549723695369417 3.27536561190657
0.565598384888625 3.10217298396709
0.547212806077247 3.30143280571281
0.558065385127237 3.18874289975666
0.55500764192554 3.22100475181166
0.562888113628855 3.13818496363474
0.553264852535296 3.238789167621
0.529371576487059 3.49668584816276
0.539465777155036 3.38322374371939
0.567556119499288 3.08558233067579
0.565441634474502 3.10953491700799
0.543584586010394 3.34298806416584
0.53775569639861 3.40436910981303
0.552509045749396 3.24521327556485
0.550815489671208 3.26822563834604
0.561594722765817 3.1504558608472
0.554305828745537 3.2300895369568
0.548049376174557 3.29706800745772
0.548038789481951 3.29472198220712
0.547861063201136 3.30050926847511
0.546030494603305 3.31618351716951
0.550061513450867 3.27389951534305
0.550976396786909 3.26234622314218
0.573447926573397 3.0271175646607
0.557286185936212 3.19547652047892
0.546556721179934 3.31115394337951
0.552761107650131 3.24756705577749
0.554731261841786 3.2226268513161
0.542302042373016 3.35719542848871
0.554749989520141 3.22480571432051
0.564782448333111 3.11548448231645
0.543287633532558 3.34202859888585
0.557370731873454 3.19719686793333
0.566955270979765 3.09793557325452
0.539936570799737 3.38233358214329
0.565792075712346 3.09701746602188
0.556941002214443 3.20427915140802
0.560487800645414 3.15988490035818
0.56968251582412 3.06519885015302
0.565298965768764 3.11276642727032
0.559304008981157 3.17641978211847
0.565639938362916 3.1084075241963
0.557417456257463 3.19801785655725
0.561327389362321 3.15540529777812
0.546693343931373 3.30830307783395
0.549281924103515 3.28371855876681
0.566324455909024 3.10032617058594
0.569759740532548 3.0614052543952
0.548890778099238 3.28172663400282
0.548158633007422 3.29322268999833
0.567686281416716 3.08503744774286
0.547163106413503 3.30323473858118
0.55206697637421 3.25494141857069
0.557385610270114 3.19856123386864
0.553084397517883 3.24253496226378
0.558146657258095 3.19042818501498
0.563849300328859 3.12835749366039
0.547213838761274 3.3010696821965
0.539887314137591 3.38391103352453
0.568314482037486 3.07256254737916
0.554284046586776 3.22603757674622
0.564953906693513 3.11711433672059
0.552276721265995 3.25227765202247
0.567632013944294 3.08774470867609
0.552536684082513 3.24607069730703
0.546410604176713 3.31444142617725
0.554173863246774 3.22576290672546
0.572742520214447 3.03128125028021
0.535418121076544 3.42922170512359
0.548446772579873 3.28785587964751
0.566664815237922 3.09638121904897
0.538954237849087 3.39499098206597
0.564921841241858 3.11563629967715
0.543009880224327 3.34948208177513
0.563964063274452 3.12577427804811
0.564113600138425 3.1237609985839
0.538198997356878 3.39454316578024
0.555183764770605 3.21898690623399
0.550879287656512 3.26201171312931
0.562697568065446 3.1420066486403
0.561810788018495 3.14816165868952
0.554961370472402 3.22122875508169
0.569103253357743 3.06966068713173
0.556924203796235 3.19752213481465
0.553624176131248 3.23348195575297
0.544734365689865 3.3301182602324
0.564248860553832 3.11881423975752
0.559380050521562 3.175564887927
0.543974834070338 3.33710999297052
0.543178195731449 3.34807653482237
0.55063939025414 3.27300782958322
0.552755551590428 3.24156079782073
0.560041567263199 3.16705407599326
0.544480778165337 3.33260138620411
0.535149056463956 3.43353633260175
0.551658732778839 3.25821553674637
0.555660856482734 3.2136354862218
0.558272650429245 3.18590675306165
0.557324376965967 3.19310314506848
0.558122855931084 3.19068409531082
0.553149541488697 3.23698250170856
0.546194366482691 3.31763769998695
0.572047159227609 3.03666994153431
0.54830762556243 3.29277812515539
0.555312436776968 3.21670184020822
0.557697638838731 3.19417242234098
0.564404161556939 3.12564912889
0.55211147350262 3.25698323139505
0.568250779388955 3.07846404262248
0.560223712683352 3.16485021295431
0.554034118485499 3.22938011904501
0.555224089665273 3.21739355058884
0.549342940933561 3.28173679029353
0.549745442519316 3.27454047370848
0.543459752081293 3.34570899375783
0.547159882681781 3.30330357684908
0.553936251808074 3.23171326835175
0.570875967439262 3.05123351595887
0.531668974261711 3.47348065906125
0.547826077652975 3.29698282291585
0.530478619839312 3.48298088159874
0.538518359588568 3.39656888352878
0.566954264351318 3.09330313024377
0.563528734194517 3.13031461153539
0.552441556244807 3.24720855545501
0.540186210330876 3.37849956890383
0.55082657903829 3.26784895089744
0.552202147147459 3.25151950277204
0.56468349470456 3.11992558975351
0.541375699316504 3.36737211367548
0.577534385653968 2.97694614092862
0.563792071910928 3.12640691400183
0.538847531364679 3.39046491304307
0.553871107819293 3.23464279527573
0.573553853699242 3.02101256719594
0.559068531231413 3.17619857865038
0.557686948202161 3.1926390721491
0.555876869437894 3.21259809556949
0.556010975655919 3.20840981220673
0.563343504247706 3.129290084609
0.56013320359848 3.16848025507166
0.547040128919245 3.31076369218287
0.547840371595295 3.29635477464285
0.543703474296921 3.34227049062761
0.533158686033107 3.45730515219449
0.554026289416019 3.23256438787873
0.56218998758573 3.1414014479956
0.553417514510507 3.23535289895811
0.571934211264082 3.04543907141908
0.535598115360269 3.42901219473289
0.539663846142204 3.38978084908102
0.55587083488905 3.2054771902661
0.568327624275674 3.08136300488799
0.57247499941742 3.03700459825551
0.558419049484899 3.18515719038684
0.536748720688899 3.41638142802066
0.554819747423668 3.22143429314707
0.552920440037786 3.24470138516548
0.557268022113541 3.20011390041202
0.556166153232178 3.21149744630615
0.537361052758589 3.40510811170744
0.539924797143725 3.38152301929322
0.562750494372485 3.13712588223521
0.552178236722644 3.25185589990398
0.552440339716659 3.2485608042713
0.572538584488128 3.03491258882186
0.565954119133202 3.10357138835398
0.575741756036199 3.00155129516705
0.546847978513101 3.3106865106457
0.554213164170909 3.22680487382029
0.552743485284218 3.24190241196315
0.554795529264756 3.22612792555342
0.535594300857409 3.43154523462227
0.569700886002866 3.06585029545036
0.572052944291317 3.04418134761503
0.557157542280479 3.19868692144079
0.54622446162748 3.31355570899305
0.572649434477375 3.03038131490318
0.562215088660574 3.14512752762413
0.550604232496415 3.27237096325338
0.53724915444348 3.40932439059802
0.558980186579393 3.18014034889438
0.54851841077391 3.2878313787686
0.552705948363189 3.24494165472576
0.550855443310185 3.26465828460208
0.551997782082346 3.24635303691537
0.564738307875155 3.12086370881849
0.570648461684861 3.05312851749206
0.539104645664115 3.39120610617913
0.562872403861932 3.13648422141588
0.569797936832201 3.05979810729951
0.548019218633018 3.29245419363139
0.557785995461659 3.19146408421944
0.571148008970489 3.05116406790016
0.5549704699449 3.22362918033011
0.553554137589312 3.24066642424523
0.574480618917851 3.0140665761225
0.548291746201078 3.2922169729333
0.572434128947754 3.03692960872352
0.54745283315979 3.30118678227809
0.544004260792582 3.33843686890034
0.549283417850409 3.27918969078878
0.551696715704166 3.25652162852319
0.566841907234508 3.09696704250704
0.562163330593982 3.14311204109327
0.555169171169836 3.21718892778637
0.554251044413977 3.22252792039576
0.550064531334036 3.2740280101632
0.557285737059905 3.19814661487138
0.552403853591316 3.24633353173465
0.554462965574432 3.22832126278446
0.558814264292977 3.17894392987271
0.564227138538765 3.12120015868769
0.565400131443465 3.1127187643625
0.550969101650963 3.26507650222825
0.546563960627801 3.31399197922956
0.555622532582587 3.21541084835322
0.530900638189864 3.4784781252674
0.561585300687691 3.15182211466323
0.550704757691423 3.26636484418582
0.560877581797809 3.15487100977315
0.568755339140142 3.07476735073866
0.577556343993648 2.98053912851078
0.551290643525518 3.26119356764385
0.562899129828279 3.1394508628864
0.556609531616216 3.20302578764993
0.563248337792354 3.13471538446536
0.548853793756427 3.28533100018817
0.558011586519703 3.18280067725805
0.540598753537605 3.37548582664483
0.56028548923494 3.16437065572827
0.563869833125074 3.12524667297913
0.562831439010913 3.13545750974696
0.553050121543205 3.23791613689497
0.546287521535966 3.31608398527449
0.561319765828638 3.15314147847068
0.556276882482135 3.20758306259574
0.554183036798783 3.2327772069655
0.54925593090269 3.28179183709292
0.554110471368976 3.23168285410095
0.549749360195724 3.27102965745566
0.549707113779296 3.27952398196742
0.551339278300356 3.25811659799954
0.56051666882988 3.15566488737043
0.557961926427549 3.19119707730921
0.547688306748532 3.29814881518778
0.559574909609107 3.1754692157368
0.559982148432151 3.16932995086045
0.540298328456863 3.37724467348483
0.542915894415964 3.34635687397221
0.544673342863263 3.33293286421886
0.563691849342832 3.12892835700175
0.541120372572545 3.36639241882293
0.567320731288666 3.08861465607955
0.552446438619887 3.24478987708806
0.559037027660159 3.17741705261325
0.567577166425023 3.08384088475946
0.555418172509972 3.21445028975097
0.546086365676921 3.31387791709074
0.544802004109916 3.32958802293834
0.551558767346585 3.25903509079652
0.554847991670975 3.22229734920278
0.550109390400658 3.27622683101515
0.560338302996596 3.16234126284231
0.552026566013844 3.25433165993479
0.555756918283365 3.21010886476071
0.557329514224731 3.19669670842764
0.556464827281801 3.20375416040106
0.545195943206425 3.31907944184699
0.557094252209051 3.19979306994963
0.556596021085014 3.1987314657816
0.562828261175892 3.13920334061548
0.550048493359767 3.27443926202954
0.544561455463946 3.33105080806826
0.535358000810556 3.43038876051748
0.535789872228778 3.42534744466491
0.555735546615023 3.21545202919417
0.567203261412145 3.09448273699836
0.532340217588171 3.46128581949975
0.550347195385036 3.27366174108414
0.553280391804009 3.23902730449307
0.535395410775756 3.42849993167293
0.567140839429552 3.09220689889259
0.574848205468571 3.01053069085216
0.562077850417474 3.14693056371789
0.554597417918275 3.22724245501978
0.547899377469915 3.29379313502176
0.553124959173401 3.24239832922672
0.548449738169185 3.29311681281389
0.546233525481136 3.31825161641618
0.543669257589105 3.33998674711578
0.567455512551791 3.0882264918849
0.552077931113153 3.24850962780689
0.553311261178685 3.23712802911834
0.567359227885373 3.08877602797875
0.554081533238575 3.22963805779342
0.568989148193425 3.07206567661556
0.540196097334533 3.37902539103748
0.549253014251201 3.28248793375612
0.535450570984123 3.43142926911756
0.55233584289655 3.24871881229623
0.593261436692998 2.81598122750752
0.565200010978063 3.10910570359409
0.56778034232073 3.08573715026049
0.55348328168542 3.23491819974474
0.56898536416443 3.07235653590864
0.537958126896555 3.40299008170483
0.551659397259147 3.25835272402712
0.561814125990554 3.15135684045838
0.556512382356222 3.20876699313596
0.564081868057124 3.12614781114963
0.566877332413976 3.0930711654998
0.550873238686553 3.26273595187484
0.545488849072265 3.32024821293389
0.562059477996796 3.14472534941459
0.568184827793393 3.0859271306856
0.546239404721996 3.31071968530338
0.538400617819618 3.40062489340305
0.557886884871863 3.1900907240533
0.5459883548384 3.31279278388014
0.543451118588315 3.34295048895648
0.568185724954404 3.08130079656968
0.560351516338766 3.16131750869476
0.574540392973313 3.00922112391406
0.565540351988977 3.11237727812101
0.564612524882501 3.11757466203141
0.531445987959958 3.47783246258181
0.552470826788207 3.24942519007827
0.539711738349927 3.38168164652914
0.546412526679074 3.31382910706169
0.559660307546408 3.16973698943628
0.53532114024479 3.43434600660323
0.557551192252235 3.19619755713561
0.565534365855556 3.10956940480667
0.553970670532582 3.23167440545084
0.550132253153984 3.27627416930119
0.592532877312263 2.82433428224936
0.556803724726301 3.19979118555524
0.557870876051275 3.19089810788258
0.574976255746628 3.01255305781468
0.55645169042572 3.20606422350105
0.54843132365717 3.28889270691168
0.537341812490778 3.40993262868977
0.554665543165011 3.22163401331614
0.569899133891148 3.0621813972141
0.547633578138829 3.29862184292263
0.555270824697625 3.22168938735071
0.550235410243899 3.27657609064072
0.541125426738258 3.37000339702082
0.567109409642093 3.09439008248677
0.557695026465028 3.19185961252548
0.561141073856957 3.15292927369016
0.558415860904847 3.18550404471364
0.558563616960269 3.18071466285076
0.566755876983588 3.09987998233579
0.580058752487486 2.95339330150772
0.544892750115037 3.33139642931981
0.551448893541622 3.25859544522267
0.577618009550111 2.97767963321301
0.554066374208638 3.2338050533906
0.562724788775739 3.1424541418628
0.565118329728751 3.11972978832381
0.556550878905792 3.20714209118056
0.552025546648638 3.25540961994235
0.552180515222229 3.25284434391573
0.568694375917993 3.07461550554222
0.552218940390719 3.24869929178685
0.549072957170724 3.28140460752328
0.55441025270971 3.22780325010164
0.556834609257101 3.19547633888989
0.557531567204521 3.19454468648119
0.569584124525506 3.06318266923907
0.54440504087035 3.33762284542796
0.552382875564503 3.25086626803656
0.583372862797307 2.91982813636661
0.566166972394039 3.1011651398942
0.554010518672594 3.22990250682077
0.558710761932315 3.18174688729149
0.545757223722235 3.31806302665029
0.559973308543855 3.16733787768116
0.543878092106126 3.33882553350011
0.560792801452086 3.15960581988228
0.55552044741611 3.21170635004191
0.546820864634665 3.31045287195535
0.566915845071573 3.0957338617684
0.5703148449983 3.05629570832563
0.565530116427648 3.10569527954988
0.534434231839698 3.44093640183292
0.560503230601011 3.16731659657447
0.559227532574358 3.174727808769
0.573370012393062 3.02398434330848
0.560051723988818 3.16299979707719
0.572144224324999 3.03848998297699
0.555918684543951 3.21068075881967
0.533712053775 3.45173327717189
0.54230920933844 3.3571047887657
0.5544017599541 3.22796352416822
0.550332627958933 3.27302007546844
0.547688187791828 3.29627976555106
0.543112739283881 3.35120793287661
0.553260602769439 3.23788157041115
0.561756587829907 3.14703921886984
0.572585855496208 3.03348667033964
0.556105923376448 3.20699384955519
0.560251449277943 3.17110398179
0.555367614694804 3.21610575793344
0.569493230747436 3.06219568592078
0.551142644758273 3.26071883077987
0.557495624297659 3.19539108243134
0.556578134702991 3.20360521588593
0.557456210940091 3.1982792446809
0.562993351234419 3.13455075941561
0.54498935895915 3.33338370310512
0.560122665458413 3.16802864523436
0.556706553640277 3.20615703251514
0.566844045668685 3.09648751843101
0.558514925442977 3.18140072575192
0.556504328006306 3.20233522672335
0.56692186696383 3.09681837142044
0.561313155068242 3.15020974488227
0.563825728282251 3.12559960156517
0.561958247699459 3.14391749623897
0.572254854093898 3.03666303776282
0.560734181298697 3.15737949767767
0.557873842362332 3.19091657815279
0.550780841582031 3.27169610590602
0.559129363014707 3.17388237468942
0.547575631046873 3.30008760059419
0.546091748627497 3.31302926573276
0.5499104149583 3.27323239264114
0.565231790325219 3.10983177562965
0.550986288548682 3.26126298070155
0.566733111038122 3.10028953184713
0.562929654138045 3.1381184988821
0.563782934114417 3.12827182439096
0.545994751137887 3.31966212513577
0.549451650670452 3.27920827909997
0.564174716371216 3.12634187173395
0.548493895593666 3.2946226650816
0.554958256112383 3.21701807762283
0.576465863006626 2.99386372586683
0.561117172392767 3.15825423738084
0.549873751798509 3.27665615193569
0.542296053362274 3.35689653420146
0.553447832175618 3.23883775139684
0.554639993534014 3.22689992528064
0.544682472417718 3.33014358057762
0.550639548443841 3.26386395450498
0.557517574805383 3.19799462775853
0.551702894516263 3.25771465063144
0.553784767121663 3.23514976839306
0.553261223237413 3.23981738272034
0.546892554247717 3.30509680126953
0.54575023566645 3.32230455868673
0.559789698511826 3.17351127781725
0.554316110691894 3.22895667498346
0.550969769959178 3.26092466883891
0.553725810788137 3.23321701246028
0.555156314557924 3.21766082228574
0.566477911907011 3.10120173049213
0.55351119127909 3.23426078925797
0.541365936162444 3.36152484920738
0.555979368235937 3.20133642199213
0.55346971946114 3.23607101188593
0.554364345349208 3.22572884768082
0.574171375324643 3.0167753051117
0.557432105913106 3.19792233039745
0.556279258656094 3.21039659941685
0.55638113096733 3.20460802369169
0.561830787191421 3.14935778568419
0.557506832848455 3.19750809138153
0.567685400963843 3.08638774351988
0.549212702362982 3.28555100658688
0.557809647491177 3.19214937413624
0.548708676037694 3.28546254185215
0.544940551789103 3.32972084123621
0.55349642139003 3.23699529972301
0.553053647330827 3.23925470927609
0.564740539583054 3.1127633488379
0.552770648322261 3.24058421692623
0.543657337821476 3.34142984682442
0.555255634683684 3.21909750712304
0.570640362906404 3.05716217121871
0.547276052314356 3.30115100550994
0.564257227700286 3.12110329845594
0.554875528727188 3.22472387232003
0.556930385013771 3.19915667733739
0.551459814995635 3.25726285704464
0.546160116334245 3.31536305864087
0.552777479100533 3.24087034918214
0.562711900186149 3.13632333181741
0.547012364573763 3.30666073362329
0.54527979707095 3.32426717484411
0.564701977386441 3.1178017171499
0.575352800847248 3.00164321284977
0.564718415489964 3.11991669701976
0.551618579319937 3.25815782797074
0.566385792929484 3.09988313422827
0.56019321009871 3.16286763063145
