0.504826586031596 3.14652157464564
0.523306895502337 2.92487970822189
0.553647689735465 2.55354475069603
0.513372727223395 3.03603369131514
0.510374125760156 3.07639322870542
0.523093089248063 2.92506490463505
0.538485276805509 2.74146336075525
0.552097647736377 2.57598233301123
0.555720285225546 2.53751440479026
0.491040938809113 3.30937467843066
0.520205595291483 2.96173308194556
0.500492360850489 3.20273066244604
0.513264708543634 3.04619816132396
0.533485616276559 2.79991606118062
0.532051019703449 2.81562775843571
0.531401655839595 2.82525169516251
0.532672910168853 2.80866049605816
0.507306974816621 3.11412848892233
0.502793627759745 3.16667319743832
0.550905922686673 2.59329156969463
0.543441609327972 2.67864718220126
0.497155923206412 3.24045539654844
0.545048765121336 2.65675128380221
0.52146016682135 2.94558193663558
0.48414207992309 3.39154252582115
0.527408860271359 2.87233249647815
0.541789552844746 2.70295908887261
0.497203322156087 3.23741310048661
0.528324285821775 2.85945162579064
0.499120734873951 3.21099899895008
0.52200513109158 2.93622999549061
0.521321765091968 2.94419563840684
0.501973063959016 3.18033054295156
0.535967947930542 2.77234362646209
0.566990810425134 2.40010143409853
0.51329039795938 3.0404842805778
0.510439883898514 3.07424168432751
0.48996155790842 3.32761449197127
0.477610072292248 3.47278707266469
0.549205315613779 2.60867743143165
0.511029401055088 3.06846541642028
0.5345809573211 2.78605068028188
0.47447131161272 3.50880660076298
0.506456601700961 3.12137932357177
0.531475508986115 2.82149910672032
0.537321603713921 2.75848253170553
0.521364948672645 2.94783600228724
0.484639978741824 3.38337711625579
0.530913932684367 2.83072565349257
0.50762158607481 3.11049690892289
0.501610797100269 3.1768481361676
0.526412061699473 2.88523480352221
0.483380101701039 3.40224234308911
0.508207832709328 3.10076320057789
0.474334797628927 3.51638717118244
0.501711355908157 3.18143632167169
0.544966304867673 2.65478463281576
0.535254234972459 2.78140374681745
0.528494027594092 2.85990635138945
0.510929746048388 3.07261352060195
0.482475564755012 3.42307727201857
0.491703971132306 3.30121319554471
0.493295711901317 3.28456344617766
0.527665888634435 2.86871082849527
0.547829463762669 2.62472556462403
0.539259280554686 2.72826213008258
0.547946383054352 2.62615421394096
0.523304028531588 2.91958296325393
0.516706521907627 3.000979332828
0.515993865468716 3.01388043740875
0.529338800022014 2.8516223982752
0.506772304004146 3.1156185985252
0.481220687081745 3.42186757918911
0.51992314368589 2.9642403342082
0.488470764104895 3.3414656143726
0.528781855426542 2.85491659934494
0.495696913399064 3.2546108864155
0.526915049993413 2.87917829140398
0.524113881796776 2.91445782400847
0.530068204546837 2.84022401431986
0.47412103288068 3.51505679335566
0.536608336194269 2.76922303056677
0.488340217695104 3.34076171821155
0.495114322193755 3.25474290906955
0.509810016829841 3.08835531851344
0.522933701268536 2.925318516151
0.515467456042137 3.01783743924909
0.490201567899438 3.31669198491267
0.532023419331638 2.81572668081797
0.510225481481268 3.07878723138246
0.510858589446442 3.07093137020635
0.529612903568984 2.8472380517513
0.562861866738865 2.44962619118624
0.532469952479332 2.81013517469665
0.525964947900033 2.89443639090795
0.501959003436656 3.17443027668062
0.52597621472632 2.89624640776095
0.535406005017305 2.77569781702714
0.554316795954323 2.5483860767813
0.548620799068084 2.61849176041981
0.501782969024472 3.18023650843525
0.514263717636238 3.03128367572959
0.518251745680063 2.98053949774711
0.527021450142616 2.87815621376984
0.523022903343692 2.92415298844229
0.529097089386163 2.85247626513064
0.560275804756709 2.477041966147
0.508566155581122 3.09709257169886
0.480229520201119 3.44219704772556
0.530774668284203 2.82954158556609
0.534404475606254 2.78935532811332
0.516559644586842 3.00462330090498
0.497523708702598 3.23208969598253
0.547479707650864 2.63072565074385
0.534304817823427 2.79122516011902
0.49530542715438 3.25791074013923
0.497462060630278 3.2356072297469
0.505610831224491 3.13688718087718
0.508593587934119 3.09946933066573
0.517930455913476 2.98968773854008
0.495945985763106 3.24922351106702
0.499848929192539 3.20128000627302
0.532675401964535 2.8043808187401
0.532649533891443 2.81274177344284
0.540720127094094 2.71404749760244
0.502975559793173 3.16221598354966
0.506552495757601 3.11598068368724
0.515564671334779 3.0118772081092
0.507594197893685 3.11110205847608
0.53451911463982 2.78550436764433
0.492291701456034 3.29144858668511
0.491921095513926 3.29870538168251
0.491021902546712 3.30771357814718
0.517701925731697 2.99266604879203
0.516391638677847 3.00784331813825
0.503768504691894 3.15534943622564
0.502221986691327 3.17727076638454
0.539923118135666 2.72128198340855
0.520197478725474 2.95481936595462
0.5301584979869 2.8431873314588
0.528788465062597 2.85360849756646
0.505030518792279 3.13839211388871
0.492396958149353 3.28894239106593
0.502949259632262 3.16606622933186
0.546231337236742 2.64978193418895
0.492311709183576 3.29319018407548
0.533578013474538 2.80021786708613
0.520309656062838 2.95879564528211
0.49414946350611 3.27524857053535
0.51385546764071 3.03424236089879
0.502743707855897 3.1729678453324
0.504282750138762 3.15231686909764
0.5011618166296 3.19146691375875
0.566038155719278 2.41169960048925
0.497107764952764 3.23530859347577
0.496999080279396 3.23960475059757
0.520430218897075 2.95529638164694
0.511719539967626 3.06413991261649
0.521837568417691 2.93818506847751
0.485567243793051 3.37602390613774
0.590397958767887 2.11614508991632
0.51026380185099 3.07605938510566
0.51411103423582 3.02942930609935
0.474704054974499 3.50391705499162
0.502603859915764 3.17147423858258
0.471192700297346 3.54887837694585
0.498305444164052 3.21776304423803
0.467765967806318 3.59162293347697
0.502613016789415 3.17151062287395
0.486259578761508 3.36701391520741
0.545928646183907 2.65030163279698
0.49993598438522 3.20362716919539
0.536278076641583 2.76615842072132
0.495538383085698 3.25300566726876
0.532763066128652 2.81323604762783
0.484753639915318 3.38669431545202
0.545874887846787 2.6470131351088
0.510145598283038 3.08485400853874
0.519383477521647 2.96847941991109
0.498490227012436 3.2170576691634
0.514913602287707 3.02029048783653
0.52040079666865 2.95753639310918
0.493047808624844 3.29308746123964
0.520480835995632 2.95146774448676
0.518968848071023 2.97318527849692
0.530029567542294 2.84188430462759
0.504021159505756 3.15181234767568
0.507307926289165 3.11737254152426
0.52884712867697 2.85688992993355
0.517448864036358 2.99398949783334
0.505260631295612 3.14141312641619
0.494024996768295 3.27374234136273
0.549031863308421 2.60805957027748
0.543035292754244 2.68079092863
0.478738130703991 3.45897755537291
0.525839307390674 2.89197682605448
0.532545076945911 2.80711993198929
0.493632180544571 3.27663630754451
0.508120790173138 3.10024049176253
0.512899135125918 3.04570716347881
0.535869906097599 2.77051105455004
0.495566720122041 3.25990866960104
0.51346372142607 3.04319447276963
0.475526093947222 3.49573392985592
0.52709730972083 2.8793467028158
0.529179279320147 2.8467764453819
0.565346721792582 2.41806262373787
0.531554974462606 2.82625469840448
0.538253453059367 2.74355723656325
0.527084632461862 2.8753319520148
0.520420572864612 2.95862320224191
0.499150091171201 3.20770660069483
0.502260308943491 3.17583781444958
0.518758170962714 2.98391486904797
0.554670294916048 2.54152488065412
0.509473829944428 3.09033756435804
0.479911770203032 3.4448593190569
0.495668027455876 3.24960821507336
0.528994251826414 2.85749856697084
0.526889281128085 2.87997364407293
0.519234037187584 2.97015023785441
0.513709407944117 3.03841259791292
0.502022301678842 3.17552081566276
0.481614094433584 3.42053035657755
0.468013893170073 3.58404530990531
0.504609579857944 3.14353133116573
0.54654278598637 2.64424173735635
0.539834654414303 2.72375667064227
0.532407734516971 2.80855630294428
0.497278273857463 3.23361885729234
0.490021239109188 3.32252066397422
0.54149137712803 2.70878854167815
0.498976122024029 3.20843721907194
0.496774871650529 3.24319074675915
0.533710310140239 2.80082901984016
0.524182589894422 2.91304637782335
0.539152050700857 2.73403180811258
0.523201255153559 2.92327240386037
0.498174985092224 3.21996544118004
0.541316436905111 2.70769632954002
0.53297965654223 2.80894870907512
0.562969460731429 2.4456786198394
0.523597322608036 2.9158156907344
0.507967494994336 3.10676614085883
0.483338003043347 3.39838588981483
0.526154453299037 2.8860659143571
0.522320856098031 2.93268988279639
0.518514745495749 2.98146091625243
0.542263451592937 2.69671873364184
0.521520259218976 2.94450491958185
0.518920231689674 2.96964452922407
0.56751255713698 2.39289109514803
0.526975059333026 2.88267256264166
0.5123597494553 3.05291673336799
0.466225934899955 3.60210437500216
0.504328630619706 3.15099414476377
0.515701430240373 3.01032944242514
0.504944540367462 3.1461517821882
0.530508233574474 2.83465542949835
0.513243651903 3.04567398215366
0.518651773972762 2.97895171185519
0.510977060299065 3.07191680155474
0.542192673479658 2.70273834717621
0.487602827171938 3.35066676146374
0.504927039086684 3.14460897806042
0.521840406739748 2.94411801334052
0.538392921699746 2.74063798381506
0.483899804392777 3.39281512030933
0.539289765916385 2.72860956851875
0.523457261766512 2.91963272119763
0.527176022371432 2.86868598392617
0.514795914688957 3.03385709436502
0.518021565171868 2.99158861719857
0.517655594804517 2.98945153790073
0.548420835086102 2.62438957962524
0.529994426434339 2.8377254095334
0.520544431239175 2.95836234220176
0.506287454317995 3.12837216875465
0.534106288971537 2.7883363240639
0.469347173320469 3.56518971479528
0.518314910152895 2.97871480366607
0.538115356143484 2.74942240554266
0.551097248984559 2.58889936918654
0.501748231129917 3.18358618466468
0.560212541550653 2.48005482101621
0.538920407993447 2.7291379963028
0.552411542510406 2.57673021860784
0.548340529749921 2.61923810540683
0.526834212915644 2.8880142809321
0.478561163569927 3.4619303236818
0.513455124382946 3.04543185358116
0.533032351569808 2.80741541980564
0.543955703470199 2.67245312911368
0.530136213876818 2.8423379539731
0.536523167035722 2.76451956767601
0.532566611799189 2.81104253479332
0.524505262910166 2.91046768440517
0.519276853183668 2.97156282557547
0.539518168590547 2.72460172804708
0.510205722856673 3.0757328531915
0.513141387233159 3.04554635830263
0.476725344647218 3.48709089136534
0.491746853549611 3.30141058921509
0.503888415361575 3.15415495206409
0.521504796646898 2.94175699273138
0.490265714371062 3.31609557768974
0.497928078960831 3.22567926896413
0.51963042005401 2.96616203752287
0.511134583010411 3.07131159916149
0.51163196027888 3.0642498048498
0.560564883582025 2.4726169460161
0.518567406924825 2.98232203902144
0.511147869801039 3.07341256417301
0.541655933305854 2.70119945614802
0.517402097071623 2.98813596499559
0.505869058300224 3.13114032207427
0.515211750404118 3.01718265512007
0.525744137174778 2.89081946472005
0.530025377907038 2.8393954152718
0.530575283109961 2.8360307918545
0.557220232034815 2.51508223500604
0.496226822430937 3.24879831713289
0.508678450762122 3.09685538339333
0.514502772021462 3.02712773566046
0.519376311394127 2.96959438301929
0.509485079746229 3.0847885851196
0.534043283438044 2.79307268898913
0.513860448795777 3.03853131637501
0.501683921399181 3.18314355054126
0.543186565641482 2.68285903004199
0.51059748927722 3.07112029840983
0.48718083773112 3.35188914174541
0.519385640300751 2.97235107768126
0.497777861499038 3.22689023318734
0.498487666526552 3.22064362164684
0.5384051026111 2.73953135664265
0.500638757513308 3.19193874066267
0.519816084406644 2.96596761809162
0.517115676750978 2.99905735401286
0.502468528342369 3.17674390329662
0.498162868591548 3.22088031919866
0.503312119330157 3.1639088518226
0.564380685021325 2.42883546946494
0.523019134025247 2.92612930331522
0.547210491569806 2.63271659618084
0.479539078810456 3.44517500879211
0.498980773611479 3.21539340486948
0.493300950712018 3.28068485797268
0.529473370252321 2.85298968505988
0.534688458602154 2.78581116562088
0.531927063880386 2.81788176583475
0.572128362160404 2.3353159380787
0.500119055853884 3.20024941452281
0.518938604631575 2.97400374951531
0.531019425440796 2.82893150087315
0.501809476203034 3.18330511094559
0.521351009078684 2.94704430450411
0.528778667188499 2.852431096224
0.490327037328451 3.31793587553283
0.500399342989679 3.19018726220511
0.522908812160061 2.92654357104614
0.522816191456745 2.92777931447904
0.538623753709678 2.73864148562421
0.516495358854253 3.0069494791671
0.482309539192852 3.40733991641998
0.532759666759414 2.80709967264002
0.504074575777924 3.15160795591343
0.511570897232373 3.06264108535722
0.555739940387001 2.53350078179174
0.513022561352066 3.04813943061949
0.546856945016112 2.63889637154556
0.53489307882448 2.78671197384568
0.525468887311466 2.8902584327696
0.542729410557725 2.69238541903489
0.540055248455898 2.72129729424653
0.500117235479728 3.20652840723978
0.50599490749282 3.1319405142657
0.481184754830045 3.42929781870162
0.529202910127807 2.85368411090012
0.519420110799565 2.96257585451112
0.553259127874458 2.56310875233259
0.498257633311185 3.22222700298679
0.559609372757676 2.48801735290032
0.52270064449208 2.92708503691668
0.506979223524285 3.1185977366928
0.520168303341665 2.95573462318777
0.55470641514873 2.54541254076987
0.538295496057471 2.74047093486386
0.520668762126638 2.95227501995547
0.527878715388662 2.86675784750744
0.502863415981952 3.16447470821397
0.52847099574032 2.8601123587405
0.506681315168478 3.1171660701192
0.547200004925722 2.63726501392877
0.49359938419991 3.28147425478726
0.482764981727935 3.41337402436767
0.541935325342296 2.69847450802498
0.552214516367724 2.57248422674962
0.531689443714537 2.82454913246281
0.498509756972347 3.22084382877331
0.544015426219542 2.66675474459317
0.52220517753708 2.93457079597828
0.513198105308547 3.04700260344018
0.526824378310077 2.88445250141071
0.534835780921029 2.77933756120512
0.524223883558903 2.91181413024621
0.508931083348875 3.09544147731595
0.536979205048763 2.7605869786467
0.488225424546692 3.34954010548529
0.554635643709751 2.54579542591907
0.518713354728289 2.97523836325632
0.539841778598268 2.72461504157573
0.5415883546396 2.69895640892611
0.537916437503559 2.74555622665958
0.501843220648043 3.17843014145487
0.500480483949424 3.2016177920085
0.503792329231923 3.16223532905488
0.499100875054261 3.21219327999471
0.5253389328308 2.90392160933173
0.501948097014689 3.1774265055016
0.5326609057528 2.80805013971188
0.534150100393891 2.78760594406987
0.518130922384658 2.98294806460127
0.49685463917177 3.24243107250135
0.508439528680264 3.10179577221583
0.525415832710489 2.89332842725647
0.515497095514858 3.01132724022027
0.519382251963402 2.96981209656557
0.511225749309402 3.06838554275097
0.515801412402358 3.01423845430989
0.514908205152452 3.02107331148174
0.561942359888411 2.45679209121748
0.528095510902023 2.86446373524003
0.516683234452368 3.0026551216485
0.530902529412248 2.83056342930619
0.523078290604072 2.9229852662591
0.478668281759989 3.46017687706336
0.466728370070973 3.59580460229263
0.488031899377289 3.34431576834515
0.505065149281093 3.14041117799105
0.493695966436455 3.28300409329776
0.515136751926731 3.01990532417598
0.491500040262607 3.30652816834986
0.502155322037446 3.17378189912907
0.516545404824243 3.0104622272418
0.561197763105304 2.46922828935435
0.532929466773232 2.80602260325362
0.524468654699297 2.90829964841618
0.485567059901969 3.37484083537497
0.520877802275056 2.95297280820994
0.495323762194972 3.25942599044752
0.547497967712625 2.63138620966092
0.491951029861418 3.29023175865953
0.541187446259206 2.70650243769299
0.504480269203841 3.14587730209595
0.516149419825666 3.01094208792755
0.530378395860669 2.83985941694267
0.518944516608774 2.97798498116966
0.53411285630754 2.79178727317875
0.53010785156684 2.83870739621465
0.517178156285357 2.99859399799802
0.535970579706284 2.77175598685559
0.492335075068534 3.29405661193026
0.530363400409222 2.83741224288402
0.497427351555457 3.23005815308711
0.544205158872974 2.67386155876678
0.539619541420921 2.72707102847528
0.51224174013678 3.05724167358458
0.527696589182761 2.87139335571638
0.482660542148467 3.40999852634834
0.538318349877821 2.73962938904767
0.559198057621026 2.48992655140953
0.542064215913792 2.69808680352116
0.495465317468292 3.2571602497724
0.527019728827807 2.87661906316923
0.506018219816592 3.12927606610732
0.518915273536191 2.9720927438645
0.497436231795582 3.23249391373962
0.470955355051502 3.54940390932906
0.471724301139405 3.54125007965438
0.504853317580182 3.14000361858386
0.512608023662797 3.04900450693514
0.538030789174004 2.74522801820261
0.537081688443369 2.75845825070582
0.506586920260433 3.12151150876629
0.509422917839933 3.08991656360021
0.510927224787907 3.07657615300958
0.501377023059504 3.18675634400101
0.525505263901606 2.89468145635794
0.512838988721554 3.0475052623734
0.521891891139305 2.93838048340608
0.491635245005363 3.30188662585205
0.52116171782123 2.9491838293373
0.528024940306676 2.86943398877796
0.493646610057395 3.27464699604287
0.555096433057857 2.54052131640597
0.554843065806556 2.54510957452582
0.483712955865873 3.39853593373654
0.50537844780863 3.13555766661737
0.528365801202177 2.86386099915656
0.511317386395637 3.06534579640713
0.533678884938116 2.80260669359706
0.527534553475649 2.86831552158007
0.48444899941693 3.3861765233563
0.50632474862571 3.1270153756768
0.546663146828129 2.64129175915739
0.513142746971694 3.04010046270394
0.458336140159716 3.70197340632146
0.492004056574011 3.29542522442401
0.513547338543616 3.03911303215524
0.505814174349606 3.12757127014093
0.501802695086288 3.17969490289084
0.497028017384281 3.23391641695436
0.538816200407546 2.73555379907501
0.524068903416808 2.90979735549522
0.487179688301794 3.36001168489614
0.516839670735228 2.99928219444167
0.549024843223321 2.60992266062767
0.502299732532214 3.17000993790955
0.497636696325059 3.23307652480812
0.557840374694998 2.50679913448702
0.537491204739621 2.74954795038363
0.523698348905719 2.91642069772747
0.501965999320508 3.17948470627269
0.466418638566483 3.59930330410102
0.50004346384205 3.20067433638719
0.516380733538956 3.00602743149703
0.524708112322297 2.9019256207254
0.542161593318736 2.69471671990882
0.522578655931854 2.92641185785046
0.521816249517276 2.94035965284259
0.505192364278354 3.14249108260348
0.506338471842844 3.12832162647348
0.492548408981668 3.28821457652592
0.508499098528783 3.09916419469011
0.533086763203365 2.80549691620417
0.498190744500978 3.2229610435353
0.538750762750606 2.73730046616798
0.510902610654937 3.07431222944265
0.521157672609322 2.95061085143468
0.546945837036037 2.63773767419472
0.480179411608755 3.44151376654648
0.491001540689791 3.31216851114142
0.510114218705724 3.0824866116211
0.528699181807448 2.85487321394361
0.543935407835006 2.67507401271647
0.529058170848886 2.85363142821136
0.541314648222157 2.70523427471365
0.500640475753229 3.19286292238401
0.511293532970953 3.06514764987394
0.535832146004043 2.77049665792569
0.514609951824926 3.02177856458803
0.536249942629519 2.76623414664127
0.519132259855022 2.96956789225577
0.512422025761476 3.05098543982024
0.505848889514961 3.12178818364137
0.53557332185978 2.77227972065487
0.479528472937858 3.44856450531464
0.498211671658172 3.22226125653681
0.520569732848571 2.95533628250703
0.551252289304228 2.58517702828928
0.491361488806732 3.30346084945589
0.507432007178442 3.11506260156574
0.502866603858405 3.1682688113327
0.484741843524435 3.38728027893524
0.511842353640116 3.05634209355028
0.528703837656695 2.85792922735348
0.520480334505439 2.95457572156996
0.521120606535992 2.95059289961964
0.518914199220079 2.9767286890463
0.51193678741524 3.05850967312181
0.507894010516876 3.10354911958321
0.490873782396036 3.31030040403249
0.478012749004396 3.4681478549998
0.554983543504254 2.54069914600736
0.540760398429449 2.70560870756172
0.492027281311599 3.29176417688508
0.556481050038987 2.52724904135217
0.503196535013367 3.16545628610342
0.50320537554709 3.15831220830085
0.494789384201625 3.26936511433048
0.549069871063199 2.60546258167024
0.4764785724158 3.49308783777341
0.498861553321246 3.21484611311422
0.542565659063207 2.69091712871436
0.524737808522316 2.90053681001975
0.514322495188451 3.03059341389247
0.548255151841439 2.62479074516641
0.445980631047765 3.85104393043147
0.505204358317546 3.13647180636382
0.499389437544766 3.21000502110281
0.499282088679685 3.21358452736726
0.54081727435922 2.71374731318904
0.511104511836359 3.07340361603377
0.480063340340614 3.43984698796262
0.552610714409553 2.57043871762765
0.502625594972747 3.17389290507822
0.488812033421944 3.33889038880777
0.502976016841468 3.16196312096405
0.51563627204402 3.01641355569984
0.51455208368887 3.02879212985356
0.533926100164687 2.79890786843971
0.528262880719465 2.86538010737722
0.511393654301307 3.06069075091301
0.522556514709824 2.93001957469713
0.5371552368641 2.75459075102174
0.552528523364123 2.57303972504273
0.50832581162131 3.10056980945239
0.525113000048753 2.89862418523849
0.536964609877797 2.75626489087471
0.54021067730876 2.71622555718035
0.506178446088034 3.12709446972711
0.537801529703998 2.74975211546649
0.533796121177068 2.79744317232795
0.501357299587268 3.18185175021713
0.511998659837871 3.06088330795981
0.552676134518348 2.571425470295
0.513039285655876 3.0485700515801
0.503872594514404 3.15671678559649
0.511280334201538 3.06600935796554
0.499824076721249 3.20341263443459
0.520355844020734 2.95539053770445
0.525401782851399 2.8992017525954
0.507692573845845 3.10921279170754
0.513427636669001 3.04325169861189
0.521459748442188 2.9457208101067
0.542508144640343 2.6877025768487
0.501124143600671 3.1898419135077
0.488839013585014 3.33428214644609
0.525085119727721 2.90385742070994
0.513335385050765 3.04434982009718
0.489135515937949 3.33199771255593
0.53459358994476 2.78443650245216
0.536781641371385 2.75904822374437
0.529309827880755 2.84868629211149
0.511221461372692 3.06796857369698
0.521495429509063 2.93852838071951
0.475291840667234 3.49621865049081
0.511285579326029 3.06947525500075
0.534349459532336 2.78688187200692
0.533960942279034 2.79227521769975
0.565175814212928 2.42385015732324
0.534545708053686 2.78710319484412
0.543269940452189 2.68365112260103
0.513047115918172 3.04114751614996
0.523341298065321 2.91920317972795
0.527500222811663 2.87207035345639
0.510517901608798 3.07879276677463
0.494847657644116 3.26517037884434
0.499460976725714 3.20660835293065
0.502961282426089 3.16485031622097
0.485465408514905 3.37814134299264
0.540581758948253 2.71262531984997
0.519883853927119 2.96664144082868
0.514189229810935 3.03060476542266
0.507375895976902 3.11148612084431
0.502280448457201 3.17422122485329
0.527210443271166 2.87456420491451
0.50619874872339 3.12844178255273
0.510682647649151 3.06833625593659
0.544501055035523 2.66559294731083
0.510539047459392 3.07785563957428
0.553662438011862 2.55437489759226
0.48694226829298 3.35670626825441
0.544335943860483 2.67211384289661
0.512334256707928 3.05661493850654
0.525441182138675 2.89769251751455
0.506776137007701 3.11982665311319
0.545976037784905 2.65185422473941
0.530402516919506 2.83662019986318
0.52407801807869 2.90994722453124
0.523035300463717 2.92316304196995
0.508110043971755 3.09974013000291
0.517252357528636 2.99616522606248
0.482252567557554 3.41719402203094
0.550704587565844 2.59849480097977
0.515410396904936 3.01744837137052
0.55453949438837 2.54373006739117
0.552385531344748 2.57231745717243
0.473254544512705 3.52152258729197
0.518596388718378 2.97881410243117
0.515469779798625 3.02265851832126
0.538602686424444 2.73518504918408
0.490432924180722 3.31050803424844
0.517095313747786 2.99322071170892
0.529212109582085 2.85757391241137
0.492189064197273 3.29649459771583
0.509547951096945 3.08617045295784
0.49555034269914 3.25372052967806
0.49797214496013 3.2242309601766
0.540321396185819 2.71893308585928
0.531195746760262 2.82447468805314
0.526649363465239 2.87999405039618
0.551499405741913 2.58275569828689
0.537778068959805 2.74843477388595
0.491726971972767 3.30196816309218
0.52188870404285 2.94415907073362
0.508686313089631 3.09773033375685
0.529819792575941 2.84665552232597
0.480035254884917 3.44190057874589
0.494519747270073 3.26676059549646
0.513916513567196 3.03468479380242
0.546598677969766 2.64140271306116
0.531135792633987 2.83268701738524
0.492611605355246 3.29385002346082
0.575304098956421 2.29831430877086
0.527834715218847 2.86946935128839
0.531565879175975 2.82578398312464
0.527291127275522 2.87330321458681
0.513398253814912 3.04461562529604
0.50388534367496 3.1597890088817
0.48902423895471 3.3327281188723
0.479363991277644 3.45259178852829
0.550741657143895 2.59048769586305
0.503643915892728 3.16163660959963
0.507776353764993 3.10680296762299
0.520353633368292 2.95561264458772
0.513664861101138 3.03813932781924
0.498125710145807 3.22525238767612
0.542655868041022 2.68807697735414
0.507668259262294 3.10790515677271
0.557428578966818 2.51228527709505
0.464283832964739 3.63191544426904
0.504604588541997 3.14318222205831
0.521740371876836 2.94471791489144
0.520687606558832 2.95043279737259
0.55233052683667 2.57565302244873
0.488055784911844 3.34921326244888
0.528434803452793 2.86056423042263
0.512206492069434 3.05789044354751
0.551098937666146 2.58528299897107
0.494423610863139 3.27070939885575
0.514385845128681 3.02690013885312
0.51393496175654 3.03573272169497
0.508826630874339 3.10232704236843
0.491951170169885 3.29958856596933
0.520898626207016 2.94775725665235
0.461275067972633 3.66885990341613
0.517591619562781 2.9946814364324
0.540035457980887 2.72245927069107
0.500867922341403 3.19772213533004
0.530041450987166 2.84230072005819
0.502868101696502 3.16923220962963
0.486304342525222 3.36883494752944
0.49360015592221 3.27976965690444
0.493970570751526 3.27568145465915
0.558319883443675 2.50016607684903
0.526860773722833 2.87374085019566
0.538017202397821 2.75032536202984
0.502548804668269 3.170776157257
0.515888010567933 3.00823677574005
0.516035286282892 3.01159041747748
0.541221693019771 2.70829580256946
0.512646870666304 3.05591136965018
0.493908191625723 3.27081893989199
0.48622493732441 3.36258457967622
0.54571709167821 2.65144072320747
0.534524013042698 2.79120025258078
0.467791779655463 3.58523237829646
0.526566687545169 2.88412599321446
0.555873305359575 2.53162969441312
0.534091421813462 2.78854878826679
0.537823372164858 2.75156811676184
0.521121059594252 2.94911910254174
0.521690126443159 2.94220431333783
0.532102702660857 2.81501311816362
0.524331974868423 2.90395146537289
0.512784698168515 3.04771263269764
0.50823368778378 3.10239617456976
0.505190396287103 3.13928153330683
0.521732215135566 2.93941916715886
0.514196358629469 3.0339777876503
0.513453862348041 3.03829113081781
0.522789248144721 2.92649750174367
0.508847183842035 3.10037708004383
0.497882808792153 3.22655204959915
0.508214989979476 3.10298697033177
0.515895213580151 3.00933583380984
0.490797221968392 3.31301521068852
0.523693620874146 2.91785325672902
0.495716624554456 3.25581482573174
0.551480281543431 2.58158277572572
0.564993246803399 2.42197477959188
0.541584016934461 2.70492920978676
0.453083577118625 3.76376513239272
0.528629245034104 2.85328651061519
0.571714553911985 2.34098296249681
0.479444786270874 3.45184789337834
0.517889259386244 2.99215244170306
0.523650765867612 2.91648383365435
0.50251022093093 3.1719788766812
0.532924372694196 2.80995056320127
0.508069130615518 3.11212278375383
0.518839512557882 2.97400604788895
0.476945166332605 3.48157144054942
0.472653380561166 3.53351790667658
0.526321752928672 2.886830757027
0.48717798655155 3.35428850757917
0.508257028229155 3.10116122526665
0.538346909419894 2.7463761045845
0.503678829330745 3.15681958820065
0.535641245486923 2.7727648895747
0.498719729097523 3.21774083855596
0.502953492170917 3.16884678810461
0.510360678028793 3.07699832249751
0.479812966639982 3.4437899276568
0.501528826090032 3.18759286412806
0.530449965046708 2.8336783109822
0.530999513604822 2.82753142283762
0.472984807927502 3.52698867093874
0.566925463258745 2.39815701421861
0.442691942016135 3.88505521241769
0.512662998386326 3.05134608709011
0.519949875028619 2.96511130504132
0.543007258879732 2.68546390539657
0.485976184895733 3.36878515830396
0.51081981405697 3.07063799603614
0.520116138621151 2.95895538259944
0.527950586895659 2.86828817738763
0.508838606144627 3.09600060126297
0.48442541007342 3.38697446078281
0.523886051396092 2.91765992531325
0.546627876924391 2.64365677409234
0.532465998904222 2.81588413697176
0.533862793744885 2.79186551933066
0.506310577054136 3.1293680954403
0.509618933736614 3.08608975406699
0.499844331411597 3.19861632843691
0.507929129178339 3.10434096104394
0.52838193666099 2.86146103038023
0.535401540413537 2.77788343228541
0.540194166633476 2.71874372322611
0.553869165938738 2.55652335980478
0.505188383861254 3.14333562618084
0.529029599496022 2.8552259339095
0.525703495486913 2.89104791157768
0.51817460927067 2.98445385275324
0.493018745580483 3.28782594524457
0.516311012333532 3.00645134442338
0.506724698385844 3.12276515209374
0.495468585974214 3.25316040728793
0.501079349068194 3.19109932808011
0.519512449218851 2.96980571698492
0.510175358988343 3.08213942379442
0.547620653277489 2.63184123778859
0.496437471715573 3.23887275263376
0.519975000432965 2.96433279287043
0.484688214171805 3.39035286537505
0.48394343557144 3.39178577276288
0.506470161712141 3.12639646299239
0.521846126766349 2.94267755624659
0.512113873809753 3.05736659007165
0.503745538868204 3.15760766543503
0.485657328163985 3.3746329092043
0.532134746750045 2.81695340918854
0.538639084039421 2.74244509133794
0.498084866882347 3.22720553359282
0.503230509320154 3.16541572188557
0.517444060025012 2.98764865362561
0.483544176725869 3.39978915962936
0.510009010972287 3.07332482868289
0.486585792657349 3.36356074056597
0.503020214989517 3.17317006135942
0.522055561604048 2.94076335323742
0.508453287179147 3.10574570610807
0.551550358024965 2.58302268310878
0.50812297893175 3.10906800732597
0.514285313193137 3.0345524847511
0.532410475417457 2.81496536737128
0.48805183418847 3.3448393403005
0.531791504734805 2.82121552013702
0.535070237642655 2.78300690603631
0.517286806317302 2.98856790928172
0.535847854781594 2.77295488068878
0.519711042438836 2.96764198101189
0.551922605217301 2.58256496131543
0.557377397519043 2.51431786342493
0.511796737234163 3.06296950623633
0.519832883948926 2.96380868920107
0.500650956345616 3.19673501510936
0.527176634432256 2.88177880979968
0.516709561240982 3.00089076613841
0.512484945786511 3.05147220979004
0.451073379232578 3.78537308491678
0.512361012544597 3.05307599014123
0.498285588205855 3.22707814565401
0.529875560951161 2.84462528298852
0.502191912540483 3.17536067202819
0.484289816538501 3.38867603343502
0.500180425955828 3.19832235563584
0.513131511522776 3.04501669216071
0.493680612589547 3.26994441125489
0.526273957055123 2.88583591757147
0.538989704450189 2.73272378841439
0.492614832472568 3.29296874375529
0.510152707466847 3.08507606263477
0.498989442068311 3.21535546485752
0.476764608030408 3.47964644430221
0.524785813468364 2.90808580162083
0.534338018777961 2.7945810144993
0.514183218501588 3.03011644576336
0.502071632588343 3.18166948932983
0.535428389920744 2.77663598040897
0.560935310621852 2.4713268391587
0.528315533843889 2.86491098966675
0.536396657511933 2.7667383387507
0.568678033903006 2.38066776576493
0.474566440512407 3.50571716042598
0.501721115103557 3.18264437026263
0.492527820301658 3.28874713659599
0.517323397080314 2.99423277056061
0.551400163308367 2.58372229840118
0.510513314777435 3.07453033830961
0.530582926236125 2.83838583552284
0.506639778343957 3.12641369448484
0.510763580260686 3.06751138893392
0.552467924266918 2.56974122961507
0.497975716500928 3.2248469431344
0.513854953465336 3.03189176976625
0.527441132616159 2.87121948884319
0.520369866456698 2.95833821399438
0.503713320017898 3.15754825078288
0.545560102457523 2.65477941018607
0.536198455487254 2.76641035835061
0.505680343380818 3.13144802740359
0.543920534273317 2.67525561116338
0.559394068223033 2.49152642503921
0.511889218552776 3.05872392108276
0.471628481634357 3.54023681912476
0.495483261068969 3.26171620094517
0.515517001312216 3.01310515789218
0.537274076574583 2.75372964053915
0.5226594296889 2.92901674330375
0.519360289318276 2.97125408240159
0.511086313657926 3.06989216697466
0.514444887873461 3.02491560974485
0.461397083489819 3.67217666449385
0.481512791870089 3.42159550599521
0.548129438989095 2.62058173788829
0.511140640843076 3.06894647598297
0.505970965555657 3.13045305509454
0.509614042809879 3.08408972354577
0.496371629000339 3.24903785486087
0.537879717555493 2.74555631843401
0.503856441593305 3.153263118047
0.507531963025716 3.11384501736853
0.498793137030491 3.21451147768652
0.515541037309705 3.01284059256166
0.491118230779734 3.30513027131744
0.504355493875058 3.1474086910936
0.520881590875374 2.95316361442492
0.538824089922311 2.73359988180054
0.49835556982534 3.22299620577763
0.518681373063261 2.98091736526528
0.504750035991859 3.14368196709936
0.527826769360355 2.86575132557926
0.498463632874969 3.22421285223964
0.496556577010556 3.24323372396752
0.537474984448907 2.75212744026706
0.504786841431424 3.13961626666531
0.534395838294498 2.78923353616827
0.481140795736055 3.43192274121403
0.523829047654981 2.91609078227266
0.506286519427413 3.13133655233836
0.543909291299775 2.67542449200848
0.516993685827796 2.98919584910805
0.527711669862209 2.86954114440584
0.533098644920811 2.80361429636498
0.55160459498796 2.58746622927457
0.49118690372697 3.31015362635433
0.50821669649208 3.10854720744776
0.496774314643041 3.24115060132364
0.506112078593457 3.12855773057221
0.502977367688071 3.16647985312426
0.514477452495858 3.03253825304164
0.524096156612232 2.91381460806939
0.536280950114655 2.76773403992313
0.478185761117931 3.46676715097636
0.511392954317061 3.06861375561339
0.537786498812136 2.74677163136614
0.495005705565935 3.26158303483192
0.488965437891209 3.33192493716659
0.518207997275865 2.98717809677845
0.510328497732231 3.07626100310304
0.522477226710462 2.93199656071343
0.498145172096408 3.22587592150162
0.506231408358097 3.1237396452386
0.494744689686287 3.26333219834787
0.509857643913024 3.08370724429148
0.517042957762091 2.99829398488151
0.539383171543333 2.73373011696993
0.540940963955994 2.71549189018326
0.545299799716881 2.65706107103855
0.506585033075567 3.12352856138224
0.497324623118358 3.2336968976757
0.52672976879948 2.88410494289938
0.495691422656011 3.24787587564294
0.487269662942306 3.35549575634841
0.53475597123012 2.78562500234715
0.488090888069127 3.35242218116775
0.527481623018806 2.87286008425116
0.53385534422191 2.79284914981237
0.537385758326331 2.74611418313376
0.528521893162337 2.85615034532675
0.485498187426702 3.37691029064353
0.440128405392821 3.92137010965655
0.535321891793088 2.77944067451229
0.511461551501959 3.06356870921093
0.532440206046323 2.81524620101115
0.533071885662147 2.80067701679022
0.524253908430185 2.90877115640893
0.5429459164654 2.68623006201321
0.518017906223504 2.98580860292774
0.514277842008748 3.03011590540121
0.4975708849523 3.22848624633574
0.534101785361448 2.7954962603366
0.550041784286627 2.60080538938813
0.567369379742698 2.39473627999317
0.538967460775772 2.7362498186053
0.51661057721766 3.00185747633628
0.49393284233437 3.27917509153162
0.541789994658459 2.69940341809815
0.520876337997717 2.95151252573822
0.493947645996162 3.27279595982264
0.482087509484364 3.42085164618196
0.518760109736882 2.97540965208027
0.502775992497159 3.16884358320477
0.516894574335701 3.00237404189029
0.549578135030579 2.60499516973779
0.52965651951316 2.84689143828766
0.495627771268679 3.25634067322997
0.560190328910069 2.47742475582409
0.474422058563701 3.5048328028206
0.490547773254347 3.31734956102669
0.557454767346743 2.51725474118835
0.515137644107181 3.02125065566019
0.540038090720375 2.7103431244544
0.531238091447505 2.83181631968887
0.525817443312551 2.88908349607502
0.501372904035488 3.18638610160115
0.545712421676002 2.65497173414705
0.509727113088263 3.08685928900785
0.495497834756575 3.25751774916275
0.533911488803169 2.79827586292606
0.522420915744698 2.93525654184563
0.527383701693012 2.87168919087764
0.518283748265062 2.98466815333396
0.545719330714175 2.6529975355912
0.530045575823898 2.83862137461961
0.515362325355056 3.0121323877327
0.514860808781716 3.02269871758249
0.545433816284204 2.65560735503413
0.512686468830946 3.04813199110793
0.471663030757135 3.5458323119661
0.531305603402301 2.8296929956607
0.484536991569107 3.38913086749344
0.478078167006504 3.46920334193846
0.535642497229255 2.77632981846764
0.536224823761694 2.76343473097432
0.524704533921388 2.90740919254771
0.496349201941245 3.23826338684102
0.543386094897027 2.67754853415441
0.526002401852388 2.89243736034577
0.505241226229931 3.14181406307618
0.525220263623521 2.90092516560514
0.54951429461526 2.60581053750895
0.514458448896659 3.03071464216704
0.495866201611472 3.24666337212591
0.495249064198039 3.25854124775694
0.49833485799829 3.22146951984805
0.518632005411397 2.97452064361034
0.537864119314044 2.74714267110086
0.48653113156833 3.36741988072024
0.512596539483677 3.05148491271676
0.526418052871416 2.8857439594506
0.501370524389697 3.18621386042699
0.497846897329526 3.22836653134084
0.523060483589847 2.91828795934924
0.51966507236466 2.96584922613475
0.51624949835265 3.00334092757596
0.489074815147029 3.33710356571877
0.522495812395125 2.9315547993323
0.498398803492665 3.22113650517093
0.548128687710929 2.62267660546379
0.515861069217509 3.00790548160712
0.524698208098671 2.90280135684957
0.515230677541836 3.01875383433419
0.521806619411262 2.93577716226256
0.550079237773604 2.60216835887289
0.486784644419506 3.35910451589336
0.544144336610593 2.67288451309854
0.504814734976735 3.15099219175726
0.500815646290353 3.18826088440721
0.520713117202308 2.95330016585591
0.512785508756394 3.04777075432247
0.497798643474775 3.22964549266919
0.490666357142592 3.31607509758175
0.526705611072419 2.88121188775238
0.507000133667394 3.117837791544
0.530276808242697 2.83472715624157
0.525959658175901 2.89401072067097
0.503330163655111 3.1576399487767
0.5166522584143 3.00522674107537
0.531203557334788 2.82417076543046
0.505479435893658 3.13679237674897
0.490831792095885 3.31147859624236
0.543509919995327 2.68178235851047
0.55040170450314 2.60273111266918
0.506390365543081 3.1316525837895
0.507550334742717 3.11000405323395
0.505791432651475 3.13199470868441
0.533614428647825 2.7961713728433
0.526238213174562 2.88553691661244
0.536178287383947 2.76809331818199
0.512672046661224 3.04666221207146
0.499890868647773 3.20537663047713
0.508555265267018 3.09792404979269
0.534119812523418 2.79146785925793
0.557597685359883 2.5095876681916
0.569759223643173 2.36871741196558
0.51881827687709 2.97541035410157
0.522927231298414 2.92724219338007
0.504992603295265 3.14171334212855
0.52799069817656 2.86568847228956
0.515165443797629 3.02034384143582
0.531589517354025 2.82150120320781
0.525076581792044 2.90037501175601
0.493920940772822 3.27808212073534
0.53014728539032 2.84074698595258
0.534476343562364 2.79063930586347
0.524949109444696 2.90370503890168
0.504315056693807 3.14596213762349
0.538400129394412 2.73988770764926
0.52262182795518 2.92706837346483
0.544588846525296 2.66829788533625
0.545000625633347 2.65894974563928
0.495775397767408 3.25122990090192
0.506845139497077 3.12019012053805
0.52206526250424 2.93825200101561
0.527273825634293 2.87231332435612
0.514229506698631 3.0279351233911
0.5043715788537 3.15246297146042
0.499757404027495 3.21082857595014
0.536472425735934 2.76264059798163
0.539726365483791 2.72596585799866
0.514806344230641 3.0282148634305
0.533942156769564 2.79602108492684
0.504616456351009 3.14335441117753
0.515885491618341 3.00819715105325
0.524177627794826 2.91803325144845
0.500607974580571 3.19621736322272
0.56028517227923 2.48440481694667
0.502392609608443 3.16576330824399
0.524304304197806 2.91315667769226
0.528250284925492 2.86566334976648
0.51087834794759 3.07230248545852
0.523154178799698 2.92471730079761
0.501410837120348 3.18342980069294
0.537899005333348 2.74897241724399
0.529694353552388 2.8493602361759
0.534215473736867 2.79472159639394
0.490603176462326 3.31003830464791
0.511769815956071 3.06015265723191
0.4973717633138 3.2322979319929
0.526545603783389 2.88421952967318
0.535377489669592 2.77761927983205
0.522514304126583 2.93286194789327
0.502342900455104 3.17318690432087
0.529093143759526 2.85488939523825
0.478658202769196 3.46179224759756
0.523518599960363 2.91649163122946
0.513778712630152 3.03290952544054
0.526601011826449 2.88614497816427
0.52117277623077 2.95210280223343
0.490000675524456 3.32428079692512
0.468380999817285 3.5881852105175
0.520415103567462 2.9575553637579
0.51215397183079 3.05500162280675
0.505577375581134 3.13228845914194
0.497196407084436 3.237206305788
0.507159851060136 3.12181875373471
0.528923225601526 2.8533837925795
0.512887689426498 3.04925655475644
0.51056462712024 3.07236593520321
0.504370799302158 3.14906603937942
0.557447050523711 2.51156201491303
0.494144757320645 3.264353115879
0.54138616100598 2.70942041999439
0.504568872713901 3.14603101394958
0.543430495122653 2.68120131722212
0.529638701615501 2.84572229796869
0.53213694041087 2.81192034786401
0.491556140445825 3.29993467386464
0.523476269036878 2.92046183856269
0.518778471362428 2.97957177049294
0.511154021442659 3.07091889330303
0.526570507911376 2.88802573226998
0.535697484775319 2.77423671443043
0.555891374195927 2.53022663720092
0.482791366817523 3.41134122091433
0.523669201835918 2.91731841649519
0.504923103359659 3.143183830312
0.491145976578954 3.30482176601669
0.466306886312491 3.6074046608485
0.514919435099661 3.02561584196203
0.539120983662247 2.73041302511221
0.508226594837823 3.10102991231655
0.506434075582538 3.11708462616207
0.526492366685455 2.88416382206902
0.534956158254255 2.78407657432454
0.470576850974239 3.55280774492054
0.506023816309333 3.13164090544039
0.521878466314486 2.93775021118961
0.525821390597632 2.89020744103568
0.534061525531976 2.79621784799585
0.542836938438359 2.68868082519708
0.532515300483925 2.81514122792972
0.52330500647588 2.92354660291164
0.517422303679275 2.99336379224178
0.511719450876123 3.06284432571106
0.53680786784863 2.75951353613172
0.513603722305151 3.03460499155155
0.511421174334849 3.06575520909737
0.523140386859974 2.92435622570727
0.531345474133434 2.8263930031614
0.488891913602749 3.33888018068594
0.527567676665943 2.86991654916305
0.526869566610219 2.88128218708852
0.538102224780381 2.74317322553322
0.524096312138037 2.9052412897317
0.505798220543021 3.13372797352884
0.534502400499201 2.78736959092695
0.533215450667917 2.80197240180032
0.480862117523969 3.4296854422035
0.492925317434949 3.28238945100149
0.540917863779521 2.71318274175059
0.491881107562842 3.29909592175489
0.527744774357025 2.86915092944358
0.542485485533537 2.69550657061312
0.523152539525615 2.92360351605769
0.533528097452427 2.80088946309915
0.52448558936989 2.90073414543899
0.518493973082511 2.98249355886792
0.489834095103625 3.32194292884037
0.483207689303797 3.39604621291289
0.527459981979836 2.87460392696027
0.559061141751621 2.49160046876377
0.531306216305473 2.83016285330673
0.559040027609302 2.4945906362124
0.521333071194007 2.94514322095071
0.523760058989989 2.91235320441904
0.509295004965905 3.09273769756404
0.542004021860625 2.69843027128387
0.516660624549807 2.99877360587612
0.492551894295992 3.29050639093271
0.530344757725402 2.8332640575031
0.529634883556637 2.84562045978932
0.539337611520353 2.72590111888417
0.523741853575773 2.91421533993384
0.49498764593883 3.25970476393128
0.490910523355833 3.31099256003707
0.51295980877079 3.04832836285475
0.533869768005796 2.79499745472086
0.508036669689135 3.10918899117244
0.525769726927558 2.89054971941226
0.53522384078794 2.78106139053098
0.477565363262811 3.46820851993766
0.529490211190973 2.848552568024
0.49389136277545 3.27360163121928
0.501181292884341 3.18011114903741
0.545521742033037 2.65681188855662
0.475330156726383 3.49227457986429
0.517292378581431 2.99664714659044
0.533661349282689 2.79851273199307
0.538614832498828 2.73660694103011
0.515073743610721 3.02099162090137
0.499003914565291 3.21352628331163
0.506154762499064 3.13106824276249
0.510845451626056 3.07623208670157
0.518750320717491 2.97533223285189
0.499923811363501 3.20671984717341
0.536545022958713 2.76264017134102
0.51013050908084 3.0786748687237
0.520699125125987 2.95427287352708
0.500789227853579 3.19411850246479
0.519289305217469 2.9722440839669
0.494692213290752 3.26822371308179
0.497861501215043 3.2243872555748
0.538734524905154 2.73846099326221
0.547430234793817 2.63506649547103
0.51878668626805 2.98098808914963
0.540095134367071 2.71828698404387
0.521336251158002 2.94582435345684
0.54251405638062 2.68702060425951
0.533495324572265 2.79744397887975
0.533394977441914 2.80035034591113
0.500231347901126 3.19816336338589
0.482100198410229 3.4176254620102
0.539981194785546 2.72196798196397
0.548925866122456 2.61465664271063
0.504592299323935 3.1491365878252
0.513262910863038 3.04196613168764
0.515192636211596 3.02332583517341
0.50556457798286 3.13165262202788
0.525693529800515 2.89477566206458
0.506448562145828 3.12194640444146
0.550867071194391 2.59154578919742
0.54210974082339 2.6963380505696
0.51897654410019 2.97619681519735
0.532927067745104 2.81037123421282
0.530747075039096 2.83748119517297
0.4912873111449 3.30921430872728
0.555310307422765 2.53630550398054
0.51820521817347 2.98083712415762
0.485800393972224 3.37013686576914
0.558133375075345 2.50272264656446
0.508539000188231 3.10634277677277
0.519022986780822 2.96914148398769
0.50648305456897 3.12775449309266
0.467175631909953 3.59617072103006
0.464471122580759 3.62388590335551
0.508434709568611 3.09936918761886
0.510295941094149 3.07938613068929
0.519068513445195 2.96992187608194
0.53728091547668 2.75043320489026
0.539980154843786 2.72654088570299
0.517514406292407 2.99047324813064
0.540527969050489 2.72203685655688
0.493140916141696 3.28620542089796
0.48798791925356 3.34365234445994
0.519748821102327 2.96644989256462
0.518281388637644 2.98075070918412
0.570190030478993 2.36307619150932
0.522753963271127 2.93161898991051
0.554429982158692 2.54935109577794
0.505080289921118 3.14076598351211
0.569636951311257 2.36958408617978
0.519960823095995 2.96683830995737
0.49513770399247 3.25803828350217
0.528106972637197 2.86506948649649
0.505544798219755 3.14101626189472
0.547493196746542 2.63202489095559
0.520880796334783 2.94866286218744
0.524487984045519 2.90867542214059
0.523213915294235 2.91973950525489
0.488714378104252 3.33792333197843
0.501696001286878 3.18060337404797
0.512175653845442 3.06021952672021
0.515640779057252 3.0200487958055
0.482352956235595 3.41534430837418
0.541162863708077 2.71092279461021
0.537705526850089 2.74880698347769
0.504200359095497 3.14857188727204
0.510232801651857 3.08055828190011
0.496048265818055 3.24700814148552
0.52742936004508 2.87781156904137
0.538672206161883 2.73742240041344
0.522290233530385 2.9374640392105
0.502340646431658 3.17375003051975
0.510789582561836 3.07004867840126
0.484882929126138 3.38739867283058
0.531036373690859 2.83431539947038
0.522002429055467 2.94597878155264
0.500415054301015 3.20050235823146
0.478521811734076 3.46348810732696
0.52218467784284 2.93765793032277
0.52320361334252 2.92311104639322
0.546804611867912 2.63755975267818
0.51170084463891 3.05807834056843
0.51055968264327 3.07594590842949
0.52994549211265 2.83511828567047
0.506552047996196 3.12414422792339
0.492013361682552 3.29539693453189
0.544191902559458 2.67558222894347
0.521772088672115 2.94296654752194
0.52542657659397 2.89847930902233
0.520663904543228 2.9531207069965
0.502915019891807 3.16511791505857
0.50141384377755 3.18543371330013
0.512919639873178 3.04516289361114
0.524667205538562 2.90525208612908
0.538343541077198 2.74059707756155
0.517751132287384 2.98947106023083
0.53958092739262 2.72211190361984
0.504305045282382 3.1530582312927
0.562676159156125 2.45140336924027
0.535428775342098 2.77511627071543
0.523814005383462 2.91255253461495
0.481981232497356 3.41936505204766
0.504964759087253 3.14870363060218
0.498553470066868 3.21813949708503
0.509958033392957 3.08117642984007
0.524986999521708 2.89713219719261
0.530920701260881 2.83120825518875
0.534197853253455 2.7907123593167
0.545420690198879 2.66103894121231
0.510088194212072 3.08178349305823
0.535261228711664 2.77925443493765
0.499793783150447 3.20737372913484
0.513875404588566 3.03226791655322
0.565555438536488 2.41880427429609
0.540325668746607 2.71563039568361
0.517582650991172 2.98843598585508
0.525045787781257 2.90124515805257
0.505143998242264 3.13768231979362
0.521319525170101 2.95360087282477
0.496989863584878 3.23718712273664
0.564331016014475 2.42413130913817
0.526806748509102 2.87821348427896
0.538619031174853 2.73939238545538
0.534799997635829 2.78340054149068
0.499881865608454 3.20782285165302
0.504805234378894 3.14293033150373
0.526125540286048 2.89521995958344
0.511391491451115 3.06736988088645
0.528669194865548 2.8616626122107
0.481335871868124 3.42870398484044
0.489375313726907 3.32733188700726
0.515054850095247 3.01818425621716
0.508500904688971 3.10374067373992
0.538833140172991 2.73144766203401
0.499964156459827 3.20102303735263
0.533650197843379 2.794282967911
0.540200361319521 2.71895864309715
0.544602237553999 2.66343680188388
0.4836737704502 3.39890611020343
0.548708143570836 2.62388542388243
0.483703873882836 3.39427287991722
0.526195176229646 2.88735407878012
0.533203273208594 2.79981728584161
0.47996601216975 3.4403701872238
0.525880312988553 2.88880884525498
0.509159435617226 3.08902027375284
0.536705433535817 2.76639863880836
0.567497310360967 2.39344926781607
0.479364669103486 3.45116409456521
0.523899869056371 2.91827711957778
0.521727488516404 2.94001252512352
0.548835286146627 2.61952585675574
0.538310007828901 2.74717067076121
0.509738381191761 3.07981543628785
0.544830725806372 2.66595641615455
0.521732141278849 2.94400388256857
0.515806893895753 3.01347465044041
0.550756324976961 2.59267585124529
0.477420640110875 3.47495666102844
0.533777219770556 2.79876381887744
0.514622852718894 3.02544963714483
0.513692445271789 3.03329687652503
0.52475708146931 2.9093648210514
0.547214626106486 2.63665531667113
0.525965619150486 2.89165470366444
0.511276292468223 3.06690044432618
0.514866820103677 3.02074354770366
0.531009293786375 2.83281982419966
0.538036466338078 2.7497140303863
0.499389828548119 3.21029845000532
0.515546528522525 3.01177109980216
0.547324302048182 2.63201887746729
0.516735860311378 2.99905750241761
0.519337390615478 2.97282270472681
0.516023635563149 3.00639345994108
0.520483415338571 2.95016421770444
0.508438685070056 3.08943229996178
0.478430925478544 3.45981553983816
0.510737192527654 3.07068271466622
0.500637238733564 3.1947118907142
0.511646046530933 3.06585375919526
0.503134785074504 3.16826070814112
0.5451282360378 2.65794055989104
0.520625583946368 2.95573521474965
0.525175583230483 2.90352501157193
0.517640531681429 2.99083262927134
0.547863931551523 2.6304182607128
0.503450701416022 3.16176416883186
0.528554925704431 2.85601515429702
0.537058017638884 2.75871701161138
0.514348236140251 3.02999156832604
0.521253249352423 2.94385146276622
0.510430832667934 3.0714946693202
0.528916714400842 2.84972473047149
0.541024228070501 2.70872554564552
0.490093505780089 3.32214613737003
0.519542289534595 2.97112468983946
0.527085743615837 2.8741373031405
0.508768211605354 3.09536795586076
0.519555124279165 2.97005193101275
0.523961857666434 2.91280289390677
0.561662264165755 2.45967483451027
0.522833301636575 2.92813364691308
0.515584172947421 3.01022065938212
0.521655203832729 2.93909027242934
0.466506785330614 3.60516782969996
0.531942793906596 2.81796545195113
0.522603440238193 2.93104112240119
0.530438723986327 2.83351125988796
0.494763073247298 3.26802579937681
0.554056130108516 2.55415487331952
0.484556847555523 3.38829228283303
0.488503094882616 3.33682743252633
