0.431750390923984 2.31898790672651
0.440752112028233 2.22930179039653
0.439805315855586 2.23202945639545
0.437368816689959 2.25526665075776
0.42433108242936 2.38975799333436
0.431878798708673 2.31568726920688
0.43126571397604 2.32304809540504
0.439843993383043 2.23536806279379
0.443476060819817 2.20405310247806
0.427508961992708 2.35873446855343
0.438400562416355 2.25234134690958
0.433996982622665 2.30060176480164
0.430837505873459 2.3290263274451
0.422413123561051 2.40987611243978
0.43991407553682 2.23346282029523
0.428551126200182 2.34884706350525
0.433051893079557 2.30264969381004
0.428312734633297 2.3508404036267
0.439447440575816 2.23754574160621
0.444849396432083 2.18839307704245
0.424773579960777 2.38465495087514
0.435508030027114 2.28314335927096
0.432149821793224 2.30841302780107
0.427977799259974 2.35557185485099
0.428507907455869 2.34796818718215
0.444360239762937 2.1900095926512
0.426037426098545 2.3765237484042
0.433553247387597 2.30019936314588
0.442307432720838 2.20870224784674
0.435104775986234 2.28137004420599
0.443708460230787 2.19553714304998
0.445799860893932 2.17451041002681
0.427883677053374 2.35702769767666
0.434644048751935 2.28981328994889
0.427706087094216 2.35963756173178
0.434550337053228 2.28644201845252
0.425484273979347 2.3768664181162
0.426204842179509 2.37686033622758
0.428696334588103 2.3488285404757
0.434389108739526 2.28786609909521
0.43303384288047 2.30260717389891
0.430408483627468 2.32935853686447
0.424593431245746 2.38804711667896
0.434153239324524 2.2895309111306
0.431088997205279 2.32076543521917
0.431151138923511 2.32727902792169
0.440417757178055 2.23226909621006
0.434623990869268 2.28473186618516
0.427304480394271 2.36095919137255
0.428491694188531 2.34912659622453
0.424647034471745 2.38177302210027
0.440537892883554 2.22923485324032
0.430423140177451 2.33021380863271
0.429129156706172 2.34000996324383
0.431312097829075 2.32678008461961
0.432899094241484 2.30488223284344
0.439593815765328 2.23109684869639
0.431233957165161 2.3244715120833
0.441410866204465 2.22007511904027
0.435977981862597 2.27595079480283
0.443909770994827 2.20553849303914
0.437090009658322 2.26264601011287
0.442817168965578 2.20802953971215
0.437898546348926 2.25411957370008
0.43283635553592 2.30294093687476
0.433914628196211 2.29274922799833
0.430242907758669 2.33170312758511
0.437445168328153 2.25714245200927
0.427097901942702 2.36276474085847
0.429633848108775 2.34159663779415
0.434726908793252 2.28869413245657
0.431108971908816 2.31771959097062
0.438801606325403 2.24026044003475
0.44048148705151 2.23067498232668
0.431484407147987 2.3200113901818
0.424723187727862 2.38529201952715
0.433635816455293 2.29851189564305
0.428270623542687 2.35177244227175
0.440407314844105 2.23197852874773
0.431989236805152 2.31354831891546
0.427666955209883 2.35942695662857
0.424432547948654 2.39648739979885
0.433543734716796 2.29726430004093
0.434411968715356 2.28415586794925
0.428398318219939 2.35406836658877
0.436704111126298 2.26581628186428
0.43052862996497 2.33027413718171
0.439223418587331 2.23888920948405
0.431860389604847 2.31393215727884
0.431164683069521 2.32185817002292
0.431173228098228 2.32183699476444
0.436102648233811 2.2738734128536
0.441376177410063 2.22302136815986
0.439345141746958 2.23897531448228
0.434660549240815 2.29183960289077
0.431125501955503 2.31871688450768
0.43753913919401 2.26488460016758
0.430647653423098 2.32658840519751
0.429304342180903 2.33983239784177
0.430911258489906 2.3254418682332
0.44141933027207 2.21960862463844
0.43622482673858 2.27226339530659
0.434634867108429 2.28543257883693
0.426717900016626 2.3672683176474
0.433602918963912 2.29662283639805
0.436120135577314 2.27282761066578
0.433751684961428 2.29562146361781
0.438285223760776 2.24916334853133
0.440974815935921 2.22697395846372
0.438621847272654 2.24517179791409
0.436191507032749 2.27282975257577
0.424915512060168 2.38620690411037
0.440243498631861 2.23173095142322
0.429262828894536 2.34063611427054
0.438027113550555 2.25502697746745
0.436249322756454 2.27094638194749
0.437705797176783 2.26003921365584
0.43795083519275 2.25687781410779
0.428512188930837 2.34940402963927
0.428119514406295 2.35571928294158
0.441324263233397 2.21930996013584
0.430983455987762 2.32168173565565
0.439271196024001 2.23614272145746
0.432925696331342 2.30778188469473
0.444918016087969 2.18598417325689
0.44066709962923 2.22336266402276
0.444202193857716 2.18479400861611
0.42591391046543 2.37168814504695
0.42872237754403 2.34712577558984
0.435564657376308 2.27663996266904
0.436326390526474 2.26760611021594
0.437463950434822 2.25896391799986
0.427961737744373 2.35230234520828
0.422372798315548 2.41354343869679
0.430747140729593 2.32921314896068
0.422031149305132 2.41212460779217
0.440603036980059 2.22990047689967
0.418764466261185 2.44522015502258
0.433031645233509 2.29922556863877
0.427435132793708 2.36315527446206
0.430730383723882 2.32409553916897
0.427039659928951 2.36038986188826
0.434738806867638 2.2822691353481
0.435776634683226 2.27578141124483
0.431290061000783 2.32438897642634
0.432221924462946 2.31058478935474
0.428403969646365 2.35136605751967
0.440185637464512 2.23295460185067
0.443306308148476 2.20401214547088
0.430616761069821 2.32656179457014
0.427838097835294 2.35931497150996
0.431773629093007 2.31779590746418
0.433727814759936 2.30021127157728
0.43830064973633 2.25400551623817
0.428332380892685 2.3492408581454
0.433436250128878 2.30121367363757
0.436485904649561 2.2678727015165
0.431246745016262 2.32441011246675
0.45126384599328 2.12000869688204
0.432996547945646 2.30475129657777
0.431702477341876 2.31719157115334
0.425790286106912 2.37334501145482
0.428923854805888 2.34150987800454
0.429236082135804 2.33952541187632
0.43941425695363 2.24069342120507
0.435630605328565 2.27868682279892
0.440152289672991 2.22794889674814
0.431681222977997 2.31949504096403
0.43866399355741 2.24808350045146
0.4279059114602 2.35475808467149
0.42604161101266 2.37365239632485
0.447302416022032 2.16188783848543
0.439849405482917 2.23553879082414
0.43381911350421 2.29323862576533
0.430010053854647 2.33866415592335
0.428672665056502 2.34891106852117
0.434811057825481 2.28190855758557
0.436178008648839 2.27691129901834
0.439897929895999 2.23423278746684
0.439641539018559 2.23460575534511
0.443540588416071 2.1961903740271
0.424438214739783 2.3902394303448
0.427211017378899 2.36918203719251
0.428378086079803 2.34551986209533
0.438973154348776 2.24323952204425
0.439704967962022 2.23760316641781
0.439866580762741 2.23356446616932
0.437726485593076 2.25984602859124
0.426328756139739 2.37199590447311
0.428120958646129 2.35427959587848
0.436750463688309 2.26908176131621
0.441157031179217 2.2222645950432
0.445581257038255 2.17331238082788
0.442150801100791 2.2086154836169
0.427836132446908 2.35721168710979
0.431482445390044 2.31945502046899
0.444293152922858 2.1873754044505
0.424268979140212 2.38942758942659
0.428719651195419 2.34259232382405
0.436284664635844 2.26998358694142
0.432566220352033 2.30758283606843
0.441080512781104 2.22790217396642
0.436459127049118 2.27218743573498
0.4422568064573 2.21119003882012
0.431986455318682 2.31704540617463
0.432409035939629 2.3051693200993
0.430958969563644 2.32538520962894
0.433471253088147 2.30255142105613
0.428770996765947 2.34739568678752
0.44326414932494 2.20031547006479
0.436231017766296 2.27343796755669
0.430009740088625 2.32940621562335
0.43297667673536 2.30524791530247
0.440745152434292 2.23383741844141
0.438483272144348 2.24548211735999
0.427844645426295 2.35785159868191
0.417277544804445 2.46262727658874
0.436737970994868 2.26204973138246
0.431773568777529 2.32003474954762
0.433279739748269 2.30240319776873
0.427559114592064 2.35764012630706
0.440544447731628 2.22969933649202
0.437718104745749 2.25473413567934
0.428621088089254 2.34545233778214
0.426879822120301 2.36295719967791
0.430832083353441 2.32280006340672
0.430952252407595 2.32572594657774
0.436769591423426 2.26672147024715
0.438472725521639 2.2453059139076
0.436285577961827 2.27004907473491
0.425334477464869 2.38115276730833
0.430878036244554 2.33039115979597
0.440486184310735 2.22350594912714
0.427590533032565 2.36032161626333
0.425419814315871 2.38354236918207
0.423554097372311 2.40003132699601
0.436492879715126 2.2714044877694
0.43078853238557 2.32594353862358
0.43283795842616 2.30195792982555
0.435458234218444 2.28146791266449
0.439949531805271 2.23763912667113
0.431833933383141 2.31570164154391
0.432215927169155 2.30921520173143
0.432158015592422 2.31288800982386
0.443632215333529 2.19417554651602
0.427542872119644 2.35680824680746
0.428012843552232 2.3526362644995
0.43462880718592 2.28960769510393
0.430400220673193 2.33221361175762
0.436280505873739 2.27235995969587
0.438737041471444 2.24167265528051
0.438227553397599 2.253478702258
0.435635866187048 2.28228765138097
0.428855953544516 2.3448070007894
0.42383408815525 2.39000043014443
0.431805646435552 2.31699942143489
0.432211421094893 2.30884570410739
0.444673964525101 2.19094412879913
0.435658857647829 2.27655197150785
0.430944574009633 2.32715657699943
0.435751602902452 2.27753069247479
0.435935932918054 2.27636283989164
0.439700633189949 2.24446491015551
0.421704219393562 2.41660057168476
0.438394702436986 2.25169428594109
0.433883169047033 2.29957550885238
0.436033468416039 2.27340141692283
0.424690489198462 2.384233419705
0.442692875387222 2.20574935660947
0.436111717661771 2.27240162401603
0.440254109174504 2.22475761387562
0.427426692505533 2.36928405418053
0.430320877212681 2.33685856347615
0.432106867151673 2.31245576053905
0.438682669383426 2.25113417792713
0.424375434732755 2.38638353366396
0.428813256781801 2.34895293458355
0.441098663502341 2.22485843603313
0.432394034346092 2.30620544725906
0.422724568613045 2.40160330172891
0.434020861186759 2.29056900708098
0.442257780933326 2.21667994211805
0.437951087260601 2.25522805451243
0.43168184999172 2.3196512921089
0.433163111408718 2.30366728487502
0.431394313461134 2.31483700781301
0.439778940817906 2.24053211196391
0.435962562554107 2.27245800171083
0.431628886316731 2.32597336816872
0.433218547963782 2.3042132750164
0.436870079433304 2.27032233155185
0.43022931205487 2.33394527196332
0.438186819960382 2.25069458158793
0.443954302030071 2.19684943584216
0.427448638679182 2.36075924123755
0.443801185753634 2.1963582223369
0.437344319368703 2.26330822316142
0.439124511478986 2.24387331085286
0.443447520942329 2.19714225822859
0.43635249132279 2.26710609659786
0.425066349037061 2.38475796776267
0.42630546068682 2.3763519340857
0.437171776169571 2.26257917206568
0.426566705245317 2.36698099944588
0.44916205197357 2.14079029862044
0.431339839115466 2.31782202423061
0.431704588326835 2.31567942732135
0.436699700756078 2.26693118830638
0.439639717843515 2.24082937963626
0.443980296725393 2.19620920858415
0.437057994828515 2.26148420542698
0.428669341181305 2.35074202218296
0.425073285533031 2.38851787256145
0.433600365495616 2.29760908299901
0.428102780172156 2.34804859329285
0.439548981081529 2.23806811084795
0.429574219352115 2.33620675002404
0.42865271576057 2.34548875757767
0.42918013410901 2.3402295725268
0.428181157668721 2.35344471626751
0.431684836159605 2.31754693885163
0.429822987339068 2.33716990568123
0.427534635453223 2.35779469724065
0.421561538402576 2.4175957586589
0.439763305509319 2.2365904317591
0.444121077235249 2.18953666461645
0.438720388619076 2.24693534752325
0.440490738079632 2.23206955269317
0.41795723350931 2.45581676010286
0.437199855143936 2.2617400113031
0.432186463422525 2.30853656603529
0.435413783263476 2.27581754893743
0.44192598962786 2.21802187924582
0.43169000782653 2.31539961303632
0.445311762109048 2.18134488855899
0.433206566468298 2.30083022731152
0.438148942116565 2.25001797093674
0.429498379565416 2.34096125410382
0.429693105995028 2.33979504571865
0.435564719460679 2.28253335772881
0.431520250583516 2.31555492983765
0.420740891767377 2.4282026571875
0.437168635346368 2.26259383981086
0.435529634596874 2.27932508386452
0.439728367724854 2.23469904553633
0.427229566810383 2.35910329212809
0.43452670466792 2.28977068410435
0.43462815039349 2.28609391170592
0.433462687853772 2.30418842923089
0.436589024817094 2.26877761292556
0.441708721157786 2.21642058130675
0.442374559813006 2.21012010704363
0.42642839116462 2.36931764089099
0.438355099464152 2.25016723381146
0.428010998339397 2.35368817263389
0.431849664352552 2.31834798920468
0.441908149166035 2.2165240644848
0.428921115953604 2.34086003078783
0.421926863574376 2.41432318650253
0.426154733206194 2.36550005970117
0.433952449669148 2.29425296214333
0.433273685576825 2.30112622793995
0.433548687917296 2.2990142452685
0.428075954731267 2.3563574550046
0.434585172155693 2.28103238757444
0.432171259132695 2.3111160363432
0.428769754951344 2.34484862885446
0.440086710137484 2.23258535064649
0.429323577997804 2.34171863084006
0.430770573975067 2.32882924093798
0.428522865523643 2.3485886294681
0.439540373575948 2.24238179270824
0.44394404174025 2.18880062009605
0.426830692380313 2.36935657433505
0.439016338047612 2.24449748791214
0.426126576147443 2.37848650435958
0.436640505473264 2.26965975486254
0.431689892477671 2.31841698784094
0.431898624922341 2.3174957829985
0.432715744417746 2.30080676146334
0.434598485375496 2.28915248829799
0.428450026310115 2.34889190388387
0.439110212723312 2.24506914616262
0.436926024359326 2.26247456576121
0.440599300775715 2.22845966579975
0.441634482621812 2.21362817430546
0.433908761569988 2.29534560191985
0.430377025074152 2.32881955937877
0.437044930801246 2.26210040826692
0.431575603003969 2.31768866472239
0.436908018241559 2.26191810236488
0.424902229829609 2.38506577754634
0.434580908542625 2.28378781918152
0.424585459347704 2.39058703123447
0.435897477865678 2.27741531550099
0.430708022651076 2.33107774962358
0.425606713484762 2.37803929013508
0.43971192336163 2.2346697451628
0.428228404285902 2.35481600114832
0.436842869725138 2.26616892314302
0.433404800109916 2.29356254793208
0.429227462006624 2.34115150078765
0.439431917558925 2.24300721879617
0.431722329930938 2.32147681467188
0.434840673828595 2.28132126023767
0.429954535498607 2.33527117343192
0.425540627592366 2.3793583567452
0.437393466324706 2.26283726823392
0.43494099127013 2.29064145591986
0.442540850765721 2.20885273098737
0.424167096101035 2.39044912297317
0.440621597712263 2.22907343032641
0.436925435449414 2.26132510715378
0.427177632501151 2.36141617530859
0.437617206435153 2.25631372875673
0.435806330401874 2.28133335251384
0.437150760108654 2.26797622508582
0.448533030577142 2.14804895162289
0.434349925546863 2.29680588287216
0.438844014597684 2.24433793337783
0.43598590972095 2.27253013401201
0.437518905423208 2.25470476020777
0.438017001483182 2.25258973899607
0.432291644340435 2.31370697945583
0.43213536913686 2.31371019708072
0.425168855162865 2.37897037540354
0.427394862886645 2.35557949003401
0.429394809061876 2.34070298707577
0.433116662624008 2.30403090270226
0.425806362034329 2.37784742220512
0.437618120899898 2.25595952187118
0.441326533453176 2.21974111327284
0.433319132214789 2.30063559539006
0.434359010891414 2.29132251156886
0.435138701326792 2.28236477493804
0.439370940455972 2.2385723393308
0.423973156294089 2.39596110711316
0.424102861446121 2.38712216217024
0.428268153938035 2.34996170804583
0.438936397950238 2.24389481897609
0.431853709656327 2.32073005933973
0.430766891302105 2.325973619217
0.430516071333447 2.33128790170086
0.42665382479334 2.36517728010132
0.436971114281156 2.27142911127599
0.430650275529996 2.33009008731397
0.438335596044312 2.25022941327907
0.432101659464421 2.31307928007606
0.432391227436674 2.30950476393018
0.425428802750872 2.3813255243055
0.430251041587711 2.3326677650238
0.422628960099217 2.40764333272701
0.436024287075819 2.2653469538287
0.430261786305538 2.33087568038211
0.430097892113653 2.33056708743075
0.436648939038147 2.27035521454502
0.438736821522616 2.24944715583657
0.441902595943008 2.21851681213926
0.438273931505032 2.2510988022537
0.434356948640409 2.28886414935975
0.436181443025744 2.27509892536387
0.448982068026649 2.14615055132525
0.438599330977173 2.24799435140185
0.425438175338725 2.37971569070401
0.442627999187094 2.20495507775054
0.444860726986603 2.18828652262732
0.440086803988541 2.23413294073995
0.433514889007888 2.30124263855182
0.432850421894909 2.30754692187528
0.435994892028576 2.27370912090203
0.439061306495984 2.24128735952363
0.441649863470044 2.21671792000978
0.44322017817944 2.2032593586997
0.427063828170971 2.36400598084755
0.433272866999093 2.30061062294484
0.428743875796621 2.34603004093422
0.440783442093479 2.22335648605527
0.434706778247973 2.28652872120288
0.429884122546686 2.33373545581105
0.443738281806233 2.19608910441583
0.433847847180841 2.29190055550503
0.440718720714192 2.22525660017678
0.430384434526443 2.33025407619793
0.433911460669263 2.29674843121638
0.425913375030605 2.37347984723484
0.428716193086543 2.34783383525245
0.432769542232818 2.31191574295169
0.43662997317726 2.26883359943456
0.426931561644594 2.36371309821232
0.437312717723238 2.26058615185984
0.431962449647115 2.31384275518041
0.428314003630569 2.35012711335372
0.441963997459887 2.21586760758308
0.4317791665596 2.32029199835112
0.427191537642428 2.35822206916123
0.432637290978089 2.30799820892345
0.437892075696777 2.25701378124189
0.427969921055719 2.35511436709715
0.432940456795665 2.30271840939157
0.433396073018907 2.30265042427874
0.443032681560099 2.20300782812986
0.440058205494305 2.23859207891966
0.440580294810122 2.2253054810107
0.426121684495838 2.37012852178565
0.437469448083374 2.26038023830529
0.435524628653284 2.27885769671615
0.434332588191119 2.28672232000287
0.430823152385649 2.32508295655403
0.432834271458934 2.30297796278871
0.435275567603798 2.28119165545092
0.430825829383006 2.32116886824107
0.426530313438487 2.36798119552255
0.430924251435725 2.32096257816715
0.436842231363865 2.26570683567832
0.43459552183594 2.28483450371497
0.440874600612479 2.22938238508855
0.434179252503695 2.29164785754495
0.427298796451259 2.35777979457799
0.437207737977547 2.25760310897147
0.430167103679995 2.33489551068377
0.42084116442767 2.42502136688118
0.435397426274027 2.2777721806633
0.438477565286679 2.24834990789388
0.418580148678236 2.44921066001864
0.433152106657485 2.2963057078752
0.414112123297541 2.49203216237849
0.434864562376419 2.28604999017581
0.43386270469966 2.29203736657708
0.447572618918819 2.15747703241999
0.439195301776233 2.23796619110874
0.422624294693269 2.40810042176685
0.436913249539469 2.26783769082637
0.444246048502011 2.19406957146934
0.42482531327422 2.3823775568235
0.422761487924132 2.40557491073161
0.438772432535595 2.24716823090991
0.433757716499641 2.29563341397217
0.438449463813944 2.25051791713305
0.42872744906982 2.34981527178871
0.434696206638064 2.28991268522646
0.434233216566398 2.29131298657803
0.437951389486559 2.25583840071892
0.443306539157381 2.20305509098523
0.436328854677654 2.27263757066965
0.439379104544629 2.23777061276464
0.427935584721154 2.35552832787536
0.43251034597024 2.30974397914574
0.436276414284119 2.27066466274319
0.431647675567164 2.31600833389595
0.433599294157934 2.2967746233126
0.429566275712234 2.3373368980027
0.425912843778111 2.37001760943015
0.432946819723655 2.30417997824499
0.424244525468692 2.38886992713167
0.432346849467167 2.3086234903666
0.423162215786936 2.39260588321949
0.429087190267874 2.34087864524672
0.437700588219683 2.25757750580839
0.425477999174621 2.37789457450884
0.434116505561875 2.29321212046838
0.43007454587683 2.3320702238196
0.430159907194353 2.33004483942212
0.43585465465925 2.27769391852238
0.439301202062697 2.24190020586712
0.438341232692165 2.25246891904609
0.431972847082864 2.31091191197525
0.435252452223061 2.28202375442356
0.435026474670709 2.28242352265713
0.436851664629013 2.26791020283111
0.421204264769345 2.42379651409563
0.433013526066655 2.30382521497681
0.436138966248986 2.26894523034427
0.43569365835759 2.2757247331693
0.437214169294903 2.26357531978215
0.430432451707782 2.32869672928547
0.436778087635968 2.25954603763844
0.430043088503459 2.32751831807071
0.442066063588177 2.21716219605842
0.43688797876396 2.2668294547674
0.429943483875728 2.32946905679639
0.428775055062794 2.35082275207374
0.441371542663661 2.21321860673343
0.428663722501471 2.35579909826204
0.436217532270986 2.27072012362636
0.432471513391995 2.30963475201256
0.431740458800105 2.31235011061836
0.435717670270516 2.27756221871803
0.436491589728845 2.27137981805036
0.429539907558196 2.33838832432758
0.426294903141141 2.36795906818698
0.436409359038059 2.27054686564422
0.435374825216143 2.28318441659925
0.432733287785801 2.30880584805324
0.438205169488686 2.25648823456044
0.430854339966964 2.32366064612775
0.433801781795805 2.29645196146941
0.429238540025071 2.34483277274446
0.432574927875292 2.31055618955692
0.424004810648133 2.38968720566958
0.430514280379328 2.33087518729502
0.422898748950068 2.40636784356825
0.437719143867002 2.26122634774604
0.433919089551717 2.29765284706279
0.437264765632893 2.25696719157609
0.433958739603922 2.29337320833674
0.439072719576744 2.24224248042384
0.442563048282928 2.21034274653761
0.436908247310943 2.26352784021718
0.434784080172313 2.28459892995923
0.432915299998457 2.30316052809888
0.44082503569966 2.22307976627119
0.436802752828648 2.26531585537861
0.438876167726641 2.24710258347924
0.432844364978537 2.30699870606898
0.433591984303761 2.29424733126632
0.449374234957196 2.14339064080288
0.445661301213831 2.17976871538925
0.433751816060445 2.29954729678443
0.43498929137053 2.28540369951651
0.435654794458265 2.27699021442946
0.43053983280167 2.3275723624088
0.428905545494142 2.34283614837588
0.434766184117599 2.28852131616703
0.434293274248736 2.29076285137918
0.431461287532164 2.32182303746284
0.430352770887875 2.33188138174559
0.433836821853564 2.29194240851135
0.441246913793086 2.2228539677704
0.432666178779048 2.30557958390827
0.429017243146098 2.34689827970992
0.432907290885135 2.3074316725181
0.424996289615419 2.38356434968716
0.425400421472509 2.37805676828579
0.441462491601807 2.21812117711384
0.43669575090109 2.26563953960105
0.434382914492804 2.29058638843139
0.435952690857971 2.26945640241263
0.436530162233244 2.26616566520416
0.428012572118189 2.35693521451129
0.430316284733846 2.32838260041365
0.428032963139409 2.35204108173488
0.432966038607158 2.30922787461434
0.429416386933792 2.33991745598069
0.432189241374576 2.31349117196906
0.435550895205326 2.27455381397178
0.440536098474453 2.22634615347708
0.429623378662666 2.33794507767733
0.429555120319319 2.34143040767574
0.424328380105926 2.39192235545101
0.435352118890831 2.27863063450247
0.435585102168252 2.27663574785894
0.434553501552417 2.29001589672519
0.432165504129577 2.31033632980374
0.441988690132199 2.21750740817027
0.427995044470331 2.35304462036693
0.437212841314937 2.26000193055146
0.427537845646798 2.35838124105196
0.438784960251447 2.24575625400309
0.42676719191714 2.3669715049378
0.436199990073898 2.2668536287698
0.429086526764159 2.34131266050425
0.431158008476754 2.32478349542554
0.431472575439547 2.3163949317898
0.439568988456385 2.23628355405607
0.423554889153672 2.40104624822269
0.419971654244886 2.43696102733225
0.43593191083316 2.27574711029914
0.430809065024834 2.32520947777263
0.424616655053432 2.38996767044693
0.434595976173853 2.28783905977017
0.440804846406861 2.223202802135
0.445030517738968 2.18172637843241
0.433944725247044 2.28969436088721
0.438401566685976 2.25146582238403
0.436275614523782 2.27321923965314
0.431431648644083 2.3252121078884
0.435194848757838 2.28254423700406
0.429708488351592 2.33373126533961
0.434794028059409 2.28572782516924
0.422110238451044 2.41108268862088
0.429787411046876 2.33638922711611
0.435650665456755 2.28375813298974
0.429445963899817 2.33637465743897
0.43917737259313 2.23601400975766
0.43047207970194 2.32584472308532
0.428124854121824 2.35910444650738
0.441581310310093 2.21894947918461
0.438675997854998 2.24598923161552
0.433958598556336 2.29266794093787
0.431032321610832 2.32164401084119
0.436233560781088 2.27288812398236
0.433106943477619 2.30018102911755
0.434234221290807 2.28975049479548
0.441614020460261 2.21719351038749
0.442510410956088 2.20928875813311
0.442411742171076 2.2103995792742
0.435337742358865 2.28575739348433
0.433463969182779 2.29936067694375
0.428259974312946 2.35423262545357
0.426157221171927 2.37249726872809
0.425571359477503 2.3772006029649
0.438035947621579 2.25358697081344
0.427980990395015 2.35338383167146
0.445599971815158 2.18267040749642
0.430092296173263 2.33596136602428
0.435801631143418 2.27695389829153
0.432084752968996 2.314887483619
0.438397125009551 2.25295611630575
0.428515454325547 2.34796823615461
0.43484677975857 2.28897070508368
0.432071209652819 2.31791756080321
0.426863224294438 2.36421530077303
0.432495292236032 2.31139996026823
0.422572765913657 2.40621019372543
0.420741462790068 2.42991155788809
0.433370092933897 2.29840937534958
0.432913586100504 2.30308270818548
0.441800915184671 2.21622585343243
0.430038504365669 2.33437604701719
0.439970968890706 2.23278559138425
0.435759110327511 2.27446414744068
0.432277716073598 2.31145688342521
0.426759710839275 2.36703538891509
0.433529016249882 2.29527036843651
0.441016217797686 2.22760310355329
0.431132097819868 2.31976911811061
0.438208738269714 2.2542229041238
0.432080730961232 2.31678280551574
0.433263302834723 2.30127488982418
0.439055561940619 2.24588325826627
0.430691183255749 2.32443024633736
0.432612629801935 2.30958774316969
0.434494053335507 2.28668754522003
0.434954160204479 2.28574536664672
0.437751699907345 2.26280337522658
0.428935227973237 2.34539916837213
0.435005879223475 2.28057324420398
0.4365217297309 2.2703849323533
0.436210276016967 2.27572836397394
0.431435482837874 2.32118026539752
0.436982200089869 2.27010404803276
0.429554895969617 2.33966162095348
0.430782176618017 2.32791827083572
0.428680590812523 2.34922700784007
0.44046918326194 2.2299188705925
0.438046088496576 2.2547498371226
0.439936412580445 2.23337234180485
0.418778954668495 2.44042819927862
0.438728221459166 2.25171575560864
0.438995896691749 2.24353496126916
0.444660533941277 2.18460771221074
0.434323488267934 2.29291326814675
0.442480669126077 2.21067560713734
0.435523654301386 2.28453673407779
0.434402113141398 2.28575624669908
0.428574429172085 2.34318633541189
0.442466622358474 2.20783562007671
0.438600903386374 2.25191516753783
0.421982556435781 2.41036920447273
0.436812366003056 2.26708467720067
0.432956689102602 2.30516468821464
0.437470272993899 2.2554498983196
0.425557483964878 2.3822674732813
0.439019720348505 2.24462810172304
0.432636338328671 2.30846041477301
0.433115184333485 2.30138440161127
0.432217531087474 2.30597079785297
0.420078322219315 2.43254294396328
0.422013826004192 2.41314768749325
0.441002739729982 2.22353611905356
0.432558618061978 2.30696602118208
0.434643878385313 2.28998039822336
0.430579228834971 2.32606702940334
0.430159178178978 2.3308903909544
0.438587054026043 2.25265629684364
0.435896090855636 2.27421013560742
0.427215655546502 2.36127270485452
0.427389911094495 2.35822582988343
0.438700675308053 2.24746269079271
0.436535485405845 2.26923404377328
0.438395662193734 2.25218548922623
0.43405462622085 2.29172228517888
0.444311144366905 2.19164123339624
0.430826047602605 2.32794076309906
0.430069387242249 2.3314228377961
0.442897159573816 2.20026276779599
0.421813603594053 2.41627503454894
0.434094188916329 2.29590719010842
0.426063656160833 2.3784187194812
0.437385903010498 2.25879084380052
0.435074746243769 2.28346643481121
0.443376525930205 2.20353099049118
0.432767761770618 2.31350609432659
0.438133513372738 2.25096613832757
0.441660308268311 2.21989187247447
0.442209849866255 2.2148179959976
0.434597798942222 2.28894231263938
0.435213393779829 2.28019561064059
0.426549803405814 2.36676469907928
0.439745349383609 2.24169498412262
0.428259153751448 2.3503685404516
0.438167700053349 2.25130262738384
0.429757397953898 2.33670955662783
0.432243056084154 2.31371840481276
0.431161690372888 2.321722865338
0.415624469482018 2.47693004899451
0.429182695245921 2.3461622726606
0.438771589934397 2.24378814852469
0.428875524800663 2.34317517299251
0.438275295904616 2.25184594118638
0.431060643116437 2.32340112900305
0.42235024508024 2.40491204027023
0.429692598754088 2.33842904971452
0.441271622220421 2.2241217089239
0.446356846213825 2.1704887828715
0.438633665731197 2.24601918170597
0.438567239921924 2.24703151758148
0.439683174248145 2.23579830143608
0.424886444152908 2.38725550389846
0.428882632196376 2.34534296957519
0.434321328650577 2.28865095893165
0.438546906731266 2.25123531616684
0.432029306105554 2.31546447762053
0.44028455917942 2.23507140676492
0.430572145507311 2.32504207306657
0.436663287035264 2.270531002092
0.434518201576964 2.28851366010193
0.435168543300201 2.27676873420702
0.427700298777706 2.35477431401601
0.431300915336916 2.32131098689617
0.431799704768243 2.31700729040023
0.438015510162243 2.25355588193463
0.435318862649425 2.28234214251895
0.428029320653608 2.35714889709956
0.437041562299637 2.26547766645469
0.425752478740568 2.37449785220136
0.440784706024829 2.22689467573896
0.428166938270055 2.35424622366952
0.427097081070174 2.36341785670499
0.435604539305192 2.2794586616845
0.425927945476512 2.37140811984721
0.437282017709401 2.26317130081522
0.428892422553223 2.34719791077039
0.428821047324165 2.34826568148395
0.430979685335598 2.32616443092523
0.427376951419409 2.35429763054816
0.435882177708793 2.27753125159268
0.434742797917187 2.29094283656475
0.430150569466034 2.32925481424445
0.428426243924884 2.35176188778325
0.432951494806363 2.30765942960744
0.431746994388509 2.31736847742912
0.434371547821677 2.29085044242241
0.437896237739181 2.25531064452829
0.431505076884451 2.31989190873858
0.440707815581923 2.23155371147673
0.441174184170402 2.22443719800737
0.429451172884109 2.34161129708113
0.434495095949098 2.28423281989688
0.434600691123623 2.2879233730334
0.430770652725635 2.31784103867329
0.430871907945038 2.32562935799193
0.433672693549298 2.30452324963944
0.430840871290047 2.3294166461247
0.424870122577396 2.39047716298088
0.421822437177738 2.41607516985407
0.436742743526437 2.27119681624638
0.434716751680906 2.29078438096364
0.435674980095793 2.27946778130519
0.43470360249921 2.28613198915234
0.428595686031353 2.34908859795617
0.435152000913992 2.28476070845151
0.43328923032984 2.29533382397507
0.436685764395727 2.26851994468507
0.44791107443826 2.15724056920916
0.436155674689808 2.27667261236831
0.425667674409931 2.3788931588838
0.442842078257314 2.20823291491396
0.432228588377595 2.31157677292373
0.433708521876891 2.29941796568348
0.44250219840101 2.21513481126157
0.4336592463473 2.29719395469123
0.43225222263868 2.3109051268976
0.428225707616698 2.3472638560078
0.441291995194491 2.22061746139915
0.42762538969704 2.36196298509958
0.43618565243476 2.27363095907262
0.434483713033805 2.28882822698316
0.440083211417123 2.23088344757459
0.436629155160739 2.26628517166889
0.435998989301198 2.274683005686
0.440439447038799 2.22175295524079
0.438711045962546 2.24642515390022
0.429901121861242 2.3339108791373
0.432239542871999 2.31377242241583
0.434795246925501 2.29107602643594
0.432468812595556 2.31063949035968
0.438338352406014 2.24927498751973
0.438494020427486 2.25288939746905
0.432500042518477 2.31393745276579
0.433855212433043 2.29377975764462
0.431239304317185 2.32614092621245
0.435814046145099 2.27605562834554
0.430630360725771 2.32905795161259
0.424522258307153 2.39172724114841
0.434017011780602 2.2958030453522
0.438808234276314 2.24973657932652
0.443519344218823 2.19703368080259
0.429613518676567 2.33902491138699
0.435495083326292 2.27593300897541
0.440273297214443 2.23160814773884
0.444275538806674 2.19049417682963
0.433453247903151 2.29825882384559
0.430560190547408 2.33188537012167
0.433619016911678 2.30190164453369
0.429682214602431 2.33204385127437
0.443898572209319 2.19335081487475
0.446680663103287 2.16574225311328
0.435419102567296 2.27601972539524
0.443321661218801 2.19982323112709
0.437621834428925 2.25894670384295
0.440570125826753 2.22856123826118
0.427989510110252 2.35411987797603
0.438956684530225 2.24366231817955
0.434554071867943 2.28619556474396
0.430253695713083 2.33232809553956
0.436084447026867 2.27621551261961
0.436499080458554 2.26871386120565
0.441087524829644 2.2203889858438
0.428484337221657 2.35450142356891
0.433155884626185 2.2999464004187
0.428715288560044 2.34638936734486
0.433634828234319 2.29702578463144
0.434552235567065 2.29036823010905
0.424821514886031 2.38663998706948
0.423741459370132 2.39315340234494
0.429602856111772 2.34446972711742
0.430707195477737 2.32434942315393
0.430478345092156 2.32607238950037
0.431198913676298 2.32269437406751
0.428297518443801 2.3512441032524
0.434665195149507 2.2849465680654
0.433835346393334 2.29917262832585
0.430797842893298 2.32463242800963
0.445274489934512 2.17897965597951
0.443051084452142 2.20589445234327
0.440121688225844 2.23092752791631
0.438642641432302 2.24537758226615
0.439808731534649 2.23233918265327
0.43004301710126 2.33154885033408
0.434493825998167 2.2911040731202
0.437728144176198 2.25465327519779
0.43813753397617 2.25385112300185
0.438505965794744 2.25201295607527
0.437744409937868 2.25523774496738
0.436280509873312 2.26946826337705
0.428954436238231 2.348081465357
0.427944794991243 2.35434387888206
0.437696942277978 2.2573463188448
0.429152632850193 2.33742585410788
0.438868174643554 2.24579812516521
0.448034288283066 2.15710405425499
0.427960637239632 2.35464212813886
0.436038669774179 2.27831667485807
0.43478580801606 2.28702116876588
0.434431868651405 2.28109009906299
0.429843175069323 2.33581846235282
0.42803236047087 2.35304070174741
0.440871676081075 2.23061424484447
0.426565845453429 2.3704837081911
0.426846382594105 2.37054988073805
0.425691395349314 2.37755690659163
0.427456784490904 2.35917584993737
0.434189859239264 2.29216915824163
0.435970124198627 2.27888602721016
0.430541849579388 2.33004964070057
0.43524502166254 2.28309487040091
0.439259488934081 2.24418217285597
0.444822432625786 2.18919990425884
0.441697927619313 2.21563170281322
0.434197220963617 2.29174554321536
0.434856313955928 2.2826488136345
0.434989777600986 2.28802414357909
0.433539406599445 2.29684621119568
0.438499591987121 2.24883637812628
0.445262209099376 2.18291065652045
0.432521921375961 2.30532817601421
0.433400909880491 2.29818121512932
0.430805292355652 2.32600875203656
0.441295627032165 2.222082609158
0.442769495979658 2.21111297078117
0.432047829675459 2.31884107224089
0.432947156920373 2.30376237033485
0.4494387009436 2.14035723662591
0.425685335055706 2.37668917776307
0.425745262756103 2.37986539640668
0.440483935062212 2.22332485320186
0.438031903570008 2.25401505282364
0.440456039223617 2.23056609707531
0.428725852463633 2.35383204029543
0.426194643016946 2.37302657584377
0.438204979706116 2.24973563159511
0.440743960420945 2.21987194979318
0.43777637059245 2.25323452282338
0.43431366773814 2.29153106994224
0.43540912564149 2.28012941702972
0.434469135523654 2.29102904618715
0.438168861029668 2.25163270072915
0.444339049391751 2.19362197086725
0.433246092042438 2.29750313824028
0.436328852558754 2.26908944196331
0.44335540891365 2.20057484320478
0.427856604732044 2.35580960720076
0.43907893864417 2.24276769750498
0.433056569669568 2.30077323031766
0.44424512855711 2.19491291066649
0.443270172366355 2.20131533366345
0.430875875968989 2.32730048513764
0.433135495893221 2.30505242251556
0.430724598519556 2.32618775238871
0.434594012354593 2.29222208639709
0.434675966292495 2.28675498948843
0.444899253293636 2.1854833829296
0.430878802790114 2.32347418103475
0.431012639743805 2.32748031666961
0.43470340793907 2.28583552022271
0.438082873380962 2.2533889587034
0.446568552194719 2.17176997639977
0.439230854584524 2.24040108670619
0.441839283936764 2.21672530779503
0.441567092406992 2.21991027642867
0.432890549326199 2.30378451786708
0.436927963315442 2.26018007578959
0.436069072764445 2.27520021706833
0.444866647357448 2.19088792470476
0.431282665567029 2.32215274538276
0.437791936857941 2.24561687063386
0.429273154403784 2.34620400840009
0.432601181813768 2.3051268633396
0.433495461072982 2.30005729911564
0.422969895929341 2.40629126568008
0.440869200969534 2.22711752792113
0.434800801193616 2.28724691543292
0.435648047409329 2.28103287734911
0.43949599121931 2.24154087460319
0.448517014496205 2.14744961584454
0.433622450327782 2.3000079803634
0.430208710460899 2.33218030910625
0.431235748780023 2.31911220498946
0.43141459981234 2.31460909763017
0.437209538582074 2.26119943817203
0.433172257984969 2.30172075279811
0.438178665268906 2.25067667349259
0.428553524436825 2.35169204982672
0.440677900460455 2.23101336656959
0.431048352669148 2.32492081963007
0.436967167652905 2.26806481998249
0.434597599014881 2.29030988636858
0.439095754576165 2.23970187695866
0.430480970110306 2.33136077237814
0.422131861709857 2.40507578391365
0.427105529211987 2.35987811541996
0.427256379272086 2.3642529493166
0.433377361520962 2.3030099116417
0.44512225576306 2.18472729465369
0.434143574313506 2.29121879320962
0.437986782824618 2.25645570962658
0.43527691019167 2.27655335790783
0.44562498480116 2.17742234878357
0.426598268514006 2.36735113357324
0.440604255492874 2.2244449466962
0.425843795642132 2.37546449020488
0.442771653519001 2.20982161779495
0.438760670188365 2.24713550141404
0.443309312533168 2.20187093313773
0.430143768513044 2.33322997124814
0.423739041369136 2.39668845162754
0.440519867705165 2.22224070106404
0.438875514190312 2.24543082518136
0.426179131900259 2.3687808707251
0.430487216230637 2.33295073935286
0.430698639720757 2.32686385119583
0.428957427432101 2.34430064633762
0.429393213167664 2.33910873369922
0.425058778507566 2.37997967824073
0.439585847228584 2.23571872790878
0.431191723489012 2.32172868915
0.438284804975274 2.247081802564
0.436938663765093 2.2662788153556
0.431513749111394 2.31715958312959
0.450398735987492 2.13137573412811
0.452737812202703 2.11339845576038
0.434122675496409 2.28877157121231
0.434376798672201 2.29021457256594
0.43653062590591 2.2681127575683
0.430834046388297 2.32675147995364
0.440700859819033 2.22902154670611
0.432245768352321 2.31132969905406
0.437780924296436 2.25612882960117
0.44499627867767 2.18057502236718
0.436501831976612 2.27276488248037
0.431624323108778 2.31341763941241
0.427435831167308 2.36293035202181
0.436495559837734 2.26619916599795
0.429671520121694 2.33782812099583
0.435812819076012 2.27494206303366
0.435352903187027 2.28293081547776
0.428338174101537 2.35662181875613
0.442521727028977 2.21514548052702
0.434552518694587 2.28719541693177
0.429167565898431 2.34184662217763
0.432452901166301 2.30734485266634
0.436773208761031 2.26495925121536
0.434437483250719 2.29030626347087
0.427284332999881 2.35816884115587
0.443145632602027 2.20470824554803
0.437181268024899 2.26074123901621
0.440044330576273 2.23294748317547
0.43914470032694 2.24223934866028
0.439678571996675 2.24175267180057
0.430262454744855 2.3308403748393
0.434205297747171 2.29262795375541
0.439582215941493 2.23794886227394
0.44028451090777 2.23109815239006
0.426711728407766 2.36729809125655
0.431889470157051 2.31394109394532
0.431093944373389 2.32256495707003
0.425274186319076 2.38412345002618
0.422872298834907 2.40606768773052
0.44202071972908 2.21665581124193
0.434783977559531 2.2875129069286
0.430872608594809 2.32096787759979
0.433018228518537 2.30310020570086
0.43748633121135 2.25597673114106
0.432078825719584 2.31523678345055
0.43543759247573 2.27728033146051
0.433454561698206 2.29789294888424
0.433646852489874 2.29796627546371
0.431339971706788 2.3218840677348
0.432132881547615 2.31067042505708
0.421186364809626 2.41895442626902
0.423308219918127 2.40358847814138
0.436177169831182 2.27815554318813
0.426148479956404 2.37140198911919
0.424828723854159 2.38668632344197
0.44650788283611 2.17304091819298
0.428270662727795 2.35284301631583
0.440515570202601 2.22558833343933
0.446964162705039 2.16157487942398
0.435696135386182 2.28330294239033
0.433160905817983 2.30375971060657
0.437171930512679 2.26861233081797
0.429058723875403 2.33608577525275
0.426686062050475 2.37031682893835
0.438481481318532 2.25216917292698
0.428764408968101 2.34723836781513
0.434611499374762 2.28889417119116
0.437290851885423 2.25948867863793
0.43598724988009 2.27611322854588
0.430890816231102 2.32915734683348
0.438617570619275 2.25145146842047
0.434237541426986 2.28688432736428
0.438732578590523 2.24645182678419
0.431587557889906 2.31678316925529
0.437145014479958 2.2636488682368
0.440607759942704 2.22843280986706
0.429547688446586 2.3398289944271
0.422565406123045 2.40767684974281
0.430982875725325 2.32644961560695
0.430321637149826 2.33411892869809
0.439330221138881 2.23778474085212
0.435310968326939 2.2772967179395
0.444886898794037 2.18891896978306
0.423950779555613 2.39883599575399
0.440271879004295 2.23348014468949
0.437022030085674 2.26995525823206
0.427313852876173 2.36174590583803
0.427298196644103 2.35986155160391
0.429551423353586 2.33577582355756
0.421815886323773 2.41722109637465
0.441516753421334 2.22445991277899
0.432098934329558 2.31185620165509
0.436945390090843 2.26660611021457
0.427315359770116 2.35816999589631
0.445003468648947 2.18351388642854
0.44223186886405 2.21122878224319
0.42890964201034 2.33703970565596
0.433246478729321 2.30618738368727
0.437020620716099 2.2627740421479
0.430736020304453 2.3275372607241
0.433024141173715 2.30322158876171
0.425901689051372 2.37104266668783
0.431279355932084 2.31771977827754
0.438630306528666 2.2480813626958
0.434734299739536 2.28973142031033
0.427145537632511 2.36542970998598
0.436533363352487 2.27394872619652
0.422525549396075 2.4098360504393
0.424280763088071 2.39085936281722
0.432646976663309 2.31000665207217
0.43091812239778 2.32458314021565
0.418474776049477 2.44943599024012
0.437323897034888 2.2575681800133
0.4366744445254 2.26778350346691
0.430389862620978 2.33294785342271
0.43197145339652 2.31265765646589
0.424100840300731 2.3906290008301
0.427490562820373 2.35150192485015
0.433339489950926 2.30117619236813
0.431230736175402 2.32371342131777
0.446006758435255 2.17135630774395
0.428538515753178 2.35057102615677
0.423245259760886 2.3999475206617
0.439756798297419 2.23493254058438
0.438564237453967 2.25169284778914
0.434386123749225 2.29162540660553
0.436622779844511 2.27149746402059
0.42873987390764 2.34797270960928
0.436020880121783 2.27448822830746
0.434482365758074 2.29056751422049
0.433537108949284 2.29820277033546
0.430642709759303 2.32357318582942
0.437236267254834 2.26242676824475
0.430837455925912 2.32591683059887
0.445803345929596 2.17696895132604
0.429310736430637 2.34418468450708
0.427951972961055 2.35361598766434
0.437208963986976 2.26408863933057
0.433565128424238 2.29705310921692
0.432817999236563 2.2986264203334
0.44628254275969 2.17245593780665
0.441906073340803 2.21480671024821
0.432094748547575 2.31180551727285
0.435258402226434 2.27911474998135
0.432447418248444 2.30495733964256
0.437723854555793 2.25954476700143
0.424955705645491 2.38400132577008
0.441914738541235 2.21535591669021
0.442655083861807 2.21132170090847
0.438474151693437 2.24883920948807
0.433484528560245 2.3008009836042
0.432415485050962 2.30279982524431
0.435423729395921 2.28232531093777
0.430974692386107 2.32198805650764
0.41969036013205 2.42936882959847
0.440409549604565 2.23224667947958
0.43317468541121 2.30136148482628
0.4447642933756 2.19046537530416
0.430911100495441 2.32676022353107
0.416574185731417 2.46753730218101
0.438046203812593 2.24943858890208
0.435700594059068 2.27932561961743
0.436440144462055 2.27051636324031
0.433564394730833 2.29534826680517
0.44204306437204 2.21260517419186
0.425523542888677 2.37466759712512
0.434972097238026 2.28383725235458
0.445359899186453 2.17696532192628
0.43530654187793 2.27848823893321
0.434402553975483 2.28746914682524
0.434736743885192 2.28652265261066
0.43505944956218 2.28520577952031
0.438423901408594 2.24964906382273
0.430376390394912 2.33396430360472
0.423158546447798 2.40044081043059
0.436976118680744 2.26638998610206
0.433645120202752 2.29428118209994
0.42655555045269 2.36913738790713
0.439436371152637 2.2378146320444
0.421646078474275 2.40983257064852
0.444060217685821 2.19498126138572
0.431517936754106 2.31268425963701
0.441805081022554 2.21825190160073
0.441913930579582 2.21575031463582
0.434800696421679 2.28458439513456
0.428443306117862 2.34951173679357
0.42671296650263 2.36626215661147
0.433179340894687 2.30508938619805
0.427433313445649 2.36414609777756
0.441514973855564 2.21736090327986
0.43135328733708 2.3241945107086
0.435552725281355 2.27821877433745
0.437340591599568 2.25883731508824
0.436124535037229 2.27376619428789
0.435872122009383 2.27694376972573
0.433391151895534 2.30195471716631
0.434437925440047 2.29205120741653
0.422816299578249 2.40236534643235
0.435590870348499 2.27989351923077
0.438596986778776 2.25087036946069
0.422227369290287 2.41631204844557
0.43979146155962 2.23403475262913
0.441616892183233 2.21806673341266
0.437169308577629 2.25809641933777
0.435225617848218 2.27966942508142
0.435880688834388 2.27482894226225
0.441383301065103 2.21905581698607
0.440733787014423 2.22722716578846
0.436698174656144 2.26734232627851
0.434058387293201 2.29373642249454
0.423251704948617 2.40383100209145
0.432506814938264 2.30821450507082
0.433011673404527 2.30769820366051
0.430579894662399 2.32462960822997
0.439612285083698 2.23927968800908
0.429184787116322 2.3396025165174
0.443388811614434 2.20085666215302
0.435312083258314 2.28125617709757
0.429716234150956 2.33891775875032
0.425937028146883 2.37840824849466
0.430738532055873 2.33137727385515
0.42849345181348 2.35151175343285
0.441165245030864 2.22109939958992
0.442640914609901 2.20502677084819
0.427997052711121 2.35145286514137
0.440893348646415 2.22408892197423
0.431840505484163 2.32234166898794
0.436509936980021 2.26458815124591
0.434984295962996 2.28735972986495
0.424637219111102 2.38747902103452
0.428222781012312 2.34665447206794
0.432701022167009 2.3056280532182
0.431738221755824 2.31784571602099
0.420848186353993 2.42245670990664
0.432595103820382 2.30422391080423
0.446378556777452 2.17498458886773
0.439093259630192 2.24217717269316
0.443529511982475 2.20556127460226
0.444819373899369 2.18775650596053
0.436524081395398 2.26609774203701
0.433463970662358 2.30097549810298
0.443651562669419 2.1958329810758
0.439584967471959 2.24237533887998
0.429614391280692 2.34077764114254
0.436309778757133 2.27215331885306
0.449488290990585 2.13897876270192
0.421243441774963 2.42558214572372
0.43518826624445 2.28669448098948
0.421916709740634 2.41256970837963
0.436532506273886 2.26943227862004
0.439122934034361 2.24842021856969
0.435893849581042 2.27582854470179
0.423140220647919 2.4000248882463
0.427937750420925 2.35539082354353
0.436574091172958 2.26487700265323
0.426529353221522 2.36893294287565
0.446531947145638 2.16772764667614
0.426828752145587 2.36999219825413
0.430679869398923 2.33293528281211
0.423455740455288 2.40074814236107
0.429639345526559 2.34085881485487
0.4239217567087 2.39443443859711
0.433099624676607 2.30011480562427
0.438590527496 2.24941498628328
0.42879874313847 2.34341497478052
0.431935712209534 2.31991657452161
0.427108931303627 2.36266428860901
0.441276695254772 2.22452572030046
0.422691638929316 2.40679855511082
0.431230788673516 2.31930110612818
0.440815837565663 2.22948234000601
0.434003712224952 2.29874183417833
0.432755746272981 2.31453650433737
0.427341114423033 2.36389629893967
0.436741789914223 2.26994744824306
0.429999440134566 2.33628735345758
0.435967015154697 2.2741271763775
0.429674818404754 2.3350672029219
0.441039451875587 2.22041569539704
0.434652902831532 2.28822108157941
0.421750482348248 2.40949450581917
0.435899674141069 2.27580178732795
0.433669845888751 2.29474474472285
0.426522251937835 2.37319253082662
0.434942557829266 2.28709297047613
0.431402037092984 2.32182754684385
0.434636535296663 2.2868942272728
0.438841074753185 2.24374974914127
0.426231106626364 2.37213007644479
0.442663005296637 2.20569297242489
0.445526048774771 2.1782172076434
0.43063119197066 2.32677527549921
0.43803745188935 2.2543141816533
0.436218944642871 2.26749958458295
0.428974118120628 2.34700046749396
0.442796864677169 2.2084211209794
0.434787360471618 2.28472638813772
0.432351009640867 2.30701254224512
0.434932704541051 2.28547397687057
0.437604895770425 2.26412384098309
0.441895064733989 2.21376239624746
0.424375401742181 2.38896529610958
0.424594149306635 2.38326159617999
0.429584582516725 2.33867364784848
0.429151865386063 2.34198320640709
0.447076183899656 2.16786625902291
0.426705858659021 2.36792903119291
0.431194681283334 2.32287635982904
0.435469780751377 2.28222952404863
0.42815369773252 2.34937290103296
0.439906589463821 2.23917913707603
0.434665297736984 2.28549926942287
0.422350275170955 2.40832634714086
0.43188721321271 2.31537172785645
0.436892035087577 2.2626739379595
0.432140499393374 2.32011343606651
0.436180300793536 2.27126608882414
0.439138432480164 2.2376648896316
0.44233102145195 2.20918511595015
0.431953617852447 2.31582021117293
0.432674744274429 2.30665544124836
0.442807671548726 2.21020587529906
0.428097709541665 2.35171522480287
0.434740532477227 2.29356434595839
0.432457224607753 2.31154358398144
0.437433307049096 2.26383831254439
0.434107864437729 2.29515754144642
0.430147272855896 2.33011558739162
0.435334881774053 2.27768559699232
0.440244466752418 2.23538436007067
0.437536107094395 2.25469057779668
0.438268419076074 2.24995421614051
0.431760881166583 2.31297553083659
0.442497123174125 2.20887162163998
0.430443243449619 2.32670140244516
0.43749703037558 2.25980696507164
0.436619782049385 2.27477927823381
0.426058850440895 2.36978843167102
0.436607906842243 2.26789418869543
0.434244038072769 2.28811461002897
0.430157013469587 2.33007501487657
0.442667616931492 2.20511885727369
0.432860846427492 2.30244541322003
0.439987549790255 2.23962709657158
0.428191551061307 2.35418215238897
0.426749218025675 2.36773814400701
0.434613906381106 2.29117064155107
0.425595675228383 2.37701393847956
0.423023339235478 2.40777554586457
0.430898686381763 2.33023264344814
0.431536725543398 2.31342289912962
0.433947759707498 2.29683633358024
0.416188378336933 2.47515969201516
0.436182705164764 2.27361302261937
0.439540675492968 2.23916316690112
0.429356862940981 2.34208562699896
0.433553024897456 2.30103159097285
0.437423087908045 2.25886639293785
0.433563840561808 2.29416944816935
0.434389834045341 2.29482665784632
0.435144779948844 2.2845283370601
0.432700300672594 2.30860425697158
0.432842260442629 2.30603738920647
0.450477081375709 2.1266656471696
0.441888700870715 2.21851133447494
0.4394386157987 2.24409945464604
0.429051172349239 2.34444905063702
0.428482681295576 2.34561158326197
0.433271705692288 2.2997986880414
0.436036255350904 2.27180236841705
0.435978064851423 2.27749762870285
0.439224740778893 2.23868109080438
0.435913466807167 2.26915922173571
0.43225376037471 2.30064019595223
0.431082577197543 2.3218395659267
0.429909916803623 2.33251860465228
0.424834022660133 2.38603214689868
0.430715176723814 2.33038920736894
0.43462951490092 2.29151451190858
0.437776704722068 2.25435065647877
0.437214775507806 2.26341338883839
0.445307721567982 2.18501875310584
0.435792050868679 2.27698101768921
0.433836454882757 2.2990606354622
0.431478485553522 2.32063712822316
0.434279526562672 2.28816931896608
0.430535858487703 2.33046696904854
0.433052595592574 2.3035271935935
0.42821030575273 2.34900929395629
0.444097276230583 2.1879717258093
0.435286894125888 2.27623337944513
0.436317216210541 2.27032025573693
0.429659241323109 2.33843639687985
0.424419116859083 2.39346078343518
0.432116151275974 2.31027181623173
0.439742884113866 2.23539530633215
0.427295798831288 2.36399888555144
0.434537554718637 2.28726092089662
0.435628399502935 2.27609654405572
0.433171161355803 2.30257367870898
0.434637022929912 2.28317297390917
0.434378715386158 2.28747454676519
0.429000320627643 2.3446509905236
0.436413349174197 2.26950064277635
0.439354177503197 2.24104606492476
0.425024762333076 2.38110199788663
0.435025296031399 2.28693440587025
0.431621996789719 2.31921115016481
0.429450641331927 2.34004740410008
0.437475821505486 2.25613480129971
