0.217921718724978 0.0642793016193037
0.221338986133795 0.0369719359632664
0.226238984048942 0.00297382372693355
0.226348678180838 -0.00658379394795489
0.226421881681716 -0.00218020853417232
0.220779235643442 0.0449588555340421
0.217033937196306 0.0749511379352243
0.221489038231196 0.0352566812797051
0.224874450178027 0.0123279961556992
0.2196162949304 0.0508001192575111
0.222919847150803 0.0212197738052665
0.220431920692865 0.0461873051165215
0.220692787716591 0.044249058471328
0.216897537402663 0.0765928895256585
0.227213184186305 -0.0115037163087788
0.219069722416572 0.0567974661517246
0.21886200567302 0.0599286667478937
0.222472409569038 0.0281575835431963
0.224799173585722 0.00777995454286799
0.219208528583941 0.0537261575319908
0.222108270228775 0.0299953187979757
0.217127696582342 0.0726800658333349
0.222196279036076 0.030735864966152
0.220963806651836 0.0417323429859968
0.225722425777905 0.0042876678047497
0.223192815376569 0.025639172761753
0.21780501127084 0.0651107502858175
0.221813377137718 0.033905508024944
0.222595886742205 0.024412581624551
0.2193972110327 0.0529114093944937
0.217710023455371 0.0658210928874347
0.215038430358994 0.0898978525780161
0.217659162959096 0.0659236301994064
0.216453837964673 0.0760733808450313
0.224587682142397 0.00970860941840804
0.22211087325791 0.0308095588950587
0.221883975237803 0.0340305331647192
0.218384606130113 0.0611269751197715
0.223956504702001 0.0180346065661332
0.218877826216887 0.0569712862426269
0.22301831571815 0.0286942151392152
0.225161607693521 0.00613949159007571
0.21538089893948 0.0826500894359109
0.229288699407343 -0.0280747284056836
0.219822811490276 0.050901613582115
0.217066688287202 0.0737300078740215
0.217308609829085 0.072536333397172
0.222735489238474 0.0268909918239461
0.226219116282762 0.00189933603858929
0.216768425910644 0.0757449366179085
0.224084006763006 0.0182657405033409
0.218273103364411 0.0636151188969107
0.21867590929068 0.0590997909030552
0.221826260330668 0.0327381569895533
0.213382985496939 0.101139839378113
0.215456369147305 0.0852434005228034
0.220856340879565 0.0433268224289691
0.215055743727906 0.0896180105392791
0.216560663292096 0.0792800922549872
0.226600418388824 -0.00579202860846341
0.214082591985667 0.0991925158866874
0.215818502722272 0.086031696242152
0.220888623161609 0.0406529436600446
0.215188331373046 0.0900891879786342
0.217970985684655 0.0633837848256154
0.227276412613077 -0.0113182570260857
0.219343478362871 0.0541130304901903
0.222341113916975 0.0301276741960577
0.212742414281638 0.107224563540474
0.217431611209386 0.0722380517822546
0.217263032021154 0.0717217585339337
0.221639033758163 0.0372743239203261
0.222173741910379 0.0284024414357619
0.22048769764628 0.0417255091831813
0.217192521402309 0.0722672546937623
0.224931362834942 0.00564423267535034
0.220094893736064 0.0503287722868216
0.215174131526544 0.0850831981746341
0.219108376715735 0.0576223754401665
0.21736183033462 0.0706133615908275
0.224046798013177 0.0164726735723416
0.218768871404426 0.0597234816380563
0.218488724919199 0.0612592871989229
0.220018704917989 0.0471368298217184
0.227390224591877 -0.010051233364639
0.2235197853295 0.0191525151663675
0.21797065464125 0.0687904228455893
0.22239430896349 0.0283946153494922
0.22640644891778 -0.00494205693264837
0.212519876383538 0.111458196445403
0.216537943209687 0.0781379812042325
0.223853126279541 0.0155866978723016
0.21493200578132 0.0932150730390308
0.220532071237515 0.0407182233304953
0.220958024789256 0.0422505441384392
0.226056791627407 -0.00865310634986922
0.222245948616017 0.0293555977201221
0.219672981348499 0.0516941575864481
0.217749976539498 0.066190764363225
0.219245096389988 0.0597950670892731
0.22042441132254 0.0463000411097606
0.221234186130749 0.0403513969692359
0.214155710752324 0.0953605066973457
0.21907145619084 0.0603630683457994
0.220661100741197 0.0453882934836433
0.218777735314184 0.0593739240718623
0.221407613448804 0.0379246461811341
0.220901630405058 0.0453906900098525
0.222057492947478 0.029944867667148
0.222518703261275 0.0280053662323348
0.223846616437067 0.0210907174610654
0.217302406095958 0.0686291400447734
0.21516107006941 0.0894185152381085
0.219766906994819 0.0523551064998303
0.22448591748358 0.0109554855888119
0.222984326875093 0.0229699923686354
0.226056438532353 0.000141589713775883
0.22254503201123 0.0286438104067373
0.227054015132076 -0.010623556408049
0.223994027573931 0.0128189601253042
0.215737491918123 0.0867759288346375
0.217963971525959 0.066862458373034
0.224877230497567 0.0116771824394384
0.219179378841793 0.055103498864043
0.216894262525024 0.0742217108666684
0.213007953522284 0.107026123566288
0.219715613642748 0.0510497244266558
0.215935513971855 0.085388416473113
0.222399639290199 0.0299662046459545
0.220189394222965 0.0481762960453282
0.216731346096294 0.0783121473068448
0.220136417730141 0.0468581349033332
0.219011100684675 0.0551813121303963
0.214845422444872 0.0865713879964298
0.22085526928438 0.044011588572922
0.217775569560697 0.0687305032136734
0.220161204441664 0.0494622092376923
0.219537674944 0.0508639053008937
0.226970050641 -0.00984687757359885
0.217531909511741 0.0670172769517798
0.220364431401645 0.0485732618647557
0.21862614923699 0.0596613961252821
0.215823742999139 0.0837292635761325
0.218898751283863 0.0605010968383608
0.226441916316139 -0.00594401110282586
0.224741536404903 0.00909834054850591
0.223222620639746 0.0211473627522997
0.223170596335341 0.0247331239780249
0.216471560569772 0.0732018853303014
0.228646112529503 -0.0202327527494472
0.218312654089881 0.0591147679790169
0.217864055281 0.0646159042277194
0.219051132529861 0.0553601640479526
0.217520355259382 0.070853217914816
0.218564124868023 0.0633394840961268
0.230062950170749 -0.0327573003902082
0.226402352160775 -0.00397367082992428
0.211017084419135 0.120903199065107
0.220231476687928 0.0483843417864265
0.224289534512488 0.0117363680264657
0.217166957374533 0.0755794339017391
0.217579689272299 0.0699543755537529
0.215870970625814 0.0860185116952894
0.220989722834528 0.0408676699551325
0.219966511830734 0.0500369138511411
0.217863720358134 0.0654935643182738
0.223154307540834 0.0224927392505361
0.224893104027069 0.0111502450603352
0.224751395927634 0.00878182031045802
0.214230377637189 0.0990031085908959
0.219653494260931 0.0503233607913174
0.220403669490169 0.043817955626046
0.221013249816151 0.0413038137636915
0.225552601060411 0.00243408457168341
0.225638379150539 0.00361147372507688
0.21776931661704 0.0705198039167313
0.223312581575113 0.021377549129894
0.220671178924817 0.0463229850969431
0.223419178181871 0.0230009375663306
0.215020447165011 0.0897038678994748
0.219429657144376 0.0533067992908793
0.219901794701396 0.0504207881610937
0.218363394241935 0.0643812610174987
0.213414462161285 0.102095185984392
0.220327381388602 0.0450454903965635
0.223698237913726 0.0191051011205808
0.220608533901609 0.0472233247334324
0.215891811238843 0.0830913157899381
0.216936776734267 0.0754089245868352
0.223328405322135 0.0219543827674607
0.221422682234096 0.038721323259282
0.214898698303759 0.0924546532089714
0.218249277347164 0.0621276880606996
0.223411023308236 0.021206296892981
0.217881032520267 0.0665759101444671
0.222323645149855 0.0287248364307583
0.219397913620265 0.0525078241017836
0.221450557487785 0.0413504785167117
0.214682062636142 0.0950331313021135
0.221132208409806 0.037144070290148
0.225004015312045 0.00414148423032425
0.229814563881557 -0.0289248178179031
0.220178561924391 0.0494767144892934
0.221177388147683 0.0387082853312361
0.226550145109242 -0.00722607672955462
0.218279960853417 0.0606348732374281
0.226154377209635 0.00154921623390975
0.224839977711883 0.00789602536128454
0.217700881672484 0.0693013849693492
0.223790290026437 0.0173781422866462
0.220394633530328 0.0437834710032225
0.225877998310796 0.00145232358675661
0.219110829471281 0.0549064269803169
0.221343679105427 0.035804205665364
0.222251422456967 0.0297679091855692
0.222322039907497 0.0302685056141204
0.222726728639085 0.0251715104099804
0.214065219581111 0.0990612508841053
0.218430297180253 0.0606288879584559
0.217330864597796 0.0672106667747842
0.227724451864136 -0.0171541474227401
0.227603188753704 -0.0158496113064607
0.220434319079962 0.0444817289958371
0.218375886285104 0.0590118281901476
0.225617190225775 0.00735054912244541
0.224018991912899 0.0111499747339842
0.217942863247998 0.0646382406632629
0.213691365044643 0.103712046884254
0.224898515455817 0.0106808923271296
0.221141213347922 0.0399134380843567
0.223816665028855 0.0205404041293267
0.223030917206278 0.0212370009768877
0.222297446083799 0.029063059226886
0.212369575419684 0.113713933235755
0.223294393703405 0.021489043583889
0.220812392941947 0.0445467216184388
0.221580486193859 0.0340931291411125
0.222064300124368 0.0329279602896155
0.218157944504977 0.0653404862318481
0.222146292054497 0.0336976406328168
0.227820024831823 -0.0141263903845437
0.215617922881656 0.0857665943957957
0.217193847783506 0.0735401205993852
0.215362956690887 0.0860846933234914
0.220066805912674 0.0521781060631145
0.220671484421159 0.0423741327908525
0.222283422701783 0.0280240742321391
0.217710659641004 0.071302274033467
0.217929058304622 0.0646775883883995
0.221838009529619 0.0342610593881758
0.219485350613423 0.0543565489357107
0.218015288205848 0.0672106783562652
0.220662561211152 0.0425693510682589
0.215770653632699 0.0828885327174256
0.22391463415509 0.0154862577526289
0.222683897173929 0.0266148317712043
0.217767737155139 0.0670159771534608
0.226792956690516 -0.00916802877704392
0.220407322700127 0.0428953505103795
0.22239270482777 0.02579873979008
0.220205434708243 0.0461100816534983
0.21606981621583 0.0850793765396374
0.218508469410489 0.0648768835158068
0.217485839251288 0.0725699913947797
0.215815463257696 0.0814116513154484
0.216784158208053 0.0729982993569065
0.22181085463125 0.0358706913289209
0.220801074051438 0.0438447405878808
0.223890387966911 0.0155687295877859
0.219029449620721 0.0580123331306803
0.219897637386842 0.0501856863736313
0.223368948252319 0.0236089850589216
0.21912795863903 0.0567413910993078
0.215724100184305 0.0842231433220018
0.211972226705163 0.115776197641711
0.227691388248361 -0.0137537282887152
0.216119940254874 0.0843140028222591
0.229756531190197 -0.0303543796543011
0.21801897720282 0.0664358024693131
0.227162470440044 -0.00854208820862713
0.217520909297644 0.0703367788852977
0.226327455774647 -0.00361460207474046
0.221777744608059 0.0346012239206613
0.222614114761541 0.0299102804881031
0.217420545072591 0.0712074205620018
0.222097042266371 0.0371943321880883
0.224328346572871 0.013200481105137
0.218092121537588 0.0622893181806736
0.217781330694712 0.0634292952900772
0.221907360634934 0.0334408682631164
0.217749893467322 0.0668490774036657
0.229333332356253 -0.0294288428944243
0.219522297037854 0.0556939354506933
0.22044844135197 0.0424396236567515
0.216428615757469 0.0730540618884683
0.226667724514077 -0.00112907214502861
0.227513001174894 -0.0129896012884952
0.217213906666765 0.0741334322381032
0.219016881610048 0.0531207068052481
0.223008180654657 0.0211507283990752
0.220067289792371 0.0482409007554904
0.227503225537732 -0.0107126283825251
0.212053830849578 0.11351221800233
0.221213511808021 0.0364419837707211
0.222465045475256 0.024749421229886
0.230838984315516 -0.0392215874773678
0.21753807357724 0.0671517285921135
0.224628576529295 0.00989220746558021
0.224182801293291 0.0122687430675339
0.229726364899567 -0.0285653108867962
0.22067032924462 0.0400597608128525
0.225500564843993 0.00451086721068487
0.218150260005633 0.0620249549492213
0.218805527111999 0.0621686571291786
0.225483034278744 0.00448707281559448
0.215917502172585 0.081622606652499
0.226460406125221 -0.00452585860212615
0.217067986169952 0.0751447338631282
0.21411593008111 0.0979545331291452
0.219131270234546 0.0584498201008508
0.22183590116152 0.0337278386247141
0.225776030568603 0.00204502382878779
0.221988499393802 0.0333860063355023
0.217068640686868 0.0768635112226207
0.222167010356049 0.0358159198540861
0.222193263334493 0.0312723200606316
0.21877590593731 0.0571980350170242
0.221746597563402 0.0343783639425889
0.224826811302712 0.0042458357109238
0.216312070180583 0.0780928638183872
0.220626474784757 0.0486674125054078
0.21877801115439 0.0572707638904592
0.22282071298177 0.0277947660270478
0.220213432848097 0.0480975177514106
0.228763237102794 -0.0196808422281378
0.224758992504404 0.0116056590855908
0.222393431341102 0.0309654494409486
0.230360333136333 -0.0348102868105646
0.226119081820937 0.00202027423042984
0.222033509888349 0.0361380870437451
0.225388626193163 0.00358133841377707
0.225704492873651 0.000608716581060834
0.215123004421047 0.0903092681030325
0.217121705265434 0.0750636319252012
0.216799189460766 0.0753137430708228
0.222322149203735 0.0301164695172026
0.227520319396688 -0.00962253038928688
0.21086739506352 0.127782890643738
0.216340389280314 0.0787215736161035
0.22260646170675 0.0247490650428053
0.22052144614228 0.0435983751627133
0.219941423795274 0.0502585161705008
0.227877317650435 -0.0125071733836255
0.219096579312921 0.0561208390991419
0.218758548019566 0.06396221388436
0.21851652753268 0.0590979450563089
0.226049134483074 -0.00261790770992682
0.224915132213663 0.009195845816437
0.228361063866165 -0.0221450026022679
0.224181196916227 0.0177541683125958
0.224413373926634 0.0140403858750601
0.222160473489769 0.0323283873727581
0.216624566146238 0.0773545796530775
0.2235082204705 0.0235342249117392
0.218495416991791 0.0594418630841026
0.217475566850218 0.0713515724545287
0.217800402028295 0.0685411685746637
0.222110360304632 0.0319809419462403
0.215907934556743 0.0811337010404835
0.220336885411062 0.0448724020449013
0.224549187205543 0.0146905886267029
0.225403464109354 0.00587167626987773
0.21404993289981 0.0998645339097609
0.220486755960865 0.046191896794791
0.217994120834393 0.0651285167328047
0.216750839008472 0.0741847369777713
0.220076984142192 0.0470472213027219
0.220203865267442 0.0479754737121526
0.217698362355032 0.066749285929604
0.220464105888595 0.0480221478667874
0.224803127556754 0.00815142961471776
0.217111311675798 0.0730067779267863
0.22016799893684 0.0455670709646312
0.22369412823919 0.0181311681958678
0.222446658374778 0.0259564898305047
0.223965201740699 0.0152772093139271
0.222538981368704 0.0283956410827482
0.227030441942909 -0.00771267620740827
0.216906925990813 0.0760314519697033
0.222589345320035 0.0279914205107916
0.218183238363269 0.0637852248165395
0.217493947860413 0.0710448164639798
0.221834817230541 0.0336089001255427
0.226604555861163 -0.00639462233999091
0.215413844404283 0.0853403471571898
0.225697883287966 0.00492572626074041
0.21252119683964 0.109294818861316
0.224139977563835 0.0137315173297739
0.227036583281981 -0.0107222203767535
0.216303519811143 0.0734924841178101
0.216398213439226 0.0797489489050265
0.219773457781069 0.0471346125049736
0.224378824968079 0.0167043508744216
0.222723920201286 0.0279884345675534
0.216552955250631 0.074677139070602
0.219792846693559 0.0514378801700075
0.220811387745577 0.0451680157107957
0.227246699488688 -0.00937846975231343
0.226658059878162 -0.00433730633140814
0.220122587207845 0.0454116378953217
0.222614674285575 0.0291808952753326
0.220406946423285 0.0482600391019428
0.220079381977358 0.0489258807930393
0.223371774299659 0.0220694690593366
0.222460968170645 0.0314100344730113
0.217925628779489 0.0655268291816693
0.21626530597173 0.0812173693519283
0.22300748941942 0.0256012566292892
0.218526229956623 0.0558198419473648
0.221858738990328 0.0341285475545906
0.216164250024937 0.079325117411117
0.220167223395768 0.050616576146952
0.226670707287703 -0.00902311973044798
0.217630958514924 0.0695881224619483
0.226960213329359 -0.00405137403226693
0.21709788356124 0.0738241356998535
0.218223175275824 0.063179531799535
0.222088060487604 0.0321325203497888
0.218008599786351 0.0658432237475016
0.226156958033692 -0.00351087863473756
0.222384897889852 0.030253932721407
0.219371681500818 0.0519185784601378
0.219994891961294 0.0505740125047986
0.217871458514107 0.0660339407584695
0.217505494188373 0.0704944219011954
0.215922715991988 0.0842686887473697
0.21759109153252 0.0678158873912025
0.221990439716075 0.0322806839607621
0.225739110467533 -0.000414466172772542
0.218162137867884 0.0612719020207616
0.219572021693912 0.0497747140102025
0.21793367772072 0.06480348305932
0.222351503362841 0.0366968490895471
0.227407076362164 -0.00873502926027716
0.225951763461972 0.00396332289222773
0.227379262039748 -0.0177573348283631
0.218578214231293 0.061659477223226
0.213731103073955 0.10140808639327
0.214997360132119 0.0916101707041833
0.221985603857859 0.0337382194431151
0.217424900905943 0.072512015509861
0.221021728702515 0.0408335670183458
0.225030168064677 0.00746734838445726
0.223017178144813 0.0267752123877122
0.215785836793309 0.083318324071019
0.219097598954221 0.0573572061268627
0.22175686820586 0.0333103626699108
0.225545237847636 0.00429285449132927
0.214368586084185 0.0966433790780002
0.223061130614669 0.0297146493160982
0.217724344888958 0.071128595180973
0.221149963175502 0.0440344894656559
0.215875653179045 0.0826097121628872
0.224008010574079 0.0172941020661539
0.216452804588825 0.0767647501719355
0.216774654808978 0.0749731844678386
0.223220365741836 0.0233993993623514
0.221288266686917 0.0390226116077351
0.221495284563914 0.0387368190047339
0.21547832850321 0.0835835190693211
0.219012734125889 0.0582933841766121
0.223290370030547 0.0204676364111724
0.218295101052713 0.0635027489478532
0.221818596906222 0.0360600706473627
0.210836554701148 0.124541141997342
0.226903986525589 -0.00980831486212669
0.2238872839878 0.0194850427587324
0.226498870890843 -0.0041725876073545
0.220146417385453 0.0472409645284683
0.221542202971698 0.0380324938280448
0.226167905160097 -0.00143909575530489
0.223140518144332 0.0252042210748601
0.220668762884156 0.0421500203989741
0.225654680071476 0.00310527425539094
0.223988327028014 0.0168280095508092
0.221729188354486 0.0352565899473041
0.225283161836733 0.00542527943756045
0.217823031078816 0.0650662981574905
0.219149400466532 0.0574749561629402
0.21730583842791 0.0730518703101727
0.217651610516381 0.065891185846896
0.223755700920017 0.0185647657431758
0.221380062099938 0.0414034255883931
0.222045354559092 0.0330000991829484
0.213590084232587 0.10205187297513
0.222722874884517 0.0284195871401051
0.214237803385553 0.0974723981796275
0.218963214690344 0.0593478283071874
0.218317517970195 0.0642587383278389
0.221686276113636 0.0357807801481201
0.220058343638078 0.0471158360376205
0.221151435043325 0.0395895254276085
0.221793646357132 0.0336849955934964
0.222754820875483 0.026926357905262
0.227587068579113 -0.0129735620783132
0.227135569117714 -0.0110401293948806
0.218742444975137 0.0623936729687865
0.216716910444713 0.0754430210245931
0.220304726332502 0.0479713775184531
0.220533422528628 0.039790134296417
0.220555801025485 0.043307415724216
0.225599360124937 0.0010641380535806
0.21886678356165 0.055801465432379
0.224679299928067 0.00908993226683413
0.221431454762932 0.037490461846095
0.2257746834748 0.00368331462627283
0.221832591921461 0.0367027789867075
0.225125028857002 0.00544045061205673
0.216035561362083 0.079612010632212
0.220519114599665 0.0428295473407617
0.220574325697635 0.042125973914231
0.223842752228879 0.0148773834855951
0.217912242054682 0.0675179819804659
0.224136323081058 0.0164636889990439
0.221027784862078 0.0421039578473878
0.223272416158928 0.0235850906487451
0.219046793020677 0.0587548967520817
0.228000613008205 -0.0168748078099916
0.222990792094147 0.0250987174118685
0.219676495852049 0.0477148678202621
0.223335314465892 0.0239968955666287
0.225180974335643 0.00592751501009565
0.218157672913483 0.0627897377177382
0.224238604428638 0.0152738144692289
0.218913504641409 0.0555550892981693
0.214122875063573 0.0991607832268082
0.219412323127123 0.0524741205509744
0.223124812524321 0.0247565076708488
0.219100027451708 0.0516417449013708
0.222202938848695 0.0301332196857534
0.219479580204228 0.0541183913389132
0.222581273718817 0.027453328221775
0.219907551908936 0.0512388796653627
0.217180587045042 0.0713858277529851
0.224417981574011 0.0181125597703738
0.219944640011825 0.0464479183415528
0.220936411032697 0.0412819148514509
0.225177543753463 0.00623155280911296
0.217449241775057 0.0712974378953204
0.22533103291327 0.00613328475626629
0.214219623653324 0.0969685108117322
0.218434774504421 0.0653196036733134
0.221366967900798 0.0399761593107596
0.219059160865185 0.0575192401172952
0.215941537812468 0.0796692085951448
0.219475880192557 0.053144166226751
0.218193431615802 0.061416397446395
0.21994277973669 0.0503601557442963
0.216314192322827 0.0744481574798833
0.221975563638359 0.0380142900048742
0.220314506353254 0.0481219968803049
0.222201803934466 0.033597082564621
0.214860362856132 0.0904308701277714
0.220953208600859 0.0465076453033139
0.226984038143708 -0.0094098170460743
0.217696056402155 0.0671326905592577
0.225161185898436 0.00408310571655403
0.215628064902215 0.0855727875413442
0.223691722524493 0.0198356412255349
0.219364206683186 0.0546687130651519
0.225819241869934 0.000892293228183252
0.224333460398207 0.0151906647035198
0.21855440663215 0.0604910398839682
0.222446617569972 0.0314630236492587
0.21530649337365 0.0886680048438157
0.21842201031528 0.0637453193662989
0.224870842736247 0.00866304264305716
0.216249901893448 0.0811920469332036
0.216205805985554 0.0800417953377768
0.223190859666407 0.0236932729005222
0.220926549456508 0.0399658398869808
0.221461140148655 0.035124807170153
0.217545498263584 0.0675193795282603
0.221482735138766 0.0387005392858901
0.216774383616426 0.0758379482675613
0.213440746003703 0.105467996827284
0.225149653157603 0.00240897730962823
0.217017324164331 0.071854034857199
0.224821027837906 0.00958245869931681
0.217630285220908 0.0662583904842011
0.223363554574521 0.0196298059542138
0.216169818175116 0.0831362593408297
0.215582832945212 0.0846219918100419
0.219260990628907 0.0545737018037091
0.223913492322799 0.0155124873559848
0.220514753724733 0.0418279361305924
0.227545594394744 -0.0132029328342044
0.223199167257079 0.0216889069842615
0.223877141367189 0.0182056937805644
0.217328608183849 0.0703966586279687
0.221667877497599 0.036063073496049
0.21178175592139 0.117030144836255
0.223566118862232 0.0210418948862104
0.219017199052424 0.0573366456922082
0.214375843603856 0.0986776238564302
0.222114059781839 0.0325259554228953
0.215706274145879 0.0833076489110283
0.219406892078072 0.0490016780880366
0.218399289686435 0.061529096676978
0.22222097236499 0.028989798779733
0.224603283816566 0.0111163909049019
0.218867954503662 0.0568038303903953
0.216338483823108 0.0791366357855143
0.220642299233285 0.0438953167614217
0.225742869298731 0.00171745533000617
0.220572198115658 0.0424434625941729
0.217840558820048 0.0649908075838077
0.226329682996428 -0.00191064794827312
0.219474054857008 0.0513481121204688
0.229064835929513 -0.0217562189602825
0.215892184972955 0.0818464168903154
0.228419054255911 -0.0180568957929012
0.215750284822223 0.0831440521422035
0.221293520091738 0.0394087199085101
0.222862090767646 0.0296281473518259
0.221077627737059 0.0407520914199844
0.221211335239699 0.038823375517983
0.219442762524113 0.0550871646077254
0.220126247573464 0.0455501868742925
0.230531941076694 -0.0358721301753652
0.226033410932161 -0.000362367049507373
0.221261263806688 0.0383188861580977
0.219861897065303 0.0461531285668061
0.216814775730187 0.0733610325675425
0.22309485502886 0.0263245358618879
0.22233912981182 0.0307471337729629
0.219833404469786 0.0533477734084191
0.224209204684819 0.0113121870857562
0.222351143900014 0.0296573210264866
0.213125737711264 0.107691186329793
0.221889178269144 0.0326590069096445
0.217802566803527 0.0684363146346956
0.221559260478423 0.0368235670372614
0.218983547788828 0.0571133230180981
0.216981457065153 0.0735561656435439
0.219074963585546 0.0562183306680114
0.224494701118603 0.0115157919738666
0.224842011708019 0.0106042387983552
0.219640708668311 0.0534488171887867
0.222202304114433 0.0319646539725973
0.219733124168523 0.0528234630902345
0.227224340085243 -0.00961125060503073
0.216014198674114 0.0835955364037359
0.22746057475603 -0.0152535778052161
0.214235408541895 0.0983223093878405
0.218131178045286 0.0678526643228998
0.223509222754134 0.0199200877153031
0.226939264634718 -0.0103016780700575
0.215624223662984 0.083239067903085
0.220767616684461 0.0448994868643624
0.224665457641612 0.0109699580840754
0.221301887120333 0.0357513435781969
0.220577470954314 0.0424201972766476
0.217888646304478 0.0662561580526512
0.226085338267671 -0.00516071517715867
0.222229305212822 0.0322804010800758
0.216823436976509 0.0772252068777384
0.227313978071673 -0.0105285192810588
0.222307113681845 0.0301980704489254
0.215352933347495 0.086205315835318
0.220991806706802 0.0419266825481979
0.22590745892997 -0.000781728185975272
0.215639869866929 0.0830533530733293
0.229426850982125 -0.0297880936369551
0.221449341256175 0.0338009075292052
0.224208272328619 0.0151986208468519
0.220329138940101 0.0466604674287672
0.223995666162663 0.0206601186643124
0.220155557617616 0.0447998893045617
0.221341084419241 0.0385388396373218
0.230479331173568 -0.0377940359536183
0.226159326970713 -0.0014607473150475
0.215339453650732 0.0889510399012413
0.223855497162556 0.0145850796148251
0.217775189249203 0.0689692958615534
0.212839024778801 0.106955260026326
0.220129092357833 0.0529189967089201
0.224341071549748 0.0130480867171443
0.22231418020881 0.0294068414811947
0.217404679665616 0.0710946668525303
0.218717442587058 0.0580137501566107
0.219043581513736 0.0586428819219518
0.217768619490536 0.0659244196168229
0.220580883245834 0.0511002781830873
0.219189931085471 0.0546870221265814
0.216899619360904 0.0754277556397318
0.218025130105561 0.0699180623197433
0.221089274642035 0.0410181090372257
0.219098659365397 0.0541165139389866
0.217340812930301 0.0707586484439159
0.217206096824425 0.072940159956552
0.218722514780005 0.0584805077699632
0.228208626324828 -0.0174395674577221
0.224750744398007 0.00894218892752854
0.217122023455921 0.0735166075649526
0.225823768737662 0.00205898957616971
0.217189997244318 0.0737115033042511
0.214664907060214 0.0934062795481061
0.209099729248566 0.135629565632588
0.225223950268972 0.00820371882052148
0.225609890576673 0.00513088679046641
0.221566499818918 0.0355094372561974
0.220655145625107 0.044479263125654
0.213733945126018 0.099981395477577
0.222055990212491 0.0355724035150725
0.223894058659977 0.0147610868144847
0.221102032389843 0.0390036281857321
0.218615228161019 0.0606859846918043
0.225327735021388 0.00675175595974602
0.219131677602659 0.0580140716629018
0.226641275606363 -0.00405435917162163
0.221469674807452 0.0364514575806839
0.220213612582968 0.0461131503655997
0.220134960069618 0.045766435736471
0.218246237120885 0.0644151207883993
0.224732077522651 0.00881584115684905
0.217946990643963 0.0622368346129585
0.218678069365886 0.05986478304106
0.229151789950784 -0.0252831685319319
0.219998281299602 0.0498873888714963
0.220290008064672 0.0480780112130129
0.220519395429332 0.0477767234349633
0.224311408115341 0.0138979846943521
0.221679923333714 0.0353863692527415
0.216755409851732 0.0758867609697736
0.225229260666762 0.00908202213332088
0.216221820801852 0.0789102982875703
0.219957099249407 0.0498828866242307
0.222639410075781 0.0258283320502854
0.222062202410613 0.0314046975010621
0.228523146240179 -0.0186292052088138
0.221312478488913 0.0336324171431863
0.228453009887706 -0.0214359216117487
0.216886537583115 0.0761638601026714
0.223170541672098 0.0235674763432242
0.226448972552484 -0.00685643907006
0.2240793765746 0.0182366014066229
0.218478771578532 0.0609286994664653
0.221072233269014 0.0402545244856936
0.228064292418832 -0.0176641194012712
0.222625371540485 0.030506274526016
0.218193270800382 0.061274595546038
0.213966307082962 0.099732395732159
0.220476266498283 0.0429895218177652
0.22389295833136 0.0174900805739203
0.222164814538792 0.031833891794289
0.223320792552493 0.0212262956993503
0.224346310925917 0.0121537861853152
0.219832785350282 0.0495526304852531
0.222687357493179 0.0284691069663405
0.228604177403419 -0.0236559749028266
0.220381682245371 0.0449681354658224
0.223768609426956 0.0188712676960363
0.222503313600524 0.0320979311481333
0.215473986164798 0.0838413134054474
0.220325743909833 0.0473778628007721
0.221050849389349 0.0406201839398719
0.220426360034012 0.0450651429703044
0.22202524059932 0.030658492668527
0.217904883643327 0.0690512320466446
0.223513412627487 0.0186399279079454
0.222290488869162 0.026929267601165
0.209573527787886 0.142896535816056
0.227084984163188 -0.00941916191944576
0.221725218572817 0.0359612063181186
0.218953686983779 0.0593875291483595
0.214431957985695 0.0933629078947978
0.219745521647353 0.0509038854075587
0.224617301849245 0.0114435626962726
0.230765413096926 -0.0376680019950372
0.220755039667765 0.0440945771284638
0.22427263134245 0.0107685578418797
0.218678342862795 0.0583406364996627
0.21729751746358 0.0728897929544067
0.218338451875092 0.0632621287470221
0.21773920725894 0.0684651337498689
0.222944209579221 0.0234170382166612
0.225280381480266 0.00705352414785595
0.223071782928653 0.0262000718728454
0.224921892479824 0.0111921398622053
0.227060300869293 -0.0101687691489537
0.220321189072844 0.0481945132720712
0.212706617251601 0.107983239965514
0.220602585114991 0.0442975226314949
0.220057217463434 0.0503124374927833
0.225859289547188 0.00415072334320555
0.223665859016747 0.0131763896282538
0.221055296904514 0.0421533556135886
0.220841249255804 0.0421173265288697
0.223715650107517 0.0160321776260778
0.219801862213234 0.0492860214201097
0.220540098993389 0.0433279620177158
0.219923872018161 0.0506734961805528
0.223171076498643 0.0262130035654838
0.223600799110316 0.0181331418585519
0.216240915402921 0.0802610133751051
0.217449138238684 0.0726291507520721
0.218062859513034 0.0661002701821329
0.215664213029721 0.0817195164684354
0.222787000905935 0.0274304851584195
0.222235273205958 0.0314208048928095
0.219683489059044 0.0518646113963976
0.220445815434134 0.0437335920526434
0.215972370335361 0.0810088685731745
0.219434598835676 0.0562088257749113
0.223548425516454 0.0207601025135948
0.220350832328027 0.0449093003152445
0.217553867794166 0.0693103798586384
0.218527114105003 0.0653620840654318
0.220353596345597 0.0469287728587021
0.220750775567661 0.043280456888576
0.222871358112208 0.0297566405648037
0.221101860372419 0.0395559270789212
0.221821535257064 0.033770866936594
0.220234989611176 0.0412642898288139
0.21957238721928 0.0563673782150708
0.219512672699757 0.0536022561433372
0.218508024063736 0.0605876141903163
0.218528347404913 0.0585919398616722
0.219580051190759 0.0531431262454235
0.220635314180679 0.0435615873094299
0.224836057068007 0.0100832135217083
0.216037754773936 0.0815060841726901
0.226997588962701 -0.00818531020543122
0.221103264808306 0.0381686710605311
0.222662640207775 0.0222540619051292
0.218222948061716 0.0615947662689017
0.2250086886733 0.00534632046786056
0.221773324727102 0.0340645591818965
0.222150830549063 0.0300428595130196
0.220425742923904 0.0467530866957301
0.2274935938985 -0.0133463987085902
0.218586799060008 0.0623195458254603
0.218942516647753 0.0595835033350419
0.216403164808838 0.0828828397168978
0.220375696132652 0.0447092056034346
0.21260549398958 0.109708658185358
0.221696735864679 0.0338004980269357
0.22237315226534 0.0307554920295476
0.214661316908299 0.0934393170222158
0.215521938516251 0.0853797500708022
0.220380939018373 0.0448601700098698
0.221160648839097 0.039534214120843
0.220971094259601 0.0426788063180033
0.222246607604007 0.0297238666861076
0.218750819566955 0.0615589235570353
0.220248343563694 0.0466697264365574
0.225562022262649 9.42917774777036e-05
0.214075522350453 0.0989268891238661
0.221198249330662 0.0395990411820328
0.223054182176015 0.0243213441311919
0.222860693072071 0.0244025574989329
0.22187244102832 0.0290751994598902
0.218377035781105 0.0633290572694519
0.225013413452094 0.0090141157450616
0.217309959495947 0.0721147646241133
0.223411480271348 0.0240039786270759
0.220474420727121 0.0449078536873881
0.219006642107406 0.0576135075996263
0.222313331482696 0.0305905981076274
0.224074675038901 0.0148931967552688
0.219741470674959 0.053560538178917
0.220632939070522 0.0421910106102073
0.223105616724336 0.0265417094626121
0.220103252397965 0.0465683998240175
0.212362451313076 0.113881341516666
0.221211829669115 0.0362621980894626
0.220666186620657 0.0409674873118002
0.220255866673969 0.0476481837349791
0.217971422607929 0.0662603459738838
0.218232051000354 0.0659247987237523
0.216089433389419 0.0815511685535693
0.221473242067345 0.0375366873394535
0.225649816653762 0.00481907363086401
0.221444646940179 0.0394134939761234
0.22194096775077 0.034997168112389
0.221160537945527 0.041678229041536
0.217288097110107 0.0738390474970065
0.215771137126504 0.0850027142951
0.215157699893886 0.0877042006454527
0.217816877292942 0.0658063441211311
0.217035163740335 0.0736761813851599
0.224582633141091 0.0133785303380091
0.217395361189826 0.067306769803353
0.215836707598405 0.083941656223717
0.222768462130496 0.0215959402972967
0.219976645962138 0.0493541468416706
0.223435096202142 0.0189477644253623
0.213259016943539 0.105575840582795
0.219415260465447 0.0510254829210478
0.221302268963004 0.0344062902382023
0.221981593498911 0.0375986779884434
0.217452191475358 0.0709890155137342
0.218595921583977 0.0588319018082632
0.221233521480499 0.0389831395266575
0.215444270577731 0.0851197197300137
0.223964332732773 0.014627581295743
0.220781511150205 0.0452812926391836
0.224014829306207 0.0169683062883122
0.215848557191024 0.0818324611437742
0.224517105199039 0.0121831483435854
0.215300444625616 0.0847085584024096
0.218680963480267 0.0616577528694755
0.222716978139706 0.0279104510079251
0.227547147015131 -0.0121578486126635
0.220176842709731 0.0480951056420621
0.217981486154603 0.0666301881873321
0.222083029550185 0.0302368327862041
0.212071821232612 0.117238008544723
0.224705434397137 0.00877754637080476
0.228586165130056 -0.0195598008852717
0.223644064022491 0.0166848066711562
0.222771251480883 0.026568426737376
0.221715214753875 0.0356282348511796
0.220979778398227 0.039418754646848
0.213717105702001 0.10176464167252
0.218540468574641 0.061611330339296
0.224450200974669 0.0178570431069973
0.223696254365311 0.0201663164428112
0.220566608674703 0.0459004855280553
0.221688155094286 0.0344739724852133
0.21760186859948 0.0676803932564764
0.219142625852781 0.0582982047444625
0.221077224403611 0.0452901653842294
0.227873297337171 -0.015054572407231
0.216487304057757 0.0743579918274668
0.215513980451676 0.0883503148583216
0.22590649589383 0.00138677933736928
0.212990866682355 0.108242865362588
0.224065416152107 0.0155694463531077
0.221286988299432 0.0370965436028701
0.216519817986455 0.0789246177231934
0.210990344708531 0.124356641141064
0.21461899856514 0.0937896522621249
0.23170886368686 -0.0483013864398079
0.219099798320841 0.0565884881387553
0.219446994954352 0.0500131731885564
0.220014643299603 0.0515089515837005
0.218218417604037 0.0635570193316551
0.228842840969971 -0.0233188666286362
0.225246800768831 0.00548007734914121
0.218896291328673 0.0619571985934084
0.221516098429193 0.0374732207003427
0.219602543936178 0.0524580982049046
0.22344434954596 0.0214481797369045
0.214251913769327 0.0993676752282096
0.229175142795407 -0.0253399915625981
0.223075102246705 0.026574377823039
0.222986361659562 0.0240466388183854
0.223584507861639 0.020511734240576
0.218875128376588 0.0588270541663254
0.229409736837022 -0.02608471511176
0.218188885588579 0.0644449650608097
0.221530821683106 0.0377507414865142
0.221226585128747 0.035139999866946
0.22885864420493 -0.0191264972333839
0.220880647075202 0.0427584505610759
0.22324421658277 0.0217129829801938
0.220932682527192 0.0422455191224529
0.21774200294522 0.0681037426112629
0.223447085064609 0.0215285110239809
0.218251461575965 0.0646475192355567
0.219123824817331 0.056696090475249
0.219616056646895 0.0532845068846763
0.218338315602353 0.0633999301052346
0.222918111872398 0.0281067295868349
0.222056359052719 0.0327594413600208
0.223699853154707 0.0186933131982014
0.225432200092151 0.00713491200977497
0.220394467520857 0.0460418283878465
0.219381308000926 0.0494413228250587
0.222633844599413 0.0229180506887686
0.218076187860969 0.0635557138289053
0.22164205180824 0.0349402407725487
0.220620058430038 0.0431872654720656
0.216060573106256 0.0827520495061273
0.222005852962087 0.0315538079411926
0.21824185082635 0.0650809527532786
0.219674293926818 0.0501034833059676
0.220770194545918 0.0384394278775052
0.22115566598891 0.0347659414729253
0.223054043475523 0.0242223359712147
0.215511861578455 0.0866772292923495
0.214858456963909 0.0931004961630076
0.215338453949367 0.08506409556979
0.222291067112191 0.0312877700314182
0.222065518712518 0.0307964732084001
0.225210829596226 0.00755020770107063
0.222827227654271 0.0228730450765424
0.221326861074478 0.0385536915053489
0.220567973035932 0.0416755501602653
0.217576111363726 0.0700593471838187
0.218059881658501 0.0661573517053871
0.222577260590829 0.0284495286815728
0.21352464300497 0.0978472719342809
0.216960902559495 0.0787768445253737
0.224879325418014 0.00596755702025301
0.226240990374969 -0.00298087768964972
0.221981614689591 0.0343178276393284
0.216224354223154 0.075744119343324
0.220108795868597 0.0473766525378555
0.223276196128776 0.0203638744337414
0.223849361580111 0.015099993400356
0.219850034590497 0.0514693766820739
0.212442451131047 0.107724921539206
0.218620082690556 0.0567091591059103
0.220594647686786 0.0419872649232828
0.220860638254761 0.0424494730387537
0.22318605140408 0.0234281883743685
0.214619785131589 0.0954820298627368
0.216928365537245 0.070818762076857
0.216010780134242 0.0825592270483147
0.218155874076312 0.0611983260086468
0.222214999860817 0.0295733778488774
0.224411233911593 0.0134106869910688
0.221637925312639 0.0342703157442047
0.216597819123706 0.0781953980078295
0.220597583324502 0.0452525719409435
0.216670708019031 0.076321269942488
0.224021506775121 0.0151109495497039
0.221159848960635 0.0395768678667892
0.21784156168979 0.0658230085745227
0.218210244301966 0.0670168494756238
0.224348158205615 0.0155317506023028
0.221180566808091 0.0385011534658278
0.218334074680514 0.0644344882935329
0.217210381655486 0.0731661596848235
0.224823800904011 0.00753323540447348
0.221384103352263 0.0358521420697356
0.22125044086268 0.0360770242770404
0.219128673970569 0.0577266823344934
0.221672216882062 0.0382076501536472
0.219642811217836 0.0520024948071825
0.226165192341503 -0.00699337669592697
0.219906556289626 0.051457507645385
0.217884448324951 0.0668199114996388
0.219299226356007 0.0569152622077191
0.223273635195632 0.0213653980336189
0.217487807997805 0.0677321954175219
0.219633184507898 0.0502903233130716
0.221274338615654 0.039087361841856
0.223614533369093 0.0171032343415966
0.224550717605708 0.0127395862595731
0.22158351305419 0.0366238089531315
0.218576586543958 0.0625620727221902
0.221723748402805 0.0380580896843099
0.217992953431027 0.0645805108112856
0.220803764729791 0.0436636750675084
0.226789858944847 -0.00896941675969914
0.22286174484184 0.0231047221672957
0.218636134518493 0.0594457554437348
0.225411759490664 0.00481441388926293
0.21978227591441 0.0516023403879284
0.222891369298183 0.0236736360673938
0.222481280196448 0.0277480039523533
0.214604296506137 0.0904331836508229
0.224613307902749 0.00669191487998064
0.222002485584755 0.0344854248839203
0.221573350077321 0.0350476700458298
0.222291216826547 0.0350414493492111
0.226529542742174 -0.00262183697560005
0.219822777087728 0.0530208402219171
0.224697455671452 0.0107137191281797
0.222177357546236 0.0315528596203383
0.219494697735479 0.0535482317782294
0.219957459368184 0.0502848601717148
0.223440277388935 0.0220066733094142
0.219351630058674 0.0531201951068552
0.225056425157939 0.00848252562055996
0.225622985009837 0.00160600581020285
0.227155581822309 -0.00940648517023426
0.216544603710017 0.0799347669539749
0.225536471529273 0.00333366702413621
0.222552233558885 0.0315054600646138
0.22251614861214 0.0298850920889869
0.225079726973988 0.00736652855122368
0.226342192696149 -0.0024761128953917
0.222819950293807 0.0260447540532699
0.214689040038083 0.0940707734365122
0.224007469962043 0.0161449489404058
0.219669976536455 0.048541379396803
0.224491009383311 0.0106651895972082
0.219527732343794 0.0542064012650563
0.224314003896366 0.0142876286850919
0.21978279584094 0.0477331122130206
0.219472209819641 0.0528247991312833
0.217403383828305 0.0680842161426433
0.218211626928796 0.0635024374290298
0.216506009513486 0.0749312753566984
0.224129322229066 0.0140558286452056
0.222249295396762 0.0289369342814466
0.219535393860913 0.04888354154811
0.224651218650584 0.0149792483188634
0.22102664469888 0.0418071562446699
0.219583286424432 0.0533307366581953
0.220676994608386 0.0452027781304654
0.221882141758176 0.0365629959963171
0.224741933080457 0.0115629925030019
0.224742013491398 0.0126901835777515
0.222272208550666 0.0319122874859608
0.21808638629477 0.0662242080102503
0.219253021737895 0.0517213267641752
0.219014497668514 0.0567541802460934
0.215676476905413 0.0871559614938615
0.219809662584297 0.0547047923432976
0.217578503877909 0.0694594618030153
0.214412315504406 0.0950686936204629
0.224866583549164 0.0071944130478634
0.215269831429426 0.0883012848227759
0.225773322051316 -0.00119022512059258
0.230062569320345 -0.0337454612030997
0.216405632195025 0.0811474111359319
0.215864499083761 0.0816904861712615
0.217474426286303 0.0723986946637994
0.212173445698323 0.112432990549761
0.226623674280749 -0.00605512105051696
0.222643081488797 0.0285779871349774
0.226316349410081 -0.00329681162173157
0.220646649392093 0.0427968512521046
0.216027264110575 0.0823246121683107
0.218969348694694 0.0574230651340523
0.223132915633717 0.0237519381825282
0.226955642553907 -0.00731280333191243
0.224214026347889 0.0143355219818863
0.225665149376446 0.00266765490535729
0.220352690479764 0.0472719722794956
0.223113314913502 0.0235265298180804
0.218598031766289 0.0631147573030146
0.22182339462277 0.0333828028697966
0.221635958229508 0.0332701153908533
0.226206457288358 -0.00164434407032041
0.226178960881284 -0.000770275260824682
0.215206435492613 0.0906689807519553
0.221655247832191 0.0366665968083586
0.217895628395867 0.0667597533524741
0.219405183442986 0.0541528619031601
0.224279440353661 0.0172722516502357
0.217544473632087 0.0689130245051139
0.224608463141314 0.00842876870908462
0.218454272284871 0.0615025623000042
0.217740695090437 0.0701544936986238
0.228618336815641 -0.0253536624553058
0.217372651813023 0.0681037581678842
0.214385344146867 0.093891365366392
0.220374648796213 0.0475552205637296
0.219052834005353 0.0582993682796051
0.218820600679108 0.0577766737550476
0.2192829518042 0.0541605136075201
0.225398838900262 0.00399989882556696
0.220000929012309 0.0468728176231855
0.225568702188627 0.00377235011882857
0.216631767468148 0.0788277014172256
0.222139787552956 0.0325119441057926
0.224174248381983 0.0171812474998875
0.219812210213762 0.0518476171022031
0.219788515811906 0.051830687992693
0.221809244493302 0.031159676549524
0.225655401342767 0.00403281776644761
0.215849791524546 0.0816058784010965
0.219474792847217 0.0555727177772929
0.222256442549119 0.0328899660375403
0.216052027456511 0.080932427911953
0.22012631687579 0.0487691617702109
0.221763416636537 0.0363682779389291
0.215528992190403 0.086325892461413
0.213744223704812 0.0994542125304386
0.229894940284745 -0.0336683533947299
0.224520803546468 0.0140391540266216
0.217161712841712 0.0740845498884738
0.230283943356265 -0.035506782922912
0.225534815795054 0.00712035949870232
0.225709850602183 0.00102310129658698
0.222613188626229 0.0240135713870179
0.220355945079017 0.0447336867341347
0.214128670577717 0.0960880231057205
0.227211727994156 -0.00711093765105993
0.229552131744653 -0.0284281242171268
0.222854595312122 0.0279502433805221
0.22349581260001 0.0169385745620424
0.220802118127729 0.0423162343492412
0.219967770667651 0.0520123912733854
0.220700829993446 0.0427750148797024
0.226796076278162 -0.00715937972720599
0.220343047504646 0.0452817448536025
0.21781869827647 0.067373590373416
0.220077851162023 0.0479943070199511
0.214398318367662 0.0911791729920756
0.216131660246982 0.0806469565666036
0.219406007429462 0.0527853460301542
0.21623496534374 0.0793443345066084
0.219914804547918 0.0529487517777879
0.223482664247026 0.0246144868678379
0.224443078021184 0.012235318440586
0.222353488259132 0.0286448946671211
0.226207510272149 -0.00218817244106376
0.218319266762266 0.0604051557641178
0.220104489610574 0.0520799060463267
0.218509197172271 0.0642790392486002
0.219219794737463 0.0570688020360972
0.21814255921922 0.0637611615895152
0.219967397019958 0.0488809483055274
0.216941417156246 0.0746133941929958
0.215485872551526 0.0860248203478492
0.221748063307969 0.0340716190439011
0.221611265231034 0.0365276010359487
0.221822641509809 0.0323583003484583
0.219612931625279 0.0578370146106175
0.223088562533832 0.0238406916725012
0.220942076535571 0.0415413858920037
0.225402578630678 0.00687442945619883
0.218907403710212 0.0562152536362317
0.224590309979828 0.00579846988476361
0.214232306463896 0.0953581687909078
0.219702966388934 0.0556838254448841
0.224657908415251 0.0160624235907552
0.221647612838494 0.0343124003609163
0.225999658878587 -0.00258817188966492
0.214659167544754 0.0958593230832291
0.217029144356959 0.0734805821542916
0.222449183209611 0.0265814241574913
0.229420854969406 -0.0268591977186585
0.214074373486686 0.0965204072733341
0.218218433225964 0.063091585113857
0.215968826791499 0.0828505704574873
0.223139373812992 0.0218794127382735
0.224045122504099 0.0147077195430593
0.218121071483133 0.0687252102733744
0.221551831296979 0.0366263530672249
0.221533635810153 0.0332331155691599
0.220609500538482 0.0460593760735794
0.221000614109585 0.0452626290468163
0.216350482911826 0.0763714279077273
0.222093032720592 0.0334026097623107
0.221573898422864 0.0345022225544851
0.215566128413654 0.0866695241981821
0.224364773656269 0.0123347839267695
0.219827463984514 0.0524232285611443
0.225417277312644 0.00657799190472837
0.220455816140404 0.0488170012417499
0.229366497721896 -0.027936460975684
0.219947001220129 0.0493017780753582
0.225207584818651 0.0100947037869794
0.21744741751893 0.067858504378515
0.225121640498386 0.00713613737410219
0.22128022206321 0.0392190917143051
0.220322812597428 0.0462321041905387
0.2185179625778 0.0609677916059663
0.217086910015407 0.071247358668682
0.214540512695491 0.092173167326616
0.226245885506571 -0.00352494408116748
0.223815776742086 0.0193058866035204
0.22525697293555 0.00728649930655596
0.217357277012007 0.0692371565320003
0.224067364104753 0.0178064774697096
0.218725238252814 0.0583167929696678
0.220753944607951 0.0418750434973206
0.217046334376401 0.0762295067638702
0.218117107975151 0.0688286775716114
0.209512291860261 0.136160817535101
0.220915009926607 0.0410524545450411
0.225924986371906 0.00102715708594301
0.22163618072787 0.0362128699304542
0.2226789211916 0.0248933272252463
0.212086757474095 0.117570967438806
0.220098696691529 0.0474673120670342
0.213900941026747 0.0966752716930834
0.222638755192964 0.0266221758329328
0.228874257767769 -0.0246989520432343
0.214464331952928 0.0911028075730324
0.21758018966795 0.0704566622706286
0.224425330836762 0.0118887347785027
0.221680074429803 0.036399845128341
0.219613476704556 0.0531047624789111
0.220112557059061 0.0500435230381942
0.219303733487111 0.0544483764151597
0.225036682478442 0.00837109020028792
0.224194255784793 0.0143812039810089
0.222936642379351 0.021508224130127
0.222677074391744 0.0284998454322869
0.217474799633342 0.0705841248331227
0.224249600389195 0.0137508187607414
0.21872780065344 0.0599012047115757
0.222160741666747 0.0314183837650712
0.224455488570373 0.0130340456280849
0.216864586875407 0.0724814808897279
0.226076927826037 -0.00398772659264776
0.225051500207701 0.00729670642227565
0.222649620108183 0.0234150195333268
0.219891488052238 0.0502916164628387
0.227130341684798 -0.0072898952164005
0.223284041135448 0.0213943699709864
0.219612913388565 0.0534643970678102
0.220972714022908 0.0427007004447213
0.222245271496472 0.0273342291351667
0.219237618240485 0.0539347603039033
0.22003819418607 0.0474686359700054
0.226734793065565 -0.00640282354615396
0.216351189980763 0.08038206906542
0.21961722914418 0.0511513711124328
0.22084007470617 0.0425220583658724
0.22237122733123 0.0287697478367959
0.211265335943891 0.119435729933598
0.224047081623605 0.0121533251345418
0.215427075047877 0.0919268872425767
0.219205643205031 0.0554530673414287
0.21550831611052 0.0868304485104043
0.222722041057505 0.0285238488536714
0.217520903254947 0.0678429285772209
0.227652018022685 -0.0115190088546652
0.22034180512463 0.0490113540551681
0.222466507127133 0.0264994446610788
0.223323707887709 0.0192567335197808
0.222928498430749 0.0244280449617516
0.213826853827532 0.0948645940602911
0.2173845935944 0.0711698391064621
0.225082218959554 0.00458992311791612
0.222508862633956 0.0266210320007665
0.227222113980577 -0.00885138692462245
0.22122551398658 0.0391248196727872
0.224821245621181 0.00893411294103281
0.218939329168594 0.0558692627854648
0.221525318185996 0.0374226431087937
0.219603088126869 0.0494148549656331
0.219795681260306 0.0510483330159563
0.217590318259405 0.0687948412160598
0.226688738566209 -0.00275221989651443
0.221199180485451 0.0396353826316044
0.221314838457053 0.0384767608752271
0.224564899654076 0.0165928905872833
0.223536222667699 0.0166382740394646
0.220861848026751 0.0408873685209628
0.219911224774267 0.044849508513237
0.219666672275821 0.0533434667981874
0.218466661244223 0.0597800957494989
0.218134035748013 0.06448015580658
0.216571216686903 0.0743703930791755
0.221428162437256 0.0363386633506343
0.223782939942518 0.0192209091892718
0.219781110324764 0.0509545850517218
0.218343331822443 0.0641674040156362
0.212796274466064 0.109166372132681
0.218806809909075 0.0582855363026188
0.22370811136349 0.0166770702799512
0.219286502556317 0.056773243855994
0.223080657366175 0.0214286139681212
0.225731766975222 0.000454216866688596
0.224842797288392 0.011080909558209
0.220336256686569 0.0445232427260447
0.214161321517294 0.0981494111274458
0.218415459698507 0.0611124488913792
0.219863296736017 0.0476997518433101
0.21878766401702 0.058631090348086
0.225282306352815 0.00447314496598913
0.217939348420935 0.0699187282655576
0.219158661486188 0.0574297809930828
0.217729667849481 0.0685019438384924
0.222488326313959 0.0283659920523063
0.224804291509056 0.0111341224123692
0.221699942875008 0.0361797987868691
0.217228397917691 0.0676021024260275
0.223212028847427 0.0216577641011241
0.22352053380341 0.0200672536641631
0.222124760963136 0.033584995962885
0.221080523204735 0.0355770895219739
0.219052409597792 0.0567753784918001
0.225122825972196 0.00803827774836774
0.219969826931549 0.0465908619295355
0.220651859443282 0.0403473124809938
0.215829920325432 0.0875008102808447
0.221770071377432 0.0318918699798171
0.217062511535932 0.0755833711333041
0.217615060706827 0.0704517139710351
0.21519091006615 0.0881174055688183
0.220778513703653 0.0449483390646408
0.224102012021928 0.0129321170062475
0.222890283709934 0.025816455937391
0.220963956610421 0.0382408274722661
0.225709288156516 0.00112752912211648
0.219165382777312 0.0576216258872159
0.225793770484463 -0.00055777973467927
0.2176828922355 0.0692841272568134
0.220910603204566 0.0421927781371426
0.223886584492575 0.0205045040879849
0.217333174873414 0.0708296931092226
0.221696426810414 0.0346345773874633
0.221004912390052 0.0430533066583726
0.222072642306551 0.0303918815114269
0.221887082223706 0.0347698193511099
0.224692148823339 0.00986668224916008
0.219802066401128 0.0494329356256205
0.221713470358312 0.0365495495304147
0.214167261953142 0.0928799319124861
0.217321548602443 0.0708888812086374
0.223805554126775 0.0197119765785179
0.221791036947967 0.0334090862472531
0.221537872397134 0.0336904161747457
0.21889042549515 0.0618417730140982
0.213738564819391 0.10410286978928
0.213810894627917 0.0978646411673466
0.220377706234274 0.0415766849150835
0.219000535748693 0.061001256519146
0.225579821231084 0.0031753296509465
0.219293881497323 0.053508779420552
0.214849449183469 0.092169602522618
0.219458157678242 0.0537814674250007
0.213817184843885 0.0976578925679873
0.217826505389997 0.068459173830461
0.226092567549962 -0.00286057977292757
0.21495001567887 0.090478962680603
0.231363186467196 -0.0433707970883436
0.224869862395626 0.00870663904970652
0.222163529236786 0.0302699390486933
0.222979430546875 0.025875961863271
0.218788280958217 0.0600920303336939
0.219179331269782 0.0538352494541812
0.221636236570507 0.0358121168694118
0.223311446028329 0.0178558450937225
0.21715188611441 0.0756237701507306
0.223870900330195 0.0161424166661485
0.222382147346781 0.030154552413821
0.215589924672727 0.0833344189239277
0.222591536291867 0.026428613323072
0.21891564027293 0.0583033855565347
0.226184172589525 -0.00246359180887635
0.217493643305086 0.0666579196123373
0.219728085010757 0.0487030702573048
0.218975043410962 0.0562907868165384
0.220791579371259 0.0438154485275977
0.216027674653508 0.0805621375612379
0.219010513442962 0.0573276153350148
0.222021306272257 0.0317281617392381
0.219293893340092 0.0512106671951458
0.228620362920005 -0.0223387698319298
0.227700472528721 -0.0141219812795522
0.231011788236795 -0.0412875998845005
0.222573752921284 0.0263914687268842
0.217876923403729 0.0658414845650563
0.219019207520112 0.0575071875295695
0.223949206756826 0.0163045941533794
0.212424375578549 0.114084648206744
0.218213470755329 0.0623563394539954
0.21923089559906 0.0512916166526447
0.219085311020277 0.0539951141197265
0.221064452297378 0.0408826779665486
0.223555648878065 0.0201103994393547
0.223769885402974 0.0151710520267322
0.22438680279582 0.0109770600776072
0.218331909857745 0.0650693826418655
0.216399715386306 0.0774918193225346
0.21781802596869 0.0670735141409113
0.22108371186543 0.0408629131214696
0.219770798595979 0.052030998649759
0.227802011903454 -0.0132298825218495
0.224819288801167 0.0109795826374014
0.222292351257607 0.0320286697038855
0.214448731082226 0.098133453337971
0.220581620907525 0.0472135669719894
0.222882480274661 0.0217353157669455
0.216786165819144 0.0755710685935991
0.218490986574766 0.0631029913821406
0.218565367657797 0.0618061201537528
0.220725422093877 0.0397477049140127
0.217164028095355 0.0674767634520923
0.221300320409687 0.0353163790534239
0.217721852748233 0.0685075020400509
0.215866705081796 0.0841384422821136
0.219329420738717 0.0562484057361844
0.221806866188644 0.0368161671149913
0.225286765004762 0.00482550695863255
0.220116482818544 0.0482548201019327
0.222145868896479 0.0310516917850334
0.221696037127112 0.0347269550180696
0.217651353136495 0.0684052019087304
0.217798119915039 0.067784191301633
0.225390470644042 0.00510556264927751
0.220074052286565 0.051749264780148
0.216337006533313 0.0781530759980667
0.219263402740914 0.0552544077069497
0.221169094401153 0.0365530315602248
0.215802684146622 0.0852739847004813
0.215268172206659 0.0871415817513088
0.218582439470436 0.0607629382248108
0.217871346271292 0.0687943412814618
0.221605685092261 0.0402817307449675
0.219220486731091 0.0592653759588683
0.221820856896688 0.0337387437531833
0.219161181935869 0.0591813524845682
0.223675574949792 0.0193903928827906
0.229839153005842 -0.0304108230148682
0.222334596113474 0.0266756814506985
