0.304536028435748 1.6919422972041
0.303665301698083 1.71609159343048
0.307668737725579 1.62806764359894
0.304295836604612 1.69576470820954
0.300186565482149 1.81353943907318
0.297161703480141 1.89071972116249
0.298678163217304 1.85085287790911
0.297855753812946 1.86502794211626
0.304886458304954 1.69509336934254
0.299595792584517 1.82168045637973
0.295209185677616 1.92774726001343
0.302517671732174 1.75048508533142
0.302996301114916 1.73649358973773
0.301500059972525 1.77679511540144
0.305273491167135 1.67640261432941
0.304476299307745 1.69783690585964
0.302744540006661 1.74532944360677
0.298468726342039 1.85137308859335
0.295338163076371 1.92954782328519
0.301152348728042 1.7794572724351
0.294243493889427 1.95642030659172
0.309599580300057 1.56724620922762
0.307975993408089 1.60687694194666
0.299397470691419 1.82853312952769
0.303126124252807 1.73741772390665
0.304459842992248 1.70563825770226
0.303221604637316 1.72458470899698
0.311430444785078 1.5204869071222
0.29610154697626 1.90674737940682
0.308960387793532 1.5808532507172
0.308552471780244 1.58720920523161
0.290669207306435 2.0509611861897
0.295861267094772 1.91300692043349
0.301490517373459 1.76960607090381
0.310943084281082 1.53046943622414
0.300907134927956 1.78925148771372
0.290599349452382 2.05424048472437
0.298399765878088 1.85112427650372
0.299725259557508 1.82443974259049
0.306399920858794 1.64657143307975
0.304815405428211 1.69981253368868
0.29665410923537 1.89914294158365
0.294748153081811 1.93653218691269
0.304902380742799 1.6861750865572
0.303871522807706 1.71625437800215
0.299990111445608 1.81420944451037
0.301693746092955 1.77356610466295
0.304854263671153 1.69015652614887
0.298319271691265 1.86602841215559
0.293065205115217 1.99026327110799
0.301754565624618 1.77450301113998
0.301022699953563 1.78897007269856
0.303982005593747 1.71031199888041
0.301798912206398 1.76444171549517
0.296971860814774 1.88371534774494
0.296547575142269 1.89715136928298
0.301536938458582 1.7763560817396
0.305242649972382 1.6785322525028
0.303298619299979 1.73238888012555
0.29451558550677 1.95230800236928
0.300118253893551 1.81237324697033
0.300324833253438 1.81103775472347
0.291895842944044 2.01925878868699
0.298867219149493 1.84349117542266
0.296076827010413 1.90771518828308
0.305385443210481 1.6771412717558
0.298633863721745 1.84735712591489
0.298125575767356 1.86245354530692
0.302439923776687 1.74700405974499
0.304637860599286 1.69682282167874
0.30414283187114 1.70585670269321
0.30658208901397 1.64901263607774
0.30306591784887 1.72901681663667
0.299497920803463 1.81682915823642
0.306773654926468 1.64025761996208
0.297046208316367 1.88464569549194
0.297965125755051 1.86719769450686
0.307028759364886 1.62442766122607
0.300427055885384 1.80425431142544
0.30362774016663 1.71934791590277
0.30572613525418 1.66848358117508
0.294718045574695 1.94945519922292
0.300508675943554 1.80020826643122
0.306276851789685 1.64928108294896
0.303853224150203 1.71936541946049
0.305474496154107 1.67255295776225
0.295210727892553 1.94302886839523
0.306184612786774 1.65514356942816
0.304603497477659 1.69396557267203
0.298882226040969 1.84166985251783
0.302114065174569 1.75897713213456
0.3040383776446 1.70496779811119
0.2989874077015 1.84448790664676
0.299655397396062 1.81383433833575
0.301244175442061 1.78498591898129
0.298938735667356 1.82487383934169
0.301160250442803 1.78175316237561
0.301112591552074 1.78392928980265
0.306600705416964 1.64244480095542
0.297786315674793 1.87990607350689
0.301357188360116 1.78070297507886
0.299433893513534 1.8309302212296
0.307592849884964 1.61306940319154
0.303134381955658 1.74145887266161
0.291374175583025 2.03660338575634
0.295247120609955 1.93384893766591
0.306629507514886 1.64334608800591
0.298159690522196 1.86911835933546
0.302194474938176 1.75134467284373
0.310692559350733 1.53820338381231
0.297816863351715 1.87687181328545
0.301248891011528 1.77652519213684
0.299112766907671 1.83704450693326
0.300543350330999 1.80264228544418
0.306554257130805 1.64380111324472
0.301147495708547 1.77973053640552
0.30072451236154 1.79630565091066
0.307915527211154 1.61002644269243
0.306612721410937 1.63943675415026
0.304346491922604 1.69494155285345
0.305927731485843 1.66621161430308
0.297259456205469 1.88590395848628
0.30271837486723 1.75068356057573
0.299027624633959 1.83719154382385
0.304255046873703 1.70326118738898
0.296545562556755 1.90418615069088
0.298181027546145 1.85863285505528
0.303445394191617 1.73069398300347
0.303549020789056 1.72380161971669
0.301791799972803 1.76985149196383
0.3010730105744 1.78899870550893
0.304450891299784 1.69690535270101
0.303034041286486 1.73152785077323
0.307483495480921 1.60917381210076
0.299489944007569 1.83049062117891
0.291482176956054 2.03375956204376
0.298481246291059 1.85460755982059
0.302853279771132 1.7369760358494
0.298131009139275 1.85737923061184
0.308423812053115 1.59255799253942
0.299325556168256 1.8344437344598
0.300890249010283 1.78746961028
0.304191833136897 1.70428139198906
0.295223976716992 1.94239044267529
0.305862975207154 1.66081108280736
0.303815173444458 1.71353152332094
0.304891995282761 1.68774524648697
0.30703011115432 1.63738363790193
0.306433982626602 1.63505867804812
0.299840583773326 1.82146419326557
0.29916222962324 1.82493474836421
0.308305300052836 1.59433214019514
0.301479416070999 1.76986986123909
0.301556086976043 1.7759670124253
0.297012138282358 1.89564278776876
0.307868650214083 1.61514265613885
0.297820501507733 1.86973206733765
0.304748131072885 1.68820167758235
0.297085785979676 1.89087110770099
0.306723069773157 1.63594800006529
0.302143842586126 1.76469766755962
0.300377249601697 1.8081368535118
0.306766090347045 1.64578928137573
0.300154655065103 1.80994438766902
0.303619858422305 1.72289773938743
0.304640484317995 1.69012361033483
0.306741410982294 1.63870034206475
0.293340489248224 1.98916396832385
0.298151093676845 1.85856522370253
0.299379003818322 1.83352431478988
0.302104508510681 1.75519990550513
0.296044498308711 1.9102407056131
0.302219989990574 1.75681127013157
0.305832986197788 1.66147944739414
0.300574902679215 1.80001474285733
0.306299175046877 1.65892718114297
0.30266667983255 1.74416785651841
0.298931268221265 1.84696731122112
0.312878985095625 1.48808739949129
0.302870648733218 1.73817939246819
0.307673446791116 1.61524642600926
0.310339159341068 1.54902235175293
0.300029004766708 1.81768361149668
0.30428559542314 1.70141824131463
0.30184778073541 1.7648349376966
0.308436097803544 1.59842582872342
0.301283510265969 1.78706339787055
0.303229831551794 1.73090823324948
0.29818622040206 1.86270932212478
0.302593800793855 1.74614639261312
0.308041398952368 1.6094524194053
0.299739067405924 1.82207316425588
0.300366258071096 1.80041027864828
0.300104597847919 1.81235595212887
0.302970241894514 1.73631259684478
0.299237304508212 1.82802602709986
0.298321501774547 1.85334108109921
0.302889025464325 1.74823063073157
0.301942612913508 1.76873244756841
0.297189396317028 1.87965416474308
0.303618387340181 1.71283400788287
0.294465446206112 1.96115276450679
0.294965468258105 1.94781081339323
0.301569328689824 1.77159688960362
0.304662882865474 1.68938733525223
0.305212387067741 1.67239128984399
0.306154677414365 1.66365094994949
0.311568357439933 1.5153902793591
0.309801465643346 1.56501651508397
0.302751683460453 1.74323290331331
0.302214410821234 1.75258337131791
0.299067801636479 1.83894988513953
0.310077188184227 1.55163139583508
0.301022726933565 1.78227136081066
0.294328987725428 1.95617206098955
0.304077034586116 1.70935275032326
0.307288320163077 1.62302043781163
0.294030660263301 1.96646641381202
0.310741942998505 1.53289827820263
0.301099715725866 1.77703493634192
0.299464584206038 1.82229463586899
0.309067163765971 1.57645177968234
0.299695355024309 1.81918181162646
0.301838529420821 1.757602970523
0.30498273073896 1.69574423135532
0.29275416798717 1.98904954106895
0.305054262275891 1.67949094342474
0.299569525789927 1.82945017331563
0.306668500019041 1.64616146672442
0.297289307631195 1.88242656953268
0.29336912541242 1.99029553426582
0.308446632483556 1.59074991206981
0.300627499274355 1.79396090034413
0.304630817530664 1.69795611105066
0.301443074616803 1.77689614291969
0.304243941825916 1.70993023770426
0.298414506824747 1.85043445752105
0.300561493073009 1.8019566599632
0.30344801380781 1.72861849203949
0.300534059297498 1.80390859287533
0.299860458271144 1.82121497535373
0.303689644712624 1.71863036879979
0.306080554494184 1.65993525902822
0.294947497804306 1.94120177499261
0.299177825145732 1.84308079366435
0.313643783315492 1.45979349010382
0.297796774878986 1.86458088643439
0.303725204203556 1.72425112426742
0.302378559201441 1.75023445790225
0.307533609875435 1.6211286046882
0.293193231446387 1.99010313655524
0.300738477420114 1.79806716210072
0.304104664921494 1.70455586665369
0.307031095897893 1.62883429987056
0.309511643097714 1.5663804524381
0.295747983238783 1.92156986202195
0.298114041322348 1.86103095969106
0.29654151644266 1.89623647625392
0.298225751264782 1.85388893702758
0.297741006886081 1.86328694004666
0.298481846811104 1.84898347684791
0.301155751419218 1.79123658499681
0.308323603973502 1.60830874847681
0.296878090445661 1.89804705072864
0.302870071724304 1.7345999663329
0.303847794765365 1.70833209245525
0.294627693574245 1.95491627765818
0.301198245960096 1.78508052744173
0.301462972856683 1.77315293784568
0.292549315240695 2.00582120380691
0.291216994533259 2.03989392328837
0.306079236165639 1.66146711871939
0.302590496915446 1.74867955441888
0.31132981860777 1.52135197683549
0.294768839139584 1.94709968377314
0.30738726752198 1.62551821067008
0.293353679855922 1.98945088554038
0.296120292080658 1.91454013394409
0.306147198812648 1.65748171465905
0.309980248715814 1.56316756620831
0.314701230344871 1.43915584570114
0.301976767585002 1.76299076198775
0.30714598132968 1.62857963838988
0.303668965644138 1.72450385068929
0.29749109976074 1.87946693185552
0.308515972662504 1.60840604845453
0.30201018622379 1.7618496889731
0.304150259657774 1.70215342738243
0.295115113058387 1.92979867359679
0.302917423075249 1.73795690486662
0.303492258909501 1.71969350747654
0.300823742661488 1.79086887911648
0.30245105447042 1.75668955277048
0.295773351387047 1.91499786621962
0.306541425279985 1.63361883798412
0.308317188778785 1.60979819075322
0.307756064895387 1.6146827490225
0.302786123064948 1.74886973124194
0.306633472697819 1.63493023472523
0.30292944319518 1.73162187435998
0.299855394094791 1.81507767250954
0.294360479203525 1.96144096922229
0.311090662312712 1.52629597186485
0.294957879604531 1.93770001888714
0.303473630748325 1.71484634412478
0.299706118444157 1.82358193965883
0.304099351471787 1.70266366182603
0.29539980159373 1.92856649631203
0.301342664963911 1.77443762638123
0.306460129218485 1.65448766318261
0.305691134313334 1.65994428067346
0.298892263094525 1.84376936850808
0.298702506483039 1.84175704586477
0.308395431933815 1.60464130719172
0.303290656706652 1.73059185168704
0.299419552759425 1.82586894446813
0.298947274045803 1.8390322766296
0.30801149924708 1.61174109526246
0.296242175874693 1.90874841617239
0.310871236801662 1.5400660479943
0.305695463303048 1.66713656393317
0.310783813059943 1.54015708339007
0.300562271940451 1.8010330524856
0.302241918608703 1.76395750004146
0.30241930004219 1.76174903652445
0.29771769642987 1.87073411121855
0.30587898191946 1.65926780351149
0.3022952861383 1.75391145651273
0.30449161805394 1.68644075174557
0.306436477032162 1.64551679386503
0.30246234780003 1.76029035993975
0.296524181490459 1.89845975195992
0.30181904945894 1.77129494410212
0.311660689615591 1.51592269158008
0.31104971138472 1.53853623141223
0.29488317076204 1.94759534691896
0.305274335574897 1.68189722275792
0.304327573332964 1.70723149766491
0.303310233956571 1.73643628553172
0.296233618278297 1.91750426868609
0.299582134350298 1.82222163387368
0.303443855789951 1.72210619147454
0.298896117191081 1.84242149390124
0.305182725607153 1.68632521269424
0.30323224822441 1.72849208306651
0.303947409752037 1.71160491313792
0.308310527031721 1.60885385083016
0.294008964509723 1.97249828408733
0.310753296133303 1.53655554992647
0.303859724842041 1.70799225232687
0.305745277497249 1.66323849939438
0.307958058209665 1.6108508091868
0.302377261517153 1.76014841223381
0.303568623501167 1.72209002796464
0.309242135008633 1.58540029094088
0.304615857206968 1.69031203145233
0.30677030001623 1.63602400989032
0.301967768236096 1.76405149743747
0.298126889320938 1.85585836140662
0.305549103928859 1.67946690406391
0.301269873226005 1.78456771864611
0.297615232993422 1.87615938405193
0.305283164702525 1.67952788284992
0.298846612748246 1.85053282166959
0.299684033450201 1.81700037911513
0.303159341930353 1.73644225473502
0.30690142305666 1.63951050422422
0.306118930264461 1.65714044256891
0.305513811613135 1.66916589490629
0.307667343461666 1.61334556253966
0.307596570280579 1.62524364835138
0.304169996887771 1.70829036122014
0.306674136356428 1.64471200676014
0.306111531037395 1.65731422647005
0.301332680059252 1.77644953383079
0.305270998342337 1.67620657336092
0.302176583560286 1.75501959674036
0.303885614827923 1.71585226423273
0.299878329025929 1.81342040400477
0.3051108787209 1.68871982788982
0.296555960516127 1.89772346941605
0.299472536521976 1.82739022922491
0.302893599228159 1.73302248836515
0.301437503788375 1.7772994875959
0.299331392424769 1.82461005463965
0.301855666130514 1.76235960027827
0.309592367264465 1.56817501430733
0.305106352909622 1.6847259614636
0.30421557333715 1.70844282047231
0.300221470835066 1.80762639522256
0.296338669901425 1.9063753342603
0.303162014976006 1.73618503867203
0.302894620362088 1.74019452144459
0.300696503884664 1.79268092655854
0.302674471368163 1.74074055301645
0.301807221457823 1.77207949567178
0.301372183539987 1.77480542287983
0.304834486028486 1.68825433234712
0.298727614642467 1.84308887799688
0.299415483131294 1.81580643108721
0.297104404812622 1.88983028033143
0.300125274276476 1.80045415181364
0.294928072743307 1.9507605043439
0.303003113302488 1.73909851668604
0.306518006921363 1.6392660154187
0.300334973649107 1.80740412069485
0.300237410209798 1.81221513514659
0.300104925069464 1.81320029713859
0.303375296290352 1.72884771802307
0.297403851251088 1.8750863397667
0.308059923159404 1.61018198157077
0.306742618989689 1.64573110804775
0.304606406182107 1.69652255265908
0.300157290074036 1.81183036043348
0.309981577344779 1.56372343480387
0.308297310655968 1.59780789926226
0.301303869801209 1.78215505094321
0.305297965718267 1.67952298454552
0.297769494366136 1.85844678819407
0.302672030631656 1.74546890647042
0.3048302416059 1.68604911055473
0.307888111390145 1.61774984873495
0.305356991540209 1.66716308140712
0.302224305693609 1.75710002817673
0.297155041742034 1.89452908155367
0.301979433665313 1.76324541352268
0.309390879829666 1.57051896721882
0.302350479777722 1.75404832736262
0.302065571908715 1.76212247896853
0.305848592798084 1.65950573271745
0.307684579127716 1.61817137488115
0.306704070890037 1.63597556670355
0.311183674139113 1.52977149565931
0.300046215138871 1.8108257162788
0.303384110101712 1.72674708786865
0.298072076301794 1.86699486067797
0.303488976406503 1.72030855009182
0.294350093031417 1.95729021982775
0.307437106967637 1.61845148969557
0.304830289601387 1.6826673831559
0.292999582383095 1.98498808354391
0.309965017223557 1.55459117324193
0.296639422665798 1.91594868648604
0.306872553099057 1.64443361971719
0.301342627336785 1.78920392360624
0.313636922894421 1.45265452749368
0.302182387646583 1.75843433233683
0.302016421621524 1.76234109225038
0.300612633854936 1.80148735581108
0.3028787243747 1.74089866181553
0.303429959789836 1.72944091828153
0.309858019399427 1.56160402233645
0.303528135664242 1.72317940866198
0.292045174245066 2.02299552481149
0.307159799812939 1.62969839311631
0.305828533071171 1.66605224410647
0.301529466005163 1.7717407461607
0.297201078512071 1.88625235235955
0.308440676750466 1.59938865359194
0.30468082159016 1.70595912871089
0.298756931745623 1.84996897510463
0.306864146519934 1.64668362646251
0.301558901098902 1.77230686238578
0.294129547288575 1.96598049911236
0.297449636305037 1.87492780190271
0.306172582220906 1.65409898927763
0.300388908513988 1.80653418955063
0.300424143363353 1.8044173404476
0.302403497697648 1.75759837567582
0.30774521573912 1.60917818413252
0.305922668485298 1.6627696073421
0.302886297204547 1.73589842310234
0.302480391689376 1.75210093242326
0.299782886181158 1.82267199179615
0.302547928479305 1.74597126316196
0.30097622760352 1.78344216890292
0.29924736312249 1.83742803567904
0.31038578550055 1.54895797135085
0.308076189608267 1.60436478997788
0.302710494576912 1.7486701875959
0.299584947090705 1.82557193627926
0.301695416715566 1.7738280491434
0.298813098262829 1.84008853725196
0.293767883114487 1.97491135808546
0.2990053476524 1.83993950003103
0.298464011423249 1.8523215898784
0.305568926806372 1.67135007444539
0.30427167470297 1.69901811998132
0.302246666946705 1.75935990755297
0.304500041627766 1.70270781165187
0.299609411756558 1.81946853823985
0.309701510409028 1.56671578706826
0.299214965376879 1.84136190351922
0.304164088639982 1.70917689446752
0.30022838835454 1.80764345653903
0.300087051134409 1.8146215708501
0.305231763140066 1.68234541685971
0.303454137597826 1.72899175958725
0.304198990041419 1.70731421545914
0.297693734354378 1.87238696074501
0.300841091605908 1.78995365101049
0.298371351184864 1.85480811910641
0.298466514836621 1.85053385246307
0.298198011508399 1.86050714092087
0.307702530792836 1.61608909281673
0.303314727671552 1.72628639703288
0.299419535271372 1.83554897700581
0.303275330940342 1.72783777063258
0.297445664350987 1.88200031603801
0.298530117866514 1.84075722947686
0.307646227056176 1.61401667553338
0.296927775943319 1.88705593833471
0.29698874449003 1.88374216714793
0.306833999450107 1.63721640309715
0.304127390088337 1.70963180610826
0.30342193634938 1.731107138657
0.297166891430906 1.89227372875606
0.296964202720268 1.88790385196015
0.300063396596789 1.80601606322792
0.300414883924131 1.79890549940251
0.304273308774659 1.69892777822581
0.296600033804124 1.89588314164689
0.299954432727122 1.81669531654807
0.297160483834597 1.88904505378936
0.301189311649154 1.7847997137424
0.300271454795778 1.80997477094257
0.298476894874785 1.85651366985834
0.303470503618405 1.72615016444098
0.299819646673513 1.81997662794513
0.294252487641736 1.95230540950133
0.3012248780376 1.78710317902616
0.299783323829677 1.81836955454148
0.302364698559803 1.75062409290895
0.303990281747243 1.71499093952791
0.305948104671927 1.65640278326865
0.301118772984987 1.78924809943345
0.30873578187639 1.5856139780429
0.29854157559734 1.85350201804726
0.294027964016974 1.95449302631824
0.297862452876501 1.86543591697862
0.302270919308901 1.75736484309753
0.306060790532005 1.65825884366413
0.298577971991602 1.85394855486326
0.301484884383445 1.77351815707223
0.302346065792945 1.76468820399275
0.305314078181937 1.66874011958663
0.300649177871161 1.79597837226961
0.31226575825871 1.4983759978789
0.304154219675351 1.71047156479276
0.30371385220097 1.72006388841893
0.308330079996979 1.59927143879102
0.302671796926538 1.75201859923443
0.304307781947886 1.70738880981028
0.300507576220818 1.8017456601746
0.305436294993604 1.66710782579721
0.297800532397063 1.86926970320729
0.298906423174771 1.83517010580415
0.30565096262357 1.66909825152122
0.31102701126367 1.52000411556374
0.303917232010502 1.72371944796732
0.299938665080396 1.81691891013169
0.304765306603309 1.69812912465121
0.305162340365431 1.67961310706286
0.29951169452028 1.83586347414245
0.30062981276922 1.79591750108125
0.309161417160733 1.5765470650914
0.307480341210198 1.61667130427317
0.300997922438893 1.78963206254405
0.305681869925487 1.6705302359451
0.298410158160484 1.85271748943218
0.302925199761383 1.73803734077012
0.3054889587993 1.67611484482676
0.297116097720909 1.88481035879528
0.310979084030273 1.53614782903599
0.30532600879143 1.67806983001265
0.305170320687652 1.68434721005119
0.296963931044711 1.8902080857809
0.3025703526337 1.75025436588419
0.307148990954487 1.62770533072854
0.305519800501351 1.67402373602298
0.298467791152174 1.84847635665951
0.306537252356998 1.64183314054028
0.309044739503751 1.57825796689136
0.301292150642076 1.7857878335158
0.297304018085967 1.88250846899008
0.300338988284371 1.8087481377683
0.303464509329328 1.71407888249385
0.304404934888481 1.6963637578272
0.298946579427392 1.84105333820524
0.30977636522681 1.55882631730676
0.298777893123599 1.84190002521844
0.298195998458529 1.86453451184556
0.307724297362743 1.61215378562214
0.298473310459563 1.84999451349887
0.304625818402532 1.69151462935381
0.304856341563444 1.68150658263511
0.302838682811588 1.74129752854217
0.303372269230352 1.72435801441632
0.307637986666212 1.62053328175984
0.300172620640704 1.80932931574073
0.302730031001025 1.74447534305521
0.2986254466154 1.84995887286341
0.294548492077595 1.95417878263448
0.29900541623454 1.83875182045791
0.300868224282517 1.79835209736571
0.305712992615446 1.6699380334168
0.299233442771065 1.83087799067204
0.3044734487754 1.6869055802784
0.300069129545916 1.81069710955058
0.307499648043656 1.61870832747509
0.302244086416565 1.75764875386896
0.303758667467926 1.714860068039
0.306282163538353 1.65277161642679
0.300446491705336 1.80095069090979
0.304569740447292 1.69564295151807
0.297135790909571 1.88290640055929
0.298205515714743 1.85427607081419
0.304057743584097 1.71308649421386
0.305734827682695 1.6612509029371
0.304697408835718 1.70017957386814
0.300433445483016 1.79958843089032
0.297040691629159 1.89420025911045
0.304525300498635 1.69332473022395
0.298153321376493 1.86246739914768
0.30366777310314 1.72896468067548
0.309753018871239 1.56519825170114
0.295615479941845 1.92486636257575
0.300269850496002 1.80882910301521
0.301364113533437 1.77287227176958
0.304047284465935 1.71329242314164
0.295432960476889 1.92972822979072
0.303663610971959 1.71767079903092
0.301306983507944 1.77093612590891
0.299449333599827 1.82350246795809
0.295559592558059 1.93366767153823
0.314781348839576 1.43583988737273
0.304733236473727 1.6983173112265
0.292936356275418 1.98759611611606
0.30663463380801 1.64234747718937
0.298428614583583 1.85740501472498
0.308234227006095 1.59975247464978
0.301771491486147 1.77039628270638
0.30112068292518 1.78500388664765
0.298300833353119 1.85595182271774
0.298058334985056 1.86202430743992
0.294287232832314 1.95794509709265
0.306917895239653 1.63535923838499
0.299759133611407 1.82174009330438
0.295219911378936 1.93831352945944
0.30515689789611 1.68283200255163
0.304729607088489 1.69453273485314
0.296097292482244 1.91630376901579
0.303624079051767 1.72450860847867
0.300005620207054 1.8078097590978
0.309599719588341 1.56992205943289
0.308077186891839 1.61350764719851
0.292102151060616 2.01436002392266
0.294413249710443 1.9518277141499
0.309285071118342 1.57043039489769
0.304562958035163 1.7018092718294
0.306294213097502 1.65121945344366
0.295370850822685 1.92640028765075
0.301789436995893 1.76345473283224
0.301208015021728 1.78115543039117
0.300327884648426 1.7952719670183
0.299300748948058 1.83421510876403
0.302117004056979 1.7643910989031
0.305625064491168 1.6706315542236
0.300606077003233 1.79746294999765
0.305042272167972 1.68187840105545
0.303762371512586 1.7197291168011
0.298128447894519 1.85808898864637
0.298246149886524 1.85439287019114
0.295862692387037 1.91876005924332
0.300622682630174 1.7889365075432
0.296137247419024 1.91297784489515
0.295391739361387 1.93224285490244
0.304495538645407 1.70885202146308
0.30335254289104 1.7208255166297
0.304707296411732 1.69285614179097
0.313838928425428 1.45854018955166
0.301960418354962 1.763812260383
0.299676733785977 1.82509071794513
0.299560175565969 1.81833102713367
0.299913957041981 1.81970544449099
0.301732079759893 1.76637399630427
0.30432140981665 1.71201139692906
0.29691954863828 1.89171771330587
0.307958950091575 1.60854689225629
0.301068538108077 1.78629163279885
0.301078136968283 1.78084330579568
0.30316646213978 1.73539705535186
0.300301776084141 1.80346739099817
0.299255804542919 1.84603081939543
0.306735168339597 1.63725572926223
0.308386553322424 1.60103629312001
0.301558572349486 1.78264451634639
0.305574750768326 1.67199812101435
0.303651484258909 1.71447377819416
0.314343629121311 1.4441514615284
0.300120953805014 1.81275183262657
0.300753850337441 1.79179167722144
0.30798326712563 1.61186212008855
0.302237072152924 1.75461605834503
0.298207505076099 1.86141719145036
0.295822954097301 1.92252100988821
0.304025825659526 1.71331181072
0.297112678111994 1.88846452186006
0.308889175523877 1.57693479181708
0.316990245150818 1.38229716850924
0.298843283881827 1.84818093693225
0.301769896417544 1.76538781102316
0.303424008640884 1.72686346176253
0.298954496739823 1.83663386649712
0.300389310370765 1.80911504914283
0.286932831148598 2.14454333545905
0.306436515935606 1.64638424979869
0.298662904856813 1.84753788449235
0.30465906349299 1.69783144249828
0.299934853845397 1.81900016815327
0.305432096500318 1.67918837179201
0.298611271848488 1.84779653695922
0.302415490662788 1.7503521820592
0.307448879590077 1.61747199327715
0.302648804235861 1.74722995197655
0.300944013472829 1.78699577480111
0.303689717832607 1.71200597243081
0.302578195079611 1.74694172853407
0.309029568382369 1.58417052259219
0.303769362893441 1.71662273294606
0.298588387616608 1.85361056782692
0.292279171134069 2.01764829017718
0.29785911044019 1.86853265426888
0.306526426258109 1.64547936668871
0.298471560086129 1.8513620118962
0.30210787942365 1.7653161258329
0.302385992498445 1.75009238209327
0.311860909416319 1.50946534922678
0.302765034296336 1.74063634935132
0.301003961749504 1.78641871922918
0.302098956050202 1.76407377252615
0.30515974304056 1.67192040085321
0.300840273455586 1.78937803267959
0.302685135350304 1.74802519289541
0.293656098447394 1.97687401153258
0.29873837193048 1.83859455373309
0.304372040717899 1.70752109590861
0.304891630581581 1.68757066538345
0.296130564862248 1.9132556945561
0.302604625509882 1.7469091938403
0.305523390073668 1.67882594607447
0.304157218572153 1.70079239629093
0.303301482961737 1.73130150599539
0.30357194163828 1.71630021095453
0.298533621587043 1.85243904190392
0.305500736947234 1.67266508984126
0.310906318429542 1.53405514958097
0.305265805177951 1.67695511566388
0.308216564026086 1.60116283537746
0.300011726396417 1.81598294737503
0.30692729881029 1.63064632662638
0.296103595593503 1.91206889660951
0.295768783675025 1.92355740471904
0.302712073659968 1.75137273599918
0.302095786166197 1.75285194454333
0.308196964770213 1.60634741656154
0.295189645027058 1.93563311510823
0.301101758593155 1.78374214537134
0.301941410644705 1.75959611346452
0.306296928175202 1.65716394453554
0.305583170683337 1.66771489602255
0.308634517898398 1.58386597031975
0.306546066827919 1.66281925525679
0.301436568946113 1.77685905124927
0.310156999283614 1.55584433290222
0.307736785985454 1.6185201225171
0.305389206419161 1.67014726241369
0.308894716317758 1.58417979589206
0.304403170842393 1.70277119485572
0.305039698712645 1.68936300652759
0.300928908558699 1.79066877191036
0.307170653772209 1.62419429705589
0.304739813284554 1.68869051870062
0.304866531337989 1.69035455973697
0.301785056601867 1.76798317637325
0.297638317986609 1.87550042839631
0.304685091731492 1.69156131952344
0.290360601425289 2.064257658477
0.307712605594228 1.62178817883576
0.305392371277662 1.68134970748593
0.309550401178128 1.56736393291745
0.298820695122989 1.84660408541012
0.299140543625784 1.83250159801705
0.30603824166219 1.65916550069443
0.311619316954899 1.51912671239068
0.305690122644216 1.67448714313248
0.301774682690229 1.75632447701752
0.300191355633668 1.81149928053669
0.302881816018492 1.73865849136398
0.30116551502867 1.77759577125579
0.299371986070622 1.82576142486121
0.309006003269755 1.57908341011332
0.301483924910955 1.7768327374089
0.290850247445499 2.05616115165284
0.307348557244226 1.62102261426209
0.305090823106391 1.68244790276652
0.30142749134152 1.78267785913318
0.296480773626862 1.90492369637773
0.296029825108143 1.90715891040943
0.297303092912798 1.8859749377344
0.306269316664842 1.65624382786399
0.295998406308127 1.91441616717632
0.301310008614172 1.77708224301709
0.306973641383862 1.63114639426611
0.301418550290008 1.7826471164664
0.307298502332278 1.62757311070639
0.308430093154239 1.59402960798892
0.293886374535594 1.96916215931118
0.309585083715458 1.57739179300453
0.301335914943153 1.78002150808595
0.310868935785464 1.53576203890862
0.307976677522047 1.61866301924985
0.300686737283927 1.79441132972992
0.302270798963471 1.75372526713454
0.304693609308232 1.68071597557438
0.300607402988662 1.80634549145849
0.311420071531806 1.52234605994968
0.295399966542369 1.92844187106946
0.301155172050185 1.77631606955963
0.299215039467132 1.83369429773029
0.30659916311697 1.6445647281875
0.30825778562081 1.60470187564198
0.300695838929887 1.79696098615429
0.30847754591382 1.5972513595097
0.302967590208411 1.73285856544553
0.299027375845357 1.8283098742418
0.300032114226115 1.80838505735936
0.301378559815742 1.77217210039412
0.302797016323498 1.74222617897035
0.30627490802444 1.64835462261723
0.301689650579732 1.7715363758675
0.302585968563946 1.74420262658032
0.297550197579694 1.88011472626383
0.298327026302977 1.85785540943144
0.29770467673349 1.88200890556801
0.295140011501765 1.93528468240051
0.305305384197989 1.67633201086717
0.303168068839563 1.73073845464255
0.303510670190743 1.72620569978046
0.301522501854624 1.77435635364398
0.306590028046967 1.6420838897211
0.301599387855375 1.77027380594925
0.302848472107232 1.74064185475143
0.30458081687427 1.69979349474762
0.308597956702936 1.59073508853475
0.301084831286888 1.78931275984974
0.296275664837951 1.90624000577474
0.307114165643269 1.62367361565167
0.296810011251787 1.89619318804408
0.304548716420668 1.69647637284903
0.297135859245532 1.88812560130228
0.303810694829076 1.71357963718542
0.298549012126292 1.83944163506473
0.29835723820145 1.85698973279825
0.301128552338922 1.78728835854856
0.309404597631074 1.57373940219208
0.307331365043789 1.63334791768511
0.300509142363224 1.79905949171461
0.307809075272762 1.61403323977538
0.305339313162675 1.67822864545231
0.301265773889231 1.78026049300932
0.299514622725829 1.82939246660833
0.300356035515914 1.80049805114859
0.297014455492811 1.89540871824815
0.304232054741541 1.70070288846878
0.311594147140771 1.52015008756246
0.303975413567538 1.70378509810133
0.291112655745258 2.03414054625489
0.30002061000191 1.81302238068932
0.300368270924201 1.80480487118386
0.29631334831298 1.91170293364552
0.30052981496442 1.79998616513624
0.306358529980414 1.65123549184138
0.297411967079423 1.88510453199405
0.303501993312935 1.72958791345726
0.303432417665354 1.72726511772705
0.295608183966804 1.92974398211517
0.301774570283932 1.77299050614079
0.29691847275051 1.89343886969304
0.301645777342263 1.76749262191799
0.300497762213397 1.79617801457747
0.299606748394633 1.82235450474143
0.312905099360091 1.48651743563563
0.296504833538684 1.89596308538708
0.295100106252867 1.93971947567095
0.305920563455923 1.65133432718775
0.303392624065133 1.72671414118612
0.299509223189952 1.82064714133709
0.297397169087395 1.88117633157631
0.298067335354497 1.85589921778687
0.303717691180792 1.7087826651712
0.300471032302725 1.81091390888538
0.299796273655173 1.82111034143234
0.295907931864913 1.91352283391964
0.303139319138455 1.73287564129274
0.306015719486681 1.6567291638831
0.303242416135279 1.72767178859523
0.30466333541398 1.7004040160389
0.3044252242832 1.70200740089646
0.300594746622582 1.79505404012434
0.295854880683774 1.91982843553134
0.298347578725287 1.84924936979971
0.301746774043943 1.77133708046373
0.305898448414092 1.66360939574637
0.296666516496856 1.90065930441975
0.298349024497909 1.85797491410829
0.310673007356282 1.54243848910226
0.296676088996133 1.89489091796968
0.303248114102484 1.73761256932866
0.30598379491002 1.6575587352544
0.299820417805622 1.82358310730052
0.299463340574401 1.8232133571542
0.30668122142385 1.6446100726954
0.298522894085735 1.8538048541762
0.304626239431082 1.6908817587817
0.307089732361164 1.63379515045339
0.296334065417406 1.90683328892212
0.30059565903568 1.8104923891652
0.297427319226541 1.88251019552535
0.307562142878531 1.62423549200712
0.293153701260205 1.98598326564519
0.30403078454156 1.70539454268568
0.300859956524584 1.79473811575324
0.296885859238879 1.90325256065592
0.303066594890661 1.73575768498953
0.299075531573874 1.82918360489785
0.303013479072859 1.74242490531912
0.299889374465406 1.81800228547456
0.298327235870449 1.85901380586315
0.307841501244225 1.61176674844145
0.304654887426105 1.69015530937727
0.302024401358697 1.76281648164833
0.296296344966633 1.90946932171767
0.305870600241512 1.66513114991955
0.299114988068645 1.83462283772338
0.290350599371448 2.06151608875176
0.294763259006889 1.93891808177098
0.297064291510665 1.89450629393419
0.303339851014381 1.72702673899866
0.302157924448781 1.75822383864051
0.306736399383652 1.63997339773503
0.303603664064834 1.72977967579241
0.306478342029448 1.64943303400855
0.308342098520287 1.59940627379946
0.314389156265337 1.44573864405752
0.299616427132167 1.82931039986854
0.299575270473087 1.82854024447813
0.304966756731941 1.6917533270359
0.311860481313903 1.50863542121742
0.303738230265332 1.71841841057755
0.30226674562525 1.75609816518601
0.299224726503586 1.84178317748294
0.30789772287256 1.61198194056802
0.307544429456791 1.62275605794273
0.299916973763473 1.80706220199813
0.303585436438431 1.73219672538767
0.296752732575009 1.89764682343104
0.304782018350645 1.69034239901774
0.305864756551545 1.66676561758283
0.304451030513366 1.69916849642335
0.303401748061011 1.72684688510671
0.294999620645404 1.94460406575367
0.303293105330148 1.73152321564585
0.30523359526002 1.67977419727823
0.306194964758721 1.65534435894856
0.309570738081486 1.57426597922931
0.299240949161238 1.83347964675687
0.302782240549338 1.74075959461016
0.29284368109309 2.00407733195726
0.307618431578675 1.61888010981136
0.292161563204355 2.00310160295526
0.304934014076184 1.67709154684678
0.298040770233394 1.85912425798792
0.310384658344651 1.54689221883494
0.304400703302296 1.69819283474741
0.306415310402624 1.65108697478994
0.298071522719158 1.85966421282402
0.300050667890116 1.814421909797
0.291037202267609 2.03933855774608
0.298420645610464 1.84618234201409
0.296110692214608 1.90369748520989
0.307915419038766 1.60969739651393
0.303305804156124 1.72997794708294
0.301375724724932 1.78137775320455
0.30464622733784 1.68846837284671
0.304151850545164 1.7076689809472
0.302764095355621 1.74021319862374
0.303470753751322 1.7265851459096
0.301542872121284 1.76673909521711
0.302569460964353 1.74890368785083
0.305780686747439 1.65888657563877
0.301146145465578 1.78553760628692
0.297724988024966 1.87382865662783
0.299803545266103 1.8186170802304
0.295072951734338 1.92743705863092
0.300408026756398 1.81270303019335
0.30804777398035 1.6010065415721
0.309697087667546 1.56478064358712
0.304844528751343 1.69301473308106
0.308374087075105 1.58834684908749
0.291672315699846 2.0239868425932
0.293729872210626 1.96987883878456
0.299715191031216 1.81486793153853
0.299950983283596 1.81654401963389
0.308088018431439 1.59859284434236
0.293110274624463 1.98171916232494
0.301568705675237 1.76873194677865
0.303894598830032 1.7147418073463
0.305013529681039 1.68746278240254
0.305687773748115 1.67265791979023
0.303879990923303 1.70655931019233
0.29454559391009 1.95348443653826
0.303133336574331 1.72653556336754
0.301153450240135 1.78188798248114
0.298599491067093 1.85131537397345
0.30515647365191 1.6785285532871
0.299507837694071 1.82796804767573
0.301291938325548 1.78146761502019
0.309004436611834 1.58238810906168
0.30201266179414 1.75948164570353
0.301770917685075 1.76840399351876
0.303197262984468 1.72719780701037
0.305050055212834 1.69139160322751
0.306459909642843 1.65423920817766
0.302890428016088 1.73519914697757
0.307458385175589 1.62707856509459
0.305961322303229 1.66487475635788
0.299742458911757 1.81709420780956
0.306570759567191 1.64087036158083
0.310755323405679 1.53169588910479
0.305346676495035 1.67894683211221
0.297900414508131 1.87356848245025
0.293685410998629 1.97586550910337
0.305083808074747 1.6708989025649
0.304905471365272 1.69042542146811
0.301389316841393 1.77918941503738
0.302324300388582 1.75951831223871
0.294244236843118 1.95980863660166
0.303409720959107 1.72075040645008
0.298958563127833 1.83528893208892
0.304631046805673 1.69623658209157
0.298949204336575 1.83781376700736
0.305213674480433 1.68278347271392
0.303173129280458 1.73330200583551
0.303362428771166 1.73241542768073
0.299130787425565 1.84262609789328
0.305777744545067 1.66444196146518
0.30025541851836 1.80883555914657
0.311629157858678 1.5108621710252
0.30232691950204 1.74803808310905
0.293737005277956 1.97150430926238
0.302510863235161 1.7501979547857
0.296538439880994 1.90142648219028
0.297090046304615 1.8836352956905
0.301856402047272 1.76197588703668
0.306186230986081 1.64747287397051
0.303396573107338 1.71556171201423
0.298026471197355 1.86815085016431
0.30519744873202 1.67741879931382
0.302383680864411 1.76315145433822
0.297168585604494 1.89006338329393
0.298057792561612 1.86715703439151
0.298672647873106 1.84862919765863
0.298558917690117 1.85026638281907
0.297999798662747 1.86515422718628
0.309274692284555 1.57713209829718
0.305582862734752 1.67453835762857
0.301028849759489 1.78435077177703
0.29957517175259 1.82776990821366
0.303062296917755 1.73292527251927
0.303860526877998 1.71627311344915
0.307897751028406 1.6143703579098
0.302516413615822 1.74929808670848
0.301468313091837 1.78318859980556
0.297824516741049 1.87275450716337
0.299607388038218 1.82299904406479
0.300789546172662 1.79465057243901
0.300495703748946 1.80087430622755
0.306814344170095 1.64063063814633
0.309411815698414 1.57191630931905
0.294580911854026 1.9442269105438
0.305087851182498 1.67950166193237
0.311049984649017 1.53298481762213
0.298960096098395 1.84259469894983
0.300185597960091 1.79996959183819
0.300951378934463 1.78734073505343
0.304112793167933 1.70346624864667
0.297084143655615 1.88846199210203
0.305470001620107 1.66464856857985
0.298742867579203 1.84167569414841
0.294806596963504 1.94246118053485
0.294854572960086 1.93520131199097
0.303331623868026 1.73904801606724
0.301173771150359 1.78489609680751
0.296306557907692 1.90781347635644
0.302914413795319 1.7419630433277
0.305424203912722 1.68236500456517
0.300636689182352 1.80026786825809
0.296646424443917 1.90322740288701
0.308736984134389 1.59422141753314
0.299596494350428 1.82582578612779
0.299931796637982 1.80699458439011
0.310402087525227 1.54526804268256
0.294594259823321 1.95577978744473
0.300636547678117 1.80562719964581
0.294850767215474 1.94535696946591
0.306122232385807 1.65580803773546
0.297121206927792 1.88359558713493
0.300126116658897 1.81049330572707
0.305785503535797 1.65971471661313
0.305021414327711 1.68617959018993
0.301270245259218 1.78635832426864
0.29765962252491 1.8699386355287
0.306362521914506 1.65667766010146
0.303782578820544 1.71414457738668
0.302502558915134 1.74935443082741
0.297907969752047 1.86986334788702
0.31049806708187 1.54312875726721
0.307263692331742 1.62637456937514
0.304898019241445 1.68905457788312
0.307820745949463 1.61185189795359
0.294204471588404 1.96280217043106
0.294909849349061 1.94589917453407
0.307667859137818 1.61642038207173
0.303685692212989 1.71942221269871
0.29699510190755 1.89147607329908
0.30228003610293 1.75618661378895
0.305455631597279 1.67691434865675
0.301584483415147 1.76882956662481
0.300827452746281 1.78626036397731
0.302380840151049 1.75389531406648
0.299488257800367 1.82907483127658
0.310755123213884 1.54164139512639
0.302851933176508 1.74324310217907
0.300783041459207 1.79276483226401
0.307316146748679 1.62680967180213
0.30184383066432 1.77231467530021
0.297245016081878 1.88157874477846
0.299313028628469 1.82494174615961
0.302057304774646 1.75932513133875
0.307258059777744 1.63232973781315
0.310738281765429 1.53020915817221
0.306325951467519 1.64480197990015
0.297679567858239 1.86709877157613
0.305285384635635 1.68151098637167
0.306259657487381 1.6555738999736
0.299687988424207 1.81643520727937
0.300926797065231 1.78621938427517
0.306854458894017 1.63650385977113
0.297109511951932 1.8823119956539
0.303126573282369 1.73530989479712
0.301592145287905 1.77444736799019
0.302841197448931 1.74361924371298
0.301974160309922 1.76839048529976
0.307516450851055 1.62410494511302
0.304050045894482 1.70972534060366
0.306000524285374 1.65274760160076
0.298739851500322 1.84851329823646
0.299316318881774 1.82602500394782
0.313754398178488 1.46475193045282
0.311357013105043 1.52790401358524
0.291311649590661 2.03551364983879
0.302627621679052 1.74851879837395
0.304124250446987 1.711898341565
0.301299129560328 1.77827356671501
0.300883229012047 1.78637456068764
0.301033285090512 1.78680381931447
0.310682899860313 1.54402885844557
0.306556093197028 1.64840773645144
0.300404382209485 1.80417303121102
0.297916067688869 1.87600221080118
0.300373346225349 1.80183377545349
0.307539083977074 1.61272421487164
0.300102001279943 1.80637688554077
0.306861333949006 1.63293819829094
0.297090442951584 1.89527167447731
0.303205223222911 1.73470151268265
0.307844984267738 1.61698656707468
0.302435880413177 1.74210959194242
0.297985501502791 1.86482940941756
0.299355996352074 1.83608476925065
0.31182459697341 1.50964242970308
0.30345817946828 1.72397235240396
0.294071911462562 1.96137136815152
0.29590747323195 1.9181518037053
0.292232292410058 2.01026673517654
0.299810066767311 1.80840711330743
0.299176608294111 1.83318140572918
0.300132196468565 1.80817515500721
0.300934500056464 1.78647825478078
0.304076672433836 1.71403952646455
0.306257155077702 1.66138749811841
0.299827137337057 1.81557101930599
0.308212789659425 1.60101677532886
0.301791187561653 1.76857367835526
0.30610561541595 1.6519409999533
0.305115532773984 1.69070604725176
0.302777172516281 1.74887080711844
0.306113044061519 1.66164941696243
0.300267090305497 1.80466679992584
0.307003200655222 1.63258572978243
0.296142791432047 1.91219182297858
0.296459632581776 1.90273427087307
0.296577390931265 1.90011038349651
0.301898994398486 1.76616537230553
0.299499724422998 1.82260238591242
0.303523512308848 1.73505598484896
0.301621934383774 1.77214820165115
0.300386260453324 1.80239292488309
0.305214166143108 1.68332944672642
0.297752490191679 1.86589892547851
0.296043349003695 1.90247157031583
0.305670177024174 1.66512534338135
0.293985029159879 1.97824061675195
0.299718401097199 1.83279770700601
0.302694387935715 1.74328786144863
0.298499846485024 1.84650665179689
0.299162696307745 1.83947522689516
0.299800846613395 1.81774267085463
0.298978628223353 1.8342902905053
0.302570841221405 1.75054309534047
0.30173908821546 1.76398334899561
0.29412202460127 1.96255591644939
0.306386061075639 1.64838400360146
0.297483833918558 1.87593912227712
0.29636419770337 1.90214393093765
0.308064176557579 1.61577342958835
0.295902886276141 1.91694348603843
0.299173963559943 1.82804712556182
0.299550737463644 1.82912087868423
0.303072026258874 1.74412507923782
0.305625238145384 1.66280600007278
0.293190775652643 1.99241877381733
0.29888373272589 1.83776750681893
0.302177264038212 1.75835879728625
0.297925737821175 1.86512463739403
0.30489455681435 1.69211468251869
0.302500786980992 1.753274105857
0.305911487987865 1.66953192723564
0.306663753557039 1.64057409840339
0.300666406950715 1.79434992857491
0.298348541313745 1.86649481208712
0.304450975646585 1.69293383197081
0.300605929118317 1.79869613446789
0.307994597123968 1.60970720271516
0.307261217474219 1.62480716827472
0.301500332807168 1.77365513080932
0.308546969240626 1.59034651429736
0.298864357243438 1.83755298138176
0.294401690173469 1.95307062087297
0.296963969343728 1.89440607408849
0.306469079276851 1.6502011315427
0.303955507349005 1.7081734478134
0.301478214223094 1.77994138897258
0.300782120658501 1.79048583138453
0.307844082521421 1.60935762939797
0.306075006558799 1.66295802234889
0.298357022702027 1.86512226527387
0.299554933009056 1.82660746574661
0.296363760878221 1.90550181491361
0.310042849777556 1.55681816032056
0.302723052319272 1.74382270968065
0.301702722803511 1.76544858870842
0.301739630268015 1.77561185718048
0.30799996710305 1.60628150709552
0.301756965415712 1.76265227547363
0.304786498961598 1.68892228040669
0.305503271644983 1.67158825440962
0.302780838535615 1.73355862225548
0.30516704987708 1.68453455574318
0.300482321863321 1.80017247993597
0.305802733420509 1.66794296969318
0.2983074458589 1.85861897060304
0.300898038495677 1.79611786026286
0.305196360861397 1.67817890974239
0.292205365556591 2.0149219992536
0.296964592842124 1.89207463191662
0.303739451568509 1.70883137440614
0.297273422500917 1.88741036001317
0.305891376664046 1.66399364312742
0.308195417517853 1.60399341683319
0.301158827455353 1.78374104245033
0.30379481462611 1.71675545160616
0.303535968205268 1.72628460704211
0.301337520667618 1.77345514356958
0.298947366302012 1.83364617752307
0.294602038325739 1.95009626565022
0.312378865824331 1.48882137048742
0.306557890200668 1.64629316050529
0.301133814987612 1.78888553977374
0.294949133004059 1.94027544172964
0.299657856406194 1.8243827874665
0.294729228683831 1.95083644635556
0.310067707617636 1.54700314147211
0.300725802224679 1.79117218742513
0.303117712490158 1.7319495441269
0.302181993159322 1.75681311594327
0.294729443121199 1.95155998060297
0.300281462732365 1.80329367525357
0.304752953062675 1.69167942179931
0.299302604013109 1.82868110644603
0.306151993022888 1.65150605446329
0.301648444678298 1.76370517644315
0.297018122834463 1.89970038371704
0.306689984091218 1.64101645786388
0.297855489749294 1.86959279494736
0.30819048976214 1.60913309621263
0.302581275316823 1.74267658669655
0.304219664798721 1.71182948150008
0.307034010689498 1.63753035909164
0.302581052552902 1.74064804818617
0.302274473695489 1.74909742877015
0.302939748681547 1.73783567377876
0.303149265348646 1.72029295373473
0.293191602132013 1.98897280478351
0.300111007643781 1.80401628514019
0.303947564213823 1.70822772147579
0.306665250486988 1.64722269935519
0.300597023699062 1.7972234804214
0.303540380513722 1.72122214503563
0.303266806322744 1.72501217788177
0.296962516076595 1.89455550198502
0.301180770803215 1.77673203228642
0.305362016178387 1.67767578504728
0.30050466954974 1.79963268156815
0.296930656233902 1.89978709547591
0.305032338812233 1.68495212249975
0.295846559396586 1.91855029344159
0.303623597175667 1.73040228094837
0.294138544298587 1.95635751688035
0.299239852611196 1.82997887220287
0.301750080500608 1.75570035880287
0.307605552781644 1.62125999094029
0.297340985991822 1.8772040388633
0.30412015309837 1.70845017266865
0.303711205131234 1.71056293228719
0.295578115032437 1.9244088118101
0.294462726934535 1.95901764833062
0.294735491004165 1.94630868028928
0.305577693546992 1.67307025524714
0.30273047507671 1.74349905229889
0.299607481672768 1.82136015790687
0.297279589526478 1.87757152269869
0.310362576031659 1.55193913345634
0.299152014746795 1.83105055407082
0.307662049300113 1.61373611550051
0.301332617495551 1.78438986487969
0.30326624898869 1.72736560865054
0.30097153037887 1.79122190838105
0.306582987373788 1.64270504760605
0.299505892216371 1.82160422524975
0.292534063328938 2.00430519682519
0.294960843824658 1.93988515507154
0.308431858189748 1.60595614099762
0.308217230987355 1.60625236868635
0.300925431464498 1.789764995961
0.295476293134049 1.92959523578943
0.301635598629496 1.77590744078548
0.298778402212373 1.84690241405441
0.307819389526831 1.60284697410664
0.300506209389546 1.79880300778137
0.30393687148589 1.70954738832152
0.307530928016801 1.62451951738258
0.301489240567844 1.76567578117941
0.296950890199315 1.89102066751273
0.308488762739914 1.59881156187708
0.299031992903964 1.83298938444428
0.299139376848468 1.828309398315
0.302357220593667 1.75930968133354
0.292705049883564 1.99479694639202
0.297629052727197 1.87797071442364
0.302993495411875 1.73950662274117
0.311040568848851 1.52881605477141
0.300902370858493 1.79485991774188
0.30905343354244 1.57580206409149
0.296167714994888 1.91341215461155
0.294464802171962 1.94791458351105
0.30484558925869 1.68835042007484
0.307778966391372 1.61853660049265
0.308059055171857 1.60346865900732
0.307310702667222 1.62797597897774
0.297157716493272 1.88559309838459
0.305722455638168 1.67515031802597
0.303440664487115 1.72364214311892
0.301204607197425 1.78201735363283
0.307842761115987 1.61681073173814
0.301677341008158 1.76711109371193
0.300707398573345 1.79780024689501
0.299346926115966 1.82951385566766
0.296615171809277 1.89785398468119
0.303897148887486 1.71864514107479
0.301288186629456 1.76997066341734
0.300914090581735 1.78784480261784
0.303881965087903 1.71787460133067
0.300469115800555 1.80035551779191
0.302294378637406 1.74750302389775
0.299988491216828 1.82189976434672
0.296982325021502 1.89765014389667
0.305436434427069 1.66972194620506
0.300210391318855 1.79705147781858
0.298390327565776 1.86320192872456
0.298104342940175 1.86265446086986
0.297797832007186 1.86602382210631
0.303998912367759 1.71162590170845
0.295674288899046 1.92556024026135
0.301777673893258 1.76182895962472
0.300360892830297 1.80807491648702
0.290097473893135 2.06241444419747
0.302134085284546 1.75627569486387
0.309447896501828 1.57386689475477
0.306750060993101 1.63854582826299
0.301838842559878 1.76250191682994
0.300681088288987 1.79806854462532
0.303966453113539 1.71396593811111
0.302514211117038 1.7450306851266
0.297966417754487 1.86814708343397
0.302201462986476 1.74900464721396
0.302582688636076 1.75334140786892
0.303879692173671 1.71131060505999
0.305867356961042 1.66378646507566
0.302420130099011 1.7466252095874
0.305554604748004 1.66759097054179
0.311042440301581 1.53073565690515
0.300317029252841 1.80439738152201
0.302381866248176 1.74582984371482
0.306165753145042 1.64894853765715
0.304342323011744 1.69864896318839
0.292045412927496 2.01993476098476
0.294850258142541 1.94288022040123
0.303476475904948 1.7245193246652
0.303577987970709 1.71886760769589
0.308146475801135 1.59760159270312
0.304923377961236 1.6866879656233
0.308057130914677 1.61017843949211
0.300591375507504 1.79977404564503
0.298726438502395 1.84346675613928
0.305251463951293 1.67691213941035
0.30554388031222 1.67021070608623
0.306718855771693 1.64045713915009
0.301636208643027 1.77668607581807
0.300939654775314 1.78466477294984
0.30538494793311 1.66745970109161
0.307182050731632 1.62390110948328
0.305899337834989 1.66359471585595
0.300047853827725 1.81261757185111
0.306436575380644 1.64322154331614
0.297521105219853 1.87402237273736
0.29938158599219 1.83313342596092
0.298376254526966 1.8505836397898
0.298400534281808 1.85384852791313
0.306049741556503 1.66038008191195
0.298956380323861 1.8413898760806
0.303553473900999 1.72607406403714
0.302423178167755 1.75354298344751
0.298164736166564 1.86521005340454
0.299117998528146 1.84376450039225
0.302716248107519 1.75180367680701
0.29253176062133 1.99756518972358
0.304670469568164 1.69480390414579
0.30636755177976 1.65179675785505
0.305006200384836 1.68635034029018
0.29393456730898 1.96098058656022
0.304461421855604 1.68828118855745
0.300008441308595 1.80628628024922
0.301777460256576 1.77013582832651
0.308252254448537 1.60387202397659
0.302098565467454 1.76332162252393
0.307720439368855 1.62173473848268
0.292573605419772 2.00273768046439
0.30765992629042 1.61812244145381
0.303148758608836 1.73222718816851
0.304221655677957 1.70513818010948
0.295705674132895 1.92332277186408
0.303099811804119 1.73519362396149
0.301854346928811 1.76651171705497
0.298580108665496 1.85843002820299
0.305789093084385 1.6620559547232
0.299650320527818 1.82455705989586
0.302179051934007 1.7519040329935
0.303910120306626 1.71610310015662
0.30611402246407 1.65431061214858
0.309753214664654 1.56243500040421
0.295774810304263 1.92548797847181
0.30042387232706 1.81241773455429
0.300545970934746 1.80824871280472
0.294090442635586 1.96587869497708
0.301624523701038 1.77860576778848
0.306123880612672 1.65769749917761
0.302351192462717 1.75722846353045
0.303543884058208 1.71356774333735
