0.255463611213119 0.297524682550675
0.256868366206085 0.267620665049173
0.252875099431328 0.372107730321158
0.26081533984579 0.174141786062556
0.255875036823956 0.298273072107427
0.2574232718177 0.263177799323549
0.264579153835577 0.100888111461426
0.26835340647177 0.00945842857671189
0.259635053563731 0.215614909269716
0.266902373050701 0.0430138903781665
0.264717449080783 0.0859484837222949
0.256209714045362 0.287343137572414
0.270911390853499 -0.0452898751701064
0.262930012479755 0.136511469917633
0.265037178140838 0.0851009723537589
0.25700413634757 0.266845995701539
0.267614796957338 0.0310482161509759
0.260000503442468 0.199066295715534
0.263683686011737 0.114293083747486
0.266985609063804 0.0384998047634477
0.257962932027892 0.242250803979705
0.265227475115136 0.0825726321820277
0.266088330373005 0.0609249458136785
0.269127234222735 -0.00490030937635239
0.261979254400435 0.159961822491296
0.265465708654963 0.0837882843967551
0.267739543817123 0.0202722665751395
0.262075955188291 0.153703024786386
0.251935222683857 0.375035994105788
0.264266883672198 0.10169434574163
0.261147306744938 0.167215458307969
0.262980341548865 0.132122970357541
0.2696956743755 -0.0237674800351797
0.258498834186713 0.228594669871566
0.254237847467022 0.32794631671528
0.266335249835523 0.0565192623880018
0.25571928123155 0.296872497464301
0.2664551521565 0.0517055510866908
0.267709458672553 0.0307057694852444
0.263145470729826 0.126816774190314
0.261473546327135 0.177329292747144
0.258785035390043 0.227469706960016
0.258937508855731 0.212994452767242
0.260188510870809 0.1943583465474
0.259678301551032 0.209354977135052
0.261886617210748 0.158584662577836
0.26698006016814 0.0467542860536824
0.269715034678136 -0.0171363926131905
0.25430692700913 0.338112466822796
0.254391590614617 0.325980276360395
0.261505691158675 0.172846958080868
0.261138601982162 0.176449866140644
0.253552466057527 0.344161816425794
0.264291605669234 0.100680096815885
0.260008125625628 0.193263993901264
0.259992533216691 0.196189436808723
0.25899009075731 0.225466324792354
0.260050034321129 0.198557759294107
0.268347760427799 0.0156461951848574
0.2668876899064 0.0439893467214961
0.265631317388922 0.0757757956111211
0.260256303913728 0.200321362873242
0.265776804998019 0.0687449344239784
0.267631069010003 0.0302843934894112
0.261565329084806 0.158884280267258
0.273294560112602 -0.0971923224833799
0.265919421582666 0.0662083616750604
0.260181579053593 0.1973552548084
0.255838120376281 0.290203516221068
0.260953422630256 0.181001776261532
0.257949334284172 0.24519583248953
0.264406801815231 0.105473638834884
0.262622540529926 0.135763756479332
0.266147284527559 0.0528796056517379
0.264449033895183 0.100778503024808
0.263156434785168 0.124610966901738
0.262311920154216 0.149840209478916
0.264953982855319 0.0794590725600545
0.262940446855185 0.136254423243312
0.263129243630042 0.12894843576994
0.269705941879016 -0.0158896777830645
0.259097130623975 0.221845079318388
0.256513922644305 0.278871205018714
0.25849731792099 0.23075706304827
0.260709016274826 0.188642229211858
0.258159479039462 0.240921767564834
0.270367857911947 -0.0262483460974007
0.262119022888306 0.152953503424724
0.254859009731418 0.314688999596719
0.259499743388823 0.211690462688777
0.258117535922883 0.242844787182386
0.263382031821048 0.119557725382904
0.257899356938233 0.252945219424531
0.255155835419008 0.300573675155457
0.260427917006858 0.19398471074891
0.264822253221872 0.0764522180465803
0.271638214536679 -0.0636943112739647
0.265632788484607 0.07260414777401
0.259525328361629 0.208834168934827
0.257133688282387 0.27519586352195
0.261501587381098 0.168957406514314
0.270346962981153 -0.0291648755121648
0.262131138082498 0.146450959043628
0.26362199244467 0.1270224372527
0.264108431063472 0.110436828080672
0.265519779207351 0.0749647097674401
0.261558410974958 0.165309187431194
0.259399341310869 0.222158359144439
0.263240544116384 0.121321409101816
0.258126262986711 0.241015494883797
0.259108654885892 0.227963200370591
0.260862072842689 0.175554974706334
0.269526364476095 -0.0130928991390004
0.256139820888892 0.290505289049047
0.263660677586802 0.116398750488046
0.2629451019608 0.129620015544508
0.263344729544337 0.126637380876773
0.266019046895234 0.0641693242096227
0.267192731133454 0.0338295372009218
0.262627520972239 0.133886873314784
0.265760030580981 0.0757048616532609
0.268462298857881 0.0118244875250673
0.262145463232155 0.159344781759678
0.263968958604518 0.110019215676669
0.256948228360415 0.268024951273341
0.268033264322137 0.0222016356397521
0.257573192851767 0.253858146371888
0.264333733937824 0.108800930320268
0.258313635559508 0.239866841405999
0.259937948977811 0.203965264100724
0.258437304242245 0.238922785387158
0.257220063765391 0.260249803814016
0.2598632178679 0.199553510172573
0.255128947056472 0.297795397816088
0.26816370251301 0.0205557542189085
0.25645099539849 0.282579324506522
0.265845948519005 0.0715320487184463
0.271827668776096 -0.069157757293084
0.257812720485389 0.245496694647623
0.259353756380374 0.209837780152964
0.275940211652539 -0.154097119965714
0.264547079300436 0.0946338358819749
0.258691157613741 0.228208053161917
0.263347145764428 0.131358509024065
0.270911987855405 -0.0476658756621003
0.257355573237763 0.257834278289593
0.27806227076645 -0.206804302326695
0.261708467455739 0.165655953118199
0.258047509546146 0.230844443186452
0.260052558871525 0.203458651631828
0.262164890799457 0.141795095272706
0.265496543127173 0.070118400041659
0.262126882356467 0.146943482062848
0.258222569151894 0.243073350764805
0.256134100107317 0.293274453213217
0.262093212161521 0.156370228572939
0.264252182663646 0.105773706469018
0.257036478403262 0.263291349605447
0.270769292924165 -0.0389530678474004
0.261378783680633 0.164541034005009
0.261083527420614 0.18218014375549
0.258231118808438 0.244777297230261
0.264994991212463 0.0936162173108044
0.261109710326752 0.175931039904924
0.265340533106273 0.082638800546249
0.27082888336002 -0.0479101001648841
0.262276920101737 0.146987529437187
0.266359419106111 0.0626357520007283
0.265964853132815 0.0638909750977497
0.264617934983092 0.100688999432236
0.261421999336289 0.164168069752629
0.266698126570956 0.0449340041213726
0.264228768264985 0.106051557639162
0.265216643208657 0.0810044010268455
0.275747325139312 -0.152994838657161
0.268618681257955 0.0131242988168823
0.258365241236003 0.236321374044915
0.255390197780497 0.310502540446001
0.259033023534032 0.226351311255084
0.259918389178204 0.200482740814461
0.262754357854325 0.136891737648457
0.25964876386808 0.208861755499862
0.262850953924955 0.141331357713367
0.256813496015012 0.269563493493507
0.259215605827371 0.216079764704013
0.25010139682029 0.424576472298627
0.254765128733664 0.324544586516244
0.262119338892626 0.152955916834669
0.258894137640414 0.22813168850076
0.264155370702758 0.10594853119895
0.257429339593929 0.260668363902217
0.263675169749732 0.119348775762201
0.256876062556455 0.267329356909271
0.261525488263415 0.167849678134585
0.265003388006979 0.0866678625601678
0.26761094504361 0.024613946699641
0.259346109035327 0.212137484571142
0.25692907531614 0.278796247085763
0.263394283681109 0.129054750641253
0.265064241057752 0.0813343216910699
0.272141147313131 -0.0809861919900662
0.254484739064381 0.330967153602729
0.261312479479514 0.17657636817882
0.268022758387101 0.0183401232412816
0.268682082028226 0.000547672651772052
0.263633329264696 0.111720689272295
0.255756939533429 0.303695793425179
0.26587221361858 0.066800055582946
0.263839024898116 0.116992752563705
0.262555611753039 0.143091839815906
0.257775492115469 0.246269739585148
0.261000694459746 0.179720221073776
0.269648532557879 -0.0201341351135031
0.256567102529846 0.272578780005256
0.280126059130501 -0.254973337954944
0.256779761564866 0.27341649832447
0.256262043725892 0.281205134577088
0.261826023614878 0.160037008640123
0.270478990122777 -0.0404142304087243
0.26452510727282 0.090334155749391
0.263400745736181 0.118988586243297
0.256664214045315 0.271454108220307
0.263456592627442 0.120853953450763
0.257729167840091 0.243272255518257
0.260987419559488 0.188380118697395
0.26610021935089 0.0530850313902244
0.2594850105094 0.207504912532158
0.261986723755418 0.160669569264341
0.264109582500252 0.111456002033544
0.263506934771992 0.121361591969201
0.26079277853808 0.189874688419926
0.260507099273852 0.182080282923726
0.261667741582029 0.159406647671312
0.262573611505579 0.145436820237541
0.264880328720943 0.0913932184331757
0.255187845561902 0.313824591853634
0.274804799648521 -0.136078582425105
0.262543338039969 0.146187738204883
0.266275029958596 0.0623558148703364
0.261702052837955 0.166051210881421
0.269604215814409 -0.0114773308394699
0.257208766136031 0.262923180300345
0.265177825947935 0.0862090121244059
0.261232735756072 0.170910751500846
0.262683408821026 0.148515878340201
0.261283670141229 0.167807930457656
0.267464776154607 0.0273417107321702
0.254309849712797 0.334915202083167
0.262230892159554 0.148343633535711
0.257496433480939 0.257238623740073
0.260211997954922 0.197820837961379
0.26807480542667 0.022299266060623
0.264935310577192 0.08595913443575
0.264538124574172 0.0945962399832015
0.269654636086833 -0.0200006083082377
0.262095486420435 0.152906886802882
0.2603594864041 0.191548484156111
0.265255815994849 0.0763387622977165
0.263491135126332 0.116917904145454
0.254834410764517 0.308842138140875
0.25519245134179 0.305256520775846
0.268165421965692 0.0246392603543981
0.257244053019628 0.270707852277079
0.262931284519714 0.139211222224677
0.265441632607873 0.0727425202006186
0.265211649602791 0.0768431120961292
0.251114222836471 0.404723324559099
0.258006460013265 0.24766520610151
0.257798913776723 0.247394014026527
0.271204386130317 -0.0500354329495973
0.256717445247546 0.275349826668678
0.267781240356761 0.0292134390211698
0.266784244812149 0.0495549736266501
0.25578067010741 0.293634345980205
0.261607478936985 0.16441157435802
0.258451410728299 0.236352371011645
0.257578124331034 0.261280972131314
0.261536815709263 0.168020809257959
0.255069627532101 0.312919631065789
0.27127481977074 -0.0481423612143044
0.257004038470047 0.270091746631129
0.257319037489511 0.261440473295131
0.247829600413995 0.47300939941666
0.264304481327791 0.109050548009565
0.261416605318707 0.170493700781593
0.264960382437138 0.102429720155974
0.264273085382259 0.10463749876176
0.271304762112404 -0.0591271999005277
0.255390266256509 0.295144876060659
0.257487019370135 0.256419144162831
0.255174430452973 0.305045317275758
0.254263619560712 0.327907542605494
0.255501683674978 0.307795480975823
0.269766179804228 -0.0258852806385214
0.267807702726874 0.0125488618484627
0.270014423411763 -0.0153989915390112
0.263295185709195 0.1261605626118
0.269070611534147 0.00304653990047865
0.262384363662661 0.138059377684957
0.263943101133023 0.104845431122282
0.267878110744068 0.0212801907938885
0.263089292418796 0.134723708145992
0.260986366005884 0.175081052070321
0.276763310470776 -0.181772855541872
0.259054981395257 0.211548613848049
0.262202504620463 0.153536000061477
0.263297480157914 0.120474705423561
0.251823984547822 0.381889598865008
0.254189377520505 0.326394746780947
0.264491158228908 0.105860631316735
0.258223064414029 0.232678516357676
0.254636217957065 0.323191902287671
0.261006593255362 0.172930215759375
0.272394913237521 -0.0716996148757665
0.256834955612084 0.27279984799117
0.249798828055339 0.427250754413339
0.268341091506102 0.011638078129348
0.266370858253359 0.0604400041635602
0.26599968121534 0.0643517174882489
0.260415826316906 0.195968346868327
0.259542913553092 0.210400623867095
0.260929852516162 0.182511689482879
0.263334541131045 0.127396011499229
0.267361697520205 0.0431864966919612
0.267665500258732 0.0384042881493444
0.258659008247558 0.229538202232467
0.260321090966221 0.189355631532251
0.27686514068692 -0.179325564283185
0.270553622740021 -0.0496842079969673
0.266869444452478 0.0426275929298681
0.261165930705999 0.184740007681394
0.260719225320589 0.180393696492111
0.259573363610888 0.214322386375363
0.255476676510178 0.303147995759162
0.259704947162514 0.215260805380563
0.265103157189243 0.0886007475189405
0.264514835339284 0.102250576446811
0.24859683288976 0.461469014231293
0.258907721470382 0.232808857196275
0.260524077133769 0.196815319629397
0.256831151113658 0.269965160606735
0.265763777727942 0.0677814712593507
0.26107655223944 0.177505067530208
0.277234529224477 -0.181482522382291
0.261723139688161 0.159399622101887
0.260726142121852 0.183368384960012
0.260529451733452 0.197518722352938
0.266695980415698 0.0550243147380463
0.263733659880169 0.114640419011915
0.273534218873232 -0.111195783536419
0.26608908003508 0.0605462509229624
0.265749056214643 0.0726601962566699
0.259190420536756 0.226514384130933
0.267331679731396 0.035617902640259
0.264954559379764 0.0984247497663775
0.262662506787279 0.135493509861084
0.259902105584511 0.198783906585534
0.266992636351836 0.044159252881182
0.255829886920232 0.288364314875028
0.255261274935094 0.31549288039856
0.26127325476845 0.175520713690142
0.264878424617637 0.0922436341034364
0.261913247229115 0.157992207176402
0.262186127819672 0.158276628140855
0.26137869651152 0.164782183671074
0.262453549440825 0.14947546237293
0.255129041514082 0.313512852767805
0.252871473043676 0.361395780662803
0.258576758563563 0.229319194721046
0.262647563369394 0.137763195041283
0.261681504131637 0.169370249336109
0.259042182442483 0.223924932745419
0.264129541343105 0.110069234294863
0.260885657498522 0.181212075667517
0.2627932883829 0.135068688511715
0.258667322620185 0.228090691382657
0.258979156346261 0.220486401069344
0.270430627369754 -0.0323657075048066
0.259774621586543 0.202586424438048
0.263708895063984 0.123533004141215
0.262771824557445 0.134136846745944
0.268350862543054 0.0129661074187461
0.255480795157733 0.295956009712792
0.266405098130234 0.0569870600960922
0.27425035368216 -0.126339153921227
0.256808615050301 0.269069829697742
0.264071812582194 0.109204425192936
0.256340935169484 0.284708189581486
0.27000723730553 -0.0222283787735323
0.261892880810805 0.157829531623593
0.267213714114472 0.0374463063784485
0.257892876689768 0.251372431933753
0.264050362687133 0.109987951504763
0.267888006678736 0.0199865018319465
0.257250109025469 0.25839759697301
0.257238958778903 0.267770465915826
0.258575722766436 0.22900159166999
0.263446249605909 0.121342320841932
0.267437354162965 0.0301538140914443
0.265717061396089 0.0587175078346759
0.262099753837827 0.155422827553311
0.263170837033592 0.11903770686391
0.259797625808753 0.212690740118523
0.260276419378517 0.197190832642497
0.269123137434032 -0.0118768828476488
0.259015160342525 0.224831634529475
0.256620806565871 0.281908398935302
0.263993074848646 0.113039597409486
0.267217574203785 0.0401823689388645
0.262968659929477 0.129060705004482
0.267372743416864 0.0381072609801329
0.261078277619731 0.181152447565625
0.264863674324746 0.0921444092093104
0.265828555635389 0.07199106018564
0.263040769972428 0.138031645572401
0.259231473413242 0.214515806741787
0.25724574394126 0.264456236180904
0.268013827254596 0.0221180524919811
0.266226775488629 0.0482826052067211
0.265707042477392 0.0725117538517476
0.263078833680233 0.127614411539296
0.267788024467115 0.0319364122585045
0.262560561926741 0.133642749201483
0.253197094018016 0.354421454784795
0.266818189393457 0.0552835482190479
0.252024585105321 0.380275267963141
0.262149805262314 0.149888423747149
0.262086186706631 0.154385400143909
0.274752116288345 -0.129717425614473
0.273848350476068 -0.115514820950375
0.26173838561236 0.162881789877896
0.270872688249665 -0.049383101497313
0.262203210748869 0.153871257859724
0.264756230209558 0.0921283551060839
0.264310629596782 0.103582159126694
0.257760573289323 0.254558225169889
0.26691455043795 0.0408900649508626
0.260566777851654 0.186950115515007
0.269445694335135 -0.0165348611573443
0.259718202890977 0.19950553695946
0.270787234001498 -0.0501465701307511
0.270228652907193 -0.0330927966424069
0.261590598923508 0.181331474060235
0.259311264900037 0.222995678815858
0.271762380017976 -0.0537348040487493
0.263521345815575 0.109272462946314
0.269304102141268 -0.0079871749908727
0.262461045775209 0.145745712380432
0.269098377688155 -0.000621913299444887
0.259625558654738 0.209846284339977
0.252529129516692 0.372730883354976
0.260763983241682 0.183954503980526
0.259972825238987 0.200435485522318
0.260769065807589 0.188763184019654
0.25687274377041 0.270026570403897
0.265052686699316 0.0891634449354404
0.263642771461654 0.116256036653318
0.260816471498194 0.183372903967163
0.265351150642739 0.0818650821502312
0.262695499284842 0.152192878201861
0.263528233794397 0.126389866692178
0.257458693599494 0.26683286583396
0.263687834613864 0.116264188658776
0.26805148209724 0.0215587604340778
0.267755034050961 0.0216899471058509
0.255853771052589 0.292708701766337
0.266763117646743 0.0511298362923727
0.272731926155036 -0.0842566764068456
0.261872792195019 0.164201618956569
0.257266699104795 0.256153283609581
0.258691522386427 0.230893879742557
0.255856507685895 0.290447022803323
0.259181060818754 0.221055638872515
0.265488398728253 0.0808215801930119
0.270222349770174 -0.0314369833368965
0.260169091073693 0.191688654852434
0.266234217281415 0.0646113788129906
0.262141429182594 0.154445404977924
0.273311758972507 -0.101147206492596
0.263293230684853 0.131277645916932
0.26889061208042 0.00211668850399743
0.266115627428807 0.0669807952303417
0.263437440116262 0.119506239924104
0.257323812350221 0.262668289146911
0.26368931584397 0.118926487927734
0.258882072172806 0.225083396471022
0.265093115172329 0.0862838618040218
0.260199111898186 0.191077722501358
0.263897426939746 0.115836115011136
0.264723430276785 0.0987363084760506
0.268104882123247 0.0138699065192016
0.263695938151144 0.119092069740525
0.262621940446982 0.149513079488398
0.269520249181526 -0.0115369502233006
0.260325399208871 0.193372717186565
0.250022722746442 0.428613858673027
0.260540046420676 0.191087775794699
0.264726613488602 0.0980911332461697
0.264042949899487 0.110783060155205
0.259965319246632 0.201232418743008
0.270266101655307 -0.0326645819075132
0.258062746989417 0.24387196593269
0.260252868132552 0.192935842445376
0.267928169604303 0.0232541276052482
0.26262109306041 0.141562308618268
0.257863198331805 0.246276154065377
0.261226365518674 0.18035449507938
0.259691630543254 0.205694011851094
0.264655697792321 0.0986927547571808
0.270214793401221 -0.03951219118986
0.260254168731879 0.191626812629616
0.264378598250388 0.0969326154244092
0.256890524306056 0.263493056748212
0.253605532270206 0.343028538565431
0.264597998121989 0.0986110843810398
0.263745122318889 0.121517317962873
0.269877151377558 -0.0152732126795913
0.265851136959241 0.0651788128336347
0.264137715209912 0.10141596196365
0.255507043933469 0.297632302357335
0.267196225480633 0.0341484062030846
0.260433785790151 0.186268735012336
0.266320225237076 0.0608192850547656
0.25566212229628 0.30087072039414
0.259129899894826 0.221889560176343
0.254658292050693 0.324480062811942
0.262853028097196 0.140279552808728
0.255882914301005 0.294495218940492
0.252723587183674 0.365630522898852
0.268007924274765 0.011873498422563
0.25524196531203 0.313017433951581
0.263862886007733 0.112894422953648
0.261898569129461 0.155534149131393
0.263398176735393 0.127681109714704
0.265120443401373 0.0800491134354761
0.266481648875113 0.0588467442596202
0.255903813498718 0.288746805546852
0.267040176307233 0.0449229897454788
0.261569215977921 0.152922376530928
0.260180459978869 0.193647596914147
0.271058917459064 -0.0456366469296974
0.262837842174504 0.136360926712615
0.262980562657846 0.137334964619233
0.260268098789868 0.192749139565374
0.261563378507251 0.176212083113311
0.263572943465982 0.111591559235618
0.260477877296969 0.188971920238145
0.256584843013227 0.27675615642074
0.261902999643994 0.1613408806555
0.263405996351027 0.125373422624385
0.266810481066765 0.0466621928090368
0.268876629603486 0.0081911062009638
0.264821899393199 0.0957207189833015
0.267001822980165 0.0438086830824274
0.261828426348179 0.152542258977917
0.261316893855427 0.170149799923171
0.272159665545442 -0.0793000100618841
0.263289507989229 0.12702826665812
0.25832694873034 0.226817760260801
0.27057561528412 -0.0270024647811399
0.261735180783745 0.163979877712414
0.265743454667568 0.0783386338735733
0.261669742256464 0.16099803391518
0.262471889326691 0.155145800166247
0.259620109625104 0.207467231478762
0.265696576857788 0.0702135197257016
0.267728571619973 0.0214318240455635
0.260749873970998 0.185287136014861
0.258582410902468 0.234991351689044
0.265400082589047 0.0780664867013065
0.260063652740581 0.198520728365271
0.266435573430535 0.0588490363029846
0.261387324333238 0.166310773586982
0.259422410765928 0.217575808405489
0.259098456264027 0.221512408330729
0.259318698321159 0.219485661379513
0.261944403375743 0.155251029526777
0.262055675370851 0.15671667495671
0.257021207837526 0.265204360916422
0.257852447803145 0.250972906511284
0.267026077128577 0.0386111912925031
0.267534008315435 0.026519070541079
0.278496787366454 -0.219816176026665
0.257783985083966 0.255662217751015
0.258593533990933 0.231890452518906
0.268108390294289 0.0217729125518348
0.261605000587717 0.153554446899791
0.273548242417203 -0.109029622542468
0.258173626064507 0.241938527082282
0.2620773506192 0.14909446933159
0.271179838525093 -0.0538799755153238
0.267058358948393 0.0467195218384544
0.264545524045798 0.0945912711495238
0.262213463505436 0.148228009126023
0.259190780997861 0.21569521091628
0.255705579823046 0.289312150642188
0.263745882540362 0.117108727912182
0.272440149191999 -0.0819363811110824
0.25595631856212 0.294506828051298
0.263205639802501 0.128936432874535
0.265096684414781 0.0869378190939373
0.260250769778245 0.195825431169056
0.257262263043329 0.26337575318882
0.262344186636093 0.14719752397145
0.261185029255664 0.180949408178761
0.261303739910934 0.173770146002196
0.261194960458957 0.171065231230412
0.261498860202775 0.154623784923296
0.26850971168563 0.00801055780134957
0.258787708479747 0.2246834685704
0.263404518476791 0.125601980209498
0.260047335399463 0.196920099242149
0.259805454261842 0.205348049604567
0.26794545611935 0.0209901235652799
0.265463687454263 0.0762930784602349
0.260443382921642 0.187007603401588
0.258769348705433 0.223342917232918
0.26447057048995 0.103325575828992
0.268284722033741 0.00847027469039494
0.253768700016236 0.347950593092609
0.259036905100771 0.219516890569892
0.269046119264474 0.00212728285445676
0.269604544119994 -0.0193637120042781
0.251184997337407 0.400812304200642
0.260377573978587 0.20129030011894
0.26787546085055 0.0245459902608311
0.259351862851104 0.214074903833942
0.257015604172103 0.269828972040349
0.257559726899007 0.249481881591758
0.264490884525716 0.102907261833274
0.265075402349022 0.0860198075830206
0.264303586566299 0.102114740913121
0.266262007921877 0.0506868662891981
0.263122294464958 0.126497125714246
0.268275985911686 0.0209836652233868
0.261461686538169 0.16875503032086
0.266169814967909 0.0678928028065326
0.263264214751443 0.120394839048668
0.256228843410228 0.284282484417096
0.265799611911793 0.0733038676389417
0.266062012617664 0.0608677042725117
0.265645617533237 0.0756365790262723
0.269609511695088 -0.0158662011317312
0.269772584567175 -0.0200324635479428
0.265998896399415 0.0640060116451749
0.262690778861376 0.137929183701895
0.260275226120002 0.193150608354264
0.261522241549572 0.16786912069078
0.261886354609384 0.160654501182171
0.257789971824811 0.251626389944935
0.261800425946641 0.162513870336087
0.267522951630138 0.0341979552192391
0.274265193457739 -0.116793997472449
0.25998389590881 0.195250268124133
0.268096706325955 0.0206628894141141
0.263479339505625 0.129084438613513
0.256677836056278 0.273736053128426
0.261523991489349 0.161618418987147
0.261938649706991 0.151953107597326
0.27021754707769 -0.0238474051980922
0.263745226661007 0.115128819711083
0.256899283856819 0.264597193802417
0.265836424419597 0.0649405499643568
0.260800887074993 0.181077232378515
0.256275919673731 0.274589449297105
0.267944118645224 0.0241960067682643
0.264137987437949 0.112191588410042
0.256942788264015 0.270416707665787
0.269712606650536 -0.018162198731183
0.258930605222418 0.222082166909642
0.266536422571935 0.0558137784185787
0.260834514104712 0.178695968478244
0.258807742949497 0.223242611451029
0.259631267909504 0.207652299422809
0.262408622922216 0.137907598042829
0.267774321043119 0.0261910500515153
0.26786422297545 0.024793443855138
0.268209296111916 0.0267765968346644
0.269864300655434 -0.0284269981999144
0.26798104920131 0.0205856534175655
0.263104973486575 0.130470364786619
0.260813468321997 0.182752319522179
0.25772741482698 0.254819617050893
0.26321506642589 0.121933577671199
0.261125528786235 0.179105108227939
0.264336856135771 0.099883388945907
0.262550994156202 0.152243171239846
0.259820085951434 0.20382693362331
0.26521243925567 0.0822835515688711
0.256794950690711 0.272737856802443
0.260475327566169 0.184824451070085
0.262045987111985 0.157618795295119
0.262547296388529 0.140829669769331
0.266491665923337 0.0682356720559051
0.272268915269322 -0.0791515739208266
0.257388027768425 0.261338989818669
0.255894345604874 0.302062577124615
0.258143342551394 0.243438169858203
0.263137390029154 0.12418755789942
0.260389946460443 0.189864756186606
0.259627862273439 0.210885084786054
0.267313549544294 0.033679439585911
0.26061765991303 0.188998018990312
0.260431411769067 0.189154971769357
0.267058291121485 0.0434089001454351
0.263364407300797 0.127072214816377
0.257964024502792 0.249212499313643
0.257084709865727 0.267507652031901
0.271868793116247 -0.0752340894946327
0.258770970300316 0.232080256817435
0.267631706935877 0.0337197877652807
0.262360647098452 0.144986321507709
0.255027575310911 0.31351991461109
0.258805825437168 0.223527461285407
0.254310189808856 0.334664250540574
0.265450634531336 0.0743948486898938
0.260184749902727 0.194331470220506
0.260931841224348 0.179642090318453
0.2577669426391 0.254378955584658
0.257901903479503 0.251588294083382
0.263805220111778 0.120018602850566
0.262561607419383 0.141464635868284
0.266301717919838 0.0573705491779413
0.268414049395726 0.00594449390367102
0.265743492939708 0.0727130371571256
0.271507659908605 -0.06056808261039
0.263730508312076 0.109707481135588
0.265290437450037 0.0811441610549289
0.266718737279958 0.0517111638262947
0.256967406680667 0.268594413066951
0.265548750926831 0.0796309252014969
0.259055174387622 0.228836210459204
0.255779672234296 0.296027277629177
0.261062956139799 0.176008461784355
0.267186493723398 0.0374475982574672
0.259343439040897 0.221545624971991
0.26583635211057 0.0671084240939803
0.265056117061619 0.0869497167520066
0.265469664869491 0.0751102682011625
0.26417600730349 0.104966471725914
0.254270264519336 0.333863490708398
0.263236477964166 0.117541060305626
0.265519707662608 0.0735876343231369
0.263096685968915 0.134192442340068
0.263540877525989 0.122070324998462
0.260373592386707 0.185083687973825
0.2614748994987 0.173256441664347
0.268172644122589 0.0157706062980336
0.25926687947187 0.217443838077087
0.258473772500273 0.234801568573707
0.254201543315059 0.337988798247949
0.25403585378317 0.328345134891567
0.266352173645182 0.0600629850729427
0.253673788819917 0.337175835495906
0.258800718223177 0.229304317826465
0.258539340399316 0.233318467390668
0.260155101855207 0.197009304649881
0.261837108915932 0.157703147617458
0.264169964973597 0.104905616268953
0.269835738199301 -0.0183356423643989
0.260233078009355 0.189715739517492
0.259426256289099 0.212198253977374
0.267179350863802 0.0406596639568556
0.271151355150344 -0.0425276082551882
0.264294181230563 0.096752723653751
0.266276573528249 0.0620212706853201
0.252171731417557 0.376056972190719
0.262092253344335 0.151880891273467
0.263990342605955 0.106274552832771
0.26427106930096 0.10974581428076
0.259595468773729 0.206871128108783
0.266759535941251 0.0398557623923653
0.261899532005862 0.17486668168516
0.269374038366432 -0.00959875666540566
0.262693069956173 0.142501333962698
0.267061087024091 0.0448970107083678
0.265491125873105 0.072104700986053
0.265406907143412 0.077404203385401
0.26937554959453 -0.0090969740218016
0.2583469414027 0.242591538486645
0.261721304456783 0.163048419545245
0.260935756415635 0.173908369258012
0.270085464459987 -0.0296005007085475
0.264457797869124 0.102085373734718
0.261160324490906 0.175230481705464
0.262088880486376 0.15484823552247
0.26028305418537 0.192102504413806
0.264799323973333 0.0962191395330339
0.271619250612109 -0.0544245293119666
0.255428601150496 0.309183199814756
0.263796272015761 0.113951405992518
0.256868031188684 0.274249873789861
0.255666788856514 0.295020135837478
0.252661282838968 0.365740798025489
0.262177400133236 0.154929020276183
0.255881821104258 0.299667029288837
0.257882614123001 0.236795019208659
0.255443965021316 0.306204048750688
0.26912503921685 -0.00634639998699585
0.258296060500274 0.232871604976356
0.256377029264874 0.27853807226793
0.271051552614994 -0.0518725761662559
0.259259220839884 0.219060283008762
0.266280720440657 0.0673711652582695
0.258827004046183 0.223157787495443
0.255236994338394 0.306848668862095
0.25676032009668 0.27938465554264
0.257780026108419 0.25172133698705
0.262082176826948 0.145590929775514
0.265459766265049 0.0810300160258099
0.263657969870655 0.121418554669943
0.260873371167719 0.179562457440202
0.265461153257203 0.0747310888058978
0.266575330025456 0.0486791067346974
0.26154809907863 0.171125112778052
0.272077575590651 -0.0701415486526952
0.262178502878859 0.148680203515508
0.264394081726624 0.100937158738234
0.258808522242161 0.236944191298048
0.265999101993567 0.0663414062508154
0.262776974525202 0.138704382894754
0.263134090099263 0.139197288377865
0.262910386256974 0.133864013066513
0.261309543330042 0.170060847996743
0.26503113230995 0.0747536630177314
0.264193745451802 0.114748479222589
0.258770372993429 0.229627374698772
0.261311167690855 0.168102666995921
0.260035092595956 0.192425592496904
0.267849834964333 0.0242513326898756
0.27104842010886 -0.0483972676232854
0.252402989191514 0.37429912477191
0.257805515219103 0.250952647204264
0.266661888615273 0.0515620447555252
0.268538445543263 0.00360046703957431
0.264265804891804 0.0947975018627643
0.263408795864436 0.119444811419622
0.260455117598483 0.184362682806152
0.258631184529912 0.231439393752692
0.261692885494916 0.158086123787796
0.26514618806185 0.0858238531780378
0.266058701896189 0.0613232624242188
0.271096144886766 -0.045400216192275
0.270652102567713 -0.0377398073170793
0.258101525746142 0.252959945804851
0.260626472088647 0.183674542245036
0.264216604639175 0.104616312136616
0.258827524045309 0.225341505800083
0.262847567381345 0.139029088001998
0.264173579556275 0.106682837640078
0.25429413289812 0.326112930030985
0.266406572273529 0.0543525227672567
0.257124886332798 0.265184606413199
0.263869743714565 0.117221595798387
0.259807907248248 0.202740070094844
0.264639850800986 0.0997958540801149
0.256648730527391 0.273458150744242
0.258281337846027 0.231711163037018
0.257545232656434 0.257118183015587
0.264798259876438 0.0917708072349097
0.267066174986281 0.0425542780994712
0.266487656616504 0.0528655163243977
0.264774578618209 0.0816537369751477
0.265518063733229 0.077763351877366
0.266957450348257 0.0469116939881739
0.267094495464936 0.0418655393790452
0.260546340760893 0.195607740912242
0.255459797910579 0.301059506471166
0.266085045664971 0.0639809796956328
0.26811117370397 0.0201764056860858
0.2609781380138 0.177169652678248
0.259348363703759 0.218789084300661
0.265605845337888 0.0702006509029228
0.261973800057903 0.161839215077649
0.260383625535053 0.1876057988272
0.259637622316399 0.212795962730621
0.26145730752456 0.160167756776434
0.264010303066717 0.103158776301375
0.263472337691638 0.122292909732003
0.264026751331387 0.110385381901109
0.25515937232379 0.313442927516959
0.260778413429337 0.183422680385587
0.271759640183547 -0.0635605158669821
0.263069167705705 0.136767847871757
0.277797715152515 -0.193970950968209
0.263464075485362 0.12457386494394
0.261400017456095 0.173239215990012
0.256132261983357 0.292629494501745
0.259580854991126 0.210949660033578
0.270309840959067 -0.0351098528327689
0.265018512578632 0.0831650479893433
0.260806823015062 0.181160764309642
0.26617780761435 0.0652893522998547
0.259250629064298 0.210398856301045
0.265644905082156 0.0744013319845897
0.264581010002716 0.0866843445430068
0.255675478612687 0.297812217890597
0.255423563122444 0.298398880142062
0.26216471154806 0.15276732421802
0.264354074666692 0.0953895096613114
0.252592665661584 0.357511972780438
0.260743557693261 0.193605947789596
0.270967122349859 -0.0437980391530698
0.25710241004519 0.260678042962407
0.257924056464662 0.246943923101385
0.261045022713489 0.173665998336454
0.256872426895791 0.267987500499962
0.261028471568309 0.183666938375287
0.259117945250822 0.222302660440741
0.257423604105905 0.255234431850831
0.26442651681906 0.101123000114069
0.267508877082389 0.0244774147786647
0.26219101084912 0.15390302905562
0.269091570990726 -0.00265199108797518
0.262234796035008 0.151751955418098
0.264014097838176 0.112598407910334
0.262626859947148 0.14337682526604
0.256695735579844 0.271130667427699
0.266412078783081 0.0632448062625991
0.267047834870018 0.0388330404286001
0.263590487980152 0.125070148467165
0.266049356590196 0.0602357993383619
0.257491723949775 0.259070418133828
0.256954596394626 0.27191086884045
0.265272765735392 0.0777761451273976
0.264546021295728 0.100237075617237
0.264621797925584 0.0966216939129708
0.265357815708688 0.0923433845656496
0.261814289277412 0.162789129030673
0.2562378905249 0.289493442365976
0.266185228097969 0.0581426817513109
0.25913632969021 0.214910029793544
0.266892690702557 0.0489608595161816
0.261222790186332 0.18336228643892
0.261250798607155 0.173708613464082
0.264021478452265 0.10193408727191
0.258661969426342 0.237022491479444
0.257352847678647 0.26189630995822
0.263916736146575 0.114834268901164
0.260889067212686 0.180116555787383
0.25744223032436 0.253970501017307
0.271133093810276 -0.0483764404885412
0.262854255111826 0.137916471046509
0.262946081848447 0.136414553709049
0.266149261062785 0.0607033617153382
0.26129758194891 0.172293736600356
0.264274237454117 0.0959023659678753
0.261254190052823 0.178196930175666
0.262177600428946 0.150786956439668
0.25816879562059 0.241474946381219
0.261572876122553 0.164330944688997
0.261587789929057 0.173656784929633
0.266182260417992 0.0633127130469568
0.259843208265986 0.203652966297698
0.258880410539872 0.226485222942419
0.271220453580122 -0.0461483240477209
0.264159872037936 0.111133681778501
0.259535727208149 0.217204600645906
0.252429721087632 0.369614750469092
0.259495508667242 0.212669841034031
0.25949310012276 0.213063298787796
0.263067539720546 0.139565087447797
0.263893668230859 0.114073062240419
0.260169633127819 0.199630583877684
0.256463312128018 0.271403859491878
0.256377560212228 0.292871025837531
0.264733556109604 0.0953751608298696
0.26451626196198 0.0982221160376608
0.261947179140571 0.160292697089743
0.258430662453139 0.235934283409172
0.2585592166487 0.233449987479061
0.266973997264407 0.0466479162086402
0.263817825004839 0.11710039549189
0.263858053118559 0.114586269364791
0.259838011942117 0.205141287740201
0.251906877124027 0.388583352073732
0.264079650706703 0.109258848497271
0.261852979585668 0.157656372296959
0.25486337939989 0.323270172913368
0.263548853609222 0.121146191588581
0.265803558238332 0.0588910799800325
0.262455057382535 0.135232644216224
0.264653085742531 0.0914087621910548
0.266754245753855 0.047959969290645
0.272420340203062 -0.0813360484636982
0.263088223358458 0.132748006207953
0.268233120268605 0.0119188706855372
0.266498758777633 0.0565018756162222
0.268111601536607 0.0138770109506045
0.262798666330111 0.129716936639571
0.263999363366146 0.100830803550526
0.257533793901984 0.255077276339602
0.254988947961625 0.314471905359185
0.264114627732375 0.110876620545789
0.262527227964387 0.137369310083576
0.25754109458449 0.256436432551177
0.264943647853627 0.0867224326132748
0.259321928995368 0.217500831030492
0.269780636908124 -0.0265169833358321
0.266113133879295 0.0645036534320304
0.253729486923149 0.334416798026037
0.260843340652034 0.18320416641312
0.258494505398273 0.236183091105792
0.265093149014877 0.0857475458096413
0.262938392754526 0.122108661074025
0.265638075091631 0.0835242860900081
0.261095368342062 0.169477923468571
0.263501245253915 0.121270211509533
0.26151882936903 0.169892226655256
0.265411362429198 0.0682782805404256
0.261420189457228 0.165724148178912
0.258725334154535 0.224713500987721
0.260747169445111 0.177792330289888
0.261478520843675 0.16930317849154
0.264944202130393 0.0818299353634319
0.259318991928517 0.207419375704094
0.26456384645822 0.0930896152621747
0.269287666532982 -0.00751605049628221
0.259193954597908 0.220894809314637
0.257497328034109 0.261822038866952
0.263913612972978 0.104589746200333
0.26338414335604 0.124657801248119
0.267600102678946 0.022875886810802
0.255362537607848 0.302710195830056
0.259682642080506 0.209680829849504
0.264823118558423 0.0885236756094964
0.268640501430226 0.00811617217324678
0.260492670243984 0.190730053452653
0.261608838158499 0.164224716374574
0.261195898689069 0.170996141164075
0.26390498650918 0.112704575418718
0.256329615227244 0.279270906815674
0.25851206045439 0.2411747089501
0.259306126802098 0.222500889181753
0.261204734160704 0.169229425821413
0.262273746338395 0.15431467507595
0.257465421794816 0.261968951622557
0.266246995005475 0.0568442022410797
0.264854393434241 0.0871764475482157
0.276805452712383 -0.184288568623074
0.259206214685922 0.220783050353384
0.260981308497136 0.184819024378306
0.260548856663754 0.188809996100653
0.260126603744344 0.18526951240095
0.265289772396413 0.0842906856342527
0.266454539470847 0.0566462947676411
0.264210224214207 0.110899800986251
0.254725669437763 0.318265845401823
0.262557452928328 0.137366401276342
0.261560667844416 0.160152556601057
0.268804697569437 0.00327269794256124
0.256764082194278 0.270614024720101
0.265609029561326 0.0773009252480832
0.267109689566751 0.0416190485884245
0.26444847867654 0.105550818373903
0.268205851994248 0.0231040942218184
0.262127670040219 0.151225377568445
0.255999685983092 0.29287849330813
0.253731919634326 0.336475627095321
0.257253102743034 0.256478655485096
0.263721487415105 0.114578380064294
0.261657435419472 0.164753306839276
0.260058350051956 0.198789625122344
0.255919077475709 0.287857914354006
0.263890456394963 0.109046703235112
0.259564386936815 0.202801357236076
0.26439406738997 0.0906800779890869
0.261754684987632 0.165026242782783
0.258931771646489 0.221944216582163
0.26330700897587 0.136676125564453
0.255806232540085 0.299244999721578
0.272299274436454 -0.0723048273658534
0.254181639679961 0.332293556140493
0.264042020918553 0.109920503406718
0.270697054099289 -0.0397974660119605
0.259276637450449 0.218177335552624
0.262632141578671 0.145075233430486
0.266442780227323 0.0529298625258674
0.272075517376692 -0.0679421533670808
0.261178168217609 0.172040142653047
0.266684644270829 0.0525938409004785
0.253948041950854 0.340478346517619
0.261766800438483 0.160859173708866
0.260179294493566 0.203829416511389
0.263836726526404 0.117738898652963
0.258747519379556 0.22866018366291
0.263345191419852 0.126667445922973
0.253308951628904 0.351221486950263
0.267730266269232 0.0284063787685375
0.263699766422774 0.116942459155249
0.266908972429463 0.0370896216759098
0.267039682776053 0.0386558995740489
0.255438455883428 0.306228426384969
0.266450867724804 0.0580026589204474
0.26219737172774 0.142456521289847
0.256590105444513 0.275549625438985
0.256892137170583 0.265859646298157
0.2620992403161 0.153247332451995
0.273362594613399 -0.1091066341451
0.266140805775526 0.0585718608437629
0.257292252306214 0.257326451894949
0.26141637257784 0.158476479709662
0.25142883771652 0.403935618045189
0.261943525976886 0.157954716900688
0.254624268256154 0.321248372365746
0.266237410990009 0.0627884272253421
0.263015159257307 0.140670212240502
0.267012452932537 0.0456723203827107
0.258810281255681 0.23111257754511
0.271652860014563 -0.0571424661959115
0.259810580666625 0.207350172404565
0.261870734702718 0.150338953197477
0.255777999793083 0.293710146554208
0.258184722721385 0.24590443123078
0.264588108757919 0.105636626687525
0.262213237005678 0.150501430666561
0.249720802663307 0.431361393422819
0.263264982446335 0.123359265455547
0.267547886267824 0.0308910416314213
0.270401558463419 -0.0391865845591148
0.262538410920694 0.144658416397495
0.26666762827026 0.0564205706800484
0.262429329699419 0.142499633258388
0.265189943465754 0.0902189942367412
0.264163234871571 0.105089204815008
0.262795837732534 0.137715825472737
0.260971234741984 0.181612905505976
0.268179732024699 0.0145951572837756
0.262565132426899 0.141638616808653
0.260722694716805 0.185511255371307
0.26186542700419 0.157295398755464
0.260694242846377 0.185751734118959
0.266534855177563 0.055355612213083
0.260940318726037 0.178709820944311
0.2591013507688 0.221196336253101
0.256721704445798 0.275758911746572
0.264265429788883 0.106083380200164
0.259478818836071 0.215828211705149
0.261002198913468 0.174160426085547
0.259576717846437 0.204093213779533
0.264445877032852 0.101846830765549
0.260891148064327 0.183109849443711
0.259267008304218 0.220745446747107
0.264740202482176 0.096999374952969
0.270744014024266 -0.0422485211204357
0.267826860643796 0.0253041559731734
0.262146407360613 0.158148709986839
0.261460770085492 0.165279940894867
0.263942935197819 0.105559234233
0.259870650639795 0.201762910016054
0.261676281191834 0.167542839435422
0.262044720036678 0.146089876201172
0.257227092927223 0.256414398987866
0.259326700073275 0.2098138147114
0.259641209574089 0.212163879320454
0.269243855503601 -0.00485473993877536
0.269246098328212 -0.0123933095860697
0.260368554912766 0.188796512804346
0.263687377660821 0.116162548973654
0.255104783176266 0.305636720320476
0.263323101429148 0.127534408904732
0.263146162838225 0.131604195843849
0.261892930414702 0.160654694933463
0.254422550229443 0.331409624109976
0.255271081968008 0.309913114949133
0.267027514875818 0.0429957745943875
0.262582460861063 0.135026676527946
0.262570928576309 0.145064083113071
0.265897982721182 0.0629930908096039
0.259443507197027 0.216513985391569
0.261270397806458 0.177199337853498
0.263812000823845 0.113989881539573
0.269727489284045 -0.016134403965101
0.264767441570826 0.0971798472359063
0.26232995327726 0.146363671617757
0.26366736092569 0.113162638938461
0.26415541083712 0.106639047091889
0.266512404668336 0.0582870391765287
0.266483173774958 0.0573083008092863
0.268643958039386 0.00697667169945457
0.259460638963978 0.221394728100887
0.26056907909855 0.18555762302535
0.269629007200071 -0.0237200850254123
0.266013515530787 0.061131490211831
0.264985216221172 0.0836747922287405
0.262185809025359 0.158642051552717
0.262031082406259 0.158192237977669
0.258761560022233 0.23288837935629
0.262643041761296 0.132596893746283
0.263346936134439 0.124757285886056
0.258856566297901 0.232631257707384
0.263962945191206 0.110640251998963
0.258794661087403 0.226778719069956
0.263677160005758 0.11402678394734
0.256056762118781 0.28918005624778
0.262395797366032 0.144151421327711
0.266787163924568 0.0377565848914954
0.258129138636868 0.240910048229608
0.263239620099261 0.125802813602262
0.263917517547956 0.109577442282849
0.271398230334043 -0.0510378016197176
0.254048815205673 0.342668108628586
0.259590046924031 0.207321810891218
0.262520678508832 0.141333697828918
0.263121291024961 0.130942341183091
0.268267204617365 0.00923826906136702
0.260579646109531 0.195749685585212
0.263492177374153 0.128998749508139
0.260415447321367 0.196234304137815
0.264010916519847 0.108167953905975
0.261350267494187 0.168701759933104
0.264970132109967 0.0888407998712819
0.25580942419566 0.293427767822424
0.269392201798142 -0.0119457741804373
0.264992484591092 0.0896050719205926
0.269136299547095 -0.00898697118948566
0.265505489784868 0.0886556574781202
0.25246038387545 0.370153891413818
0.260441390567389 0.1895260419204
0.263805512350802 0.118061731869357
0.261968787565344 0.15100330996989
0.254255595124697 0.317264785356309
0.271204932375791 -0.0551567257623275
0.25634939566333 0.293319844736572
0.261868558576839 0.170809339136235
0.262421692041254 0.144793027132085
0.267053369220081 0.0369585801373649
0.269435852767068 -0.00699954484782433
0.265470623961127 0.0765168356897382
0.265328165959573 0.0752107820930318
0.26407440251197 0.111348093720599
0.261500847172436 0.162353018072569
0.261939906740512 0.155674463253587
0.259472163681027 0.211187721077587
0.257425855366765 0.255987743818784
0.259199555366798 0.214180726780238
0.271847447243528 -0.0568876721949874
0.255144467744461 0.308401234119581
0.260110731268417 0.191464531835394
0.257140144483454 0.268553002800658
0.258797833478855 0.236967394563473
0.26431637354071 0.0967998429312253
0.264322584556578 0.107347901410319
0.26183951152904 0.154805754708141
0.260492527348059 0.189857864401678
0.2603869467559 0.190426189584156
0.270634621174809 -0.0346869959780778
0.259942426258673 0.205409888299081
0.264052250789746 0.117254491015051
0.262499229763816 0.141825734947853
0.253356567978769 0.347812061351527
0.258424035447234 0.246800337174432
0.264305653724448 0.097413908880826
0.265216680960854 0.0835149708624013
0.257119174482889 0.26587906617261
0.263193730941785 0.126024071410512
0.245441510318774 0.527263156385137
0.261388331102478 0.16539256386157
0.256711270990217 0.269376796240258
0.254568380767629 0.319332300522694
0.262373521732575 0.150727084932555
0.262244489681248 0.152184036207031
0.259153673066481 0.21586618979603
0.258813824931384 0.231434640971268
0.266713210832074 0.0468320290326595
0.25714569228229 0.261263548878653
0.262067734192915 0.15940608418446
0.262403721099444 0.156161646509614
0.255650424571065 0.300449774696484
0.265261913489489 0.0810832160652862
0.258274183936014 0.23995895094383
0.258005490716809 0.245352754029886
0.264677340196313 0.091131252698824
0.259963724890587 0.208509801978242
0.26999091278251 -0.0265393015567082
0.26488786648087 0.084583786504073
0.260315669151968 0.191737905336031
0.256671205488917 0.273905904516689
0.258053001984503 0.235807464890201
0.261091183929595 0.179821931637307
0.273908424433906 -0.113651450673826
0.261582150350245 0.16854346849096
0.269406938461006 -0.00952795435458367
0.274994258993721 -0.131415333904697
0.259249906070914 0.215183600920649
0.256910900554008 0.271880598401549
0.262967023906381 0.13435733135668
0.265662123374592 0.0645737720801447
0.263182525286102 0.13294672937945
0.257943226077582 0.248475054415405
0.266109866821885 0.0633517447162733
0.262186808799926 0.151677215095152
0.258412087984701 0.236787825155448
0.259867166753727 0.206745705596367
0.254364478218498 0.321671027790538
0.257529732614291 0.249322592977853
0.266106108625193 0.0619755970928313
0.255302257439693 0.298519626662667
0.266863370003595 0.0471034620621039
0.261220433489944 0.178130303289029
0.269405516311349 -0.013309500679454
0.267066750662493 0.0435042705726929
0.262104668777941 0.155489653911324
0.262637340702601 0.132943471445081
0.259281484920853 0.213123908674272
0.260165581475997 0.195401701821443
0.262494049974486 0.143590750931337
0.258354201516789 0.240499684347842
0.26468021976118 0.092619445080863
0.256630388911531 0.27640461658974
0.25985717306484 0.201180052708478
0.257842953234782 0.244870184162315
0.254798811158611 0.309988938806761
0.260859952358325 0.191165249199864
0.261036015359342 0.176461879104826
0.26080377496624 0.183870911504639
0.263428778923011 0.128899709446881
0.253211950405588 0.348632509334644
0.260606414233703 0.193460054030592
0.268423204410535 0.0149657991375929
0.263236058505892 0.121760393962828
0.262257131547066 0.143149366651486
0.273229089456832 -0.0974251918382331
0.270781681238668 -0.0545598826549849
0.265509069238482 0.0777449709173304
0.26140668656727 0.162000442741083
0.259730339161355 0.202480466766016
0.251503608629511 0.395874182090911
0.26692031897114 0.0442341131545055
0.257068341415849 0.264550988118877
0.268488110829686 0.00468246202948566
0.266660379492534 0.0539607054559948
0.260706477465168 0.178630523792159
0.259870793834714 0.204867619056619
0.260637976626683 0.185635778167804
0.26193075686959 0.164886044484088
0.264641354085078 0.0966183973749799
0.260127061965431 0.196018006498976
0.262643078258837 0.150548226389839
0.271278808033554 -0.0606543656832113
0.263318161498421 0.123133278682489
0.262066975854535 0.141092528596243
0.250258441042216 0.422478322727121
0.265921846844411 0.0627469976834674
0.259028353616251 0.223007136109387
0.269071377423471 -0.0115672411551118
0.259113015509997 0.217698668239258
0.265101477485683 0.0894860794663769
0.265530800915806 0.0740432941745135
0.270571757721767 -0.0350005261828168
0.269259949146871 -0.00750990737100554
0.267857701025885 0.0217249690635866
0.25391014996173 0.331994577543691
0.255711078810748 0.301250057811812
0.26872841458238 -0.000700297388992938
0.272966077775282 -0.0950149345433468
0.259015879321396 0.227949801412984
0.26341859631827 0.120999861182821
0.262989038357519 0.136051746037672
0.262739183826419 0.136176819579134
0.259920573933338 0.197676001327863
0.268716916682581 0.00358450094166987
0.266450098617303 0.0528832509844608
0.262704939248687 0.148244909933121
0.256380632155335 0.285187296078718
0.265023421072039 0.0878398373213042
0.265156326552792 0.0845467516223665
0.254504909511319 0.328764433995709
0.265500287501291 0.0786483395692495
0.259691310042402 0.196961090710597
0.262477331584173 0.143473723443792
0.265224915709779 0.0804868002450649
0.259187059976184 0.222625119077681
0.263880651859929 0.103710514256379
0.261343919752733 0.169261845866253
0.268834341990528 0.00429293509897105
0.260789727427562 0.177355665816232
0.262109663716971 0.145679292756763
0.257156665068937 0.270831380459842
0.255205023874339 0.303037479839136
0.264079923174529 0.112454355029988
0.262949521194697 0.136996779938185
0.262654567017962 0.138863895028997
0.264027852702103 0.114616578459176
0.256565993692977 0.272261649276584
0.262537826459093 0.144863618777698
0.262535439624692 0.136274643957011
0.271116603067767 -0.0509490503953299
0.263914890627575 0.116640284388217
0.261202580979261 0.169536790393672
0.266415940385656 0.0581765195194984
0.25825297617113 0.23998954498587
0.262330281839087 0.156623966310696
0.262870849557402 0.134569198337675
0.27232840261237 -0.0771232834882529
0.261811176535123 0.163984220467719
0.269144308609995 -0.00874903464107502
0.269488326422528 -0.0104839315949324
0.265403095286541 0.0783482065557841
0.260544374371758 0.185347774432873
0.266003579041966 0.0699891081446089
0.262006339093346 0.14515342158838
0.268323912161887 0.0108253957342318
0.257724144367502 0.255546777654017
0.266014461353224 0.0638538730492266
0.26576695544706 0.0635983807719996
0.262098417467418 0.161428939722993
0.261008401454885 0.18475595449232
0.261479107365815 0.162951502039785
0.263519334500174 0.110425522112374
0.26049757932274 0.198031126313654
0.265170654965125 0.0843342439599336
0.251939619700669 0.377970795955353
0.26278622172992 0.137712934213623
0.253924511758424 0.338581103898366
0.266152380183651 0.0561105189985025
0.265252316876028 0.0862866711642865
0.26329786719472 0.121379151382385
0.264329392918349 0.100804663664528
0.259299586915637 0.218972358936779
0.263399043159023 0.121924118912921
0.265078413156075 0.082343132371824
0.266793601439563 0.049306067467823
0.257129396081679 0.267225175287912
0.255405803449588 0.299485455061893
0.265125457170578 0.0875306841208465
0.26303543547108 0.12406618811299
0.273993090387699 -0.108132858355976
0.261236184509533 0.169769188062624
0.262078405967425 0.154420067308367
0.263766444955965 0.111022489518639
0.25934789041514 0.211773166563847
0.268125979702484 0.0174775875359153
0.262323562074414 0.147439139784202
0.263491930533664 0.11512132426645
0.25615201582767 0.280500569546215
0.263494197492318 0.118523408568538
0.259959757333662 0.204220779860882
0.275339981308035 -0.147182522902801
0.271022157265718 -0.0474963691709126
0.256793342571266 0.269428607313148
0.265641740730163 0.0662639898427425
0.261019046923226 0.177151705107621
0.255964762739171 0.294207575968309
0.257768497601806 0.252588866965768
0.262730655918454 0.135852322897277
0.262292453784967 0.146910270493315
0.263439697472865 0.121632594456685
0.267720944050136 0.0256724656543957
0.264869029067514 0.0960288302036049
0.264117764405439 0.103079553182249
0.260663087734924 0.177203464120963
0.257673714337956 0.246843876409735
0.269231239596605 -0.00630998430912935
0.267635172771189 0.0291864189878723
0.257551558510847 0.249408050634403
0.265155056376689 0.0811303694474781
0.266346318801708 0.061452120988166
0.267123640229363 0.0357350169619369
0.261821195276092 0.158328980187993
0.264678307416417 0.097000175569605
0.265857294008506 0.0698790046267434
0.255875847709387 0.296746359495079
0.264826213839931 0.0940888986352126
0.247282219747179 0.491607603900745
0.266337176355722 0.0654763171721305
0.260402531846849 0.199474149474785
0.254077330071917 0.326298524401439
0.269991410723692 -0.0238746788535631
0.267555427809882 0.0322047722536293
0.257513925392376 0.257672068221676
0.261767635251437 0.152830264736559
0.262072051861267 0.142875408879357
0.259481680696683 0.204906711021844
0.253890551794748 0.340082043129046
0.262665429909317 0.142532383559411
0.269183550974664 -0.00234303767670957
0.258291354505184 0.244542456003499
0.264830893769879 0.0902731385236174
0.25767073918389 0.254059930406297
0.26249086451362 0.143323287797855
0.263837824749014 0.113985556884755
0.264604667028792 0.0960939164377592
0.264568970809347 0.0989611527474982
0.264278051116052 0.104620835613101
0.261666339709973 0.17151707270608
0.264747807499291 0.0905240185994878
0.264950728966928 0.0909364001528682
0.261014358320104 0.171375983448929
0.256531512318382 0.281292448850505
0.267302702932888 0.0337127766279569
0.261303933100391 0.170042872501988
0.259997839603804 0.204291689174523
0.26654265422185 0.0628668409433844
0.260348197807927 0.201632290146407
0.254865010908398 0.316243829064907
0.256464651026693 0.286992411190291
0.260591309480424 0.188594693217299
0.264858319428019 0.0953319807545486
0.258121428549245 0.233795926613207
