0.314170263244742 2.16330520955232
0.317988752453108 2.07806822642282
0.316054553338493 2.13424098535869
0.316780896501351 2.10165291865075
0.31093752337901 2.24498637536942
0.315195295734603 2.14813757989522
0.305449439233326 2.3682467893397
0.322535041483131 1.97518287189695
0.308676598851272 2.29794518754237
0.309376722095118 2.27438441084937
0.312336455427734 2.20195744720647
0.318557777306273 2.06926404781508
0.320875199132281 2.01515175555309
0.316425633416796 2.11794996220981
0.322496542691219 1.97680411249086
0.319062237598097 2.05558480545155
0.313047763194789 2.19455546706807
0.316442331426044 2.11475726357504
0.308589075068203 2.29134779383258
0.307813259527222 2.30760903435126
0.308537772919323 2.29179209377088
0.310224486205703 2.2567286623517
0.313904601346538 2.17135190645733
0.32148044929569 2.00151700130378
0.318018018170535 2.08352512689143
0.31624434261428 2.12567629514886
0.315314655852495 2.13646384954754
0.313797579197529 2.1757980203932
0.314980507126963 2.14322306874935
0.3109010929962 2.23927648195002
0.317587959373379 2.08363265637838
0.314972889498636 2.14811453258314
0.313667886844394 2.17359011869691
0.31562346078975 2.1297879488228
0.316516486217581 2.11251564109666
0.321482416892844 2.00041877154756
0.312371877396823 2.20835216209002
0.319836370917527 2.0358363128933
0.314140465423675 2.17127384200619
0.316930942131624 2.10241303003012
0.306750154759055 2.34418520274001
0.315245383906706 2.14277385511471
0.312741984479321 2.19021437458165
0.314387383633759 2.16102818124316
0.312284816533734 2.21166475188849
0.319399394385179 2.0492525964001
0.319193464928726 2.0563682741548
0.312132886020423 2.21455246827419
0.317976795274001 2.08902070830156
0.312250326095445 2.21052408875963
0.321168205670776 2.01390834759311
0.314655672831474 2.15779032036243
0.316328262368052 2.11730936348869
0.31184581952473 2.21745258166086
0.31552353428143 2.13088791123183
0.308879296748008 2.28369544018878
0.314317813773937 2.16597156502376
0.320475453810817 2.02370853843878
0.309896059985884 2.26702004186686
0.321680957306419 1.99583498251608
0.315690383642703 2.13468092191755
0.313246519067186 2.19313782653331
0.321198929700943 2.00664674439687
0.323856808785358 1.94899750395803
0.310581998872709 2.24354234392216
0.31762158103435 2.09037122421151
0.312082581838442 2.21380882034836
0.315540430016104 2.13720505231414
0.317065762786427 2.09856041486973
0.317443469269414 2.09487790897739
0.315494124187997 2.13621554510007
0.314396351506151 2.16577495503741
0.319393358714126 2.0441809101064
0.31797863910942 2.07328082195625
0.312696308365031 2.20120906296201
0.316305217794717 2.11502594155084
0.314946080551386 2.15103931354554
0.311720222651975 2.21516402096158
0.308280935604908 2.30263383430701
0.315854450448515 2.1284066605702
0.312546520980147 2.20605565609219
0.309896156043886 2.26526931390112
0.317414363060351 2.09382218643927
0.318198950287495 2.07303998000247
0.320673505100648 2.02341040741815
0.320751244225971 2.01738136765981
0.312487083732165 2.21114375153605
0.312698488654256 2.20110034459083
0.32095754153474 2.01227332167388
0.319734841263081 2.04115738286962
0.317518058030447 2.09147734286949
0.312971686732932 2.19057091794592
0.317987607761072 2.08536136224331
0.316489329292824 2.10741591147869
0.31572118009165 2.13497477488341
0.3148680177308 2.13858094779497
0.317183657838381 2.09705292261824
0.313277682896037 2.18688245401746
0.316679135523338 2.10856434611502
0.312543089071003 2.21292110783365
0.312065868571665 2.21703928099763
0.322138996750062 1.98940209539143
0.313271025360328 2.18285729162719
0.312648162218048 2.2088035341133
0.31752136888286 2.09340125110999
0.317507721788785 2.09073352992668
0.315098649911753 2.14641752702733
0.309410664155684 2.28232185157664
0.317793084403206 2.08008123251395
0.316380828396126 2.11595555118445
0.315516487948864 2.14322651772212
0.321595389909352 1.99434367561042
0.308065714982714 2.30653241287039
0.323538321181393 1.95765885030815
0.321657952960959 1.9962227124622
0.318546921848584 2.06432810962712
0.312894211357377 2.19755403400108
0.319793434732348 2.03916035458736
0.316483484731333 2.11087523214322
0.317981829060072 2.07475606342754
0.317030004233178 2.10670870768424
0.315801316388651 2.13195809384551
0.315571920999137 2.14157049190824
0.31633226502933 2.11743977879696
0.310162956881627 2.25750014014032
0.315865048691664 2.13103102833688
0.311140606847377 2.23513798496176
0.320664846785638 2.02500169944479
0.311725298820848 2.22410590370919
0.317173069330642 2.10106304182655
0.309913698440113 2.26684715626285
0.316763083472986 2.10628583336126
0.316232070671098 2.1172550128533
0.314381897264113 2.15241040049622
0.319190924899353 2.05683131814579
0.314554438734535 2.16053907708472
0.318188613639063 2.07837887722779
0.307218724994474 2.32211821516828
0.315941286309936 2.12373819941325
0.31344461779316 2.17962771646343
0.310964847362381 2.2436257441332
0.319229485651657 2.0496730084605
0.324302551213806 1.93622631211382
0.318149834211472 2.08229994855113
0.316412479382734 2.11434477115702
0.313888142005065 2.17208826959855
0.316741415487402 2.10839468636699
0.316744145762984 2.11208674422062
0.318454927888728 2.05888140145595
0.320108721798366 2.03621185795011
0.314264325286841 2.15702664279301
0.307147561017903 2.32105494869179
0.318007855829426 2.0757275217861
0.310717898899219 2.24802740292683
0.320689844181211 2.02448198539415
0.318504343739547 2.07164460204752
0.315962640853413 2.12756412649854
0.313457695723938 2.18029413709621
0.317310630664048 2.09861748437427
0.3151479784729 2.14111429682152
0.314358455624088 2.16841056302682
0.314706997405216 2.15909708593279
0.321533848854481 2.00496264634661
0.318265728277711 2.07484908948215
0.314759017277904 2.15604871729445
0.314579735607468 2.15421002255624
0.315264087462537 2.14088121140863
0.313556613854192 2.18563557964841
0.314340970947332 2.16156825585585
0.313236646026952 2.19212239559515
0.316800641338244 2.10415628690857
0.315503382062245 2.13321924054449
0.318719662580914 2.06490294277402
0.31719392526743 2.09701384277635
0.317667378410797 2.08882037512892
0.316988456761342 2.10915859368762
0.313058883313501 2.19191068584884
0.317432896463453 2.09883334394964
0.311128964393149 2.23990496158886
0.317472278110608 2.09105893731471
0.320376348608637 2.02539348849552
0.31688522249734 2.10632483342546
0.315258333660629 2.14699489141785
0.322216834568424 1.9827275388314
0.318197710358952 2.07439487180051
0.318371485469628 2.07331716266889
0.317625699303855 2.09426054434094
0.314755632474694 2.15436104227103
0.319445707585271 2.05021699412427
0.313358170381493 2.18503088309847
0.315905390896022 2.13008460222903
0.314406848203996 2.16353516258976
0.319416324131153 2.04565305761153
0.318788152948668 2.06415273376082
0.318582920567988 2.06626383378528
0.318590789362729 2.06330867022201
0.318850804100859 2.05875297677621
0.318427294905713 2.07869549668486
0.307943709855554 2.31286124532168
0.313250787530275 2.18405146210451
0.310608378922526 2.24135332548152
0.319580260068466 2.050079741891
0.314993302887916 2.15347702112794
0.312742060014767 2.19844974809518
0.32219542369399 1.98149737051229
0.320517745428137 2.01755748411786
0.312612903197675 2.20937188178915
0.313052835871675 2.19149558169393
0.314333807807348 2.16613810294333
0.316487584158788 2.11500634594479
0.317605474372322 2.08604899011444
0.317613034044526 2.09089466204625
0.313716819877121 2.174728066253
0.319962626672676 2.03168997287109
0.317774465789783 2.0834547574286
0.318295559365591 2.07430079113812
0.322921631876162 1.9661788897477
0.313036544177591 2.19364355513231
0.317608479641483 2.08501294835928
0.316513178022205 2.10728802069755
0.314275754106075 2.16086899707714
0.321869426377221 1.98937589450654
0.32026171426001 2.02775734296585
0.310389189691311 2.24634628966635
0.322352738802129 1.99033583387871
0.313649658036641 2.17065477052965
0.320228392695211 2.02610610579119
0.315577043128489 2.13977501285484
0.309925054850634 2.26666398510598
0.315546026249959 2.13607106971872
0.319873830951332 2.04408762065703
0.323039249978261 1.96042083546943
0.318394806143344 2.06866283758003
0.322252273011617 1.98647842818603
0.31884551970641 2.06191490962229
0.324918428571397 1.92789447518944
0.308451350422863 2.29434481505801
0.314694556598317 2.15819675337398
0.316983715482909 2.10622213622542
0.31404040885166 2.17371531974922
0.316879792333547 2.10944145711311
0.312318812393657 2.20906483186125
0.313984670451393 2.17353941924634
0.316759581913156 2.10717541190524
0.314473946487425 2.16767222873136
0.310790865651149 2.24106490936966
0.316483310332422 2.1106490675816
0.319520430534951 2.05147550692529
0.315181527787087 2.14288464301489
0.317327316573808 2.09617660718891
0.319667196593875 2.04454827508251
0.315357922797908 2.14350050427782
0.313416076955349 2.18164418425645
0.314442845856503 2.158157021621
0.312261758363382 2.20802092373808
0.317151474987952 2.09951781087547
0.313820373544738 2.17466539139195
0.312454091234369 2.20144130037004
0.316420402395047 2.11225873745873
0.315869663540455 2.12229780103795
0.314740490120008 2.15181138210738
0.319677926912973 2.04925035860095
0.305814656695723 2.36392432756613
0.320801225386764 2.02098945446773
0.318102128236888 2.07387721330226
0.312608250526664 2.19758804258582
0.320970695773456 2.01686723307178
0.31423395414858 2.16795985559702
0.315214954463155 2.1415173352206
0.310802976670161 2.24500083312484
0.315365546547586 2.14123439563235
0.313678996296608 2.18188561153863
0.310835218766162 2.24457288162117
0.312180576552068 2.21126770255758
0.31754609700675 2.09100897983354
0.314958057638464 2.15042945490667
0.320189020248018 2.03618457973176
0.313461513571011 2.18538274495265
0.310703660873461 2.24743225162197
0.312415346335081 2.21157939946667
0.309903857262379 2.26613170448839
0.308089206035525 2.30602431042069
0.320916551467234 2.01335349125366
0.316505429327101 2.11903349912396
0.315385015407559 2.14168231092214
0.314887842591368 2.16249272572192
0.315255714077972 2.14304596906028
0.322503531387883 1.97391151621826
0.319616344146296 2.03640517504057
0.315173182658544 2.14424716222828
0.319579788843841 2.04145744656492
0.314867647467613 2.15022812487492
0.313073340414003 2.19754727623959
0.307403022196431 2.31543619172941
0.313259184282606 2.17782392040167
0.316168416204806 2.13003176220456
0.311611929024213 2.22544060146019
0.316098773653331 2.12928732776247
0.319459043039489 2.04012782251252
0.311478231167876 2.22273803801003
0.3147701646793 2.15224539813202
0.313787004651915 2.1792662386009
0.314807404937156 2.15033131321754
0.314408681405669 2.15780227218892
0.313636520118859 2.17099627351157
0.316894467156095 2.10781737278015
0.318262529228821 2.06980290256934
0.313546637904124 2.17952238166492
0.31579561472565 2.12655037134851
0.316036628773077 2.13052542591722
0.316181617931603 2.11533595580171
0.314834648672345 2.15413325106136
0.322276178189149 1.97946270052259
0.315366225625604 2.14600479830832
0.319046617379723 2.05769069576135
0.311883801901184 2.21706455400512
0.318519050894405 2.06788178546374
0.320326728645374 2.03062093596741
0.308603947027866 2.29281916347173
0.315076910599413 2.15087578658955
0.314933134251889 2.14978684382798
0.316119590915565 2.12578107775907
0.3087101875291 2.29291890072244
0.31463417772653 2.16391109680704
0.315597928723558 2.14384352554403
0.316065012579135 2.12360308129436
0.308008696581115 2.30393658118623
0.317812902695338 2.08450297890261
0.311108801089378 2.22620234572281
0.315748967502345 2.12902267688461
0.318613479934383 2.07538722588411
0.31709842995774 2.09767845441978
0.310102010675023 2.26339670082266
0.308011992663977 2.30806604929544
0.317271062828069 2.10388429650818
0.314827076465179 2.15507045428195
0.317873498974337 2.08627076744825
0.313097188618897 2.195518380831
0.316839314047019 2.11351446903822
0.315505437501991 2.14394296025534
0.31650429736242 2.11298358509437
0.314309741061075 2.16170534547541
0.311994441773468 2.21788397675111
0.309816906610743 2.2711291832341
0.319069373433752 2.05435562714417
0.315177865939699 2.14383541613623
0.314284738757354 2.17243285846422
0.313544639691105 2.18601114527903
0.318117308505026 2.0763530231501
0.311081244704231 2.23150453683783
0.311455383036578 2.22652029722164
0.31699064642148 2.10478759599249
0.317179759655803 2.1057363398025
0.316457229020321 2.11566246060828
0.320480239884648 2.03229981495425
0.321321544476073 2.00098980129101
0.320356244459637 2.02385524493902
0.307131193697601 2.32801389199432
0.314696932374195 2.15049974976604
0.314982561701823 2.15603220135152
0.309753683305412 2.2706474943702
0.316813247809803 2.10875736953363
0.316691219088891 2.11085924442943
0.316426542294137 2.12215474616651
0.313275638151015 2.18388349953014
0.31636499682326 2.12125620587242
0.313067871688277 2.19539167590806
0.313000422045102 2.19452503001931
0.318017577882923 2.07754980194561
0.321483432007023 1.99886433376432
0.313589246762578 2.18633121563111
0.316431034002398 2.11766469749544
0.30668084864344 2.33946291854492
0.319222856441813 2.05339621233447
0.318739199256193 2.06165388832245
0.317126623794255 2.0984806239588
0.318496659428507 2.06682372617418
0.318315382910231 2.0750125241871
0.313261159051617 2.18568963528422
0.314559855967236 2.1641035704653
0.315191666621119 2.1409641162865
0.318439186185093 2.07091899573245
0.313972256340309 2.16681565938043
0.309138959718242 2.28212172093811
0.314617807915874 2.15224690980909
0.310370609176745 2.25093238729793
0.31116868272928 2.23595328459592
0.315619106480075 2.13619676233342
0.316859756737988 2.10841955592228
0.304691470996593 2.38250554143571
0.315675107105116 2.13269381935408
0.316554471669424 2.11637077843051
0.320049605235626 2.03465509742955
0.314429246633339 2.15902534406737
0.313029254127253 2.19005095940847
0.308163573346531 2.30807962918251
0.317263485520351 2.0944073764769
0.316437160224454 2.11469101619653
0.318250439407411 2.07233241099152
0.309119722601762 2.27097308165563
0.318466855625973 2.07183379821265
0.313198908239155 2.1810704394246
0.312528249201522 2.21114917156671
0.313633318814677 2.18206311644435
0.313139365894727 2.18486368974726
0.310347500563414 2.25605754258844
0.318916611624327 2.06430102972471
0.318950419730597 2.06097551840013
0.31964254825562 2.04504708190809
0.319091181365363 2.05202013278884
0.314529571937758 2.16224608290284
0.315353979046096 2.14476675232096
0.311131085066954 2.23734861012355
0.321155809701514 2.01128322766411
0.315719397503259 2.13726913447592
0.309270147682151 2.27593360084675
0.315430899293198 2.1405211294576
0.313104224075546 2.19323664554342
0.313208767656753 2.17923675613744
0.315960131237258 2.12726989603701
0.309790183651156 2.26385900290308
0.320261813038141 2.0349002331457
0.311241619939234 2.22626531968511
0.317801624064911 2.0859048234636
0.315220205164982 2.15051088345722
0.315058221106075 2.1476046440247
0.314255408480948 2.16374273548043
0.312566934171252 2.20456183853614
0.308521625377855 2.29705177630005
0.313741258343497 2.17345763191878
0.310061007489089 2.26195773664001
0.320813956502837 2.01238689197771
0.317376247417792 2.09725683104197
0.318595128652482 2.06600716950787
0.316526067427445 2.11411565490817
0.321679316750566 2.00018475424307
0.314226016989343 2.16290564551366
0.31780048604598 2.08443996583839
0.319470146065592 2.04353839610343
0.318541052190785 2.06218926723807
0.309618313774575 2.26406333104906
0.312731249783564 2.19717711120815
0.322840036459822 1.98478391290201
0.318630881276702 2.07218000415767
0.309167029335786 2.28971735167815
0.309995561022358 2.25219611305105
0.312334178958513 2.20993180208808
0.314721703802738 2.15555072416555
0.317706510222511 2.09031279228678
0.319380817620965 2.05003463768277
0.317141529673575 2.10364420841362
0.319489320441189 2.04736612547678
0.318447757864699 2.06980210746538
0.31566403928099 2.13821742405019
0.319932524537703 2.0360864031283
0.320907440127546 2.01665553874908
0.312290440188332 2.20825141198453
0.313579451766071 2.18202571587057
0.314127215822715 2.17005393829594
0.318600689519082 2.07730191825544
0.312724770016525 2.20466058282584
0.32138162600341 2.01156212380507
0.318212728485418 2.07480258575809
0.319249101372048 2.0541301133594
0.31022955035332 2.25324537612975
0.311876359942942 2.21862805937178
0.309950167996418 2.26543552818205
0.316081423888652 2.12552890583572
0.316138782941777 2.12778262179872
0.30590181483826 2.350231411296
0.314426149146883 2.1624932427282
0.318576669669859 2.06477282162664
0.3214569480612 2.00401814010057
0.314030741308894 2.17377667905124
0.324334036589179 1.93524250835465
0.317903923705998 2.07856263795339
0.323544479748604 1.95850682956249
0.312605338781293 2.20478940343857
0.30776183961682 2.31099027513112
0.317899429465591 2.08694167778551
0.314978120835196 2.15046833164131
0.315497487471882 2.14080933051159
0.313140449191563 2.18785275765248
0.321480009589562 2.00322580228874
0.311200098223463 2.23602123157192
0.318652692180602 2.06528359976129
0.320552690819953 2.02302257715817
0.314169572273782 2.1634310580242
0.317255185136621 2.10003700389889
0.320050485792003 2.03795129162442
0.314108490497465 2.16529843687492
0.31700486117429 2.10464924565667
0.317920338109691 2.08908760786244
0.316992628288854 2.1052646837322
0.316215710809336 2.12125358316407
0.319025162238422 2.06040667967642
0.316713631571979 2.11206084378754
0.32187658395972 1.99605427163043
0.310447079333761 2.25308793881479
0.317357456895678 2.09513574480546
0.312861667097228 2.19538556742377
0.325323674201604 1.91426327393032
0.317569354614801 2.08877519052396
0.310810204864183 2.24465461214811
0.314500729383051 2.16002153526364
0.312885322272242 2.19477160952936
0.316842894055662 2.11309898167133
0.313361667148072 2.18441607898218
0.311628844689311 2.2276551227896
0.317127719817261 2.09188942535696
0.312812525366781 2.195633435037
0.315098417385826 2.14220207220101
0.312852102916593 2.19155203746195
0.32105007690967 2.01037347216113
0.312122151913209 2.21524014298993
0.317551426516038 2.0952155737829
0.317833349496973 2.08975794155814
0.31669061715981 2.10710821798647
0.314755478291792 2.14912390150319
0.31516633828318 2.14160995094569
0.316846565636263 2.10306633690613
0.312376612539515 2.20452262053519
0.314364271408677 2.16527723044868
0.312844058743607 2.19983424280046
0.310758323850635 2.24638275434155
0.317266176194504 2.1003642595045
0.318887303569902 2.06376568646865
0.31710524358962 2.10196841383174
0.319899779470973 2.0387321785422
0.311771754253669 2.21480563284907
0.317810107784498 2.08937533580864
0.316981118185052 2.10307087178254
0.308768384903912 2.28813978096966
0.316903214254132 2.10857011034804
0.316274386125041 2.11525072982659
0.317249795049295 2.10118406865085
0.314625522447508 2.15398269530909
0.312063916053851 2.21770421146689
0.311217339894971 2.2240579939603
0.315920220560574 2.12535168072131
0.317721757648681 2.08911786895746
0.315289378675963 2.14192136945135
0.316447078626399 2.11918769227499
0.310242091236204 2.25519600003197
0.316041527863298 2.13418554150877
0.321045778902316 2.0044382067986
0.319632913166577 2.04284047707345
0.315054125942547 2.14709554296972
0.315367140652135 2.143416737645
0.318803314322576 2.06372026433086
0.31794867070299 2.08118842552572
0.315010177967365 2.15456795066161
0.319897842277135 2.04066368891835
0.311627658440799 2.22595396661316
0.317501193352548 2.08615699083593
0.316697630398845 2.10959112666476
0.314365666918354 2.15792644408544
0.308835044557216 2.28898490048555
0.31424484246067 2.15631366972574
0.322716791477125 1.98231880548395
0.309865097853327 2.26724209880113
0.31941148841546 2.05445143873762
0.313049208260194 2.1913350970867
0.309918110480171 2.27257014721736
0.31464430613287 2.15543667331843
0.318421109026069 2.06923661171917
0.312056831696355 2.2110868488696
0.312780686103138 2.2004019102305
0.318260832474163 2.07688492298901
0.314922721729501 2.14958871504
0.312550504387634 2.20373880076258
0.312260305829699 2.21348150068946
0.311186235264149 2.23274850470274
0.323169268759138 1.96681290472412
0.310044800267623 2.261742818332
0.319764189186498 2.04364573075982
0.315888737210036 2.12729231819912
0.309348586951906 2.27900057582439
0.316835023163203 2.10512338833301
0.316278519506873 2.1213569992404
0.309181897043923 2.27752198498198
0.32257135031377 1.97313370946039
0.31685214954349 2.10308042659445
0.319431074384268 2.05257767650441
0.314696939177513 2.15547074904659
0.314358724160273 2.16630637427807
0.31388570426332 2.16482873209303
0.314894091419879 2.14699268229152
0.312048378411247 2.21586161959603
0.308680743631858 2.28811843699577
0.319810807399042 2.03703951139184
0.31396611153285 2.17648677786325
0.315119783945578 2.14293791663682
0.308947374693567 2.28386508321243
0.315704496975181 2.13015054144828
0.310454178217987 2.24520602182768
0.320571654144084 2.02291631585449
0.317638330953415 2.08667007203243
0.310023323193226 2.26406934790103
0.321989969405141 1.99060648185314
0.311352627209963 2.2323147459733
0.318511696982182 2.06975423099751
0.321652935553054 1.99877938274848
0.31451356181363 2.15917422425974
0.311372602515819 2.23691947015289
0.318280819812798 2.07651885193251
0.312329794396731 2.20708271590381
0.310512327863366 2.24029319593978
0.318119611629683 2.07701829385527
0.315252997025933 2.14041040456328
0.315045221599676 2.14920160400689
0.316257728595652 2.11809119809257
0.307568873804876 2.31756393929856
0.318993192761773 2.05736853968391
0.317998120773315 2.07939347714795
0.317163933070911 2.09657109728527
0.317030259162602 2.09847791521502
0.323390288600231 1.96119878383448
0.314659555573684 2.15161532770413
0.322991312708838 1.97348888942141
0.312002245797209 2.21441051085201
0.310194565866834 2.26194627554287
0.321648084932165 1.99473036184878
0.319019955790879 2.05914984250436
0.315255544910001 2.1506571994523
0.320597695911716 2.02272641818146
0.317144117101851 2.09912620003259
0.316480765449384 2.11690037166357
0.318744817869623 2.05873348801147
0.31695048534504 2.10732710594736
0.309865322947576 2.26483212687754
0.316100168788535 2.12247984226205
0.305672383951675 2.35269805099183
0.324105373584787 1.93891845870931
0.31751655168424 2.09715260670065
0.311553561638548 2.22784971843544
0.315794194619939 2.13584999960963
0.317718010316608 2.08125511802362
0.316134511431684 2.12205591283588
0.317122307657674 2.10324273607347
0.309622456193374 2.267995180007
0.312942658619668 2.19699721828828
0.315920127497663 2.12753717898033
0.311072654685064 2.23721948029495
0.315611492725483 2.13332295796917
0.323476257790305 1.95460741786839
0.320908634215398 2.01367323472847
0.314068261218213 2.17125885255091
0.315798127610981 2.13276854114188
0.319330720238942 2.05157362331872
0.317500991254778 2.09398341882429
0.314617557575295 2.15964495257812
0.316752449685242 2.1120458864695
0.314908814022915 2.14600127554247
0.31625983316092 2.12209910458569
0.310695928992971 2.25204887572771
0.312973597308261 2.19337628989269
0.310754035142146 2.24112180106267
0.318209311175727 2.07168284093202
0.315065021569088 2.15186524350899
0.313817892646077 2.17464959579012
0.317519014842354 2.0867137908743
0.321311596217572 2.00200119341363
0.316183916166201 2.12057622014748
0.314355505805825 2.15508645906242
0.31372103647479 2.17972697050353
0.314862018740142 2.15579072694209
0.319009028062606 2.05861480606616
0.314416855006911 2.16176082621316
0.318462454951381 2.06808748018657
0.312465586414204 2.20813284022801
0.314201809322696 2.16420201226398
0.316850242685953 2.10330281671909
0.31581022385981 2.12931098911627
0.318082173802037 2.07162533425176
0.323377582180885 1.9590574081593
0.323892809362193 1.94795224119122
0.319687023723541 2.05148138700177
0.315329538024614 2.13535803533703
0.312019898720729 2.21600749284214
0.318653344691692 2.06569309675423
0.312324474002681 2.20986192453234
0.314814128198781 2.15557212126477
0.311349550582823 2.22634548163538
0.315988624964081 2.12952350957078
0.317782400753901 2.08298544886756
0.317880838095958 2.09092988813855
0.321573821350493 1.99895171030961
0.314316747939541 2.16335400326324
0.318986062649402 2.05828160984318
0.312946271594709 2.19105397309018
0.323054102156147 1.96857171111897
0.311269624777473 2.23119970317073
0.314992238743056 2.16045333785011
0.311748265937565 2.21941813385266
0.316735503369417 2.11105868468687
0.31084139985157 2.25070042565449
0.315882969371725 2.1296048193324
0.315462622686148 2.13340644799776
0.316016492190236 2.12409015966987
0.320514886004354 2.02512644645033
0.325166024263614 1.91609728602765
0.316524302693843 2.1160917950911
0.312031232769266 2.2146114220655
0.321135724011474 2.01095718422096
0.315758265925033 2.13335344190632
0.319234484488006 2.0551270050365
0.30953151323153 2.27391475720966
0.315447077290965 2.1311918280897
0.312461015194884 2.20957616319803
0.314777900611737 2.15776600655715
0.3169274557643 2.10291117665609
0.30697154448106 2.3317733026348
0.31444192454059 2.15809957250617
0.317345963632717 2.10053452734672
0.315225582495339 2.14061389213184
0.319618326901867 2.0422423110449
0.31221120510962 2.21204957378946
0.317125952355316 2.10352340357272
0.323773234466807 1.95283045717961
0.314804629772549 2.15739354102226
0.313777557369183 2.17525384135854
0.320595485098854 2.02067228672105
0.310682975663553 2.24213559252469
0.314398274405378 2.16355225350342
0.318884925170094 2.05867166718765
0.307864156245346 2.30488644915737
0.315099973132098 2.14614207265183
0.316840342300673 2.10879582354034
0.313819160004674 2.17531182113906
0.32148252315549 2.0049098929358
0.317294212953572 2.10258511801109
0.320126524609135 2.03280174749307
0.31659621235524 2.1119122654762
0.31657206918681 2.11192293911876
0.312263213843414 2.21606783162605
0.315447821689097 2.13679823513073
0.317114361121374 2.10082584246631
0.315164425211671 2.14295308160848
0.320321961552996 2.02662493110101
0.314685760591092 2.15956406377739
0.309920005652664 2.25536013098746
0.310728917211429 2.24335699699662
0.310598742707631 2.25142866245374
0.317166527218343 2.10047237411164
0.313567637759609 2.17536084377046
0.312306921917331 2.21476331137672
0.310379732379795 2.25272861759904
0.3096364799056 2.27072948985361
0.31375745526319 2.17675095695046
0.318565252088415 2.07366014693717
0.312721988268334 2.19504914456468
0.316032145172651 2.12733686420056
0.318657471847021 2.06088320057165
0.315284979717006 2.14372389332038
0.307977007245609 2.3079995384565
0.310183967849273 2.25788704091561
0.313796466041156 2.17470475843506
0.317826523445916 2.08317441130271
0.314430977561135 2.16371897271555
0.316782349832462 2.10357879608418
0.310810577937377 2.24270346017517
0.314737716831482 2.15611784250099
0.318800519975747 2.06915951041519
0.31538785165737 2.13388474372879
0.310510289863752 2.25282899482216
0.316308781019257 2.11859983049845
0.320636847589926 2.01954815705237
0.313111086221085 2.18777890448996
0.313168113171868 2.19463891659308
0.308878062556312 2.28536834022879
0.314173454737903 2.16015462860258
0.317110433504852 2.1151081408777
0.316268647803883 2.12056185982382
0.312907218096534 2.19836049754093
0.30766718646482 2.31771372111376
0.320600290657723 2.01750923025003
0.317221382608945 2.09707934660309
0.312968256574044 2.19581333074157
0.314134518950071 2.17238359659016
0.322519880479705 1.97906012726723
0.318501453962202 2.06454194005321
0.316462935776773 2.1128143399993
0.320010607988318 2.03668129106072
0.309713835693256 2.26927638258534
0.313191531567431 2.19089640399834
0.318154372071016 2.07530098808757
0.319043009896852 2.06007170949687
0.313213887122494 2.19468739331314
0.321557934527233 2.00485556456153
0.313149956906492 2.18962144306855
0.315557530533358 2.13870488705363
0.321104698708501 2.00766593342914
0.313870294168153 2.1744361853937
0.315245910080216 2.14601962795947
0.315418751857123 2.14454225895239
0.319092256649884 2.04625069227299
0.311615575296421 2.22808488464329
0.313574499246543 2.17973005198855
0.318571631989004 2.06266993945449
0.314441341430634 2.15847638176621
0.31189890934879 2.21597736303906
0.322508473243801 1.97984924545471
0.322838100186686 1.97779294692095
0.315637081190002 2.13113433185185
0.313406830470176 2.18413219138479
0.319505887809249 2.05143044440506
0.314031665949085 2.17167850022568
0.315449241020933 2.13175942056
0.312628480563399 2.20524161523508
0.313100164655453 2.19451963995708
0.316180740455893 2.12088233613815
0.311690819081708 2.22123919234385
0.317345041085098 2.09223138287218
0.306687147176427 2.34191778907711
0.310933195962339 2.24188243716115
0.319714714517008 2.03933373348408
0.314681510430426 2.15525941011808
0.315083638272694 2.1548553368119
0.311495139907536 2.22887091478584
0.318278664539928 2.07480210197086
0.316001557143793 2.13376475177529
0.311098522129527 2.23619827005642
0.313667244001713 2.17810862380922
0.322343671197815 1.97151018151958
0.319414179676189 2.05575294106582
0.309749448190597 2.26893864321629
0.311918206849882 2.21613924249769
0.317909050825186 2.07651494334401
0.317527336556099 2.09151540484082
0.313725448266311 2.17730735609728
0.316175308052189 2.12442659319221
0.313945048791292 2.17342943268316
0.315475313639172 2.1385872486222
0.312907133825529 2.19207332195195
0.313731607892858 2.16932429597007
0.313179725963659 2.18623247046555
0.321332665933538 1.99999808710065
0.317083360542825 2.10155589087211
0.320763867204461 2.01438647846024
0.316296981927283 2.12021976670516
0.311361976793491 2.22884643813877
0.312483821242205 2.20880345670856
0.311952723049913 2.21903570337627
0.315957218974427 2.13517745026388
0.319317278077785 2.04841555851985
0.316798248353109 2.1070526266668
0.310385197273507 2.25207245464872
0.307761183666445 2.31512409830426
0.311747032798664 2.22252539158622
0.317995579658717 2.07845831882579
0.317538789685916 2.08945886882931
0.315262851311448 2.14277257471992
0.31431304066421 2.1674228178191
0.31074751237877 2.24347549879862
0.318090854554931 2.08163988711294
0.314190327552783 2.16502174525617
0.318411389797978 2.06510879206087
0.316876279152143 2.10725140359006
0.315783740667537 2.13030591712528
0.310674653330434 2.24772100411103
0.315293484917591 2.14047339791424
0.317107713738281 2.09127927661104
0.311369392146088 2.23221703307636
0.315541466289339 2.13890156668146
0.318790281257662 2.06361939764994
0.31478865019071 2.15969707857811
0.310983697109573 2.23835905543125
0.311493569336293 2.22848396928499
0.315570060745999 2.13751892241554
0.31400523704779 2.17014550930862
0.313213060177727 2.19227104955015
0.319330154841828 2.0469029110395
0.321154374087192 2.01384842215203
0.312811333422648 2.19474179823307
0.317090226220726 2.10466540819122
0.31517984438534 2.13823386023068
0.318018480205224 2.07417948233169
0.321348787822387 2.00454524377881
0.315816974768484 2.13056505279716
0.321365788014002 2.00764448451503
0.321087613678684 2.01089157248749
0.314385090033228 2.16310080393861
0.31414755450051 2.17237171800696
0.324073467777855 1.94770037777796
0.317722764468995 2.08855466529101
0.32081813466807 2.02014349809515
0.312119402091266 2.21827851421311
0.310315001365013 2.25576094614261
0.30720608879489 2.32242829071901
0.316036771841649 2.12151730919422
0.312580081975442 2.2025584126083
0.315649912069108 2.13711232638125
0.311367339547022 2.2252823242947
0.317975424372936 2.08187438592034
0.316885808470558 2.09677948709403
0.315808822736352 2.13030015761154
0.311979156851831 2.21301539249603
0.318124161172687 2.07861976122203
0.313857421710993 2.16857726930018
0.312871542692836 2.18888196322931
0.315366833587988 2.14862812289443
0.313449395078613 2.18596921784496
0.313392832312523 2.18099654107443
0.316702643811443 2.10981309593944
0.314619145930157 2.15450139150553
0.310950109106884 2.2379865554268
0.316614462071633 2.11734901400053
0.311306168895778 2.23398419618736
0.315306450470474 2.13901689066658
0.318379407949134 2.07214116527943
0.316494448916527 2.10878634081495
0.312330115984868 2.21152072290981
0.30946306451637 2.27555631089645
0.314710155087483 2.15650632221916
0.322858234159994 1.97242772451977
0.311931618546599 2.2199157662874
0.312914493618063 2.19290893324554
0.316059652415746 2.13055418198151
0.315797504512058 2.12805525315901
0.311359317315833 2.23568011298016
0.315249119995432 2.13956118374697
0.322685442538082 1.97608653901743
0.317040935951747 2.10475072500803
0.317041066275714 2.09887465141382
0.314691698171632 2.15738442789668
0.318709700105781 2.06457360520031
0.312556554699421 2.21451478437473
0.316327568778804 2.12109752436128
0.318218369251172 2.07929358958666
0.309824216133929 2.26338619342483
0.311553083037034 2.22272935216222
0.316870660539706 2.10923937789097
0.312588896368091 2.21204288522256
0.311623836572786 2.22638856629512
0.312077684304602 2.20826393037152
0.313775256876408 2.18181844555848
0.309151836418117 2.28288587913577
0.31340989618904 2.18675524325329
0.310183618860805 2.25755396406871
0.312717652893364 2.19698110044516
0.308400765087092 2.29976231319527
0.315191776703994 2.14566576674778
0.310348692446569 2.25601054696563
0.31336196927109 2.18456809390215
0.31705916465425 2.10269475897461
0.313328773327951 2.17949103607096
0.32333159596179 1.96457532357059
0.324240147548046 1.93840344070619
0.313270027777707 2.18773208849901
0.317819815068188 2.08410093352592
0.316460364436702 2.12292264564689
0.31183589041382 2.22210144782428
0.319441050322972 2.04758564883937
0.32264602772506 1.97594537025547
0.317232828202969 2.10294773368617
0.314365712183953 2.16657366887446
0.318575302298802 2.07286188035662
0.317804347084734 2.08403233916245
0.314599116781652 2.1584316874359
0.316559360830266 2.11433243152386
0.312061029569837 2.22221665981122
0.323355546680986 1.96009866233295
0.315229933189753 2.14590821922786
0.314357361846634 2.1559727754646
0.318042410428752 2.08888363010173
0.313451578787071 2.18499053543251
0.313065226318835 2.19200920091129
0.31302595026574 2.19648329451189
0.317576907931119 2.09037821651453
0.314791742608716 2.15380518509116
0.314915003997495 2.1531532440554
0.308684564927864 2.29398980838672
0.313283099863848 2.18831711549037
0.31109366695636 2.23811665348107
0.31316285525353 2.1953868848293
0.322207827212274 1.98549687923748
0.316257298195827 2.11912821815719
0.31273068722867 2.20614039369981
0.314834584451835 2.15284273484558
0.315964736134455 2.11751653352548
0.314117397805767 2.16030782074169
0.317783534075626 2.08178019117239
0.314486394325692 2.15987688469308
0.313938009348983 2.17075183927873
0.315847259949629 2.1309080619577
0.319141264299608 2.05191205728208
0.319161052182372 2.05619455444626
0.315450126372611 2.13497848195333
0.312966595199959 2.18821996238176
0.316671484845209 2.10258811225374
0.315521663242988 2.13612766784388
0.312781235536155 2.20013538453225
0.312121864466533 2.216426737879
0.318780901355172 2.05766227114545
0.315905823195885 2.12868511737417
0.317210024058621 2.09637194712421
0.311807954556279 2.22254802165821
0.313128926838242 2.18529450696666
0.319421240739061 2.04958428274577
0.314323610202262 2.15798539884014
0.317223933278933 2.09963377021905
0.316818357229501 2.10895506311695
0.317614418318817 2.089190306577
0.314888624160307 2.14085912148986
0.315031122334325 2.1561313989182
0.317224217878245 2.09283772799141
0.319412264234738 2.0480949346421
0.316817372277581 2.11038185799378
0.311093323424372 2.2285816324385
0.317546331204042 2.08847419700953
0.318647187386867 2.06234667960952
0.317974456476011 2.07629746906479
0.323575287750194 1.95588857243685
0.315517617054098 2.13068251478486
0.312692610886782 2.19393447712189
0.308787946439166 2.28567499170319
0.312063209082171 2.21611813852727
0.307450417078895 2.32185866371658
0.31891086580688 2.06411078739687
0.316910290393428 2.09868570042641
0.315088067699463 2.14687446793204
0.306187039551833 2.34298116620938
0.316880925141599 2.1042518179457
0.313907307526676 2.17514504071076
0.322779118108838 1.96928538379013
0.320020908136747 2.03647807786292
0.310443502171243 2.25318949187146
0.312998057564257 2.19401940640412
0.323768352091151 1.94777202814004
0.317529855768547 2.09144840261821
0.3133794019593 2.18224715299054
0.31328402690058 2.19360003647341
0.318409684165758 2.07664811418516
0.320902459003721 2.01120583604739
0.316785166003057 2.11227961916987
0.318192613562414 2.07992644061306
0.318937258218638 2.05678081899638
0.31319569543097 2.18621212534081
0.317704512399969 2.08167215061283
0.315630601645043 2.13648329765183
0.316355498484875 2.12338037546149
0.319268346000086 2.05238375458969
0.310890572323208 2.23154900959417
0.312275399309962 2.21283683784926
0.32019673805372 2.0318633693367
0.319133391162115 2.05923392644631
0.308728376499857 2.29019151979481
0.317656095185486 2.08369209923744
0.318612648487219 2.06227600049423
0.312675369848215 2.20209587540158
0.312754393015762 2.19736389731639
0.316600476000497 2.1148296509023
0.316670068165216 2.11169319251252
0.310444779057773 2.25633956019402
0.315273515662895 2.14845797993618
0.315945948550901 2.1261132378692
0.310331982604511 2.25657070731064
0.318520123189604 2.0645290619159
0.315112618756732 2.14128910563065
0.314015398193114 2.16915671184428
0.317298643720556 2.09782673219671
0.311344050706302 2.23121837681398
0.323931265386532 1.94234153319845
0.313059912533759 2.18940715131302
0.307725103834847 2.30730772569623
0.315119193059987 2.13674940899299
0.317484876188797 2.09572122910051
0.320224799855768 2.02794549189605
0.309192094464619 2.28926336492334
0.317353808256233 2.09898096585098
0.316409731707137 2.11985705103965
0.322752164280795 1.97346673153742
0.314791634944455 2.15375917337737
0.314463132890514 2.16110385770303
0.310439877599684 2.25330613243749
0.318441116626952 2.07379428285719
0.318286197290462 2.07189483507801
0.31116140978225 2.23837706379886
0.310557330885442 2.24775949477973
0.324519421692977 1.93477177897775
0.319173420662436 2.05725092340327
0.313676139562797 2.17874715544211
0.316872235369938 2.11229714188083
0.316995396047596 2.10642483269421
0.310948942110434 2.24050508226677
0.315913955600988 2.12914869035191
0.320991309251039 2.01295842141442
0.327788799349685 1.86003558856491
0.321435152229834 2.00248005978045
0.308402200512291 2.29163064580358
0.312901270581464 2.19334050364786
0.316373893085614 2.12010512984091
0.31129990664577 2.23470756125881
0.313895704298112 2.16649056268193
0.313282213083968 2.18634051516607
0.311073649454166 2.23389886630618
0.319839727702361 2.03885736295496
0.323252064145009 1.95396959120642
0.310450444506244 2.24866624508394
0.317109875203452 2.09726580960338
0.313861959026144 2.1658775612837
0.318015058617821 2.08912838455984
0.314190980735387 2.16788279345763
0.318081860728455 2.07853452329844
0.31779372755977 2.08751611100058
0.315924124214408 2.13439729532652
0.316896772868164 2.10808912506254
0.319166526033292 2.05741417291123
0.313180813570919 2.19372644027042
0.314316522637516 2.16629179125817
0.315646848600941 2.12728820153333
0.318643155671191 2.06455461005761
0.316369829604531 2.12137786246616
0.315304241728025 2.14880416776824
0.310677812253084 2.2466177770072
0.312763804899231 2.19901276641672
0.313260108333615 2.18499593269353
0.308129473894738 2.30477512627433
0.314383338209122 2.15789198472927
0.309829387837764 2.26702856439597
0.318272767977985 2.07945060797155
0.320974662411769 2.01029921415922
0.325030257977187 1.92656444606734
0.320833612547556 2.0148453228069
0.316290803003274 2.11938169542559
0.320422861316986 2.0281716331942
0.320259752017214 2.02779861765621
0.311537002313678 2.22625423784558
0.316727287178371 2.11050027913183
0.307794317964405 2.31113283527072
0.31156415745092 2.22725855913063
0.31035497190405 2.25554876211633
0.314141051030341 2.16762505907706
0.317553482175589 2.09117048194674
0.313539530051408 2.18292713342249
0.314561530165462 2.15982902464804
0.310963416904981 2.24334163488475
0.316199246126999 2.11826097743704
0.320701939052228 2.01431060795704
0.31909062119797 2.05704069001682
0.318421833929938 2.07329671233277
0.31917930283959 2.05707270589437
0.308373349051118 2.30167022623707
0.311311989309092 2.23153982884554
0.321574439684734 2.00020301256713
0.319372040150701 2.05436446398789
0.320074462476879 2.03159188943845
0.313060375967445 2.18756181935803
0.31428704105727 2.16344303820692
0.315642864930626 2.13815801488769
0.322653376229394 1.96788340453001
0.319555554865243 2.03993764680652
0.321384753878211 1.99893520015522
0.312139842479809 2.21654263762343
0.313505351796459 2.18470708758125
0.309408323790089 2.27140026642172
0.314287305160751 2.16212494482397
0.315893742327312 2.12733730553802
0.318393023533679 2.06748580055181
0.313307939417213 2.1884727246536
0.312198689355915 2.21384758427431
0.312403708089053 2.20996381662619
0.310412032550866 2.25732850782069
0.313722919618103 2.18017540411288
0.31569055678482 2.13347405438654
0.32155329595632 1.99380098661543
0.313731861558821 2.17932603033937
0.31413439305006 2.16422360144902
0.310337791516512 2.25734269813083
0.316621220312529 2.11633516898175
0.318929864441629 2.05880935803797
0.307760768785508 2.31472387317447
0.316674769492645 2.11395010088447
0.317057631930609 2.10048794065258
0.319678196927594 2.03855822447441
0.315009574954441 2.14805058881202
0.309519168893566 2.27664504279358
0.311599721279097 2.22808962731067
0.313420893898821 2.18529816483323
0.321529587074427 2.00794600203551
0.317529896292504 2.08947629801252
0.3144772352914 2.1541698119439
0.31646994051549 2.11188127852093
0.318711906593937 2.06062931806179
0.31623425480913 2.12681768773171
0.306591048576958 2.34232176519801
0.323171244367465 1.9670020112721
0.312634219221124 2.19525143730052
0.315639791953532 2.13372702201262
0.313272709412349 2.19316057864088
0.315117622907871 2.1454994110654
0.313324573111478 2.18583229637643
0.317266279926686 2.09406829823116
0.3151418897012 2.14532835774731
0.313502038267184 2.18053318396327
0.317880299705823 2.07493682875131
0.313675237228739 2.17722707735656
0.31709222938828 2.09965347983838
0.307881696867161 2.30765666227872
0.317485823159369 2.09637269325141
0.317226658376766 2.1051624059747
0.30746836448574 2.31751128422061
0.314951525909068 2.14770865143967
0.321322804106834 2.00573834819867
0.312017946295434 2.2118202010394
0.317656745682226 2.09532517995198
0.318033839293002 2.08586240398172
0.313710085053364 2.18227786694247
0.314386286811771 2.16079647381529
0.313116280836289 2.1902856309407
0.319973593923 2.03604850642819
0.316973669988733 2.10255307103916
0.316979171554051 2.10278576391706
0.316657226098203 2.11230753884068
0.311013645593606 2.23580973499352
0.319011545831537 2.06771765471734
0.309057067519257 2.28354935055816
0.313986376868235 2.17087869072636
0.315972954740872 2.12928880739526
0.314345512737131 2.1591414132798
0.315691531110207 2.1224553096597
0.31685008161225 2.10371784545395
0.316362554191115 2.12665669940506
0.317448239270336 2.10351957205297
0.318436103478063 2.06960462262835
0.320250199887972 2.02555913505104
0.316059365715092 2.12873337736064
0.317282291306629 2.09621930032218
0.305560411917126 2.35826031956711
0.313657182714285 2.18126184665236
0.317762370423536 2.08227505576584
0.319932345842602 2.03568105986868
0.314037787220792 2.16951499571042
0.311918538940427 2.21641656039133
0.318964855165598 2.05505264459774
0.317609825932057 2.09721402963478
0.316464040590054 2.11433330139568
0.319116231229972 2.04988314980638
0.31758275888012 2.09326195030592
0.313321099039854 2.19460406440305
0.326133748583587 1.89060931182447
0.31399126531539 2.17503766782145
0.311642372831037 2.22120392491602
0.315617146833954 2.1350114142039
0.314822650093857 2.15153592505061
0.316328779634533 2.12196706002985
0.313538951546867 2.18485326259346
0.317056397492218 2.10868970073293
0.314901330824802 2.14882298494791
0.32118942883298 2.00653244725824
0.314873429737213 2.16056312424939
0.312264322547242 2.20556122043207
0.317096058760927 2.10139289022825
0.315042197657706 2.14823338988388
0.314250441025862 2.16349095510787
0.318509230019642 2.06843488291257
0.309494721262267 2.27025291950302
0.314118951314031 2.16440675238663
0.323111678780661 1.96181629767386
0.314825764680931 2.1556429435823
0.317287577686833 2.09858472988166
0.310502638994916 2.24749429579826
0.314004712357165 2.17477786764852
0.319174170974639 2.05163392177077
0.314751877328555 2.1514242275494
0.315336499661962 2.14563535222496
0.310566101096754 2.25747621680078
0.314776970936822 2.15546180209824
0.313282912723478 2.18671043140672
0.316941181151478 2.10514270927981
0.316553627681475 2.11335072009434
0.305106875504665 2.36969033465129
0.317066685290287 2.10786813659174
0.315736027632994 2.13009357777949
0.30986005747608 2.26034182137819
0.321288485722388 2.00465927229088
0.310047196489025 2.25996884122029
0.319921056950266 2.02990846429565
0.321679184976657 2.00027411884748
0.31256290037602 2.20293331304984
0.324323707472479 1.94010463931194
0.310414715463483 2.25408577293684
0.315131885935274 2.1502181684915
0.313987178598033 2.1698393216757
0.317602264861283 2.09115611803621
0.315403222955634 2.14002714592245
0.316292311215003 2.11207576955604
0.312699707155005 2.20427501693615
0.317241702416979 2.09920284557763
0.307780201759155 2.31280811778335
0.313300182269265 2.1875245262927
0.317034653038742 2.10300451467901
0.316651725707564 2.11392313353147
0.310658889100957 2.24233602621667
0.317818861166763 2.07912806707037
0.312838305831805 2.19675683127397
0.323961214214763 1.93891922887057
0.310279011853783 2.2566177515779
0.311976846670131 2.22147827767949
0.315683812222092 2.13129542804955
0.314074053855528 2.17138119805645
0.31564918017705 2.13596532405174
0.316462392362618 2.10862330429803
0.318605770434761 2.06374154831834
0.316182550013692 2.12071667629733
0.314582677349623 2.1574641497573
0.315417621733011 2.14165820649715
0.319052827857734 2.05465653292948
0.312184282324802 2.2126337923748
0.315248545852587 2.14092573308363
0.310834710331853 2.23973829070613
0.311427917963495 2.22339855316312
0.319189029712292 2.06206086463809
0.317683855350067 2.08716414686797
0.314605506911991 2.15884181451026
0.310395382106975 2.25767723615381
0.314348510626506 2.15956842670104
0.31232054172557 2.21491096898774
0.317947667257808 2.08524338809446
0.320554682378061 2.01766285346959
0.312693814631174 2.19548112079238
0.320717041115912 2.01873828649575
0.311087461534348 2.22710800081841
0.315930950849806 2.12851347711122
0.319275816459572 2.04592859820431
0.317266192983145 2.09383530585984
0.319309613245305 2.05443346055297
0.312980809072615 2.19399779288687
0.312997948825427 2.19247624940967
0.315018219877346 2.14421920657041
0.319177369941983 2.05666707992681
0.313241606857335 2.1834982804139
0.323007574446203 1.96818399968961
0.314112505623617 2.16830113471643
0.312409675565569 2.21401714519586
0.31321201205014 2.1896939550659
0.315301940516113 2.14041167176093
0.317091372691457 2.1091709094701
0.30668919216305 2.33085090169991
0.315810065008927 2.12795820743396
0.321911739079644 1.98109388826189
0.317326530810574 2.09828383571971
0.318087888241045 2.07482876664939
0.313260782788241 2.18860343100812
0.309031767877365 2.27730893294038
0.309231024756402 2.27733972657005
0.31413256985818 2.17151381778686
0.31150786864297 2.22619715394212
0.31380982270913 2.17759170895911
0.316348555770949 2.11831534824617
0.319625041431912 2.04195695912822
0.317146210279661 2.09546612361409
0.319089859304317 2.05950625373016
0.316167468485407 2.11815984467423
0.31102041281549 2.2357875865902
0.318474913225917 2.07427248440665
0.315144653881491 2.14321231831644
0.317583238956819 2.09250003857809
0.310948600787404 2.23833031079634
0.316958779066469 2.10027295984546
0.315602681953755 2.13424901001441
0.313701023589972 2.17606249317682
0.311348595417553 2.23865802240917
0.316063194671205 2.12726372831325
0.320205505993807 2.03087570772952
0.311059456042851 2.23813609479677
0.320853829129056 2.01973429510244
0.308362417131029 2.30081367143433
0.310000523013808 2.25339537917953
0.318704884544794 2.06347954357342
0.317634977660831 2.08686198027287
0.31655284955106 2.11668554643472
0.317097898626731 2.09312208925724
0.313120888249196 2.19042358566941
0.318078131394022 2.08104479083319
0.315702952466125 2.12821902495049
0.317502487623482 2.08566612453936
0.314156850138638 2.17318229687692
0.317490271601889 2.0876671468909
0.320748517430063 2.02138126935762
0.313105625527731 2.19406014779869
0.319532211101078 2.04428106772587
0.31549390116979 2.14135959570311
0.315107017628726 2.14163752786796
0.315050593857404 2.14872063699647
0.320231559259176 2.02397904880719
0.31329430590429 2.18615254913806
0.315569999708667 2.13920151909879
0.312125151697233 2.21054887844264
0.305753516044414 2.36009615335791
0.310654973153072 2.2474474788818
0.316702941369508 2.11736372463167
0.313988867907998 2.17045385963915
0.310814859042124 2.24332075688445
0.312685167624963 2.2047623687215
0.314300639226591 2.16167331801305
0.316201485315406 2.123557599916
0.315091054028917 2.14612586780011
0.315393717259589 2.13739030586529
0.315404972415689 2.14323281402316
0.317060948862543 2.09341151334408
0.3135673643744 2.179244807605
0.317229209939827 2.1013244778504
0.31501460275409 2.14721910598652
0.30995202813253 2.25717234293167
0.316794946881997 2.11484837040499
0.312215184770459 2.21765827206348
0.317476577353118 2.08903079264172
0.313086931516444 2.18293295216166
0.317223595603178 2.10564241940045
0.313702665157132 2.17824619569172
0.315810135796 2.12702622339912
0.315332377872096 2.14109294155506
0.312886436459413 2.19776068176172
0.309348932844098 2.27189043699642
0.316565513709262 2.11650110095769
0.314882796180014 2.14724159602091
0.319979495639668 2.03381653204627
0.313805653751518 2.1780820263576
0.319203963134194 2.05150054024118
0.317487676182389 2.08891886850545
0.311123683300581 2.23790265992148
0.321360136969378 2.00616942710858
0.313336621367637 2.1826916803527
0.306148550501079 2.35140140202247
0.312172062466029 2.20595465121796
0.320606933297209 2.02664142864283
0.326048729683532 1.89553196640272
0.311711033787808 2.22377615345941
0.318496902455925 2.06533694313103
0.31608896706441 2.12106841540942
0.310528774656266 2.24983701132771
0.31492900511871 2.14965194206082
0.3161689154441 2.11635425292285
0.313750379654526 2.17142677813969
0.317700504705127 2.08471312666124
0.310426582156984 2.2547749979374
0.319689755901378 2.040189621178
0.32166927572041 1.99742708593953
0.315574948771594 2.13293459565201
0.317315880755014 2.09009945048314
0.316633853081093 2.11125074109726
0.314732196065242 2.15712673010269
0.316579123426384 2.11435120698074
0.315521894564263 2.13418379491938
0.314334545597275 2.162075856583
0.325040810365185 1.91967586072503
0.317330083626833 2.09483182750598
0.321201877230112 2.012275565191
0.312341423782648 2.20491457859093
0.313572058395186 2.17406994741348
0.315858615231558 2.12423513532022
0.314380794639478 2.16333179080892
0.308557489164484 2.29517287255435
0.313985018475357 2.1665453848907
0.317382955261361 2.09168649349162
0.311156056174691 2.2389542445302
0.312657730449552 2.19804766185922
0.312890656182888 2.19553232302006
0.315624551755856 2.13598702380725
0.314937103711181 2.15108413339726
0.314645961054785 2.15943834737083
0.321568448023923 2.0014996468899
0.314570877582865 2.1625252124249
0.309248307058522 2.28546955396382
0.318894521373579 2.0670471103494
0.312920787495807 2.1895653826071
0.316958443634374 2.10469642516872
0.319957380493666 2.03781085457437
0.325539503743709 1.91075084315079
0.316646042645991 2.10473520186194
0.319281143535858 2.04232774807319
0.312679541368707 2.1952641794018
0.31537752861984 2.14182929957389
0.31531350417942 2.14314030058895
0.318826249007199 2.06506072510541
0.30850121891971 2.30082004324909
0.316685749088383 2.10905687277113
0.3136303104353 2.18077878103499
0.31361555263824 2.17903976606946
0.312860552956467 2.19707700904836
0.311438678344048 2.22876629270848
0.318545302745953 2.06917231534492
0.315248024234797 2.14345834969144
0.30886600019257 2.29500687214975
0.30847575971865 2.29403491602126
0.316732943668571 2.11088370895074
0.315972611975397 2.12143267758342
0.316001452736461 2.12828826577084
0.317727463798826 2.08464298177735
0.31918488570479 2.05286862637045
0.316230273116473 2.12394119154736
0.314647615543301 2.16467755528545
0.311055748264646 2.24572324852625
0.314185180551471 2.16728714548056
0.311926393076332 2.22430697939423
0.314477528496886 2.16170781338116
0.32172783522294 1.99948125312664
0.314779156630235 2.14609945796167
