0.226867753963163 0.982954886555318
0.272992976214366 -0.270792633955351
0.220052406172024 1.20266330759801
0.225299502143309 1.02694634545781
0.256759834596513 0.166418293366751
0.203028177381014 1.66875426204518
0.261526490786069 0.0560402478014759
0.224715525430122 1.05676023823681
0.247143638855935 0.442124610030772
0.242019665474509 0.575689599853332
0.223992674656944 1.06234888850479
0.23512908339984 0.777106362139033
0.267300703289674 -0.11763988434512
0.250222534462336 0.342646890261664
0.225457517442133 1.04076770595547
0.258724625547611 0.108917064415702
0.271422190952037 -0.225034883509189
0.187045370515561 2.08505485894395
0.207804139671793 1.52786362595597
0.249655583096635 0.359957716249226
0.283202802121014 -0.571575139104139
0.258261491435093 0.129353362031256
0.241289722868419 0.592198289737016
0.21844675481756 1.23112151577086
0.211362054917274 1.43999637946335
0.201952940207294 1.69249872895902
0.242899810595864 0.548889376684869
0.280897883320012 -0.508446655430548
0.205822457959226 1.5729634105866
0.203393127653483 1.64049343182815
0.21041088987202 1.44373397675872
0.213528215411133 1.36266754351835
0.204186546207398 1.62444665919291
0.223010650792928 1.08966069837107
0.203055911788621 1.65462554618555
0.227127044408987 0.984864994277672
0.198968489455442 1.78330892822248
0.238076894903967 0.6936490813765
0.262301893725823 0.0117714274698756
0.22210140336656 1.12962551404385
0.316102523567783 -1.45747478570274
0.285256355787712 -0.6184397761144
0.278580308704099 -0.443114678711534
0.275270187750121 -0.339390159695356
0.229463790644769 0.928694999730835
0.252071774642953 0.311039950544889
0.218089762705281 1.24798175995975
0.231550481225516 0.871772175484598
0.300824691203947 -1.03659915405742
0.219102949698759 1.22066092870507
0.195518819187343 1.86489166255715
0.278258899404981 -0.41769624902103
0.175802700421003 2.40803074812584
0.239596807495901 0.653522970964101
0.222003760954089 1.10979402728403
0.269408646775921 -0.186195258804259
0.244389215358364 0.520861173683954
0.165609581260517 2.6993442199405
0.208138162927904 1.51083068372187
0.202530025155515 1.66920421769697
0.251720459430401 0.312425527266864
0.200936226678074 1.71539620272816
0.217886625726351 1.23599357098386
0.22798049157484 0.970960861424319
0.291430793636665 -0.791336326000187
0.175989318637914 2.41283139046438
0.220337943412997 1.1783515383097
0.259107642772631 0.121461337463649
0.200655281991489 1.70642782757045
0.271330049489086 -0.223443954034455
0.254618233172672 0.220278520262401
0.286161123817215 -0.637060438622677
0.279463413288413 -0.456724628367724
0.207243021393772 1.52735883357634
0.262417580173785 0.0154627874227999
0.264763212947414 -0.0590959448448436
0.247487102247511 0.427008259701919
0.286963939709587 -0.686935773151728
0.247470966234439 0.437568696871019
0.22606692610307 1.01523262893854
0.239602449161524 0.644939710208118
0.245802847649479 0.481955228255435
0.22752878784096 0.982003650252121
0.29061095468403 -0.768634629871539
0.148888803310584 3.15583874976304
0.259234505241754 0.0963979678217339
0.24899290980188 0.398560905131227
0.190458318820536 2.00521245816706
0.20616304668388 1.57035001504666
0.314665321555772 -1.42301994239526
0.222766046558542 1.10819094510991
0.230307865146429 0.897901936601937
0.245567100522453 0.487224949571107
0.215174506861761 1.31401277422356
0.219433725050723 1.19891249520116
0.240321384042532 0.607976851393001
0.219914369330951 1.18676016777334
0.230429026871059 0.885633735911398
0.272898087371298 -0.278732111610562
0.189509572117666 2.04629399735434
0.190301900840648 2.00774106403077
0.244716384920203 0.508919685063418
0.252928232302398 0.273803389724826
0.219007318307232 1.21684167264169
0.238692432434937 0.671796555748192
0.215894129088901 1.29840767812197
0.226847233323207 0.997941829548694
0.287318259142449 -0.660110503554875
0.236806100218251 0.697682777937005
0.274494167337314 -0.322599525651446
0.269291011207116 -0.158514609976392
0.236434153619555 0.724634452037606
0.255760767134219 0.206538309438446
0.244361855790207 0.519658695275253
0.188185939436459 2.06867294176601
0.225057286350511 1.0491361047644
0.263454897958139 -0.0115398054628354
0.203293404954374 1.64657058733249
0.229159613547941 0.938017858660846
0.172434348046192 2.49920394237575
0.242173705130323 0.573247676865119
0.26637568024323 -0.094843271738733
0.231429850629553 0.880742120268087
0.207064354853657 1.53543329676431
0.26703978525217 -0.107540934874263
0.266907893251577 -0.102579918863241
0.262992032388069 0.00130480785592813
0.211909706489097 1.40957982620207
0.22605922339239 1.02560404415392
0.188994582899509 2.05456501391196
0.216245772505463 1.28738417423536
0.220791755360738 1.16263737259393
0.28320759113986 -0.564457749773686
0.27268742914103 -0.30382205057859
0.206512576455965 1.5577121154947
0.233759349884943 0.806033906536075
0.259363172826398 0.097853225107735
0.229562598265535 0.917581112265268
0.230595953892641 0.884800842080588
0.310674014665519 -1.32606562617161
0.208901347955457 1.50735301139693
0.222606273242283 1.11367197024155
0.240471914400521 0.604106575658909
0.238823255199371 0.680777589864164
0.256497273837597 0.169248636562396
0.241745092945684 0.593075264318457
0.241674877749441 0.57990697755443
0.210991525559466 1.43855656549433
0.254706561266538 0.211807229635212
0.255368824435891 0.216010085403441
0.245602497055702 0.466498243103857
0.299648831108131 -1.02684827726706
0.285296840775267 -0.620909548522203
0.193013166615378 1.93006061634472
0.184428517978361 2.17097172107742
0.222798440167622 1.10510881740168
0.225094447605667 1.05062447052563
0.328471938620557 -1.81837731249707
0.228297648483626 0.966918815459978
0.222124119960723 1.11922512848443
0.258148622431739 0.138572017994507
0.220938964010238 1.17792183302652
0.250551704601962 0.34285348592144
0.235973513236463 0.756388902552701
0.270070068373601 -0.190814613564349
0.272728061929703 -0.283236704849021
0.230406388026057 0.894153496322508
0.296526420741911 -0.919664250305231
0.223618271931585 1.09021829987267
0.195128956956255 1.8816956580085
0.293892258807384 -0.856242282831926
0.257143851065022 0.155933256662937
0.223094166879777 1.10592549637429
0.216615722081438 1.28962221883933
0.282472384516382 -0.534995394967434
0.217696313918941 1.2602942417081
0.237647843809015 0.703328777335448
0.248915558752515 0.40633108966521
0.280060580696309 -0.475718958003515
0.267954244997704 -0.141154261490375
0.206035695331806 1.57080147259023
0.224657969264197 1.06450513218178
0.297153370864802 -0.930765904246564
0.25401335124325 0.242984770744404
0.220223565461429 1.18060946560829
0.213351993274953 1.37711584716541
0.241377342239436 0.603261629549066
0.228482629048191 0.947826580748416
0.251937350765002 0.303831060776223
0.266997296619848 -0.107223090213462
0.29747122255532 -0.952250524267367
0.271161869782987 -0.232026958523763
0.209516675454704 1.46942275423384
0.233634091961385 0.817309461261136
0.274474485729639 -0.318481619557364
0.208566378526103 1.49831175525195
0.214812136078444 1.32261820611448
0.220508858731843 1.18060795493758
0.239980134914947 0.643285012378637
0.218364267653646 1.23144356247857
0.246697238756362 0.440482295541457
0.252881094523302 0.283156461214444
0.241473805385844 0.608840419995962
0.210760033516046 1.44182679723509
0.254023537163602 0.252974799419106
0.234278001246881 0.779288799725416
0.270572854964957 -0.198293656241089
0.281003124600341 -0.49640066876715
0.245387216423106 0.493529882666795
0.268935616242239 -0.177609728398973
0.29543254952259 -0.903479420467725
0.191909237873691 1.96495209982535
0.272697443814575 -0.281382350237872
0.206988046522188 1.54277482661573
0.250747797237192 0.330204295118231
0.247481616652378 0.433710116207457
0.225216604847753 1.04417814555392
0.241216214438861 0.60803860807711
0.262725616402626 -0.00116863608411677
0.246595077626216 0.453339176669008
0.213441469898486 1.3604435988302
0.213844117008864 1.35454215299779
0.2130641203554 1.37828930897739
0.275593298444688 -0.366362079532367
0.242660688718392 0.578762377385576
0.231073645927077 0.883560224720477
0.281115618843694 -0.50780448904263
0.203772846037608 1.64750996323126
0.246155330374369 0.469319900794742
0.286967180553555 -0.658829445862785
0.218631768220347 1.24172087462557
0.257232939101819 0.147730176067449
0.318903036419916 -1.55828291855424
0.244677885866576 0.514090555196751
0.229304691454937 0.938203567700347
0.285652907085528 -0.619762198649536
0.257516343070015 0.132570121072121
0.204412285550323 1.61950930324804
0.267432719911671 -0.124474010150721
0.279747306360866 -0.464320947948535
0.193492407150377 1.92864671358748
0.275510488931831 -0.343797664688965
0.30041367292513 -1.04254769757746
0.201272231303747 1.70555176155978
0.274665041813423 -0.304937491637699
0.234420007134056 0.790481732763536
0.232110422935365 0.847473297778593
0.220736605286805 1.17292438273441
0.256398131180598 0.174713960700809
0.234437375756694 0.781831441608
0.26852414198425 -0.154591089283691
0.223522504525847 1.09739533817004
0.197168747978832 1.81283750620525
0.258561756522407 0.11344453795445
0.275581914721369 -0.356856664371559
0.257920073678674 0.150940534034526
0.271366199778297 -0.222178885088911
0.218230101514693 1.22955100380668
0.252668981920215 0.274886922775787
0.261078683023472 0.0427004235176114
0.252006426200394 0.294791507710977
0.250058849657721 0.37388700284999
0.316809082302805 -1.47921696388261
0.218906661186513 1.22327551295728
0.166911251410399 2.65417920316008
0.271766355223191 -0.255417520393114
0.220080186635161 1.19459802527187
0.291850301534294 -0.795806723411392
0.234770998607007 0.775887101171721
0.236357589595089 0.7440898370475
0.269374877306168 -0.170735890890702
0.262985238732958 0.00708942103550769
0.268641600448823 -0.150251880304603
0.294164470296146 -0.87044030373839
0.219224260518529 1.20036253857755
0.246435481806739 0.458614362175061
0.234932714251151 0.77662729466602
0.278880256305807 -0.425856824245534
0.280501105925976 -0.485798541431727
0.281011570284702 -0.496777353964653
0.254696816621957 0.233805512408146
0.236442050105347 0.737103064116515
0.25973447231564 0.0814422176736536
0.257494025579412 0.161984183247654
0.284107591018312 -0.576524441325641
0.223178562758799 1.11807666808615
0.262494969403099 0.0237857373623592
0.157886900876296 2.90884380234196
0.300649776185917 -1.05505003103746
0.261606177675867 0.0270827919465595
0.289678271905073 -0.737394486284065
0.261132963133842 0.0378957727633523
0.222640309745333 1.12825696183937
0.257478970549188 0.151215156806924
0.220001154664917 1.17999222983819
0.216284402079675 1.29994200450851
0.190471647997329 1.99663740529929
0.248134721057616 0.407020582374915
0.281671825408655 -0.524558244731672
0.221279677857112 1.14487959056722
0.22781310646826 0.965957649571504
0.312960726139935 -1.38611585284018
0.2475091764221 0.423057135278794
0.209557225886223 1.47586793785539
0.255948119320922 0.170804230796371
0.265796879901254 -0.070309627824934
0.252352443500763 0.283920725049162
0.219197343002003 1.2045184877805
0.205824523479296 1.57804666129039
0.27466377472462 -0.330603001318339
0.243061558568631 0.536184211968584
0.256346060410302 0.186198903109323
0.178200714761196 2.33098709656884
0.196341261168142 1.84900917825589
0.268995084427503 -0.157400468657105
0.215318557182083 1.31064409399533
0.157563894136677 2.90861934387206
0.229585308094254 0.930770104393914
0.232378076918682 0.831888106131978
0.209262652154082 1.47936382321654
0.177024410161443 2.37343027195956
0.228607494172009 0.948114145204205
0.252014488036867 0.30441119865975
0.238595985293416 0.682100957719514
0.26168068014315 0.0475152096230266
0.223849395880348 1.07937332420395
0.205742099330933 1.56863844068345
0.214896903813276 1.32821438051558
0.242050277668592 0.560457601029733
0.230468787605473 0.890991372192875
0.223054560425714 1.11487506177715
0.249600316958764 0.367074008688116
0.238790211189773 0.671195569947809
0.238593935546505 0.6805454786591
0.237700386161596 0.702882724251408
0.249785234539257 0.38017821118139
0.209714475242501 1.48094463878944
0.262256201258465 0.0254381145876513
0.26547827239317 -0.0513581620735668
0.187764057792293 2.08457653860586
0.224886456054725 1.04997244390309
0.255884170728458 0.190307646308814
0.263719916611805 -0.01661847669266
0.269456977672309 -0.181763109279316
0.209945478740569 1.46477194808581
0.233266189057764 0.824733742357084
0.267269769131303 -0.103920796426218
0.244246085807562 0.526413395734924
0.205542150349462 1.58334444672021
0.26356880142072 -0.0201258334152765
0.21181226409268 1.40835430087686
0.262358308686679 0.0243942075346892
0.222217090190043 1.14173403846596
0.265343008462362 -0.0663615142428131
0.254859589615597 0.235988536779211
0.234874250250064 0.776452299685179
0.237473773160693 0.698256136014047
0.198342246639599 1.78382326796393
0.248337456067816 0.398305403491718
0.230946730121386 0.898817576028897
0.241765666756017 0.582410064220118
0.226878928311791 1.00198542323594
0.240655432079065 0.61076192621209
0.279827589359374 -0.459620677598047
0.223790046847308 1.0731115074923
0.218098989896446 1.23842022736815
0.27649456994584 -0.365427806164051
0.247362501437163 0.433028306625282
0.234502474832953 0.783732703578511
0.191669411027133 1.97656334978669
0.304347364480324 -1.12959230884641
0.232928963976485 0.833247253615634
0.278313535111779 -0.407393737120053
0.305499811563884 -1.17537408097637
0.211066440687084 1.43342185886892
0.234003413747356 0.794299184505235
0.268844529816902 -0.167643860745327
0.250747860527318 0.340486296387308
0.259303603535741 0.0905553503099355
0.272709762345737 -0.270834540881898
0.272397995681748 -0.262461016534534
0.244935818323921 0.505609180690802
0.205112466408265 1.58918037166562
0.235348199470537 0.758248635364558
0.22597409621177 1.01642458760062
0.315140591058859 -1.43752757531393
0.264686460938022 -0.0573277552386831
0.186837569094816 2.10354681957849
0.243885598449183 0.537902625601255
0.174688509321575 2.44006881240555
0.209710316110485 1.47528740974359
0.282910915258177 -0.539248072917985
0.221018150567896 1.15981857258846
0.24681747670404 0.438698256586699
0.224619322871397 1.05876151420022
0.262931552985245 0.00869628661258459
0.262451963192263 0.00969310934800482
0.266202479295771 -0.0939965748595796
0.244048401003043 0.518133285099173
0.218155839427275 1.21908100291442
0.218503341436885 1.23889888618249
0.27410280851876 -0.317255218899858
0.256401018373901 0.180025822392853
0.253489285300601 0.266618018402568
0.213672770876935 1.36397070587496
0.227564757736572 0.9815516398721
0.193147395224969 1.9475551633817
0.263222552508478 -0.00341983586852701
0.224901296790949 1.05277981030809
0.241390164560232 0.588904719657182
0.187006393648244 2.10580473288738
0.241886557509053 0.579760050747159
0.252824998416107 0.277029648665648
0.275259498987949 -0.327340919332046
0.202727374244058 1.67156578889119
0.261554475484996 0.0386430060131162
0.262897681844038 0.0138115534994826
0.246905684925768 0.450427773031476
0.25410537718739 0.225980888443805
0.314262997967805 -1.40696353937662
0.257905325545622 0.123773143198332
0.227065131058965 0.993948032002768
0.198699839773421 1.75847815192298
0.328017965736361 -1.79817023124891
0.202158920091114 1.69307427827066
0.206850907495802 1.55221933039333
0.233450743775179 0.79825063594238
0.229182509781209 0.947396476607866
0.250268515365337 0.338191078419922
0.258529451393815 0.11599197700062
0.277856739940553 -0.405659601234139
0.311591304394693 -1.35144701763993
0.241447947373634 0.597101657831569
0.272420923211917 -0.255365540623595
0.241694982529638 0.589006376985039
0.252419013054013 0.294903636748454
0.303977596343394 -1.14389894683646
0.320397350349529 -1.5776127172238
0.207652384619534 1.52237398246274
0.273545446135348 -0.299619479656311
0.251230155526889 0.314277648405486
0.27624219478496 -0.359490744542887
0.226867559771553 1.02508572852568
0.224180118996003 1.08414208074908
0.289806629899949 -0.736312006928729
0.293831644705744 -0.87551182546254
0.155787838092244 2.97073194018264
0.291274086215951 -0.790220213458275
0.228121199885332 0.959200396281235
0.264834370688957 -0.0467009053308181
0.213410115520911 1.36910249050281
0.252941163984299 0.287316290343899
0.207170346123811 1.53704139178655
0.233605142755231 0.824445359103256
0.284674434265234 -0.601079126972659
0.231944086931241 0.858555387089202
0.199344028928644 1.75923415285165
0.213783093580603 1.36124899401907
0.24535028495477 0.47989439394693
0.20808532741386 1.53040707207657
0.232618326413346 0.837371276488228
0.245391935684315 0.498208113097518
0.201830349261752 1.68562311699658
0.273598925327387 -0.292119022329971
0.208863015206506 1.4907477026845
0.243012930986744 0.545404836601716
0.226447200467172 1.01825609449996
0.284420468793724 -0.592289232810066
0.236148204361688 0.746401797361805
0.262560676249531 -0.00506495903271087
0.244858747919354 0.5084733846211
0.257369743243259 0.157098500557193
0.218881339300905 1.23051475694745
0.271917561839189 -0.233394707093738
0.202133211872566 1.6764116190109
0.271097114430072 -0.226093698212565
0.219690132969779 1.20677288006273
0.213111124187 1.37898019494259
0.27067292892087 -0.211500178590649
0.259859597961338 0.0891903587656752
0.244063573306167 0.516459945673218
0.215795179248567 1.30531950375218
0.274004054783293 -0.311127579972241
0.260527774242068 0.0783823770327249
0.250015247650892 0.363022885259287
0.239302245815485 0.647026569734533
0.22713688119799 0.983013943325469
0.22712050999955 0.982309626027129
0.256437642286313 0.187847894430114
0.273121941016018 -0.282892063966146
0.305412878201675 -1.17534066523965
0.248524423320235 0.390547863129747
0.220176016650799 1.19465678636073
0.270723872811318 -0.204299158203287
0.265481410127092 -0.0682674969532751
0.20979187261091 1.47980440383472
0.209185303331141 1.48438315025524
0.218426806965493 1.24032673865373
0.232393292704348 0.845733805034799
0.286184965415031 -0.64081898785437
0.201484224262078 1.69630930098088
0.171993463649895 2.5118949933888
0.232498732802453 0.842487467769259
0.266327047597161 -0.0790588769824554
0.218918118531133 1.22048600056099
0.260714562786799 0.0571754217837805
0.257909397644505 0.155450052848506
0.296498382129325 -0.936829700224559
0.269426971178859 -0.183742450294346
0.293559674710796 -0.865764377312955
0.23550687559896 0.760243407478039
0.239614469016936 0.631774786852506
0.205995674662718 1.56399093442654
0.185910930789029 2.13175549538914
0.24961349282041 0.364383809832684
0.202484647180122 1.67271694122915
0.188061437449951 2.08004937313373
0.241568231122852 0.600722644951803
0.199859353317837 1.7412548281782
0.189439510981853 2.02740925649236
0.231480304349 0.872660942432128
0.19450118254115 1.87777699447667
0.252223296179022 0.285366841032935
0.193606244239975 1.92479332913612
0.253371338481226 0.273002995944956
0.1558342353079 2.98100302771864
0.248995213066882 0.390108718690166
0.276771848933241 -0.373134389284176
0.252418249192669 0.286476535266978
0.28545499275927 -0.625812823977102
0.234024063776552 0.802291946442729
0.237023709425685 0.719751175351428
0.28589652745052 -0.629119503689364
0.245791663407029 0.482115141759996
0.225142390233063 1.04085043496529
0.28419829175442 -0.569653099749985
0.252169654910491 0.285259816687273
0.26130900584663 0.0526201941172739
0.219645222478877 1.18219339845277
0.206645746223371 1.54673695920507
0.190069165543489 2.02432587585912
0.219574857124136 1.20209110625891
0.212460610697595 1.39423545656696
0.269639613492101 -0.197474309482942
0.220190771418072 1.19675354732651
0.284177080008012 -0.593176725497981
0.223202572799063 1.09605946789838
0.23449064720243 0.775539297997992
0.27016834861556 -0.191249078431017
0.288880985442407 -0.720166045958063
0.254065559653289 0.253465410379048
0.258580256785148 0.13197130808296
0.27924740408457 -0.436761484972656
0.21943060189362 1.20343523673737
0.224433376020905 1.05700838220414
0.267093657812791 -0.117916561300527
0.235260671370828 0.756410845325347
0.248376501598163 0.40088962967465
0.279454247387177 -0.476922909901857
0.231981531757013 0.880830218147223
0.223040842787037 1.10247952347336
0.223088876984018 1.11504994279373
0.259450502484241 0.0912484919315303
0.174984534400495 2.43265246213197
0.275393784121786 -0.348523596973827
0.202746198671587 1.65505757692196
0.254394655595834 0.234739270884876
0.280289624734644 -0.477953249502616
0.226810697073302 0.99923510343511
0.214462422369846 1.34013849262927
0.233533420372719 0.816621278275242
0.221997914291028 1.13277497372638
0.256037957420346 0.192702576570943
0.261789400833274 0.0336664839690689
0.279467038270291 -0.450755055535163
0.230930484980965 0.88674723052055
0.202611622443265 1.66540837378713
0.236390414071473 0.737261324687347
0.241975545242369 0.572762448522874
0.238362977089595 0.684953047501451
0.24628209594146 0.461225850081613
0.230375850506218 0.893874162790897
0.290132119776536 -0.756814110256437
0.152905877372557 3.04731641426805
0.25021656006097 0.350784778487611
0.207864667518518 1.52987194664884
0.241736286688894 0.576630410858098
0.248604911426658 0.391706782017021
0.283286296724954 -0.561538764903883
0.272520267090889 -0.26626622603281
0.270333379671964 -0.207523496729867
0.232775740356625 0.83811458482528
0.248732281669049 0.388130386391549
0.248108055937876 0.416506458634867
0.245581768614967 0.469293053607692
0.242061009736177 0.565557011439962
0.307999200975291 -1.24480835922663
0.230917300858617 0.891392179742772
0.295678555208437 -0.900520275528734
0.181253072687248 2.2667403609628
0.267498587183641 -0.128983449025929
0.277504782219634 -0.407825380586064
0.240396411551617 0.620995982479435
0.247500091084746 0.421248972601831
0.250506789970807 0.359260331804418
0.239221546081434 0.665769189842739
0.24691687965487 0.440539788321504
0.2518254537137 0.291269376334986
0.23059121380906 0.891073978265646
0.264604718846216 -0.0494808055427544
0.259164696617992 0.0944385372450077
0.237042813054341 0.7108333672699
0.218344070856225 1.23639961573896
0.22014145719345 1.19068027777387
0.240081860638534 0.632922322582036
0.241894794455336 0.582367022710012
0.227906319244829 0.960896101950626
0.26035027878482 0.0759169069106899
0.247028651202852 0.43972616281465
0.227528718061529 0.979116702055743
0.20120180924503 1.70693817868471
0.205379084710296 1.60525571786063
0.22968952261627 0.918065707323273
0.189670123129326 2.01746263683558
0.299590655994185 -0.998771394789442
0.246716518761439 0.448635626336606
0.246516309462495 0.462538293903025
0.202988414703101 1.66678223674966
0.196534966496557 1.8363768477777
0.249888776827587 0.360282512460874
0.295992024412084 -0.909186894688249
0.247693954599954 0.425986488058643
0.226002754654157 1.01392319854675
0.234463622376304 0.780961517469888
0.208049390104813 1.52397446162486
0.247135145854532 0.429638388796851
0.251365287206854 0.324896060716122
0.187705414004853 2.07834409191021
0.247124323744352 0.434744155918952
0.318766165683119 -1.53991632182886
0.23093312846565 0.878862901686567
0.224736999662293 1.05464038662337
0.224811293197488 1.05002203618698
0.288081852102332 -0.705409599912687
0.206979094864252 1.54823630936296
0.200327537318186 1.7229758307024
0.248920939148009 0.390477368475683
0.237664014085535 0.700468477647163
0.230549643425413 0.903679077018767
0.259799099756586 0.0926225140870381
0.282291139983271 -0.516870105557612
0.185271269098844 2.15160136144192
0.237616011432592 0.701426850251039
0.229982985817883 0.908698939346075
0.268035530961252 -0.129966459114666
0.209393457178326 1.48377330060979
0.205257917531996 1.59123583829966
0.254397712654171 0.223028782716114
0.252003234252459 0.296616481422891
0.24723998988073 0.443521509293749
0.254823499096703 0.229687906133421
0.273811496589698 -0.297964194208276
0.242534046557086 0.553701115447882
0.229837142134811 0.920592067040425
0.243588274786134 0.523943497135695
0.215477280943652 1.31596802931283
0.246916654316545 0.450358703143948
0.289533946329338 -0.72803448665684
0.218816931443578 1.21651397487589
0.1705318140802 2.55169302078931
0.211895689908701 1.41081334735477
0.28976522410446 -0.745323608088181
0.221116185360105 1.14371963447444
0.245471501959078 0.495561952198547
0.25999051565948 0.076939823434051
0.264480473834377 -0.0428458316843083
0.186478036783696 2.1149290964702
0.265506417073886 -0.055474977077471
0.289432268424206 -0.731222386713876
0.188034082991634 2.06128517973899
0.299394436250361 -1.00174555672883
0.228850088765666 0.940711952030446
0.19388392554569 1.91807932364856
0.221472320159702 1.1305678346747
0.237986703768568 0.694110877039222
0.298167370958366 -0.967576509610338
0.197520405778463 1.82053056060581
0.239514670757457 0.648959481735706
0.207194486989535 1.53686861091377
0.263688276924983 -0.0133765091498393
0.228785667049569 0.940761873992525
0.235539800036647 0.771973104095606
0.307670222241739 -1.23403877551492
0.247687882281087 0.445358250744119
0.258034695579984 0.137736775948903
0.290476081740261 -0.760681234318827
0.248706481790791 0.4062415029012
0.224238982902855 1.0816505857115
0.228091754888875 0.955298098203821
0.252619068718832 0.279980946039685
0.293589914350246 -0.839850016400124
0.2369617133845 0.707003680662661
0.282796576267629 -0.542907731083107
0.288978925995696 -0.715287732156053
0.170673894209675 2.55062672910518
0.220457932076607 1.17718577508797
0.232184186988871 0.857606032265735
0.179889540386988 2.29366003679819
0.254795666749032 0.2137518539229
0.224903056779556 1.06064415299277
0.210909641819923 1.45304611168801
0.206912998962506 1.54196105513518
0.24089444089327 0.612704205841886
0.256442446481657 0.16631505087349
0.263869614586036 -0.0146822430019014
0.241188246322278 0.601868106713324
0.308622819013759 -1.26736480571251
0.270546046891873 -0.201067299980838
0.21720604356307 1.26764477557904
0.279519313692131 -0.453063594800403
0.227306392267803 0.9863655702218
0.179895802610168 2.29457072835217
0.214897756124848 1.32983039649395
0.256815412753023 0.161926163257386
0.312134201115661 -1.35861850983237
0.256753413990952 0.171005796381889
0.287152924085112 -0.672482422381593
0.2827488861359 -0.552268029832389
0.215116994487405 1.31979253591981
0.284591664834492 -0.590792815318323
0.248699244292759 0.399922000758867
0.177901151863162 2.36749597367982
0.265141263029212 -0.052939117117069
0.277576222617716 -0.397026043023414
0.285382797891389 -0.619149708690515
0.17393970612574 2.46894300823731
0.207464599879059 1.54699791780536
0.25108550138156 0.337019900186954
0.25226264443627 0.290034275499214
0.215524335799912 1.32087564983063
0.286669354603502 -0.64534117315204
0.280813295933698 -0.509438797212751
0.212362386060545 1.40220592549019
0.223161334988076 1.10923746724023
0.260534124486581 0.0648114489368193
0.244854692531181 0.491136071075858
0.251699889780177 0.316728403032783
0.290191430616853 -0.759091418437794
0.257398222634408 0.162441935904001
0.209021291790725 1.49052802957296
0.249999585186608 0.380397873242381
0.182991185531475 2.19383347499938
0.183288526343714 2.20739260978505
0.215153195078175 1.31837678377216
0.308425241846 -1.25661021721946
0.267977542685105 -0.130543886766069
0.253741773302158 0.25643169870899
0.257830082198991 0.152418905357335
0.261311068282106 0.0429345650612284
0.222123700827851 1.13803965361711
0.208198183066631 1.49813470682723
0.202789851689937 1.65657133807229
0.242946386593341 0.558279725996459
0.229094985481508 0.941681534267732
0.219095760027151 1.19845363876759
0.201484328486199 1.70750361185662
0.272566444813423 -0.263485486141955
0.226065697349678 1.02130828893618
0.250170589039999 0.34745363316254
0.28537654487565 -0.610891591922634
0.226885427630785 0.992087313067102
0.265268434826264 -0.0916648613980804
0.258572608566582 0.143124995664113
0.259721014487343 0.084628181068455
0.248053803175007 0.414386317444106
0.190789647427875 2.00001122115388
0.229330971284783 0.925105627699856
0.255438135830466 0.19841275286312
0.226700914019369 0.995935540989908
0.243301795146102 0.553536909407373
0.239089942523603 0.665787768192779
0.317846165539546 -1.51667392952911
0.24249313329975 0.572120581612549
0.291011006923193 -0.772144607179726
0.261338271173767 0.0438418657856542
0.229548473440637 0.922586862404175
0.234074471864435 0.790776223373105
0.290338407150801 -0.742470248633831
0.262306971511651 0.015543114806244
0.256535238845923 0.183312128389817
0.226026738120283 1.02638811913528
0.185362471291137 2.1479402231549
0.266532181324434 -0.0967626072016597
0.26706466023864 -0.112751751937173
0.198880481007338 1.77325936568725
0.201251408501859 1.71501105556511
0.258536563935891 0.118715354337901
0.281050380960326 -0.492270692188712
0.233408270787562 0.810568373219086
0.261882268698527 0.0223234313063451
0.25188064674446 0.298732784780592
0.232246640155626 0.83741830239605
0.256506988220335 0.173633537125328
0.238570313845007 0.681721744893707
0.260676095740387 0.0555834186562914
0.254179914334379 0.249942034567549
0.200072461913955 1.74528347337564
0.241816483216336 0.58175519394822
0.236724056108767 0.71568955124725
0.215168178432767 1.31842402270261
0.252205229170993 0.310640189292013
0.240348803103741 0.619091444677726
0.262099992619277 0.0190099369769242
0.220218290496671 1.16600311463994
0.247166165460233 0.446794100473944
0.211806326614 1.41203803197783
0.218484451006922 1.24163431611568
0.22146327107251 1.14602078980263
0.241819482983195 0.588402074161647
0.225980843886518 1.0367752124434
0.25018585652422 0.355054536961879
0.237399541930339 0.72793667659681
0.235837555474266 0.756708220553173
0.272149132802072 -0.256380099644578
0.289806587522162 -0.758840450435167
0.192450198759203 1.95611328185758
0.238591997409697 0.675431986883804
0.229414164065736 0.922077627185581
0.23154876988183 0.857103993230047
0.267031100436364 -0.112704186286238
0.207646944003377 1.52576785029167
0.236677461297968 0.722173240920651
0.289762194843852 -0.737551042299296
0.224266444050273 1.07035201822672
0.249793225445564 0.356797296988711
0.287937099350017 -0.701030432262173
0.237352411284324 0.704747634941097
0.210801396191829 1.4440358498179
0.271355607846493 -0.232459056480858
0.247594048750008 0.419053541494186
0.269048595356895 -0.156460759878112
0.220053580399 1.18171809284818
0.233082084346065 0.844921157747874
0.204950377962253 1.6106540031796
0.240339858841304 0.643487362754612
0.247439375017931 0.42459366982749
0.245173624112014 0.491683781713159
0.267559483342931 -0.130105452730483
0.257799358900915 0.151234372129463
0.237136792800925 0.714711992844356
0.225601916546769 1.02584779554541
0.22351398240643 1.08983541378774
0.196682064387904 1.83209549347474
0.269103561791313 -0.15627881305985
0.232033918578341 0.856423901836144
0.278381848502822 -0.43106481711091
0.223794039099491 1.08001040078749
0.239224503712419 0.643078613236033
0.277615082999905 -0.406478013987374
0.218406125882637 1.23308719512606
0.251577691772597 0.315065089021137
0.239267482112892 0.653347697361874
0.254012332275832 0.234161739150502
0.228813434054505 0.939718960551077
0.291829451232928 -0.790899550612087
0.261364429101295 0.0436320302087461
0.308914384049014 -1.26279975198495
0.231220051036203 0.876861625886745
0.241406558045806 0.601745924616424
0.191056483576072 1.98816616911535
0.231403975283396 0.878198421368449
0.244437912251044 0.522839683181149
0.231322207390314 0.863848793006271
0.221160395392047 1.15920926658923
0.258986998179717 0.0985028749615373
0.236007993478615 0.75192014227612
0.242131065459051 0.556625943399148
0.198770592618224 1.76384036400713
0.232025154461289 0.852454533531473
0.288114299053688 -0.693779950988859
0.263400182569337 -0.00963663356765709
0.268704599238212 -0.149861879905305
0.218881921171737 1.22389939047376
0.207649629983184 1.5356076805764
0.220010169913586 1.20028145083094
0.236049669005507 0.742487685578579
0.25963972359375 0.109310576511522
0.273363432407624 -0.283710157213037
0.178955823151281 2.32564529624485
0.260069774410842 0.0766764742941888
0.279636765292901 -0.478063741097352
0.2542989977236 0.246755925615592
0.264120044362685 -0.0293598834400243
0.204281591259608 1.61147913949661
0.221334615352932 1.15590234947919
0.314696029885286 -1.43728201354386
0.213729400755111 1.37157818983022
0.278522202971258 -0.433511492185087
0.285647036852277 -0.618360683958224
0.25284472812356 0.2691000397324
0.208614949936346 1.4914734925832
0.237012270003277 0.720002177058949
0.282288204874463 -0.529446524783052
0.180909585444355 2.25322332020774
0.252575399728429 0.282731957385963
0.177359956872246 2.35954322815342
0.303667529316154 -1.12737895427738
0.259673484640946 0.105702898559617
0.217866787910668 1.24462967609786
0.255975671098154 0.183584150057448
0.253244237664142 0.275931513414873
0.2309619618301 0.882670272047416
0.265764592589447 -0.0685639175875902
0.219935069719682 1.19193020829132
0.211698831491864 1.4196219190701
0.270902955097209 -0.217519131636862
0.277180557739044 -0.392407691818351
0.215396106239971 1.30735941007471
0.21412864059276 1.3530778011859
0.237558302318293 0.697244708897504
0.239863952910795 0.651215292440064
0.22923594157061 0.929318395213311
0.226363012046183 1.01124906790005
0.251753097319074 0.319259460040692
0.170317062892245 2.55453391420803
0.259132319697825 0.112519326982899
0.280862025720809 -0.484542327147803
0.257723851490385 0.173160473738679
0.256999295273573 0.167516484535902
0.278172355057882 -0.419449716702385
0.2724364591099 -0.270275541226824
0.266713235496351 -0.117025110058013
0.263477567747622 -0.00592635280117337
0.2322889597028 0.86280841736904
0.226792200180745 1.00123123486667
0.214161617737138 1.33210066261743
0.20332268153956 1.66045025903403
0.207836671009549 1.51975931554701
0.280591303598687 -0.489764925321246
0.271017753674878 -0.224269839937745
0.17653588221824 2.37546653252206
0.275375771611043 -0.340715798733652
0.222181030903415 1.1347760267625
0.222427162554273 1.11774455422738
0.223437580214938 1.09235830939675
0.252181398919136 0.301099532053498
0.201009539983551 1.69273452917693
0.232860494495172 0.833069322068666
0.255189136012722 0.216896729985276
0.24620084988742 0.462303211340988
0.204880075206566 1.60385073209327
0.229520180026088 0.943820197343027
0.257592307041757 0.145397833639904
0.248729256266217 0.397684451942546
0.256565683227421 0.174886866560971
0.255936049094216 0.201950126269426
0.220746918253217 1.17153763758033
0.242132955901986 0.581664984529826
0.225495198228652 1.03080371339553
0.266519058857271 -0.101695763868623
0.247302809202494 0.429740171228296
0.249261874172889 0.385980779119978
0.263933601954655 -0.0352471713915345
0.228624673219727 0.948256291840257
0.240707596894404 0.612255276730609
0.244445351414505 0.516173062522968
0.257884370327554 0.150012176006205
0.271220430791064 -0.223182892569462
0.221466242903931 1.15313748454813
0.261378451063651 0.0459354772081864
0.239396223167277 0.64727560973029
0.234046932393495 0.808457842509013
0.229727518276726 0.922553129908207
0.199913675275381 1.73779914860179
0.188043531379034 2.06303415107634
0.226329891686394 1.01866098106877
0.199973450816732 1.74149155276668
0.22960804182055 0.92320838084292
0.269926372340653 -0.169938379606479
0.267858880720497 -0.132120996219911
0.28995040128962 -0.755621923288154
0.250862542299584 0.317737173072079
0.255599195714562 0.211115841270167
0.282777710299882 -0.557552001350483
0.270073544507413 -0.202705094244629
0.25691702509317 0.169211435811645
0.213594331963046 1.35242070882957
0.193683048853721 1.92493759118577
0.237472508325696 0.695266839292746
0.230097862364614 0.898813403810273
0.229445451493538 0.917686937695923
0.261415651085391 0.0422834923291728
0.217310095019753 1.27276640766377
0.194799229803732 1.89453475320563
0.203610336101795 1.63050234519873
0.31237466120109 -1.36401735285102
0.276007341900478 -0.359344531068984
0.191551716620268 1.96986724521085
0.276633826801054 -0.388585273835541
0.215097493140865 1.32874621503869
0.229750052814247 0.91027558691785
0.269067041992593 -0.163866066987155
0.174606989134157 2.44581882001037
0.257928896387028 0.131582701154578
0.195538552389778 1.83729624152115
0.323714799343971 -1.66616607790485
0.246565637813046 0.449830716406359
0.203137120234937 1.64961232380265
0.237043900031412 0.709445202200549
0.285738877172583 -0.635852729655097
0.219251224955766 1.21226175407577
0.249144280971049 0.388359507166917
0.234425384885911 0.783636062743748
0.206657026425627 1.5590975265821
0.299286495966606 -1.01678537097573
0.258593550495097 0.112117869081603
0.228144633090605 0.958470761999624
0.228609724019863 0.946996245810621
0.249663094920333 0.369617266746305
0.242489215500975 0.581867655688006
0.259106895374721 0.0966589516454775
0.228339285086247 0.958089740130641
0.184369382634244 2.16744680959253
0.263697992298836 -0.021713570706514
0.277932758402587 -0.403455035768981
0.231302082253421 0.876812071080494
0.225691869198045 1.036806378499
0.239780022328923 0.64781045457306
0.233224387786865 0.827459857680783
0.265771092081143 -0.0821036493805916
0.240060938617104 0.635205526456903
0.27346098107881 -0.296863185232755
0.273065691380176 -0.268386114656708
0.212123491427066 1.4099874270624
0.241025545842848 0.608943291483821
0.269056653846924 -0.161571515492585
0.237460124839814 0.716705421008473
0.198991110696411 1.77781961178896
0.255071201769134 0.212268782101311
0.177181361420206 2.35858140492149
0.191297877718967 1.98303379605352
0.217959924848906 1.24490586426143
0.280969531162388 -0.488875220529544
0.279995982585612 -0.48664899960363
0.252051975332484 0.29759280187219
0.234193240428002 0.796499729659006
0.258441685131899 0.13396534472922
0.264615111775243 -0.0509206556838254
0.192325456522026 1.94988061693759
0.219845379943553 1.18709682986616
0.235899403220284 0.750659387057517
0.226746222127614 0.996472243136869
0.193244591954154 1.93233019539613
0.267741184927175 -0.12745025086692
0.1925466017699 1.94678257577194
0.302065383757233 -1.07493965543644
0.301829215727532 -1.08229369230699
0.220862851783475 1.16491063122872
0.247882955198808 0.42328350690625
0.245896627196053 0.47022867663993
0.21437230103526 1.33654757606672
0.263254311904858 0.00237981617605165
0.296757353239374 -0.932431412521111
0.215040802533231 1.32623826185523
0.289885364243018 -0.750453664394424
0.218475227402443 1.21474489395353
0.221830885599638 1.11098106780059
0.257830029650397 0.149324300085072
0.244726507190705 0.489967777905891
0.248422200843038 0.409358861600564
0.283492944227304 -0.570434592534155
0.231335281106243 0.87768681571483
0.17811221948884 2.34349221306663
0.264569966511274 -0.0526998212277452
0.213898662768253 1.35540539490083
0.235468935248379 0.760940866147279
0.252105525810565 0.305182206060846
0.179431548007304 2.30565760230535
0.236533110876895 0.739709333740816
0.291281506940909 -0.792142481405956
0.245676409946771 0.485815260543683
0.217391170567526 1.25829952531184
0.235038550708064 0.766883913605758
0.237663107193291 0.713824626390194
0.215682614440597 1.31295429164299
0.215541798954919 1.31378671383962
0.239709329653947 0.641212114026493
0.213420367317469 1.36629677901043
0.248451256379286 0.407309564645642
0.22506757904108 1.03881113066644
0.240146019534403 0.624871670037211
0.20287523816402 1.65405032778509
0.234699799583061 0.785869360957817
0.258050994941641 0.147102929514085
0.23206917879448 0.842127750116638
0.250522729078156 0.33380483279104
0.2507877063434 0.323625782057471
0.243361274566981 0.551016962923735
0.253099770693113 0.260438832935956
0.263749037030312 -0.0137159676218073
0.287470690991957 -0.679459100234914
0.209178470548633 1.47725837607495
0.264270898752728 -0.0237893562866009
0.273410175548629 -0.282049067065065
0.225437370271263 1.02899215513816
0.254353374672372 0.241119689159274
0.26132798825226 0.0540763057189105
0.263309421990772 -0.013705113063452
0.281591770508164 -0.515051891141331
0.226181889230435 1.02528612969104
0.2623345689998 0.0240157392630551
0.250010964346297 0.346586831728952
0.222674554107367 1.11222011693952
0.262305176775579 0.0308291697879061
0.218676108551139 1.24122753942391
0.209853279360734 1.46066476780603
0.285641519853417 -0.629270139720072
0.241103476608078 0.600213604833328
0.273099780366186 -0.282885565902717
0.221790686656859 1.13453652067396
0.284001393754316 -0.574293209055382
0.177633723865734 2.37338910446681
0.204526735763993 1.6107525291339
0.224770380786585 1.06816876905961
0.182711025961456 2.22176711280332
0.2108041604639 1.44330853011242
0.209537707838606 1.48763970743051
0.195713740462068 1.85044835024718
0.297472776261039 -0.952606174855963
0.21204019170388 1.4068382120412
0.236836546841213 0.715734916509518
0.291535760254523 -0.785930746438002
0.250287463232915 0.352720840627828
0.254406082564297 0.237327290757904
0.249906269706392 0.365531395211406
0.263422847722034 -0.012207641021176
0.24093500036792 0.607018073670414
0.290199276615422 -0.735060018301135
0.238858108277623 0.666615213706896
0.210588624655075 1.44354237607636
0.238386419820962 0.675805151808966
0.310530865927729 -1.31187558384171
0.236624429489811 0.732927415016988
0.243748636343065 0.52499362165183
0.254393940779624 0.233294620667707
0.241641148587505 0.604113551787814
0.244456021418827 0.522872809928872
0.236408350708235 0.733010889494054
0.211718052245299 1.40296326161518
0.27253798288711 -0.267644054053733
0.237905412037788 0.690489893347474
0.170957043763368 2.53653930274962
0.197715875357955 1.79294558495491
0.253835852117165 0.244904157870043
0.255655818731549 0.208514835250165
0.218951084220174 1.21854599131936
0.250619663851151 0.327973824214243
0.24751712851264 0.410686504998455
0.250883863873058 0.342107604916191
0.255001910731715 0.211587901383627
0.274861010293592 -0.320470302163535
0.239105663080032 0.657492869782518
0.161073167754971 2.82790285349902
0.260083355463312 0.0932999592229178
0.219913374282009 1.19529797100607
0.221781071173422 1.13312921325015
0.280951431379597 -0.507118890700185
0.274859308793144 -0.31522128110595
0.236277874991237 0.729703561968702
0.257608186748425 0.145983885362713
0.218220255297816 1.23728006299036
0.291722369888518 -0.789210397782748
0.206586011971364 1.55501905373633
0.272566581970533 -0.258450614226937
0.260159892750656 0.0670021588069084
0.247070583755068 0.434093880936851
0.199663585679579 1.74252734484889
0.248057404200166 0.414057178037836
0.19392502086991 1.91020941678122
0.233111052345405 0.826720001527238
0.269380949756739 -0.159498785312569
0.201868045825529 1.68299176073883
0.250066707247787 0.345210490848908
0.238176840089624 0.681202879903588
0.300891947524775 -1.058934904313
0.180866694827971 2.28927151690479
0.275041910076617 -0.340541596707961
0.277841969872137 -0.400439447227829
0.285569369679989 -0.632534204633552
0.286460561664353 -0.64572596899812
0.262559338554084 0.0258543885413712
0.241093129768854 0.607882149524712
0.229363847454858 0.925014110270386
0.258427154318561 0.129103539702376
0.28391362271946 -0.577788328072951
0.273106663709202 -0.270990270304902
0.250697747897664 0.330618404719432
0.259059817809095 0.115374461795483
0.294173115797665 -0.855698792827767
0.238319361302707 0.681480699887542
0.217240165672613 1.26048678809391
0.271951602950188 -0.238035713222853
0.189425744407837 2.0164486823509
0.2626738655207 0.00639675901621095
0.232013368237663 0.853956084425999
0.225262993346789 1.04591171512876
0.249119982141851 0.392396225191279
0.234354899075767 0.787076416317592
0.280970999213109 -0.493450601018767
0.299703165779052 -1.00631049185239
0.197221767473627 1.81286016299059
0.234275804819901 0.790402421021513
0.302359852468144 -1.09424622842759
0.22839225289444 0.960792758378714
0.252295938003575 0.301184037843281
0.188486284840207 2.05128703734541
0.174122131188936 2.46711436232063
0.222877043247412 1.11565971130519
0.22060521439245 1.17756507569067
0.242880608524298 0.556608010578923
0.255900317319264 0.186535186379567
0.197116201187057 1.80688234144067
0.193295112857425 1.92522569976725
0.262855763556121 0.0257713596414524
0.274218520939941 -0.290831819622244
0.232546963737044 0.84415898042267
0.219243107321931 1.20640045676849
0.24278436123824 0.547804836991521
0.263944480496094 -0.021051628351758
0.161059172017024 2.80825905237834
0.236679593857947 0.734228641120148
0.29086042762971 -0.771731584623039
0.208193853215818 1.52285695737518
0.231510509747465 0.876460561375712
0.250851325848192 0.325876790941183
0.248865195193398 0.382444871051735
0.294851328232237 -0.878101516826773
0.202869276192188 1.6595053126285
0.248520113592227 0.393861239122553
0.24513011471553 0.502239658189297
0.275119074278781 -0.321892887030116
0.222875737443602 1.09048435248357
0.221388967000042 1.15323699912231
0.246410728406366 0.453800995504454
0.243888471669388 0.528801010919432
0.27064590972932 -0.207255359609858
0.217310719585881 1.27753210767613
0.237556781879277 0.701474977746227
0.178473402672803 2.34684479122734
0.203913140840421 1.6242430249753
0.281853038443853 -0.514873186553118
0.205801653333307 1.58789907642453
0.274096478287322 -0.304693767592306
0.244506861433942 0.513223831540695
0.227349672488706 0.986376094481227
0.203880508334012 1.61864470938706
0.251048996892235 0.329620644206556
0.277920114164955 -0.421547001904087
0.208591637959096 1.49001840815744
0.275040155088554 -0.329209691047131
0.200628824542745 1.73496575703395
0.237655002796983 0.699594739413699
0.267529306418538 -0.130552840668841
0.25989659418534 0.0870612938588389
0.264135845185769 -0.0276293835908883
0.265112958086014 -0.0630768893014391
0.254655995038012 0.236431107968882
0.228443345444719 0.965422100787428
0.259950593494257 0.0891148595404579
0.263309159614687 -0.00424557976037554
0.286049585847643 -0.644135831430706
0.26513178688107 -0.0718238191717424
0.240618182674772 0.609579544486333
0.270917621944371 -0.20126673038217
0.237312701689715 0.697194960611353
0.284720297357186 -0.608278028869584
0.227731242780076 0.97066680433984
0.180148346006601 2.29021898163814
0.287011876669942 -0.676540478239686
0.257024132817084 0.171962785160448
0.243940529451172 0.526418543746926
0.244313807805982 0.531431616370055
0.226582181633831 1.00559226712439
0.202543156394066 1.66662185209172
0.240792494216892 0.606331684740967
0.200446615931746 1.74345433957436
0.20869222074021 1.5050998945093
0.215785421285466 1.3000012444375
0.215228427674849 1.32759419551114
0.24428432663255 0.531595281872725
0.200564946582318 1.7221526780608
0.248623106646157 0.407940015696703
0.273559767287416 -0.290957954804465
0.265069283757179 -0.0542777360706022
0.237472771997846 0.699519820676205
0.214978613347641 1.32340798836208
0.219373847894876 1.19763513107237
0.183923145196769 2.17756160091734
0.288075427495082 -0.705474382426091
0.312395830477215 -1.36511361194625
0.194488342792444 1.89034986453255
0.247529079923023 0.424338632283708
0.198972927157666 1.77030377624071
0.192107753505701 1.94458574648491
0.255750919006115 0.199563549807424
0.247234339180804 0.42878414716364
0.213420071170886 1.36779013208249
0.279418602525577 -0.455820079697713
0.188811533456958 2.04900196867377
0.235779000368134 0.756633901271125
0.194807734530917 1.88390860980053
0.215990165555449 1.29241331935316
0.252557194036039 0.283054711017249
0.213857957456823 1.36624240830329
0.221248159149779 1.14149459226031
0.205145167684142 1.59320791982137
0.274940894281218 -0.328014053804742
0.287043178819347 -0.678383051636037
0.222812064004615 1.11573554290596
0.233295533488051 0.834985945155957
0.258378177400005 0.12114608681203
0.283139050868493 -0.566779877164772
0.255521395271105 0.19752559686739
0.196749944759068 1.81046496463701
0.227217970839926 0.98659679496742
0.211516407208477 1.41793132621175
0.227774874575292 0.958750021275091
0.262229325106049 0.0252481370674512
0.210561809305938 1.44757076828653
0.226437142925757 0.99873224566538
0.247990391878952 0.420415670192489
0.221535699496782 1.14389689646212
0.230372115774703 0.882687799936745
0.225676612448354 1.0461765388032
0.304469180897417 -1.14989569378664
0.265167560461519 -0.0434906472389521
0.240354734291475 0.626510147866933
0.221646344405666 1.1438307515078
0.251010900156593 0.338763083426038
0.255121401118216 0.206514605453764
0.211962864550631 1.41540866105042
0.244750301648937 0.484831838050997
0.258943467963737 0.108160505900356
0.21544323913594 1.31143414844813
0.231899937378782 0.862777313617602
0.234462386013724 0.791931229138652
0.232155523274154 0.843081350641005
0.223509421828583 1.099698875388
0.214770124030853 1.33415704670467
0.264716909157547 -0.0499786239825342
0.257039692977691 0.15860375762936
0.278486914407134 -0.43442686789914
0.246095553428485 0.471191300498121
0.223687204674482 1.08777332846799
0.263798327084545 -0.0291643940583936
0.181877144326224 2.23618864962176
0.246981266414203 0.452034924033183
0.254345656812017 0.243936864873748
0.243556208883759 0.544974791963075
0.253770018976183 0.262906220448527
0.294623486780837 -0.887720037658355
0.243178250347609 0.546951481772966
0.230364394064255 0.903524509657043
0.170247322540351 2.56225537092556
0.228323625499615 0.963176183582346
0.257502277012721 0.14137291407298
0.254339670342429 0.23728215955428
0.261429289471592 0.0469749487329223
0.270990344183004 -0.211379268188843
0.255142736747187 0.201805812289584
0.185473946074823 2.13618766114884
0.164367815517272 2.71740398094951
0.254912659164193 0.218318410342371
0.212786109143867 1.36758657369453
0.31106137231517 -1.33009678852323
0.280137871477563 -0.473114894720811
0.24804740701239 0.408917627339354
0.306537072780623 -1.20800529694381
0.241175266824192 0.610092750934041
0.19552389382641 1.86277889874959
0.178964713134676 2.32878981541223
0.272787751993535 -0.273924989742389
0.187213915284901 2.09274995584845
0.222858763913383 1.1282589685895
0.235736878571768 0.747796343266071
0.201959037282155 1.6895202955622
0.247507818250212 0.420862721849098
0.231377355224512 0.869383575925079
0.235898658791585 0.747627433510632
0.225936493910012 1.02429056645097
0.262676036196277 0.00889849392064379
0.233689543768318 0.80720404102179
0.264036181146014 -0.024019288725957
0.24762528811385 0.422084366690102
0.241414348214149 0.599301369805187
0.268258681679705 -0.141047280716388
0.259558271649066 0.0941264767690381
0.216780461608724 1.27682863407103
0.187989599244645 2.05379909416562
0.259673062200866 0.0928371506016274
0.172735200520112 2.49087802883447
0.246498998591513 0.452329401532364
0.26991900043478 -0.188087050876013
0.25035301634013 0.3606958007908
0.242979229136953 0.552465932433653
0.258725472424591 0.109193816452204
0.286185353628883 -0.647688665045248
0.20874300524736 1.50568930763964
0.243658060922905 0.540530138346311
0.230489268197606 0.88533115445278
0.206135113443243 1.58358668350004
0.257263965260405 0.164914637239145
0.263988932258369 -0.0150863414657789
0.198515338114426 1.78020612543268
0.231585643937737 0.869687641264026
0.176663265083521 2.37187044175673
0.243359577809744 0.550223401240759
0.226929551160979 0.984345115772467
0.241787024685765 0.593696067416606
0.259223877664108 0.105625909938138
0.21000607426726 1.46617967337933
0.256878994745511 0.168771201540844
0.200148319428336 1.73714467483179
0.211203410186995 1.44252587127954
0.246802398911489 0.435351452055334
0.238660266796555 0.679941328708665
0.23451638445785 0.771094493381412
0.285091940321375 -0.604591229583134
0.208276612619828 1.52060099156663
0.257406209292307 0.153487538285461
0.244395423553285 0.515027949229508
0.206101266573003 1.57924909518399
0.27220277763654 -0.260426127600793
0.217929878184704 1.23713700227471
0.220253446093307 1.17552046124119
0.218450609232405 1.22370995583157
0.24587152801417 0.462789306862372
0.259624218065173 0.0967812533233267
0.271144932932789 -0.223470482597612
0.21430798608679 1.34644275457512
0.249549284779969 0.362658588379443
0.263026055627369 -0.0171645039485542
0.21193176480031 1.40326508840787
0.188872939391166 2.0453489932111
0.223792335603774 1.08704037834276
0.212259726239714 1.39320910647353
0.220506262500882 1.16746072573309
0.16202161010485 2.78629898551595
0.271447315597166 -0.249108496284841
0.194381754575625 1.8932992674663
0.228858222949589 0.940403246305471
0.236876291788232 0.711218362781571
0.237013551433498 0.706382023462228
0.215492730602971 1.31216896782118
0.248410187778268 0.409072662646898
0.245056168770317 0.486410263200458
0.234542389413436 0.790012462666025
0.203288425757846 1.65863877001779
0.226875903741723 1.00414140811411
0.238345010939015 0.68344602826976
0.271467976007275 -0.223638974592617
0.265528464206655 -0.0655998833431429
0.260316082284735 0.08899326034516
0.308449800224481 -1.25011474796906
0.200671097038637 1.73565947424333
0.319226315334115 -1.54351023430953
0.268572586262096 -0.151417866422071
0.233921341192476 0.798048255463623
0.278857591141848 -0.440020451518498
0.170017219211675 2.55881004387743
0.286770812884271 -0.660888310218292
0.234922687903416 0.772416400167956
0.250997215765624 0.318080282979626
0.286713236473335 -0.663214517312308
0.309862173700302 -1.29994176331629
0.253488395792855 0.272273822139537
0.282958876415601 -0.542714291221119
0.223181495080973 1.10318311512397
0.200393115517718 1.72262876424871
0.250975357458315 0.327320671252623
0.234189324189586 0.795042380875627
0.260522626317433 0.0630052166349512
0.254508828110584 0.240846697695944
0.196037689729914 1.84115810573941
0.224800508729497 1.06041353738124
0.197493789731391 1.81801474299796
0.246293388798169 0.460573729651857
0.200994795244156 1.71498973221239
0.293798983436356 -0.857285253990672
0.268041101582818 -0.135797598080602
0.247092826480873 0.439055430481846
0.249673383019228 0.358679655690824
0.235306003650002 0.77991851840501
0.237244912140398 0.722930525786143
0.168424325118833 2.61969369490051
0.248218233206862 0.413063272761268
0.285891236707667 -0.621956549692778
0.282473496481197 -0.529898822629477
0.230900034456892 0.892131656131841
0.251217679453391 0.319867836222465
