0.422046617537234 2.43829724459514
0.422022991992289 2.439652156825
0.421483911540123 2.44275121947436
0.425070755680877 2.41209593612905
0.419754585084342 2.45817954118124
0.42581514005964 2.40746247016889
0.419449823110164 2.46399000881226
0.423893470124847 2.42109299889975
0.422485510512488 2.43592167315694
0.423548083657654 2.42477013865158
0.422151128740775 2.44175134252685
0.422819547288105 2.43332420127429
0.417326612232503 2.489495759908
0.423193694377246 2.42857981282285
0.418801536725355 2.47102257780443
0.426671232842217 2.39230558135059
0.42067540805606 2.4563546214916
0.423208856805049 2.42850251302393
0.419795692842565 2.46514620791509
0.423691332302186 2.42735209214105
0.420669185914214 2.45894481783831
0.421701363731268 2.44009462862634
0.429023953631927 2.37543562152938
0.424902816156675 2.41273711190844
0.422898310326196 2.43341961881386
0.4245251390916 2.41379670193215
0.42164555931539 2.4513627658827
0.423799581478343 2.42313240298432
0.423969241372876 2.42500924603982
0.424182486930242 2.4179649059449
0.426937890439886 2.39339415967487
0.423022386831373 2.43014984329616
0.41849143332969 2.47220096344095
0.423366158593456 2.42877351739718
0.424280010731611 2.42472766596831
0.420895140838728 2.45319685510577
0.425453940346825 2.4038795250822
0.415535600415051 2.50392900781007
0.426201153977633 2.39683176907259
0.429029375863884 2.37037648870963
0.418810122823451 2.47091033104103
0.426431814696726 2.39336049688088
0.420650623191211 2.44862615856912
0.424678424019574 2.41034680383873
0.423629903794154 2.42539531236676
0.418287750929292 2.47208180535574
0.425169665451587 2.40869050257712
0.42446219102134 2.4156584370673
0.418887952389264 2.46720896346379
0.420778538749158 2.45535298830873
0.422384940833158 2.43627028651832
0.416670248728584 2.49447686785025
0.42397420523654 2.42199877605193
0.426812509649693 2.39629525333111
0.42495662280031 2.41587805460939
0.423279303137436 2.43189786326461
0.422293068455525 2.43735889561048
0.424953169258594 2.41483836314986
0.423271970681722 2.43466838019213
0.421177746884846 2.45161676287002
0.421496631966917 2.44355940544141
0.4221684936455 2.43634162445515
0.421640122458244 2.44516128129002
0.419792544305109 2.46273158648273
0.422237260384844 2.44093730949892
0.421947231827992 2.43863156149459
0.41867648216635 2.47552387658283
0.418908113818476 2.47545824627805
0.421250101103947 2.44750719656445
0.417329724001217 2.48610215497257
0.419739934503274 2.46257324789157
0.422008771696769 2.43843243935392
0.424782916720018 2.41558779719186
0.41864301676424 2.47568387126307
0.42690532614377 2.3949550458032
0.420668543159258 2.45558744855936
0.42516082020577 2.40656721023419
0.423266913298123 2.42771224039952
0.42392157438205 2.42497286388718
0.421570048716269 2.44607342401122
0.424661335932024 2.41771631428427
0.424556110886308 2.42231602254978
0.424891734802577 2.41765028736957
0.423890499662757 2.42580631250449
0.424180469682311 2.42535979351728
0.424387281045138 2.41847998091504
0.421391586635951 2.45247980022363
0.423222931794485 2.42376115529998
0.422813607404214 2.43595064556998
0.417939395874393 2.47920020175182
0.419954077914032 2.46360724146396
0.420463122262891 2.45704673770173
0.418056485509619 2.47613726068733
0.421337270499097 2.44610949288
0.422407298501142 2.43444292327668
0.421433196350264 2.4453613264409
0.423708539198057 2.42491702792837
0.424714863222649 2.41673906820134
0.424889537226001 2.41213231240257
0.424113085334685 2.41545234566102
0.424742047399638 2.41623548738339
0.424745009225468 2.41414142796797
0.419612232279839 2.46689202746686
0.424364869819409 2.41369647510328
0.424249653675409 2.41831176238865
0.418920167249975 2.47085162537432
0.424713899939181 2.41184603601636
0.425033367839901 2.40998924267813
0.423533012378048 2.42482702532734
0.420811899856398 2.45182224852097
0.421967037612063 2.43811155520192
0.425972951841113 2.40325893962876
0.424700535468482 2.41355769210124
0.423496560691002 2.42563988474483
0.420773510485198 2.45124763544616
0.423619608912418 2.42237560197702
0.428633485469465 2.37851832454829
0.422310881134157 2.4388105408085
0.422503617710894 2.43360017076629
0.422589587296009 2.43584247028258
0.421020658857534 2.44432229705191
0.423691017198885 2.4192243872045
0.418421984449967 2.47512241529504
0.418925977868849 2.467892313474
0.42691551050458 2.39346229975252
0.419447754397754 2.46092637141103
0.41848825824388 2.47359555916096
0.419909319231278 2.45921218381772
0.421381416537726 2.44712877889876
0.418515535371552 2.47374100295849
0.424089493849905 2.4201114650009
0.419257178219332 2.46450501627985
0.422217749512985 2.43906918907291
0.422296127451996 2.43679022233354
0.4207400011187 2.45018768182408
0.419482644644254 2.4678978476699
0.423500622358487 2.42595213784522
0.42188188247759 2.43871103968288
0.424777776193949 2.41158088376391
0.424055637083865 2.42131587915798
0.421985776394762 2.44186253599099
0.424462641018274 2.41746903552352
0.423533994878254 2.42426342404394
0.420851417984603 2.45378108562295
0.420826478278067 2.44826830863959
0.421644285187469 2.44020658093998
0.423442178309435 2.42768691398844
0.419642682552813 2.46451212105879
0.417081088235009 2.49263257558146
0.422977308262143 2.43413037491469
0.423962298863742 2.41976931957285
0.422222147456093 2.4359945681946
0.420025648946782 2.45741304569737
0.422623545964452 2.43642144704652
0.42128995310799 2.44994596571732
0.42304810379125 2.42981841231595
0.424091252156505 2.42154866043857
0.421318585883273 2.44913919103313
0.422865681989625 2.42770539037535
0.418340456315085 2.47457016900781
0.423415901372936 2.42619136507984
0.41950874421672 2.46892867326156
0.421735672800329 2.44527552263266
0.421292660968768 2.44794910983565
0.422430403018582 2.43161546650236
0.420235669958833 2.45649259516411
0.419012519674046 2.46370997924888
0.423369185194095 2.41730177393816
0.424232723010606 2.41800904657062
0.422987748240761 2.42929967043884
0.423716691457884 2.43084008242861
0.42135191871249 2.4463564676598
0.419167006921453 2.46787086507552
0.418612954942441 2.48009258309552
0.421217525381143 2.44414515959095
0.419352496395099 2.46776429577367
0.422092349528908 2.43471440334155
0.422015181280953 2.44075906887527
0.424266169058071 2.42105009180691
0.426759639206233 2.39822169007215
0.424106984363768 2.42247865493985
0.418874898945497 2.47028829658346
0.425211484252336 2.40712924873744
0.421636862667018 2.44336144120368
0.423752524799163 2.42196126324442
0.421698083548886 2.44383607972653
0.423429442599217 2.42341691310736
0.42263094877295 2.43642651177121
0.419708493932183 2.46312438516541
0.42132006654166 2.44311438839338
0.425969188929128 2.3993874692436
0.425194830421166 2.4105324620484
0.424678864745206 2.42026195070852
0.422391014390392 2.43328322839883
0.417681729597845 2.48024257430185
0.425716925885775 2.39519516049548
0.423704433236586 2.42592683068828
0.419865268905326 2.46526146861706
0.422143096415483 2.43759741625447
0.42057075710162 2.45862599655058
0.425477551441909 2.40961944011214
0.421163398630458 2.45053240852648
0.420741115876168 2.45570284474933
0.422109938345468 2.43767851511483
0.424856144954902 2.41708287389636
0.421510380197441 2.4441446223685
0.423631007144511 2.42703381838929
0.421655773335473 2.44548717294527
0.422731246695088 2.43569288418442
0.423016122858625 2.43243106592729
0.420738377802629 2.45395034351344
0.422670223305653 2.43674147425629
0.422626274527546 2.43659737299736
0.425990540236894 2.40035047213055
0.420537325501101 2.46025855459741
0.423036067415154 2.4319616182348
0.421746484781221 2.44220774660682
0.421363749183058 2.44377362118067
0.423049999262883 2.4337818239273
0.422582867712257 2.43500413427693
0.425617634679912 2.4015255641208
0.420550956653062 2.45600964908734
0.421944886721411 2.44377101545184
0.42358863007732 2.42366925208489
0.422225620309152 2.44173517176772
0.422824210516315 2.42791515635869
0.425005443651677 2.40697693699883
0.423755647396918 2.4229101391751
0.422893024150702 2.4343678485177
0.428252418261185 2.37900376901655
0.421873051850695 2.4413725232085
0.422517894452112 2.4386870836149
0.423929838101841 2.42420413490984
0.421898959744642 2.4446104310602
0.423033305714138 2.43059439278905
0.421814140243376 2.44249902084279
0.421453196903356 2.44601931486669
0.419628271749361 2.46137378504702
0.426081898931803 2.40362806334955
0.427234579110949 2.3865369866988
0.420229897967085 2.45925185410856
0.42267158674262 2.43362120440906
0.423338278050302 2.43277990280876
0.420016890385038 2.45655499535836
0.417171918130035 2.48943479118048
0.417378380376959 2.48242805199747
0.42159894818041 2.44551070690531
0.419016204909449 2.46806657368978
0.422613134182617 2.43702116884875
0.421144533045212 2.44774067800115
0.422667147374804 2.43390985662608
0.417523559691005 2.48037671721479
0.420988079632412 2.45145508878988
0.422552439160157 2.4344114213717
0.420083816013136 2.45690099301773
0.420611427593397 2.44980466905165
0.420886405971084 2.45576864060987
0.422248978712585 2.44017598886415
0.422125835882378 2.43787624342812
0.422498580059482 2.43303830578728
0.421482824998162 2.44494081995698
0.423182177747498 2.42864039556311
0.420337158903954 2.45411699772246
0.418236470574734 2.48084443690729
0.423851918482743 2.42476924948503
0.422126423632201 2.44185824088558
0.424949455237272 2.41434486406283
0.421285325712542 2.4490916873762
0.421642561328367 2.44422515942259
0.417324873126083 2.48429707787584
0.423861313947898 2.42713769171688
0.422316306536869 2.43852381987194
0.425713217968232 2.40639608513971
0.421453660510916 2.44597546658445
0.424139260494209 2.42036647472183
0.422976302391481 2.43407838738147
0.423314970513747 2.42399188423001
0.422150872107018 2.43966282220018
0.420629310921637 2.45613109806152
0.423726426431497 2.42193855845793
0.423030036143068 2.42807279244478
0.423420045484587 2.42781739015261
0.421321253520175 2.44360657246045
0.424168633396852 2.4199934915935
0.424740988574106 2.42146583898866
0.422416672935423 2.43831906552918
0.422415664862791 2.43680537222486
0.421888913401318 2.44379260749895
0.422443813871613 2.4396192146191
0.422776827042881 2.43470808098773
0.426216639456297 2.39735422697367
0.420630070717101 2.45163368014919
0.420398639924438 2.4568206063356
0.424245233962419 2.41826077991661
0.422407233816171 2.43146179880748
0.421621801696595 2.44242907372248
0.421761894373223 2.44014520694921
0.425086318132123 2.41458002899717
0.42310333918381 2.43142080975541
0.422207970577847 2.4421708871484
0.424425680038162 2.41857436770156
0.423733454931474 2.42701292986433
0.420665476526705 2.44760518015912
0.422826798103829 2.43445977707976
0.421990769372429 2.44122915643372
0.421372275763241 2.44287213723785
0.423100050200493 2.43631495391538
0.424983122847039 2.4090539780805
0.418741263470011 2.46850652294273
0.418760932534964 2.47344712019277
0.418868856523572 2.47188009565261
0.422742981767376 2.42817557221855
0.424518688944938 2.41680821511182
0.423767985494454 2.42173766317342
0.42442648517902 2.42095517432994
0.419907027347035 2.46106856270851
0.425156135223154 2.41181121502359
0.421690995597484 2.44447217099775
0.420130822203818 2.46371437227044
0.425067607746644 2.41227397968972
0.424691120746894 2.41720788022246
0.421713938783284 2.43604452842137
0.422838771436599 2.42792291581344
0.420121336898684 2.45947724432167
0.424569821683674 2.41643856309596
0.427325901131204 2.38932253208784
0.421241960585263 2.44583629865366
0.42131552772065 2.44955276563166
0.423549132559461 2.42791069497531
0.42819860174782 2.38562946981011
0.423379215650871 2.42796501051167
0.422353521884918 2.43380165392731
0.42303237472823 2.43292272817937
0.420606206287697 2.44711307579282
0.423691347553923 2.43266558360578
0.429461574450829 2.36473541930617
0.423127706844192 2.42773398575742
0.421199777161769 2.45158534510941
0.421579768762553 2.45234473754829
0.424697289645547 2.41300524663304
0.421304762751723 2.44429731546441
0.421734758522016 2.44596164965072
0.42482681673692 2.41236699467148
0.422898046203471 2.42632805644955
0.42210105865221 2.43958683266742
0.419588697675029 2.46619933700786
0.425070267430286 2.41525696603638
0.424289618328279 2.41824189280924
0.422334817360304 2.43343564597156
0.422187782472313 2.43931064134087
0.422984877390622 2.43243497814183
0.424275453633317 2.419950746964
0.42349978806724 2.42493258372604
0.4237941065733 2.41693702355716
0.428696572668636 2.37501834434443
0.422184307335925 2.43391936967371
0.422755534075214 2.43439643199011
0.419804627877393 2.46269713737768
0.423339511884593 2.43076716168924
0.421933548036436 2.43916568026681
0.422917212270873 2.42996950867452
0.424484000793547 2.41493055058302
0.420845082196987 2.44674136303602
0.424342854396511 2.41753560864128
0.422201989350275 2.4436630485766
0.417694350256834 2.48454556931301
0.416549389546715 2.49282904361738
0.429322654850246 2.36755817242691
0.422371318024779 2.43767218163285
0.420072291461489 2.45697733119221
0.420120022240098 2.45724140842028
0.422437402422648 2.43083702504886
0.423829238455367 2.42528090141204
0.423188426565313 2.43285754585646
0.421291704126723 2.44053564383281
0.422307453513026 2.43547887474618
0.417807503070538 2.47978884872953
0.423729176017357 2.42129375854158
0.42217003321203 2.43712421751826
0.427259287064492 2.38837447425132
0.420779083396259 2.46014335068288
0.420725512433066 2.4515374557399
0.423638453469935 2.42882486619257
0.424686769253487 2.41163032815061
0.425411363388438 2.40844249238539
0.42424614996058 2.4195181776935
0.426642018233016 2.39389519616131
0.423176309187796 2.42705506259445
0.425126080303974 2.41063258504648
0.42109436317582 2.4554934377756
0.424187204065279 2.41913929432718
0.426132437510788 2.39830745121829
0.421668405760135 2.43841829535023
0.421960603168314 2.44213021114851
0.422338656112244 2.4352248703901
0.418857942999458 2.46600001743938
0.41900388233947 2.47236447648951
0.42420908353572 2.42047726179365
0.421024081295398 2.4475678084912
0.420520381067968 2.45609266960883
0.424405945314872 2.41710968346284
0.423375909842718 2.4289626501176
0.423111524014715 2.43218480789086
0.424099707767088 2.4196606171947
0.426893671226768 2.39538839920499
0.422966184445042 2.43524619624962
0.420887543714582 2.4477705610856
0.422002817169944 2.44189878450277
0.424834499830742 2.41616908669852
0.424527112160973 2.41798434310418
0.427789203817224 2.38414886844209
0.424692146153041 2.41474498776558
0.419710841903654 2.46862783237552
0.422113756187109 2.43309445764214
0.425951271047705 2.39855627397897
0.424265271880729 2.42084296762389
0.42236660053294 2.43503481156336
0.429948175903088 2.36716851784305
0.422138008297886 2.43684148761573
0.420351644964338 2.46016298822238
0.423184625694694 2.43013249843868
0.422457480560374 2.43457119152698
0.418030652358559 2.48045101893572
0.420631978216499 2.45378121130628
0.423259401198199 2.42935358177524
0.418113932814767 2.4760559859867
0.419023879770485 2.46847707663634
0.419525862977014 2.46443530583071
0.422246211833148 2.44583952616976
0.422499319249103 2.43394428859752
0.425837011246031 2.3980709409538
0.420681333028032 2.45038115787937
0.421780817817875 2.4456064311888
0.422621937361973 2.43334192731391
0.422877461027187 2.43629089117907
0.421693240443451 2.43962514601266
0.426115613592718 2.40542885897081
0.42328596816086 2.42380496567155
0.421108488977442 2.44806503425066
0.41995207356689 2.45863645356541
0.42495070343141 2.41096786377699
0.423372090388941 2.42893159771204
0.421193684057961 2.44632337943801
0.4258169379471 2.40013320206662
0.425170547150012 2.41220774036153
0.416492500751018 2.4898092639369
0.424099959509648 2.42248974458669
0.425558517438321 2.40994475737565
0.420174258999421 2.45528649234557
0.422560451093587 2.43618543898173
0.419414294451595 2.46730723722182
0.419668128251075 2.46297542738816
0.423420681167504 2.42986330491854
0.419972416331042 2.4599589145976
0.421868556289073 2.44477740738565
0.421303241348092 2.44382567996241
0.416861450036852 2.49049477737436
0.421627381531656 2.44378148297225
0.421354509366387 2.44832784367193
0.424023818370617 2.42256824743668
0.429032312790209 2.37472284065946
0.425036524538315 2.40694966300296
0.421486651275442 2.44654528266071
0.422761716418717 2.43136977034781
0.428004175215157 2.37595071046837
0.42082390073556 2.44988934266936
0.421965646375792 2.43689737702528
0.421704876409466 2.44796824947653
0.4222091534699 2.44508139040918
0.422019701399336 2.44150083609049
0.425380312217131 2.40838272953268
0.424320593765235 2.41448093192418
0.426175043174106 2.39563032243181
0.417388505845091 2.48762996452639
0.422370271765907 2.4332391336935
0.423443063844349 2.42096887028961
0.423641731016996 2.42237379910185
0.421935520404641 2.43981574131984
0.418284694483239 2.47829678807614
0.422323988519119 2.43874610948594
0.424387367744771 2.41789694038376
0.424345340833192 2.41601541073992
0.424003477419604 2.42306622274359
0.424635372894596 2.4162332754262
0.425960090659633 2.40145039961722
0.422318937286503 2.43470745559937
0.420871649192249 2.45677322958053
0.424789424421399 2.41448119318147
0.422255554608715 2.44399768382368
0.424316943682805 2.41705191682916
0.420252780262779 2.46341069714094
0.418976859776553 2.4714685341706
0.421265095503125 2.44676825149487
0.421473442943249 2.44632468802197
0.425832187526733 2.40949680010314
0.423920969917238 2.42026313354934
0.420505077615037 2.45830776961809
0.425868451442587 2.40651886513014
0.425723887155088 2.40855776824499
0.418375481534348 2.47758501192419
0.419163810205719 2.46618891192531
0.425563695617404 2.40565313445134
0.426275969538909 2.40351712011614
0.420583955804458 2.45202292348824
0.422569323384847 2.43479716599285
0.425019129341602 2.40979906692664
0.41929989218817 2.46543583614262
0.425595870445336 2.41114213952564
0.424286323811121 2.41241140005014
0.421952027352253 2.44297887760275
0.42165872551989 2.44723037131756
0.422329689564576 2.43643075029991
0.420459443787052 2.45607928478144
0.422771283431498 2.43688164310441
0.418827206415253 2.47522810793851
0.424541460043213 2.41733113129427
0.424984060815447 2.41203957122846
0.421049313077581 2.44828575042682
0.424141273086678 2.42294225416458
0.424016390620232 2.42007832619927
0.426154191457251 2.39865281948538
0.421160314646369 2.44977210983914
0.423410228628332 2.43161458501923
0.416584198692351 2.49772433587547
0.42293896779035 2.43627349741253
0.424167170111787 2.42522678209597
0.422283099227253 2.4365401663527
0.418490070038667 2.4796498104341
0.422128976352599 2.43923113274366
0.420199440956862 2.45958983672416
0.417708067060523 2.48377065574367
0.420258498687496 2.4616787967717
0.422623346663643 2.43836866932329
0.42294601024944 2.43027209861792
0.42238894620188 2.44180003697484
0.424994291530477 2.41092453071871
0.420816133489011 2.45489497333827
0.421588713305521 2.44848660429783
0.42008561303564 2.45833367264669
0.423327293422551 2.42790617631786
0.421759894992037 2.44533320501221
0.424602175183003 2.41830864498786
0.424119646568423 2.42282118201328
0.423640206081633 2.42798561048268
0.426449075566316 2.39418738103676
0.421717177826736 2.44252463347889
0.420820204828316 2.44861245090001
0.420598332032175 2.4554096218302
0.421574787185858 2.445537612548
0.420471902794035 2.45428820622207
0.418893785902289 2.4712558861493
0.417143188265548 2.49005463489391
0.424892426561413 2.40967616303491
0.425080604227649 2.4062657504294
0.421937141680329 2.44078155858151
0.425450500934303 2.40776900006074
0.424612451611539 2.4199412195337
0.4193794353858 2.46780642204491
0.419708115871369 2.46608744352507
0.42399505964286 2.41876963749976
0.422260866831218 2.44626152060027
0.42465355030459 2.41579229357006
0.421022661421188 2.4477641129431
0.424067519747755 2.4246336153997
0.422156992896498 2.44267122133917
0.426158714590365 2.40431646961987
0.424215923390055 2.4171924667812
0.42412853569529 2.41798620505548
0.423581177332305 2.42536844674616
0.422372738256819 2.4344718448046
0.422205000544296 2.4387156811092
0.42389301076299 2.42437380042665
0.418823561155435 2.4657092258657
0.419820903482107 2.45931841487995
0.42359716946148 2.43144152824793
0.425717213481546 2.40256442717307
0.420284737603702 2.45761186849352
0.418313102369381 2.47838980389362
0.426103994915081 2.40212621768635
0.424082303271866 2.41814674131082
0.423607548466574 2.42221071178261
0.422081829873426 2.44361120949165
0.419387129545025 2.46343978084446
0.426165729923825 2.40163344763689
0.427204853020499 2.38887145900833
0.421292127206128 2.4460205284294
0.427551541944913 2.38293259234306
0.421805325475147 2.43890582430825
0.421544756682104 2.44629634279718
0.421387756351882 2.44759380372301
0.426669970645354 2.3996894759337
0.422396234243342 2.4369347049893
0.420370954656489 2.457562130082
0.422133228141367 2.43811631943984
0.417378171316547 2.48584409340364
0.420578820527963 2.44933310223384
0.424358606593918 2.41461596392326
0.425358923945597 2.40770211369917
0.418014836464515 2.48036637803703
0.423067271315154 2.4311867421443
0.418708807923448 2.47506551956163
0.422759193106557 2.4340463704995
0.423618185221983 2.42177353175647
0.418585755800629 2.47463426620167
0.421687491108555 2.44550044995108
0.424199383173107 2.42021265300661
0.425774987653311 2.40427298609123
0.422172437769889 2.44391001356216
0.422646842646176 2.43005169433275
0.41881621553342 2.46981749039979
0.420008653566213 2.46324943046102
0.422296039802749 2.44231065044524
0.424717525866892 2.41504722043077
0.425494379008592 2.40360241385051
0.429390503123405 2.37234235370123
0.425312334199862 2.40530295629552
0.422609768767435 2.43865664383264
0.423009465937469 2.4301016023114
0.42127642388029 2.44863148323735
0.422726305342403 2.43461906106029
0.423438812738684 2.4298887948448
0.423948940660968 2.42142040585979
0.419973729904126 2.46137153521249
0.42298152330987 2.43038045649218
0.423659912720613 2.42571070164495
0.421289534052106 2.44840757600394
0.424890887848225 2.4187386918195
0.419934071993039 2.4607889206659
0.419640378170475 2.4643786689263
0.424736622399037 2.41316347335778
0.42269077775466 2.43504414074441
0.423929936601367 2.42257241392546
0.414180802318968 2.51320801676986
0.422763129971582 2.4350605408805
0.423888880317456 2.42049479109016
0.421230881967586 2.44518403343479
0.423976023238488 2.41871657428729
0.420117102228521 2.46465615523373
0.425248368626825 2.41102897308362
0.426348775806301 2.39857113903706
0.420795624163546 2.45082290761958
0.423104031614494 2.42903644744367
0.421949645517219 2.44474485090612
0.424823414697711 2.4147407396245
0.42304778189455 2.42900898312753
0.420743636667571 2.45730237487162
0.420685740128985 2.44948368008519
0.421854534725997 2.44567466407042
0.422439030144169 2.43336361131528
0.418619815849025 2.47336637811572
0.424555222659499 2.41709699013439
0.425112887746736 2.4071474434221
0.41792089139316 2.48130654072772
0.419082318376938 2.47422803630062
0.421233818985736 2.4473016873867
0.423604947501762 2.42550557168722
0.4222419281113 2.44246619633109
0.421936071025209 2.43655942636742
0.419480870668437 2.47052174645568
0.423191040244079 2.42802553939176
0.416885552046157 2.48901478509899
0.420450217894578 2.45346611837318
0.428657929354731 2.37965860218563
0.42140779108976 2.44976666317619
0.425710663687613 2.40323101009909
0.424072845464776 2.42172259182583
0.427958877491425 2.3840105069211
0.419254478362001 2.46874296070792
0.421072015591101 2.44470654895398
0.428419182854835 2.38052820343485
0.419180185036796 2.46878873434343
0.423171098342944 2.43302942492785
0.42455094545015 2.40914965283325
0.42385504022763 2.42291579459172
0.422644953088292 2.43350502750806
0.421271877310898 2.44728909414592
0.426242370073168 2.39741904378742
0.423485735909346 2.42245559128686
0.419499327457849 2.47316582454121
0.41786571815636 2.4780171071334
0.419197735824599 2.46918067409922
0.42083921053408 2.45185403119019
0.419971999448041 2.45718705327594
0.427269171220148 2.39001486779838
0.424302209366333 2.41975179963231
0.426025104367455 2.39382893530825
0.426149339754182 2.39881745335666
0.424149882101736 2.41671336119611
0.421377111110862 2.44751887516528
0.424068094161732 2.42549450758761
0.422636594991632 2.43640289158036
0.420054371442757 2.46664441856225
0.418101448263235 2.47346512058701
0.425472954071755 2.40277346082145
0.423928406640378 2.41712514835109
0.423757709999697 2.42096514845224
0.427935014439606 2.38373064565614
0.421228713087431 2.4458650738824
0.423702804084575 2.42506049529525
0.424328691660432 2.41303242516828
0.423270578984541 2.42388564395039
0.421659824207767 2.43898765399055
0.420421033492275 2.46187775640457
0.421893715654333 2.44335574905962
0.428763716612253 2.37409913897458
0.424506581602867 2.41859019769135
0.420360318225232 2.46022292491543
0.42790127201833 2.38197124795536
0.420858188115778 2.44975182210541
0.424223892312429 2.41717213629003
0.425294920381251 2.40689481911974
0.426562379154905 2.39065952344969
0.427085634369826 2.39129173031865
0.423364310134698 2.42870204902601
0.425368479901817 2.40699545761113
0.426230430536781 2.39729283474149
0.423256540221234 2.42450056364323
0.42062816196386 2.45412953696559
0.421029679811352 2.44906029179724
0.421773530105778 2.43998755303003
0.421495693558003 2.44816814633485
0.419154358571837 2.46914628775147
0.421407654705875 2.44483875508672
0.424966312036339 2.41365085533314
0.423490516839034 2.42878428240987
0.420962302920479 2.44758087542437
0.422261137038105 2.43458881254971
0.422338437058929 2.44055273122237
0.421855562675966 2.44360352543274
0.424147030216422 2.42372204945295
0.419200986325855 2.46388085007624
0.421504393650707 2.44080430397469
0.421149195181556 2.45020844313288
0.418225886244407 2.47152588384618
0.422350957604107 2.44027998087422
0.421620742234357 2.44590462760617
0.424025713099709 2.42064344970273
0.420892768435942 2.44962383468615
0.424467760354703 2.41745527757417
0.422924273756681 2.43388694650793
0.426646521425643 2.39226886799455
0.423505229819912 2.42546876740783
0.419724100951636 2.46148835555043
0.426961432701812 2.39680219298331
0.423347570630261 2.42588299033679
0.424641012928328 2.4170475505815
0.42754734447948 2.38785733314488
0.422700612071494 2.42919832678891
0.425357358721766 2.40335250762264
0.423334817835258 2.42532811983669
0.419610992031466 2.46342639264236
0.421332999620688 2.44987410810008
0.422351784855148 2.43388065035809
0.425168587869975 2.41021475661692
0.423421642990166 2.42539516709938
0.424471505212061 2.42034669987924
0.422670843254453 2.43310408997961
0.422740180147951 2.43020280636527
0.422085088616676 2.44105883009138
0.420452328325942 2.45157643394134
0.420500600576316 2.45549101135572
0.425770139427523 2.40533294311795
0.41879225041195 2.46681943068988
0.420942109124051 2.44963784159644
0.422181334570957 2.43953523033541
0.424494740351006 2.41884625414054
0.422312257941477 2.43782948658198
0.423037340543623 2.42612623232097
0.420624361965518 2.45726831641942
0.420581041370356 2.45258290373287
0.422621938448478 2.43543879618666
0.421307293567623 2.44803914422027
0.420339337791925 2.45841850569913
0.425233720241979 2.41022365748404
0.424583953155365 2.41922313319608
0.421637432375668 2.44860787558292
0.422214906045295 2.43846962166833
0.424173576382165 2.41937739693379
0.421150822424333 2.45180732619891
0.425531301571782 2.40489335970002
0.422797381368109 2.43254604429686
0.423774042039361 2.42321916565769
0.417800034097718 2.48170640889303
0.423679069436521 2.42792830518338
0.423438220095365 2.43007974109671
0.421873052612039 2.44448585303604
0.421423651142937 2.44851944657916
0.420784229736934 2.44801431117941
0.423405749856404 2.42804610883382
0.42746145810927 2.3838464331743
0.421832191176131 2.44064238043215
0.427047326863359 2.39386716639344
0.426234854765388 2.39693325303256
0.422043319475843 2.44360383703235
0.419882444474427 2.46296283813411
0.423254963668395 2.43083129189922
0.428929669348375 2.37500547702551
0.421952944739889 2.44197552178182
0.419507564998334 2.46397682730802
0.425097980054483 2.41418985270602
0.41970365414671 2.46309062880572
0.424984735516888 2.40943013672849
0.424735177114598 2.41096719091254
0.419628893661292 2.46492918529694
0.42085763571814 2.44351395882824
0.426283177193598 2.3969148805581
0.422165541085595 2.44682839291718
0.421851949075728 2.43733228306917
0.422206613930908 2.4361375780641
0.424496505131888 2.41600101590137
0.424587788683327 2.41645078832691
0.422110261916423 2.4377509006209
0.425980814689669 2.40624350385555
0.424383742627888 2.41275655551732
0.421901108064553 2.44606930281749
0.422980549585277 2.43002732929001
0.421437930602993 2.44428806820447
0.422917292814134 2.43352723339226
0.42300035925968 2.4351944884761
0.424248555130289 2.41511036968845
0.421390216782532 2.4469898543078
0.422157247507744 2.44145197185162
0.421967404220308 2.44164564506291
0.426067947225622 2.40236066452233
0.42297777694808 2.43040252004231
0.423921295332326 2.42179771196394
0.420640198523996 2.45146317257845
0.425385437698012 2.40683413321144
0.42236084997481 2.43802907734432
0.421436968344127 2.45087668895603
0.429583858393679 2.36729394748347
0.419723885471738 2.46046879049495
0.421038095500204 2.44672283370372
0.421645338492353 2.44764779998811
0.427234112558124 2.38939755230711
0.422908381944516 2.43061669058262
0.423895288873067 2.42199370129191
0.422482369019842 2.43449876899701
0.424378075495193 2.41964005374526
0.42508994467199 2.40919902723539
0.421155932562857 2.4479834736062
0.419931378707674 2.46186426017634
0.421706891909609 2.43812999484309
0.42107386514279 2.44844566120564
0.41961568468953 2.46177843256777
0.42041146332302 2.45804305862213
0.417308894671808 2.47907187021012
0.427057648193746 2.39458376545948
0.425067974166792 2.40282333930643
0.423627233811717 2.42516230324789
0.420417762520676 2.45499234956781
0.421563812776889 2.44732061673544
0.424571867042597 2.41547553325285
0.424667710051412 2.41578225158317
0.422456739855825 2.43477849617949
0.419919520151751 2.45556494854864
0.425067689347749 2.41452928184526
0.427681388095146 2.38569038018907
0.420540761613382 2.45243560613233
0.423110652860081 2.42823157353267
0.416126352728482 2.49240868132386
0.42261599317129 2.43720248614305
0.425042117233442 2.41235634604558
0.422267980221709 2.43841705256553
0.422924809637356 2.43349843021083
0.424065063985441 2.42633126792967
0.423198833473468 2.43339226144531
0.424206759489886 2.41622372033163
0.423363730698428 2.42914267051348
0.426886116503163 2.39142036589246
0.422396840257484 2.43992096285766
0.422768097725565 2.43271704736553
0.418353742264665 2.47507157736262
0.423669948376331 2.42154517485163
0.423429639872507 2.42416622271488
0.423743559528186 2.42404880267877
0.428735859163339 2.37380580591638
0.417641538066415 2.48352038623722
0.419714394548051 2.46073342276624
0.420515235711174 2.45471202278403
0.422619282498932 2.43180294547077
0.424998053635866 2.41479158190696
0.420413442337492 2.45513489733957
0.423515863203508 2.43179314111208
0.422467090811525 2.43814117644384
0.421810776895988 2.43848067948873
0.41945024279026 2.46781661323165
0.421777928208675 2.44705086798018
0.420162539562798 2.45676322215306
0.418702777334319 2.46660339619379
0.417360172691919 2.4882310385286
0.423435558979086 2.42312013055525
0.423677625464205 2.4269871836987
0.421461442590039 2.4476608503476
0.424495628598743 2.41382487610607
0.420143261167272 2.4582531899829
0.421954332447117 2.44346294505613
0.425152296705431 2.41152633356736
0.423319500659403 2.42531321436702
0.417877585793696 2.48392032536222
0.423438836634382 2.42433985041272
0.424055982960623 2.42047381507664
0.423056657481194 2.43133070481722
0.420705580857846 2.452697564871
0.42437442169105 2.41770832224316
0.425127010442549 2.41041380809453
0.425996881745859 2.40202873924547
0.424236374470425 2.4178928181675
0.422472903533807 2.43588034986761
0.426432019969715 2.40071642915212
0.41984598239034 2.46196242078018
0.421907293566357 2.43661187942596
0.4168025459329 2.48703716511315
0.423035964399367 2.42880173826496
0.425113765216976 2.41149855286457
0.420040668644671 2.45996079283664
0.42364271308539 2.42513077860262
0.4210407091388 2.44854726975727
0.42374127529561 2.42880130423395
0.425713158945616 2.40828171364694
0.421322905196678 2.45053608861907
0.423602542615773 2.42107952241072
0.419448385026766 2.46317645276961
0.422798552002796 2.43142518139584
0.423245309675806 2.42797667235619
0.419717807922145 2.45902912408494
0.418918275830438 2.47250049729674
0.419133140307116 2.46505486279868
0.426043706918557 2.39733191848046
0.423528530827011 2.42828371686879
0.423878907275037 2.4208323359993
0.419522959713972 2.46674222201792
0.425283811239143 2.40988742529394
0.422027148163935 2.44641228871107
0.41985460422641 2.46067912921196
0.418086403062686 2.47257585921141
0.423835853313951 2.42504563239802
0.423862231696818 2.42192516299719
0.421466998744391 2.45152967473383
0.42399348091607 2.41997437848355
0.425235003225261 2.41022393682158
0.429603025725442 2.36759425786559
0.421322926180556 2.4455892053532
0.42738505005425 2.38702243112109
0.42192085579814 2.44580781126266
0.423587098695201 2.42915674515473
0.421722132629894 2.44206085602676
0.421108852624024 2.45284792051443
0.42074862721228 2.45559252023663
0.423505020191288 2.42929343903604
0.418443420236453 2.47010426006871
0.421466585623658 2.44378965798209
0.420688599083882 2.45495973913052
0.425857935872913 2.40419415721387
0.425132284473367 2.41082230652049
0.424776858484115 2.41568074080137
0.421329664650724 2.45060439761805
0.420335609034646 2.45926224995546
0.419848436019848 2.46476627694173
0.419240586091535 2.46578054775912
0.41634382567879 2.49614257684362
0.422824430253359 2.43057419155131
0.422996208949931 2.43181476395814
0.421518629906288 2.44345490659375
0.422884798429514 2.43049703987455
0.418348922444114 2.47509317568866
0.42637200540245 2.39601840164842
0.424820545952525 2.41414093382053
0.424252264939439 2.41643506085409
0.421408375256378 2.45033759447219
0.421988574325191 2.43624262152686
0.422799790111785 2.43216420431595
0.428645939156494 2.37320974674776
0.425827020294939 2.40660873121225
0.422065950778965 2.44055071217061
0.42139961674024 2.44735523344099
0.42407690436678 2.41741233491188
0.427521782808312 2.38966527167034
0.423206150116083 2.42653074259244
0.419028893903761 2.46789504449505
0.422147148857328 2.44128297964698
0.420391509563942 2.45111847749695
0.419117472168175 2.4675450342061
0.424439171124024 2.41633649095491
0.422290188198604 2.43526405252062
0.420034176329522 2.46101268234993
0.422424092278547 2.43850721515976
0.420502083956176 2.45330429003279
0.425258145341885 2.40807111896003
0.422860304530682 2.43111750381261
0.422097332569965 2.43802857390141
0.420267269241335 2.46145223206595
0.421288553019561 2.45296811634808
0.419750655280473 2.46106822833768
0.424219572131325 2.42211077471807
0.419636873968683 2.46428490006793
0.419084766259799 2.46886156451182
0.423488237450514 2.42316867255004
0.424150237705309 2.41733200782334
0.422308877493335 2.43636753568735
0.420591351560569 2.45727356327887
0.423909980517919 2.42151996825065
0.42357329700413 2.42071681117661
0.420587201822758 2.45446576645426
0.424554872939216 2.4145251875913
0.422401210328145 2.43936548989482
0.421248560359291 2.44724398140204
0.425495850840487 2.40653430905109
0.418725961566492 2.47195856104877
0.421159709191939 2.45023577265524
0.423936315527587 2.42000350395297
0.423505018039095 2.42593108413693
0.426456634366158 2.3959193648408
0.422237352379984 2.4357549704136
0.424783588712963 2.41182611083942
0.422403033239643 2.43999061014152
0.423436823504763 2.42726469959639
0.421842851005193 2.44284659939999
0.421082443525736 2.44780921327379
0.423962054089064 2.42485754761982
0.417972657547858 2.47481912931575
0.420646330281357 2.45090215337891
0.415702111968248 2.50121916446916
0.418352676759556 2.47455148031137
0.425991170814522 2.40377028902543
0.420195395501069 2.4625014317081
0.418304266663986 2.48058675670325
0.425099332483788 2.41528865796343
0.426586444472382 2.40124677124188
0.421355524690082 2.44674225832739
0.419682002663196 2.46565711505134
0.422181165147242 2.4399605240162
0.421855541975685 2.43768275375922
0.421040796301717 2.45057678081269
0.423272526148315 2.43449854855664
0.423723312684279 2.42501865126448
0.420761566290218 2.45627031357488
0.418488348816579 2.4742648388453
0.425431269991938 2.41173292956464
0.421030727592147 2.45374720384986
0.420019097608853 2.46109278370428
0.421211594182152 2.45032064975818
0.422965363015239 2.43116497779728
0.424982454796403 2.41128240327672
0.425321768941565 2.41406325485426
0.422781509102568 2.43505789257459
0.423122186982892 2.42770088367839
0.419456394642344 2.46702341673702
0.419464386828165 2.46697875744855
0.425002277526775 2.41343674329915
0.421396595254504 2.44645299147334
0.421953188410157 2.43532443875827
0.427284273153789 2.38503414872014
0.424092908393689 2.42342870355826
0.422899583451938 2.43406737659251
0.420991650847519 2.4490668117584
0.420217401594203 2.45928257329875
0.420837524150047 2.45096293263139
0.417368073716177 2.48748780537119
0.425246555082694 2.41101149422807
0.418109425055433 2.48104028424677
0.422823376929022 2.43811604129384
0.420040554273153 2.461233617055
0.420840985242566 2.44821078671006
0.424401324197682 2.41764713439533
0.425327127761942 2.40429037082416
0.417671102972801 2.48082097573877
0.422243459192909 2.43918302400184
0.424681302767915 2.4173038790807
0.425692570071947 2.40951931477766
0.427608585997945 2.38957209086292
0.419841707495421 2.46041524310802
0.425020430554635 2.41001547422447
0.425682692994789 2.40603124239126
0.420793691202272 2.45946549861586
0.424955205275702 2.41561722576635
0.422693102492799 2.43144061693376
0.422161147153624 2.44433269444258
0.42380960814824 2.41984753343318
0.42091966935645 2.44573461598755
0.428048168375067 2.38262539597275
0.425598057523927 2.40351785440131
0.421547250945867 2.44762818184124
0.421948214284557 2.43783732236999
0.422399220832869 2.43518150485624
0.422996548553729 2.43344779411293
0.420017840935147 2.46519546618459
0.42144024166318 2.4432045568674
0.420866401594714 2.46066466688056
0.4183981764448 2.47723441430015
0.420640658780454 2.45072307769976
0.420366985642434 2.45334882201864
0.426153964357885 2.39993258193027
0.417351538078252 2.48258427363619
0.425012237047525 2.40948923140195
0.424272863729038 2.42193036637221
0.423250426067408 2.43073827895538
0.421857937488917 2.44326604125163
0.421247199889547 2.44838407616805
0.420765398813113 2.45218806419895
0.425048460450989 2.40757428543012
0.423711520136457 2.42417306095713
0.427972071641089 2.38594978261176
0.418861880336402 2.46767178877549
0.425142157402263 2.41011380384582
0.423602749146549 2.42759078699551
0.422023668274623 2.43857511820042
0.422132171638645 2.44258046759284
0.420743543431842 2.45796795764144
0.421434113814588 2.44950377927157
0.423812060767557 2.42255875891088
0.425692363860683 2.40683953893445
0.421174820041057 2.44238476957747
0.423332664355393 2.42617901386999
0.422878269673574 2.42978915880302
0.415990539498729 2.4960440351517
0.420907908570054 2.45282354669394
0.41748339206858 2.48116384371705
0.420587659043067 2.45259416531311
0.423238432504989 2.42912285746152
0.4200944250701 2.46136967221803
0.421976259385422 2.43616062566462
0.420002051697512 2.45642836979323
0.417924322463693 2.48005598373678
0.422881386275002 2.42871043590068
0.421639180101584 2.44222100608424
0.421066208193527 2.44862143806477
0.420774442947832 2.45140508556725
0.425653029162108 2.40590287952813
0.421004032366557 2.45143196402042
0.420995970119773 2.45133994011442
0.419569295996745 2.46170971695737
0.422468952600504 2.43489811643059
0.42304587286684 2.43096059112456
0.416654004125607 2.49230522315901
0.424844035656732 2.41091959285435
0.42088316370205 2.45401995912101
0.423575660349279 2.42644359174278
0.421624061516159 2.44120536597326
0.421569818806253 2.44048916156023
0.42474173649446 2.41110050277444
0.418337614636885 2.47814813164474
0.423458439339212 2.42326515787971
0.422690190653243 2.43674222618095
0.422896072796258 2.4321116542864
0.419390095922915 2.46446316555779
0.421359456684613 2.44817247647472
0.42188880636884 2.43523524296941
0.421577393292077 2.44294708986145
0.423968629056362 2.42040146449001
0.424135641520815 2.42345150508941
0.421305023335796 2.45136219901901
0.424770811114222 2.41426504792376
0.42597267510598 2.40397783319474
0.427793419663273 2.37847653560179
0.424741901074625 2.41652085115383
0.422373494617591 2.43930501066094
0.421892535298028 2.44172460657248
0.419415901718702 2.45947071397845
0.421770907091341 2.44192571768494
0.419464188645915 2.46389674022518
0.422335430377322 2.43763513790063
0.424727342532353 2.4148009436049
0.417035788355414 2.49177084059191
0.423943628793288 2.42822147434869
0.423264546784243 2.42876483330701
0.419909688930485 2.45985780543763
0.420816002658401 2.45251126851249
0.423125521705474 2.42754221160876
0.423556536462544 2.4241697711944
0.421077473188881 2.44898688820982
0.422873249970961 2.43108425006664
0.422805395211621 2.4286429959229
0.423635705644188 2.42897181563735
0.423623871255845 2.42743490198601
0.424175145874727 2.41805139291091
0.421710399819359 2.44402407628811
0.418809610126146 2.46954216102549
0.42212142591535 2.43852327215942
0.421717005052706 2.4447032654816
0.423574498068744 2.42804394555664
0.427497688598524 2.388944440788
0.422685325168637 2.43410595168956
0.423633106959614 2.42125963116188
0.420640055367812 2.45906796606406
0.417935485578921 2.47748244527759
0.424835792592995 2.40682721407447
0.425064829421985 2.41052930757079
0.424994413592949 2.41072533620137
0.428317137855692 2.37602001243043
0.427667402182357 2.38652537246679
0.421165901339306 2.45033737748503
0.421360134850714 2.44346153153385
0.420308548745522 2.4556606691511
0.420576107723324 2.46038320488116
0.423980361952997 2.42169078029322
0.426662796543312 2.39424551918321
0.420529688611902 2.45719920920575
0.425567546569372 2.40265945555517
0.421760935703423 2.44346170645536
0.421471723587949 2.4407164846245
0.426343429471606 2.39417857463416
0.425926041954049 2.40405904023838
0.423306458017614 2.42847028543859
0.41931849672334 2.46808753173278
0.423783245269138 2.42220336755179
0.421169828319813 2.4504743913648
0.421673315521325 2.4484353588042
0.424377606424024 2.41931783798459
0.422395704467999 2.44110290434994
0.424555988828415 2.41450018687397
0.419483659166063 2.46860141913554
0.426299257731979 2.39998153469045
0.420066590530231 2.45331125724669
0.429277947760353 2.37142214996563
0.424716196609826 2.41332692461392
0.420346469745097 2.46031759418695
0.423526357097242 2.42137370592204
0.423287395548659 2.42341692211778
0.419449212390109 2.4668594630718
0.426085185459444 2.39900673841043
0.416822990683034 2.48895328531598
0.421330799820563 2.44333641377347
0.4218787391914 2.44294255142779
0.423346379517468 2.42662350354063
0.423111222033216 2.43126926028345
0.423368632066298 2.42748273942474
0.42058531875383 2.45514408697261
0.419836539657325 2.46505133033238
0.418797931882899 2.46521155524489
0.417506150772307 2.48254516939424
0.421172771556953 2.44827663365043
0.418482055528111 2.47771981634061
0.423613920760513 2.42588115652818
0.423915541630412 2.42150069918374
0.418876189124641 2.47213379856511
0.422029411736392 2.44130787885527
0.423195729556607 2.43105444454708
0.426065856373088 2.4021322277198
0.419083088476701 2.46944394937604
0.422306557316002 2.43736567685007
0.424697594360035 2.42131962135654
0.420228387738619 2.45951826644449
0.420653645660687 2.45105221902403
0.419245441620692 2.46690093441415
0.425496997208681 2.40445175049353
0.41865273392537 2.47549822713244
0.425651969118821 2.40233990266454
0.423491841066832 2.43083244736917
0.423110327443445 2.42714955697357
0.417368055140915 2.48283207327148
0.422805069598826 2.43464028199441
0.419382106745593 2.46840462272501
0.423721822991208 2.42961617613195
0.422742973469929 2.4358396187822
0.423338555021091 2.42844606263873
0.424840346260491 2.41119415843806
0.425391774593902 2.40491374380285
0.42280215207929 2.42810622913349
0.424039342746041 2.41944408697156
0.423507672706938 2.42448093147408
0.420123099867316 2.45622322788788
0.420355732629461 2.45491975246031
0.426187998474752 2.40060872416225
0.424650869763678 2.41429376604163
0.423240309609188 2.42444478244999
0.424184739787003 2.4228555705366
0.42346666477919 2.42490783682292
0.424560307075948 2.4173805417211
0.424594469048108 2.41479782572119
0.420771579663761 2.45197596151173
0.42459244412883 2.41665203283152
0.424052065508943 2.42393964295222
0.425344804119666 2.41031494035157
0.423797716041444 2.4244945117486
0.427849716326111 2.3807030014599
0.422859243331733 2.43530511412719
0.42257385480451 2.43850835588635
0.422092354487921 2.44303369002166
0.424441706234599 2.41776383443618
0.420362398217102 2.45641857628056
0.422014746135252 2.43952693595437
0.422026853269287 2.44224306942104
0.419618325555029 2.4610012631885
0.423472427548692 2.42702045162951
0.423332649207827 2.42707801486761
0.422502349818796 2.43964289395083
0.420653014419197 2.45349896489654
0.426335483594883 2.40048364288274
0.423377032816141 2.42854534907876
0.424341738902928 2.4181199583895
0.42464527366846 2.41695596428201
0.421962344630051 2.43527120385826
0.420110700844554 2.45777688209637
0.421352651997661 2.44647416297069
0.425766728224136 2.40583539153515
0.423838412671735 2.41815116285895
0.420886207337096 2.45013944146668
0.4200123680827 2.45858643252448
0.421034596656676 2.45032723289308
0.425629259854873 2.40509333342602
0.41958235697375 2.46714033287315
0.425855559406893 2.40271642147686
0.420089296072407 2.45896275056458
0.419547074981558 2.46826497885747
0.428777156950435 2.37198417710806
0.419264279625524 2.4699786359617
0.423583585488523 2.42655612421997
0.421998467189041 2.43799483089684
0.424751399326834 2.41210002620527
0.419347105035781 2.46866056144088
0.421724142399366 2.44200434907131
0.420373445448862 2.4577941923871
0.425138892531062 2.41486122737255
0.420206813929056 2.46225950669804
0.419493425544043 2.46642716800707
0.424211259233411 2.41919100569393
0.423706601955218 2.41930588876384
0.422859851543701 2.43022149602399
0.422067886338171 2.44297550463291
0.420257283574545 2.45680133381721
0.420433244494461 2.45668730782655
0.423226891131099 2.43009464443931
0.420515659762383 2.45639067165275
0.417389479036471 2.49039465569667
0.424179953846767 2.418519970669
0.424482477525488 2.41573448899122
0.421785277494936 2.44487974424679
0.423743341329482 2.43046094375491
0.421870577541332 2.44083399840243
0.420046633599394 2.46044591280062
0.424465884047584 2.41657232282616
0.427608152318508 2.38703273926794
0.423614048101339 2.42761419324032
0.425161703875498 2.41154943454571
0.425096887554845 2.40949790324286
0.422230310154277 2.43622680047117
0.424301986829964 2.41683285915222
0.42318071482772 2.43167351900815
0.424442236251137 2.41480031233686
0.41877410090735 2.47217450868875
0.418665979892345 2.4779490041614
0.420717103702064 2.45320023564791
0.426513218711361 2.39487618359269
0.42288122015789 2.43440835671886
0.419095813917108 2.47041050412409
0.419030738461341 2.46762029404858
0.426520218164774 2.39638196339312
0.418152283726912 2.47582491879485
0.417200825508347 2.48693814671515
0.422205410397226 2.43765794923977
0.422683726897573 2.43338874074574
0.421413728721365 2.44725819560541
0.426891851956512 2.39055392513021
0.421601640568531 2.44697957024485
0.417276941280073 2.48692106802418
0.423525833041045 2.421708183457
0.420874079202122 2.44748800973378
0.422222181253407 2.43362631810669
0.422368976996468 2.43644242619784
0.42218757539546 2.44086442013742
0.423504819151614 2.42561873791478
0.417310983168951 2.48354352768236
0.42087865391396 2.45319037301635
0.42130330316052 2.45074168250034
0.426243859250944 2.39949596380259
0.423026285033056 2.43187515514141
0.424469078080093 2.4219147265661
0.420853740721732 2.45534515218279
0.420267446842724 2.4616080663544
0.422673394521971 2.43348730147492
0.42296739493585 2.43001181063354
0.417754151570429 2.48290939901977
0.421860468025188 2.4458447039982
0.421237625649636 2.44785942798785
0.422632173678813 2.43089972898389
0.419823979083752 2.46299242366402
0.430226452247357 2.3653777498222
0.420154379372937 2.45850028879889
0.428053681356512 2.37796507165799
0.421919871484071 2.44083196818694
0.421581657293234 2.44716513541153
0.417662359838065 2.48463815828114
0.421224566712967 2.45232788874328
0.4209551395423 2.44463660272758
0.423885659969336 2.41936753941892
0.41958504308977 2.46556800552649
0.427220790821271 2.38651233535576
0.421314756568763 2.45076610500878
0.421553250715746 2.44243590590293
0.425297641728415 2.41103343634146
0.424999071582647 2.41527372976197
0.421454841840054 2.44635783006136
0.419179067323734 2.46828606690786
0.41864722511645 2.46701667294724
0.423497285581015 2.430906826996
0.419004896322006 2.47628480990469
0.419980691214087 2.46339108050825
0.422934516949999 2.42937760035204
0.425707308893143 2.40372825539391
0.413986143496199 2.51366930112498
0.42050801108431 2.45451250664664
0.423940173401348 2.42391350769594
0.42104003535283 2.4449928767111
0.41987043732233 2.46310635434658
0.420191980282421 2.4573940995943
0.418598695960568 2.47537295786114
0.421672875365537 2.44628875852692
0.422512254143456 2.43856236318394
0.428920042634492 2.37004623007649
0.420270953956793 2.45553620610083
0.419942626620507 2.45871521730277
0.423133844917538 2.42917974934554
0.422401256011717 2.43845626943937
0.427039374545012 2.38913401909731
0.421485280547822 2.44686091110189
0.420869374937403 2.45019931735973
0.424308348108051 2.42091233206753
0.419611821020269 2.46707781867823
0.421062240559695 2.44606076665715
0.422988930401758 2.43233461344121
0.423502391131183 2.4282697189353
0.421230799242606 2.44836695048108
0.424564601841144 2.41277092777
0.423884410706509 2.42102886342672
0.417873190483664 2.47957694156992
0.425181420629672 2.4120251334808
0.425118492188634 2.41163139768165
0.42219451105579 2.43490496851573
0.422889093848028 2.42771533230987
0.423987714178928 2.42480536719273
0.42234711466111 2.43919431232639
0.417884064434722 2.48002854520197
0.424152023846825 2.41912786201552
0.421694934785388 2.44453689743311
0.424353929083582 2.41687292412384
0.420496461048398 2.44995558739276
0.417505305973588 2.48026612754725
0.426892926644881 2.39345842150276
0.420133213604788 2.45988661284242
0.421660415495442 2.44054413062337
0.418865748756204 2.47020875863767
0.420064625597989 2.45593885447825
0.430688913999649 2.3565595926057
0.423116071481925 2.42960523173842
0.421331070639924 2.44722535566699
0.420753999254876 2.45512967083083
0.423373977626352 2.42913606947689
0.42404479259205 2.42441920537492
0.421329190650225 2.44909448773709
0.419832413279294 2.45690273332447
0.427573016423843 2.38107474732027
0.42198672974896 2.43727053154823
0.423275421424261 2.42788644987248
0.424711450701462 2.41275907974927
0.417172663293833 2.48540210762862
0.418465592251581 2.47779113942665
0.423762744249412 2.4290476191693
0.421639422605651 2.44607155446365
0.421814816668656 2.44576618498108
0.422379127635414 2.44165903755039
0.423545273271592 2.42587074580276
0.419740706833705 2.46283385622356
0.420246529167722 2.45833262086534
0.427564230232922 2.38641364864976
0.421134955169204 2.44983829879219
0.418056151022343 2.47733563103909
0.422545925173507 2.43414642901708
0.42265103657274 2.43481093371926
0.421023908797094 2.45270654013062
0.424638166453206 2.41550907771247
0.426954443251868 2.38839296143289
0.424901325257024 2.41187464604295
0.419147102415946 2.46827023790238
0.417944764548865 2.47797425404117
0.424550596164453 2.4177502543444
0.421010760618982 2.45087875195517
0.426185966401564 2.39808284386411
0.42895789105369 2.3752807802415
0.420580776045103 2.45425534621368
0.424278476491642 2.4109759217538
0.422706873608644 2.43310661670101
0.425586106147116 2.40440962832085
0.425492683028166 2.4116655164576
0.421564410221987 2.4379208493697
0.421331103818425 2.44829946432089
0.422510161232917 2.43269357468424
0.424033744448288 2.41907056271258
0.427855213688777 2.38694356952621
0.419973644426909 2.45924569800648
0.42360652577837 2.4250105822096
0.421673395976621 2.44423485557851
0.41922157307825 2.46531319498694
0.419822923830174 2.46008363416936
0.423823529006545 2.42095274816214
0.423604657654277 2.42072953820272
0.424611451984973 2.4186047340364
0.42160594565278 2.44171859852934
0.424129387503413 2.41676979329758
0.422784732353179 2.43293156967002
