0.506043933596549 2.89830643947634
0.504502671865839 2.91661898413336
0.503928569261206 2.92087839770885
0.502645084840898 2.93956995406112
0.508071218431191 2.87318494562217
0.499726445595559 2.9747366575035
0.50161692443253 2.94812193381546
0.50190260735746 2.94543663401044
0.500017044067462 2.96761128543701
0.503628606483707 2.92635011548104
0.496737101306195 3.0066954555473
0.492567931662884 3.05146130946286
0.497804160864661 2.99516741737691
0.505365800477251 2.90741210179741
0.497593994724512 2.99373021188137
0.506806287160294 2.8891232339685
0.504261663070015 2.92270189073826
0.4979622516529 2.99017926966441
0.502134954104575 2.94662448411623
0.494913515937573 3.02764540974762
0.51078332541972 2.85229967643847
0.505420184780371 2.90385911838489
0.503795010254903 2.92857445572076
0.504226413729809 2.92089740873795
0.506598144350365 2.89540168601981
0.504416482921685 2.91626039142429
0.505318703789826 2.91514069449995
0.499758971435246 2.97049383407816
0.508414978001308 2.87716936849666
0.507631953674593 2.88109948889331
0.502872684749285 2.93663901810583
0.508820594288176 2.86864050500575
0.504834523489808 2.91105978170311
0.50304386787184 2.93503695006542
0.504998740987435 2.91806110030946
0.510450187741873 2.85253910992318
0.501400151692438 2.94910266962984
0.510208063503849 2.85365130674851
0.501740412989247 2.94572690201533
0.495373576781366 3.01788673142208
0.501696407914079 2.94786389330311
0.506418333368648 2.89215207507667
0.50651716984531 2.88984331096401
0.499179961357631 2.97295353735184
0.509281149949374 2.86459650207173
0.499804741053991 2.96521759140917
0.499625762082714 2.97100517895675
0.501658547341541 2.94824416734315
0.511048302140298 2.84054962708941
0.511160362406797 2.84559511421086
0.5069004610413 2.88998371847633
0.505542156983176 2.90741503446524
0.513003218440103 2.82305710366415
0.504806684188244 2.91663784307749
0.50206351462831 2.94855658562955
0.505922252423637 2.90519320726703
0.5050280350911 2.91104694909303
0.506814823481746 2.89451484332925
0.51192575038544 2.84063916596194
0.504010660191618 2.925748590904
0.507060842215732 2.88686004889657
0.500825392193151 2.95592066183741
0.504662574288 2.91653087572582
0.512215160485762 2.83173996690246
0.505923499070721 2.90400318057282
0.499844999859 2.96702391874677
0.500957807153763 2.95922647865541
0.50695556280714 2.89440166698368
0.509057325051748 2.86601537821002
0.500622530140287 2.96048353618177
0.503236918585346 2.93133500059601
0.505200591368751 2.90759722917286
0.498110936415695 2.99087896858994
0.503954852630595 2.92562133099232
0.502635771567966 2.94043488146753
0.501791706476347 2.94950888065158
0.502001875154549 2.94230396264588
0.500413676413439 2.96259108022584
0.500560217301028 2.9644330561401
0.509628264612276 2.86123439377047
0.499437456554155 2.97694186492572
0.505989952937327 2.9071023162105
0.512056122500993 2.83799406836994
0.50398912700669 2.9266165146218
0.499628095251189 2.97763528529578
0.503548436729646 2.92915748773021
0.505981588933447 2.90645889109132
0.499688622572737 2.96646061010491
0.507556843765955 2.88638789012698
0.503822129376364 2.92381581640538
0.500686468473681 2.96281156577058
0.509896226317699 2.85842316123869
0.506129600590262 2.89624407482695
0.504897436668416 2.91199044471902
0.509229692423204 2.86247667065917
0.504796100253555 2.91320797073857
0.503806038222532 2.92613330704206
0.504200157513543 2.92331803932971
0.49561250050801 3.01650638363425
0.503555713065868 2.92361347142373
0.500393594195871 2.96556343851258
0.506629434332263 2.89398790320913
0.502560416982245 2.94182090125868
0.505901059018279 2.89812144136251
0.500146285249442 2.96575511660978
0.502073115947727 2.9446143595709
0.507447268489438 2.88232906925167
0.500114960741888 2.9655405041124
0.497049391077286 2.9998885513778
0.506543606266615 2.89407905896681
0.502250996784751 2.93972206234976
0.502358627838109 2.94279174103298
0.510312227570942 2.85175946332411
0.511905988249689 2.83419262736385
0.50076350846415 2.95784528044916
0.503486798292859 2.92641515079567
0.502800198813019 2.93893591994163
0.506818473921021 2.89271355949229
0.502463975123579 2.93810160374031
0.4991514807998 2.97817024162712
0.504696179477047 2.90968561926128
0.499033304661663 2.97389671887258
0.505434066885105 2.90644622679297
0.501227603841418 2.95124934922141
0.507418770032975 2.88568613453042
0.499979390499997 2.96350241061121
0.494712551044107 3.0254911090431
0.510959732735374 2.84342930192872
0.499960549692061 2.96850886541179
0.499936133071666 2.96738376633528
0.504963980562101 2.91220343838504
0.502755170767546 2.9341060573111
0.506286244540551 2.89789889905356
0.505598317652058 2.90422403685581
0.51064277412977 2.84610110125996
0.513453920650615 2.81989244837645
0.502132238839121 2.94392122020114
0.502489298694405 2.93697018246055
0.50476599055084 2.91259911045786
0.501905479989715 2.94712360084141
0.504646984412948 2.91677989259855
0.504957596665211 2.91319561796334
0.505462723683108 2.90535360311009
0.509895057930254 2.85888882378788
0.512819257533396 2.82072430733095
0.492470755589989 3.04819445064609
0.505961424578352 2.90220607809431
0.505817670144992 2.90341178037705
0.505757776562059 2.90701539009038
0.503488459140011 2.93155912723526
0.504048314115668 2.92087208576813
0.496589434379597 3.00338829607418
0.508726961896662 2.86768153110894
0.503619734961472 2.92903019506212
0.509222807720166 2.8669125258709
0.504979093029673 2.91142029919406
0.50333160820654 2.9317254583451
0.501969999361022 2.94734000313524
0.496951970792044 2.99746107910945
0.505932071705588 2.89960316086681
0.504733805320496 2.9142594082537
0.506973985051825 2.89342460557568
0.508932048872794 2.86984134675894
0.505826005209648 2.90290466067331
0.508298432754011 2.87039530358386
0.501765455684731 2.94658462225694
0.501982357741957 2.93969809211766
0.505437335868139 2.89741875897232
0.504316916971098 2.91877001544364
0.512305543855656 2.82853992728875
0.510913788893573 2.85244388356199
0.505595143089143 2.90454473401688
0.502013214020759 2.94474980741998
0.494930555844455 3.03040341775083
0.500953067911536 2.95311846048978
0.500770453308588 2.96021400288955
0.501246653589059 2.94897160304038
0.494671729053579 3.02754984717148
0.507223180438824 2.88938736507015
0.499886645758087 2.97290258222905
0.514572334247235 2.80712584284777
0.509577521069032 2.85980295727127
0.509433572807235 2.86023032130096
0.504037974606508 2.92174633676326
0.50401617899317 2.92137631368092
0.505768856514727 2.90337031417328
0.50185510381347 2.94386691663507
0.502780679133535 2.93853632164029
0.507496810022039 2.88387589824458
0.501798223679943 2.94364508641826
0.499884864539207 2.96663345765315
0.502324714315002 2.94270165543055
0.504332457195895 2.92485992014071
0.500974395163634 2.95339449502782
0.507919908345156 2.87663055449623
0.505017684375106 2.90289889884547
0.508574148192755 2.87364323477544
0.501971513877712 2.94916294120782
0.500471563263802 2.96078136000895
0.501794326888292 2.95151725495477
0.504012385133596 2.92576692059389
0.506763033455465 2.89365163221309
0.499874900808347 2.97165808962502
0.504025356847635 2.92085647141208
0.507879622053154 2.88375181639777
0.510021450882972 2.8544378344266
0.49706048234132 3.00274167329194
0.506265205471496 2.89904805066884
0.503133086008975 2.93479950863176
0.502777273253269 2.93828964729343
0.504231670747833 2.92130630689644
0.507103393483296 2.89085019880052
0.51241561416671 2.83097137005455
0.502685384848429 2.93645931239256
0.502282854431053 2.94731500813256
0.511994130914319 2.8350214438921
0.49572535841253 3.01455796137777
0.508559902315829 2.86904976295396
0.506706859415322 2.8960104598176
0.504514353828643 2.91738799137489
0.505216331351595 2.90578713512472
0.50432341421506 2.92056846613247
0.508059965140237 2.88002975204262
0.498989387780166 2.97763005964481
0.511241593106855 2.84522362449657
0.508661950138014 2.86646471749272
0.495931820138042 3.00910016395036
0.50646003236084 2.89493717813258
0.510823984377243 2.84904958678905
0.501959010711557 2.94536824523801
0.502728028633976 2.93673594659852
0.502804688971703 2.9393165178232
0.508743401567556 2.87232757241361
0.512183798737732 2.83435500782823
0.504118677433367 2.92172890964283
0.505560015567938 2.9054626965134
0.504125792094539 2.92166014342447
0.503845230769706 2.92230004729683
0.503512093837671 2.93125403573434
0.500243963553804 2.96219538406201
0.509758629351534 2.85986263224999
0.506075670335782 2.8993743902335
0.506452428885229 2.9005448810294
0.502008986786306 2.94192224065521
0.504007473428654 2.92439282124678
0.500355461495094 2.96055214346059
0.503701838671727 2.92722113455591
0.505636219384301 2.90300056338476
0.508953696680753 2.86990843834361
0.504430351652097 2.91696798804716
0.506297333743125 2.89715721704257
0.501126763992917 2.9511751044684
0.503570448081398 2.92859357633353
0.501249739242298 2.95290282767811
0.507645200435735 2.87984456915833
0.511648284386982 2.83326389065318
0.509520908034952 2.86535306818269
0.504987257911854 2.91382113947676
0.511000881154461 2.8432185895136
0.509879340039306 2.85471379797933
0.500927076243167 2.9566180196429
0.499473655213307 2.97321338193183
0.498910438405698 2.97720781582229
0.511935137653454 2.83753287479488
0.500016534365457 2.96965930074102
0.507609545307855 2.8850203535782
0.509162371920683 2.86766424110363
0.509227496833232 2.86592874245987
0.503105359883957 2.93307182234723
0.507385826784729 2.88302291594507
0.504449142355601 2.92242583703962
0.50194824273026 2.94683646051435
0.509728930826998 2.86088718805605
0.50532608770957 2.90816511187228
0.499507597662823 2.97378520168715
0.507819146948827 2.88305643253746
0.498966504742337 2.97559926764018
0.503521233822169 2.92886176260528
0.502056234141316 2.94670994983513
0.505938311746633 2.89965087037884
0.494288455480841 3.02925339866911
0.504246052608447 2.92125833155632
0.505486517439842 2.90285416377935
0.503588053481144 2.92811591991121
0.506845833616504 2.89844368204673
0.511260371010612 2.84356224400925
0.504744420854212 2.91486809558521
0.50421282265857 2.92251152700478
0.504899622005331 2.91603536962515
0.504742174810492 2.91631895988539
0.498971908497677 2.97719996529394
0.497193361455698 2.99678234571586
0.510575332700779 2.85006032518166
0.504865660600238 2.9129482911028
0.505634881792494 2.89977154546843
0.509656482910617 2.85791794476053
0.499562155716701 2.96991632812633
0.499896601942542 2.97277429809017
0.502785558042395 2.93800605024531
0.50216223081059 2.94691977998554
0.508474532128286 2.87463028088352
0.506137337997347 2.90231107422214
0.505755978820211 2.89749231293293
0.496398394336036 3.00980940838264
0.500410586099007 2.96359545484079
0.508130357771221 2.87307177462352
0.506188508091655 2.90467886311485
0.497579393961451 2.99250581899272
0.504366742085374 2.91508642482263
0.503285982451503 2.93213331592513
0.503065001522068 2.93400003160608
0.497766703639909 2.98767112868509
0.502461888233535 2.94097469937189
0.50265357759379 2.93648105394154
0.505625412470094 2.9086490543469
0.503377667129499 2.92989434361642
0.503791947736363 2.9272768563065
0.503363084590727 2.93093299059126
0.503247078628845 2.93599872875771
0.499065855340028 2.97971023693709
0.501433743562236 2.9544115900482
0.5066855896509 2.88588251950578
0.503673333018735 2.92228481673698
0.503192380075202 2.93244893521475
0.501556426414861 2.95131393585889
0.506052056784153 2.90083689975641
0.501253306806544 2.95154596439734
0.507404109101148 2.88708529944612
0.510832609262767 2.84892090685412
0.510005442690796 2.86122529896312
0.504546532615252 2.91756917467144
0.503131722302552 2.92946669928522
0.50319029995974 2.93433475325102
0.501051468587411 2.94905991747487
0.507167316537878 2.8956927062336
0.499277735642757 2.97296346921283
0.503416976841414 2.9277798622533
0.512161612174155 2.83474898574257
0.50222454386868 2.95011137169688
0.501823615325492 2.94608313858607
0.500592181210569 2.95797389717432
0.505864909041632 2.90479752864745
0.506675108543836 2.89251456726553
0.504803966462077 2.9087148352494
0.503367846215259 2.92998377334593
0.506370898885341 2.89834409076407
0.513097507049917 2.82575987783525
0.504374570233157 2.91877637705535
0.497923172724331 2.98716179621033
0.505142577517643 2.91059146441017
0.500965703956702 2.9582335183335
0.496827898827647 3.00457451274189
0.501113148599703 2.95424860311639
0.501991936361402 2.93957169342388
0.505524197541839 2.90583441402631
0.502996337793448 2.92946976745442
0.4986531976626 2.98390264608125
0.501360772671861 2.95303602426123
0.50604413691512 2.90318380116705
0.50409498124076 2.91988493876847
0.499981643961484 2.96630140142724
0.502027680988475 2.9436864419786
0.514978659900084 2.79523655842142
0.502333364288564 2.94147633216849
0.500038712360786 2.97207108873669
0.502859645295626 2.93743671275809
0.50385923332622 2.92353211103588
0.499089719456596 2.97642697528666
0.504129812751878 2.92215331322414
0.507200717599158 2.88477433246773
0.498802409520194 2.97934455447146
0.502065834312311 2.93931907813827
0.499844002581931 2.97188587954904
0.507599491711574 2.88640834321094
0.495124314305331 3.01548775413138
0.499655566887684 2.96940701480564
0.509498167421239 2.85972768473682
0.502301684138932 2.93969682636433
0.497280431984187 2.99637645828548
0.494589927586535 3.02740689303039
0.505204207758944 2.91669499703355
0.511417892733024 2.83859172862541
0.507803766948296 2.88452166626921
0.504862499468353 2.91062098745309
0.508541317245367 2.87340244611827
0.507134852071159 2.88875437010935
0.50888702706287 2.86709302327771
0.499631384261101 2.96975882450477
0.510598609753302 2.84984408123632
0.511893943421913 2.84050551460542
0.505702820449354 2.90392066994547
0.502421925227187 2.93878923573678
0.504580621601522 2.91123709529451
0.507976480158781 2.87963865586913
0.512046318427892 2.83104822983833
0.504764081737393 2.9092639199602
0.501200560146617 2.95659717359975
0.502197520254961 2.94445237269076
0.498269773480066 2.98447430186631
0.506102616404236 2.90043024046138
0.505749392802786 2.90340108434281
0.500533031114854 2.96340326793661
0.503451401120361 2.93148303210055
0.504316277012849 2.91906169308359
0.504556968727141 2.91924383880316
0.502343562937005 2.94544054017242
0.502903060007076 2.93164598172444
0.506085064390823 2.9009549204966
0.511293807801819 2.8445945710347
0.498527990345191 2.98605342664043
0.502657483514799 2.9381028412354
0.500238722929782 2.96537913758549
0.50807977198549 2.882699016118
0.500680498504146 2.95398998356487
0.497013975852071 2.99779038570889
0.506858022655992 2.89325388106239
0.509657044533713 2.85768725807206
0.510494297707579 2.85451845489884
0.50043627032831 2.96050591896696
0.501324766593415 2.956148298771
0.506776605205828 2.89296518829881
0.507071250062881 2.88710341251209
0.505424390215401 2.90795128969886
0.496936920997327 3.00180126860428
0.506679669534906 2.89395842373872
0.496838687743674 3.00049410153877
0.506034159996553 2.89906010518521
0.503760560259647 2.92533102439425
0.507003227358423 2.89671939836908
0.50793684355747 2.87719871927829
0.505027281788073 2.90668740074861
0.509056717377828 2.86349546464799
0.503814395683597 2.92771679244338
0.506269904285961 2.89643533931191
0.503498345240573 2.93259149134783
0.502147199480584 2.9398576642742
0.510515430328521 2.85497687050596
0.505710943587457 2.8997919308976
0.502171216698769 2.94220507941145
0.496630285995643 3.00338562267426
0.504990411515663 2.91115906822119
0.501167125020968 2.95636683071923
0.499343003575238 2.97296357718607
0.508101329022917 2.87409674748201
0.505685968312526 2.90661985011449
0.50352901071756 2.92375581698601
0.506658730945707 2.89557198079267
0.501046177337699 2.95983189627133
0.502503581643609 2.93668386550967
0.505003646257454 2.91279539322727
0.503603884217603 2.9287630444781
0.50056510425039 2.96097617829558
0.507697696141729 2.88456832770167
0.496638304257499 3.00476128939783
0.505640146488737 2.9073650951813
0.497316190765709 2.99420292149074
0.504569936869343 2.91619343753548
0.496504554219379 3.00629222988113
0.505471553594895 2.90779302559448
0.503835347634163 2.92642374287248
0.510154812365503 2.85694014414719
0.503245118391168 2.92761735225099
0.504447094987719 2.91879799187045
0.500126614781695 2.96452650408492
0.495016822403788 3.01766359909106
0.504853464984083 2.91126167692625
0.510824507290591 2.84292030094372
0.509457392002076 2.86627516003934
0.507489672051423 2.89011785712043
0.501541967668242 2.95156115276919
0.503694343222887 2.92721990847387
0.499213767777512 2.97315759880065
0.504543793871016 2.91294949843284
0.494806165529831 3.02754630396055
0.498597031988402 2.97977275841024
0.498273769316875 2.98158468640693
0.495841426042046 3.01211712690557
0.505236643463884 2.907742122247
0.508376064265381 2.87541745789431
0.49667235316526 3.00617327627856
0.511964641550208 2.83452398251308
0.49960872688431 2.97046274583417
0.502381940760852 2.94305238168995
0.502040927556261 2.94611807132558
0.502377496377478 2.94074645024045
0.504101952514346 2.91911197135127
0.509177308643721 2.87009005540026
0.510336005268684 2.85325690625151
0.507302378497995 2.89172086895441
0.501227705132925 2.9531026895508
0.50553399112189 2.91124318841592
0.504969184564431 2.91336392610686
0.494177431972592 3.03167659021937
0.503901160349575 2.92465885551377
0.50502383320771 2.91759055027046
0.505510603318832 2.90462308913209
0.511358536629204 2.84365220517152
0.505608280256168 2.90856314308088
0.500224848881908 2.96932247087839
0.50171283593816 2.9500041916156
0.503009130946386 2.93201840166259
0.500500212199413 2.96194168020986
0.50672069157084 2.89707400675158
0.507445266196593 2.88209630338585
0.509593445116978 2.86020974286137
0.504570812363579 2.91527109767016
0.495843646833975 3.01259723046439
0.501891165564256 2.95197854347027
0.487080227216968 3.1065314679043
0.502273592001836 2.94399733048225
0.50451090209009 2.92035662727906
0.503953494158983 2.9225304371088
0.499308779713885 2.9757322261109
0.511149903066445 2.84669069277842
0.511000569648909 2.84816829256783
0.492632915981474 3.05155866147824
0.507633489609029 2.8829140616998
0.498200038329493 2.98622474217967
0.508420444898342 2.8766679777679
0.501470690681296 2.95043983671635
0.501633082929242 2.9481012184965
0.502551560140892 2.94003097671482
0.498382224358186 2.99043455666182
0.508680754661116 2.87457126673278
0.510036271168122 2.86012292708526
0.497402629281506 3.00228486256249
0.505189933483644 2.90836691245727
0.50673975944878 2.89679353929133
0.509956020860151 2.85622025350151
0.499630973015037 2.97317100089486
0.502683213850487 2.93883505837329
0.513507425189387 2.82063785232118
0.507489852835266 2.88762097715987
0.500687232979616 2.9588876376701
0.506875370594473 2.89562461642318
0.50291446736739 2.93475001348069
0.50952933685088 2.86371650680721
0.503882393676687 2.9278820630295
0.498942175527336 2.97854687016362
0.509732238078366 2.8591649950134
0.511072493087638 2.84622992064266
0.506704393667293 2.8957315284858
0.506384492836273 2.89905294276335
0.507595013488388 2.88608724279541
0.500172674500168 2.96292768214829
0.506961918109333 2.88902460464741
0.50113921035501 2.95149071324447
0.504606178000302 2.91726347953588
0.505704391837548 2.9045732566326
0.505847030250809 2.90105442962011
0.498689295963324 2.9826043698355
0.510840068243926 2.84837376367107
0.499564515392844 2.96996446428719
0.492577907906396 3.04657657820636
0.499933978515596 2.96799113493568
0.505078403193789 2.91168545807366
0.511822651075456 2.84022900708214
0.502618124736347 2.93981659319855
0.502114197017622 2.94696138708809
0.509070652489564 2.86399858913295
0.498378348695541 2.99365810208609
0.50794045344116 2.8799446483131
0.501574112976486 2.94781355483384
0.502760946385423 2.9408934827359
0.495674550264308 3.01945901627452
0.498531168945493 2.98827647215847
0.505671536446311 2.90258126227177
0.506464621462687 2.89359773779687
0.509412067976588 2.8626155503825
0.504747014041433 2.91221117746386
0.509283908595657 2.86393738741352
0.503001266234214 2.93627371353079
0.501868312943577 2.94105041504961
0.51052831194408 2.8475194290787
0.501308093254303 2.95919477514446
0.499954058622888 2.96651333831614
0.506614918169177 2.89397436484713
0.502765147195647 2.93841035430733
0.50144291127712 2.9531293388403
0.497149202728171 2.99756595754761
0.502637911543723 2.93561648644168
0.491625341426286 3.06488580718919
0.503009127379341 2.93143037002091
0.510005460050939 2.85751182902657
0.499756148175024 2.9695121744416
0.500140219870151 2.96466605503467
0.498241900174845 2.98414072647826
0.506297923228132 2.89380501968413
0.506986842046142 2.89074709101294
0.508437186573924 2.87435970839825
0.504801257163317 2.9185223115375
0.505823957114133 2.90265025612805
0.500642365408304 2.96147302768927
0.507482810120072 2.88286009631121
0.498995925127216 2.97892144082899
0.499564116146736 2.96760171475804
0.506769804020476 2.88914056831678
0.502654265178785 2.93792700994487
0.504355138589455 2.9197619071533
0.502938528292228 2.93581440013142
0.511161138554764 2.84498383838386
0.498595745428787 2.9842130382985
0.508904052867067 2.86525643038109
0.504406782219709 2.91905094684556
0.506325549036269 2.89872918146328
0.503052575765836 2.9345646738286
0.501191631126145 2.95490651082419
0.511047739739801 2.84893088709172
0.500773716730887 2.9548855666606
0.495026037097448 3.02142922671333
0.506171878074983 2.90165860206496
0.503147883645303 2.93690650168933
0.496208421895723 3.01102225875207
0.505842125694423 2.89976411321615
0.506684059260685 2.89669685779565
0.51142866713484 2.83710161653876
0.498697705502432 2.98607636879566
0.502996017158795 2.93354615441115
0.506952651595993 2.89078354007558
0.498997012077947 2.9799564619431
0.496701990859778 3.00771268485084
0.500500106390287 2.96199733671125
0.504046147335991 2.92342287949345
0.514619280789861 2.80360600424853
0.498189460710039 2.98912480828361
0.503820664690013 2.92579275247776
0.509525823006742 2.86730283855859
0.499985329972866 2.96778156915728
0.50901452178967 2.86744212254192
0.503651494171294 2.926252469293
0.50695588044993 2.89097337351633
0.499959452476938 2.96888440747739
0.502560786325291 2.93528621141991
0.506496324059145 2.89684014002707
0.505852146517634 2.90062980409791
0.500845143025558 2.95533852355215
0.503191412493208 2.92952912777848
0.502696206283894 2.94300214666907
0.509115787101627 2.86789203707331
0.511774433792049 2.836619517395
0.500119463616069 2.96478833047721
0.506003146047292 2.89982157176268
0.502455246820481 2.94362499766488
0.50664787273329 2.8950283780314
0.504162536763169 2.91981831796307
0.508935615050094 2.87200154586987
0.502747050222405 2.93321256102633
0.504057357656419 2.92580519268968
0.497088285175388 2.99740434410183
0.504717838722867 2.9146582495607
0.513126545026041 2.82239117347783
0.50562807437404 2.90197286291448
0.50470487075952 2.91581716169766
0.500763576795048 2.96395322419045
0.50012192610869 2.96547172101602
0.506539766660004 2.89513050999178
0.503351786655662 2.93424781787372
0.494816877761751 3.02116911060726
0.507208103136734 2.89212631804267
0.500158968429373 2.96497356574124
0.496604641949475 3.00411135129484
0.506361282238376 2.89437820190901
0.506624455810306 2.89754307034258
0.499735581483921 2.97381806300915
0.50184649542073 2.94592244538729
0.501853513139789 2.94832479053795
0.50334831745447 2.93183802490478
0.50044303458365 2.9638881252947
0.502470060505649 2.93519117495278
0.506174315006124 2.90131460955216
0.508632657495325 2.87168694857315
0.50193539111311 2.94977482194411
0.502836631048666 2.92972127169222
0.502799412452263 2.93681984346965
0.494225690793624 3.031356611227
0.512002866833752 2.83303495437997
0.497326496051269 2.99588894197266
0.501514332266374 2.94732401735433
0.511372629196926 2.84826917904591
0.503014119443236 2.93100753293351
0.499968478174172 2.96909423460384
0.504410732362876 2.91830114632235
0.508561019386292 2.86885321623994
0.503008372744974 2.93493968098102
0.513148004552575 2.82240867971356
0.50821626355775 2.86876627743117
0.495209770190247 3.02006364897125
0.503869874133419 2.92168813354798
0.504859049744198 2.91415351190372
0.504301179729631 2.92448267452487
0.502556396154112 2.94100766700186
0.504129089338571 2.92821571873513
0.497025619423603 2.9958573483205
0.500112270445702 2.96271007260625
0.504938723728987 2.90804885995623
0.495125649875656 3.01983684665437
0.508904450697718 2.86928303674997
0.501683293709523 2.9465657407531
0.5077250921067 2.88232789536823
0.503555031451398 2.9233428650221
0.499294561275771 2.97147607168925
0.507373108997671 2.88051568814456
0.509332835467917 2.86886390189186
0.502213780616672 2.94454331704367
0.506150290315089 2.89858860820158
0.502864484770909 2.9380117553809
0.510261123996548 2.85640440283843
0.499315337980481 2.97442737116579
0.493601514474654 3.03727889773793
0.500129764601617 2.9647084721462
0.503722402463378 2.92461352189532
0.503632634090301 2.92202100703824
0.497208908836535 2.99925635256315
0.50324722250842 2.93280850325087
0.506069399381959 2.89918777189013
0.502007659582379 2.94328595604171
0.503366600449902 2.92637214990628
0.505107877238798 2.91065457880898
0.506993584662529 2.88854608542984
0.506371081420726 2.89378165693906
0.508656476625082 2.87342588875013
0.505643784329134 2.90526258149053
0.506663797675695 2.89160523521934
0.508160790411499 2.87844215214145
0.501572128796842 2.95269008443213
0.512994063010692 2.81940893364681
0.501284969114399 2.94997429945467
0.501894410226858 2.9495836369094
0.511184500759909 2.84414253074338
0.509642032457299 2.86383620095912
0.511243804432576 2.83809217591019
0.496630966952949 3.00087259538095
0.507734141363606 2.88242792215774
0.512168953500622 2.82591379975033
0.500812822399347 2.96153219069584
0.50706838515255 2.8902154282966
0.500006259622995 2.96743253008603
0.504609017561366 2.91439415536191
0.508916639833643 2.86892717872663
0.499816506526156 2.97189024704584
0.504474079745021 2.91488190075339
0.50398305792163 2.92277613256782
0.508199993106347 2.87463917309897
0.505334949735868 2.91258778096945
0.5045742675589 2.91508525503922
0.504371212324924 2.92098536547755
0.497292837298275 2.99936280137167
0.498712116000996 2.97766781624509
0.498619325671636 2.97887354475585
0.508185017535825 2.87401402019075
0.500710845737887 2.95917992065291
0.495701878011377 3.0183471306279
0.505874133404077 2.89886033813609
0.508053646617224 2.87818170696793
0.501683818732378 2.94757265880489
0.502241372996905 2.94638887263906
0.497479434268234 2.99498789371878
0.511337190746436 2.83793335835736
0.502236826692768 2.9439323658895
0.501704368546189 2.94467501553023
0.503744042493039 2.92600889154547
0.511853518926894 2.83669174000444
0.508093591936373 2.87229665143111
0.499570328135009 2.97114405224465
0.499960055724923 2.96880328934571
0.509677403669984 2.86204858909042
0.503027635156418 2.93402829754109
0.501359160382383 2.94827806141612
0.499725598330238 2.97383718699105
0.496803098502349 3.00158987049261
0.49654851886831 3.00710905838651
0.510443628308242 2.8516058630806
0.503829832627957 2.92638352831816
0.50678739181136 2.8930365886278
0.500076726288579 2.970526684084
0.506212966896064 2.90240246731914
0.507562050609803 2.88311339626471
0.511043019057248 2.84432320230039
0.496284804204497 3.01199110734531
0.504828344875937 2.91256393219378
0.494298245376571 3.03112458185589
0.499910681938378 2.96866932798692
0.509923507787887 2.85672861994865
0.507640434869776 2.88583560406962
0.505775537318567 2.9064866355844
0.508790990105237 2.87195932483337
0.498133134841959 2.99070260786161
0.48873595824892 3.08930027165507
0.502960934034175 2.93565870902334
0.506224772834154 2.8949223863798
0.503665379656595 2.92514785581605
0.507548173037803 2.88581783167826
0.50447580100688 2.91550712438853
0.501595426102421 2.95320613379561
0.502731886845072 2.93879219482281
0.514099430535696 2.8124434401799
0.510324495002296 2.85437549502732
0.501075830290632 2.95654190698904
0.501228761725894 2.95289167911989
0.504803179717147 2.91774710119511
0.507990958102034 2.87834962725449
0.50379890093199 2.92329206279511
0.50984824094509 2.85483308557966
0.506500343666217 2.89615182158054
0.501624371461479 2.94155419610291
0.503512795420036 2.92669364807084
0.499783450950351 2.9775377002068
0.508214710506802 2.8712932404989
0.492266234160551 3.05173356507077
0.500304740015179 2.9641412930786
0.499315681242583 2.97637884733275
0.504899856927986 2.91114434842934
0.504552769110847 2.92117290527234
0.508398270771213 2.86951377369796
0.500262159400058 2.96904973067706
0.508422906596169 2.87253859954468
0.509332567104059 2.86161162990094
0.508595375314362 2.8734607410283
0.503873458976812 2.9285575831417
0.505100881792259 2.90727683353852
0.504217630402373 2.92083284263831
0.507002309258085 2.89165611207141
0.508025279316874 2.87868979911739
0.506704027492253 2.89422366600326
0.504687884485485 2.91462315382783
0.507744140702657 2.88106906361566
0.49986333137142 2.96686348098353
0.503728094524872 2.92531821722283
0.509849144571189 2.85849273376508
0.505535055535806 2.91040683884388
0.505116357339952 2.91125337796
0.505677672615941 2.90190148675295
0.502231422492373 2.93957689051934
0.501595357349535 2.95320071000855
0.503130311365991 2.93268596499832
0.500404140122411 2.96206111196036
0.499968902410944 2.9678887495007
0.498743482214112 2.98030756255689
0.505356494250373 2.9098836841973
0.507634772048019 2.88122245718853
0.498832142327396 2.97989123802727
0.5022906673618 2.94302576413877
0.497227599741641 2.99349513711391
0.499474680572993 2.97240125678695
0.501099276648978 2.9534005929344
0.501988198813434 2.94721799992502
0.500939501327794 2.95004267765546
0.504430232736284 2.92144463838512
0.505770963782585 2.89571735962523
0.499047268190706 2.97883886018431
0.500882473088559 2.95673786001838
0.499670807166337 2.97366709644772
0.502800364967926 2.93642132490911
0.506932130143792 2.89147622272127
0.505216417488258 2.90809378271349
0.505483525518065 2.90115278657194
0.508300209998913 2.87871703536346
0.502804908708035 2.93696204307901
0.502785739325808 2.93422858061067
0.503224543498244 2.93018606895097
0.503999680971366 2.91758508042264
0.513018952545195 2.8246207403982
0.500322642765379 2.9654386950785
0.506153679347441 2.89928402210646
0.514196634602979 2.81079967849213
0.508968455099274 2.87298700215284
0.50648827059713 2.89947023052404
0.50735925122723 2.88275177408014
0.509820916502853 2.85959070360294
0.506669240412907 2.89179660108049
0.503611773768881 2.93028685557147
0.499033183015546 2.97806117841889
0.50300596351051 2.93289344032428
0.498079427662963 2.98652636808727
0.501389414601886 2.94977325217955
0.507649213778328 2.88267093101174
0.503402034506027 2.92871832286463
0.505948738554004 2.90138672464897
0.498831698399607 2.97858631500013
0.501454000957329 2.95093568578733
0.509232743596258 2.86182323565679
0.505528075070604 2.90922355225821
0.502518136173888 2.93864498822189
0.497711966898755 2.99900229531672
0.514914009197013 2.80304045854927
0.501384445036001 2.94848596070318
0.507672231728069 2.88410231673911
0.505124389450802 2.91449018710421
0.503955815182655 2.9216729541014
0.503256731984603 2.92534024469119
0.510028854446839 2.85769246633225
0.50301667003457 2.93072405277182
0.504754961108243 2.91719188422627
0.511572744677687 2.83990422520687
0.504685420644259 2.91308483409073
0.499044478146781 2.97786962312942
0.509259324481035 2.86643599257682
0.503725061333862 2.92777392035396
0.497786035950839 2.99007181002435
0.508595683123793 2.87438595982133
0.505535799441798 2.90369971721721
0.496289618670573 3.00911087932885
0.50739612844087 2.88600578753763
0.50277902232416 2.93602410926768
0.500548095002021 2.96191921446611
0.50701356909935 2.88968652503087
0.506475130840393 2.89576615724368
0.50263807563115 2.93729780275567
0.504688995748321 2.91517420934102
0.503550939034118 2.93127494290613
0.501981444143951 2.9457933553397
0.509553527989919 2.85617331215359
0.503209454754836 2.92754208605958
0.502969318600885 2.93286543025354
0.511006059184597 2.84600849788732
0.50219522415271 2.94332456722826
0.492414954257814 3.05296393578918
0.49940731214074 2.97289506885254
0.503035680243312 2.93872279683891
0.507427100214158 2.88846830739732
0.50501049841601 2.91480606557332
0.510980144273737 2.84125099615736
0.50163035623647 2.94712259235857
0.495958812852456 3.01150022294722
0.50235822720056 2.9409495148707
0.504385161475563 2.91487334925166
0.50243361832154 2.94217709136554
0.508601617116087 2.86810058637428
0.498751733199354 2.97806851637486
0.505875979791752 2.90446668933596
0.509258972161597 2.8627994530177
0.498948243703059 2.98133988187465
0.503650428703611 2.92816230919816
0.507861341095331 2.88558517516822
0.492494106657922 3.05063850628364
0.497895879822163 2.98519198136743
0.511989490572191 2.8359163590255
0.506932816366503 2.88968700335549
0.507837054574819 2.88552566953386
0.49513048104757 3.02098426495856
0.508725255243926 2.87125647390149
0.503445765857956 2.9304790504279
0.498738297067322 2.98013318249141
0.507674410843453 2.88100220246649
0.507201189026001 2.89135794008229
0.509771494116764 2.86233633553419
0.500693700646919 2.95864995535504
0.49976719704637 2.97377214963335
0.501610072073663 2.95227599769497
0.502838147717303 2.93915550018111
0.5026999642748 2.93235444474323
0.494526496038387 3.02684700413789
0.503997490040411 2.92452119461794
0.50933813271134 2.86454559004668
0.503305802460472 2.93147952498586
0.502896335791203 2.93744883490698
0.512406960003279 2.8322735143971
0.50163833321566 2.95158071186607
0.493003868335883 3.04886524100755
0.504405681079337 2.91667797485669
0.49460695740715 3.02820698752003
0.497303657243514 2.99594223876258
0.499031845448509 2.97937649846745
0.502387327067044 2.93915340415377
0.504582465888334 2.91512014947625
0.503530106489541 2.92698890716739
0.506240251655074 2.89611810118822
0.500798992168749 2.95978398428142
0.502012933873925 2.94308151318742
0.503712825114264 2.92997009221097
0.501221663309902 2.94972741581562
0.508290385904478 2.87440201745418
0.502850299348812 2.93351308256935
0.508069782702784 2.88073607362349
0.503422816032936 2.93005185704706
0.508110154199108 2.87794263536007
0.501701848338514 2.94584521092961
0.499722042357271 2.97371146456336
0.497419610716291 2.99425826550199
0.505713950491485 2.90215701866567
0.510701691948953 2.85006114051747
0.507630361751949 2.87732648357894
0.501715206785033 2.94733117967729
0.501385996995214 2.95174106154877
0.508512469412682 2.87022611475096
0.507710557103884 2.88261234892637
0.509560877003358 2.86276003404251
0.498927704224119 2.97774457075194
0.504032205478742 2.92190415482196
0.497851519189824 2.99049671737687
0.504442623694361 2.91635124898061
0.508441973420652 2.87701697349014
0.509464559889664 2.86704527203919
0.500726813768851 2.95806191666766
0.4997691122812 2.97334001147716
0.504909772958632 2.91326132710582
0.501549630732548 2.95002322506313
0.502395457071639 2.93813619302353
0.496922887622749 2.99986728100419
0.500115680747413 2.96515973014312
0.501986313460262 2.94817249577089
0.492849653964841 3.04720216421343
0.510767263063643 2.84296891370563
0.500426872363987 2.96295065730544
0.502527710208138 2.93832813929755
0.503582090947519 2.93025922527894
0.505195696492617 2.90890021037226
0.504503294658217 2.91740512580963
0.491250675093284 3.06478885983388
0.514774310471733 2.80382197415875
0.506374239904273 2.89472785520189
0.504908555422227 2.91277961699325
0.499462708653713 2.97252748615012
0.498198084119656 2.98534367961797
0.497629638962471 2.99272331194793
0.502688872217865 2.94079892344148
0.507197044464772 2.88784068781728
0.508449707953507 2.873850391978
0.496661384536226 3.00319705695853
0.504010586491436 2.92606964567053
0.503665408354322 2.92172420410503
0.50240141588677 2.93797016967945
0.501758366484187 2.94708728101385
0.494719974252123 3.02499296263519
0.507510727718576 2.88586078378246
0.51310006003767 2.82521980801785
0.503120456547551 2.93650003562547
0.510778525853865 2.8519870649313
0.501189505089393 2.95961996212384
0.499882923987206 2.96878231973232
0.508533875667744 2.87452601130025
0.50425817134406 2.92110026198263
0.51415321531454 2.80534082955624
0.499819090450035 2.97023122604467
0.500698303047786 2.96592238026739
0.504076347277161 2.92327409378643
0.493564914396615 3.04290820468677
0.509267258295192 2.86342298345995
0.506389752363978 2.90075698343249
0.501747149024891 2.95163726773764
0.499927426272837 2.96961833340469
0.502251775204581 2.9444307175493
0.499756597085309 2.97041228696058
0.50011746309428 2.96619216860423
0.500824061110024 2.96410326583239
0.511797035243804 2.83777759596149
0.505452516128866 2.90485743120756
0.510245622620537 2.8545714537007
0.502814153136905 2.93769215056154
0.506893201703615 2.89272528784734
0.505415876361138 2.90700340568871
0.502757133839118 2.931336606782
0.504327973591813 2.91560457793352
0.504805527682361 2.91712628624576
0.505543974322454 2.9079383027489
0.502152688863694 2.94226052801723
0.508853569517409 2.86984561685717
0.501685270821627 2.9479484876741
0.50280810990336 2.93776272474957
0.499144175056191 2.979372446467
0.501943171591232 2.94822196263677
0.510190144814812 2.85909026477244
0.511382501474861 2.84188583721383
0.504239928368484 2.91664858256343
0.500117188492949 2.96693242045887
0.501771672137714 2.94423619387042
0.50063548610941 2.95848587149899
0.497772640012345 2.99345953961492
0.507742458937017 2.88391861511547
0.507230166945189 2.89167595749783
0.514900792479236 2.80472024314875
0.500154513152753 2.96477091162248
0.510158622258132 2.85311057934383
0.497494561486005 2.99704069637486
0.500418329927016 2.96974574871708
0.507116787842584 2.891786781583
0.503232251551933 2.92932775774982
0.506725926714056 2.89756440252969
0.497514735708953 2.99250121714465
0.501810322252573 2.94222457595208
0.498305906843976 2.98771654658937
0.509125011547237 2.86392755716538
0.502790800819093 2.93888859144335
0.508996456133624 2.86395721007763
0.505120398057664 2.90898757378651
0.502100988353645 2.94664241306649
0.506361949428554 2.90147396871785
0.508896133314634 2.86546849181855
0.506017448804455 2.90900415656421
0.506983874050509 2.8909363471255
0.505370477088618 2.90460811991145
0.505680500972017 2.90100858193854
0.505451817473644 2.90672340008219
0.512240535704869 2.82745867617815
0.508653512730568 2.86941229029761
0.50552942730924 2.90922052728339
0.506195109466626 2.90068460912931
0.505794874136234 2.90413400176313
0.502182193478712 2.94366989316776
0.502427039989373 2.93998850944176
0.509275608177053 2.86089017819117
0.505668211860661 2.90470811323225
0.508697730236963 2.87409295306408
0.497777870089109 2.98898443314045
0.499174360540542 2.97703842715142
0.511488897329239 2.84179875305635
0.510454278016145 2.84912287355547
0.507946518743273 2.88190937214254
0.508870846395907 2.87335549597963
0.510045338377411 2.85858026342556
0.509435037133636 2.86187582950757
0.502855125573766 2.93807283621011
0.500402192763493 2.95714792169495
0.50294129878128 2.93355211409775
0.499909260526036 2.96656192745181
0.509179988106085 2.86190657874355
0.504007994917467 2.92436101313156
0.502197320377698 2.9396359482877
0.501606164250221 2.94796469231729
0.508277129205823 2.87580756868032
0.504426039980484 2.92016401826052
0.504027458121669 2.91813698875776
0.496257085958128 3.00594830411606
0.500272991772591 2.96421308110419
0.497187032189036 2.99595251632972
0.504968671169515 2.91025964002881
0.503498159292146 2.92742320972634
0.506405413596415 2.89491646438921
0.504043716866923 2.92341288001069
0.498053996825854 2.99045759095548
0.509992713365609 2.85691725624525
0.506026176796828 2.89770459373435
0.498914552821117 2.97869900622332
0.502083708778839 2.94497765927574
0.499542686496779 2.9721924305187
0.507007980458106 2.8875553397894
0.497630223532569 2.99649754782881
0.498369916938511 2.98700001371813
0.503143827665574 2.92953697709228
0.497329402816617 2.99347524178277
0.510783668918015 2.84454461858825
0.5078407678764 2.8815973097613
0.495933719841129 3.0100947141151
0.506583681970167 2.8967398727613
0.501168778005984 2.95483760231758
0.50606589587243 2.89828808359343
0.503221140294181 2.93289347732502
0.49958530414741 2.9661301408815
0.505370953149169 2.9059793314722
0.503422568069159 2.9285250675431
0.506996003680289 2.89313635321899
0.511171233650193 2.84661922699381
0.498755880763998 2.98224557107605
0.505319434835548 2.91039238644417
0.504290830984402 2.91451487278654
0.506613914163617 2.89635789711246
0.503450645362911 2.93139965264649
0.496919340402186 3.00216467976548
0.500918230090644 2.95124640185831
0.513803661022437 2.81251036048034
0.500137568951501 2.96467472842642
0.508298585752059 2.87517040173607
0.508611546959049 2.87214520103383
0.499495351417388 2.97572683520777
0.50506927552228 2.91732970611768
0.507728808109526 2.88180379286007
0.500843613086168 2.95701398069851
0.508614370810306 2.87163969275052
0.503227433468883 2.92953933981219
0.501647795776185 2.94806279364961
0.503406643780588 2.92900027818654
0.496611563636706 3.00456183327309
0.499330279251791 2.97123273808641
0.498005075940881 2.99423889258043
0.505645729591219 2.90721519814846
0.501646831304503 2.94805122791158
0.507090848500575 2.8889629061835
0.505625363241852 2.90259245653401
0.506060695277828 2.89903276478664
0.504580120732386 2.91777572439316
0.509941908750997 2.85927573202717
0.505885796978009 2.90391629685053
0.505094640499733 2.91095574023145
0.497950404242464 2.98734678073426
0.507297933192075 2.89106126625411
0.499307038679376 2.97263604748578
0.505005242918451 2.90585474203294
0.506899273346966 2.89044764121269
0.503150784648127 2.93188939057876
0.50601750680727 2.89779352191067
0.502700214058741 2.93877367259099
0.496026383608638 3.01353786687503
0.497593644875145 2.9912569113673
0.503507868664844 2.92694879919473
0.504900417453533 2.91851604846412
0.50107985697727 2.95602379066177
0.503170383654657 2.93150710427118
0.510239610722696 2.85531493484393
0.499644036847628 2.96869492263873
0.502374971322163 2.941548648682
0.509812093717318 2.85308680164946
0.50302926782198 2.93000338586122
0.502362630963225 2.94308838968965
0.501015583241624 2.95695578498266
0.504215369960913 2.92181305808284
0.499594031205886 2.97132615009582
0.507848799216372 2.88154406596121
0.503743140153932 2.93023698750497
0.50449328573377 2.91934473006412
0.501534995033708 2.95470282326539
0.502818398954901 2.93505209266085
0.506918638673402 2.89356729883954
0.503100638155702 2.93438997803537
0.502186338498933 2.93721717436309
0.499315665860606 2.97717340360582
0.503480464828947 2.92807488174711
0.502128328360672 2.94721224606868
0.502911689368678 2.9309819928451
0.508089615569616 2.87282557077057
0.501629148074275 2.95061676238266
0.501696247217765 2.94724057328178
0.509180082554806 2.86289329275044
0.507769554243444 2.87716811788935
0.500075531089043 2.96788037456553
0.499978842684213 2.96710491231586
0.511978043735587 2.83519030072017
0.507821665286415 2.88048839657897
0.502823202178649 2.93674644122744
0.511898545014825 2.83780407737584
0.497410128286094 2.99017497156537
0.508636447599584 2.8691615724233
0.507980694892394 2.87812957657594
0.498568037544178 2.98625092613159
0.503616300116691 2.92829320270243
0.505229210270198 2.90888153916172
0.503350904451039 2.93108329407564
0.501836108953049 2.94813173233431
0.500509980421393 2.96400354624491
0.505130827350465 2.91151246890361
0.506129291544948 2.89950535196029
0.499508368707369 2.97288616029472
0.509649995709428 2.86657674781549
0.50738440332781 2.88661326272584
0.508536025137319 2.86962680476413
0.495546880585264 3.0168413987917
0.49823419623499 2.98557419399481
0.504060531554259 2.92436231401476
0.501467541485933 2.94883888695522
0.510327547529057 2.85689276638483
0.501355372843807 2.95002259474002
0.511004093731795 2.84167866696218
0.505949489855862 2.90294824104238
0.509090645514266 2.86803885531841
0.499957971118881 2.97367827889357
0.503411779633555 2.93185113384964
0.504538023462778 2.91773941895003
0.499509474345103 2.97161709680197
0.493375849120566 3.0392377039966
0.495488586883732 3.01362161407156
0.499593383415978 2.97101302021288
0.503928784345124 2.92242754125349
0.499181003594597 2.97421620779588
0.504768553151921 2.91267433843476
0.500600385036457 2.96185718716792
0.504821226865997 2.91341322597215
0.511229514910366 2.83829753272989
0.514697162161992 2.80686929910705
0.505187853506673 2.90836922491459
0.508327725127182 2.87626870349131
0.501419695053637 2.95130364496972
0.504162223108489 2.92055146144328
0.505620828893495 2.90614173629362
0.50310121962006 2.93627560640299
0.510569768777035 2.85182065579994
0.506376135028569 2.89776665427441
0.507833724344887 2.87751707564316
0.501871586291683 2.94971225554376
0.507848831022161 2.88331414828026
0.512019235382279 2.83650407807933
0.500670077409615 2.96112573165326
0.504965693222334 2.91194582579237
0.509673821176892 2.85853104902905
0.506983887749714 2.89147154634504
0.494609808770055 3.02513283725909
0.499437633830554 2.97467533356511
0.505365629588288 2.90717443774008
0.507813342265228 2.88412570648645
0.507370939337313 2.8850460970033
0.511413970207637 2.8422695049567
0.512322904149391 2.8312608134842
0.500002364623609 2.96802849192481
0.501592767349869 2.95201022936402
0.497749277339756 2.98739883900832
0.507884258084458 2.87830502185954
0.501027696906486 2.95572546700843
0.501356678638026 2.95449503770949
0.512512729143504 2.82344040372126
0.506621815250243 2.89234968944081
0.508198164194848 2.87460762384645
0.500204880929925 2.96557912367973
0.508975875680458 2.86731851718463
0.505021265797814 2.9142892603726
0.497308713702505 2.9975532902338
0.510365394503225 2.8514522790192
0.510115114628594 2.85814274302542
0.501580171845542 2.94768833460478
0.498464455137207 2.98735703672353
0.505593901633886 2.90654443577041
0.501013144815657 2.95376111294359
0.500250970315938 2.96333908158359
0.500660462666345 2.96226835691516
0.502319107247853 2.9404372374957
0.507159415736781 2.88883204235603
0.500826653814049 2.96319539859486
0.49725086111693 3.00238821437989
0.5019259568974 2.94736374618469
0.510366958794423 2.8520048344758
0.499749905469992 2.96603284935568
0.506515092711565 2.89293243970029
0.497795183333437 2.9952330055671
0.505875326541698 2.90122681099859
0.513420949898725 2.81838350003052
0.505451539134144 2.9081542051857
0.504396596735137 2.91975720471969
0.501613343818769 2.95405022297088
0.506162935185936 2.89803192306119
0.505210581642205 2.90882756306849
0.507669018266282 2.88397934930512
0.510103704850616 2.86135233291351
0.500599103498317 2.95991482292658
0.500547831391217 2.9622468394482
0.504824867644694 2.91382682022202
0.510705401924056 2.84923129415031
0.500681571004806 2.96265010352796
0.507180666587642 2.88914343939198
0.504887796953762 2.91226748415155
0.506185889633227 2.89647562372573
0.499935835375145 2.9671614313842
0.499268709362973 2.97834117137767
0.50519337844309 2.90778121119102
0.498908234719836 2.97991001386686
0.501051364780304 2.96040320449418
0.497953536950196 2.9905718732675
0.499941434045991 2.9668163459871
0.511119445045555 2.84572105243777
0.512789179266962 2.82602617047701
0.503161267585033 2.93036487249952
0.501770021296547 2.94786488589334
0.503287020004324 2.9286300053037
0.501901192971259 2.94578269646832
0.502846764738355 2.93489764215393
0.511300464660835 2.84086782420447
0.500895771995877 2.95844815026538
0.505075396775861 2.90871720738444
0.508584911063236 2.87409733851114
0.503618023413088 2.92731257219888
0.506339350707556 2.89298320476242
0.513068708812285 2.81760142909367
0.496404919279224 3.00326716543355
0.507702581350976 2.88108978026342
0.503128604275376 2.93471572609931
0.503521185565043 2.92798326200267
0.507977472049864 2.87567993292079
0.502435134687724 2.94193755927214
0.499646681460454 2.97493120148931
0.504826287274667 2.91405954267305
0.502629115234313 2.9395656566519
0.503238439339101 2.93671116070737
0.507272675792556 2.88974333620998
0.505455143722021 2.91055277296725
0.503868670127775 2.92392901864604
0.502140283942104 2.94262451649455
0.503191561892163 2.93268430588634
0.503605356243012 2.93104703525429
0.506113402523941 2.89908867822187
0.511602522147529 2.83460459346931
0.505616439779255 2.9058625901111
0.501931125582614 2.9510882118768
0.501771006022722 2.94769923182049
0.499319299099458 2.97194711038375
0.505982351260881 2.90032018041587
0.503263298186546 2.9336145581636
0.501655385801559 2.95067582712534
0.500887122966126 2.96167264289439
0.498330486356359 2.98031560522515
0.508745651248733 2.86722438076113
0.512580285393135 2.82830025999395
0.507054164359728 2.88588152818053
0.499744970702725 2.97378177795231
0.502127689469591 2.9414814517092
0.506706100221688 2.89525143677783
0.502160186607253 2.94729174710659
0.504404697692895 2.91888145300822
0.502569676443673 2.939030989577
0.500578544987263 2.95508678875635
0.506411471152193 2.90069893547117
0.500281522998285 2.97070111953446
0.507508108630684 2.88667192717118
0.502896327453079 2.93327121088542
0.506494547399223 2.89448652994839
0.503095595931818 2.92794796086453
0.513710836569409 2.81375902784453
0.510644588468242 2.85079999920686
0.51652227292202 2.77822422873648
0.507668736549176 2.88353896082661
0.506168814256565 2.89778004307305
0.507879933825813 2.88095579160561
0.505824162019292 2.90496489375253
0.511613257631456 2.840675442893
0.505997877210799 2.89789839204734
0.492830051724976 3.04597233139465
0.502091661550272 2.94234900403734
0.499144077563864 2.97690491419309
0.505028686831724 2.91314095830447
0.507111079374236 2.88607057368583
0.510133822299257 2.85558931526154
0.496806158435404 3.00188815715522
0.501778601397535 2.95049496636508
0.505111724833816 2.91354614810832
0.490770331928415 3.06734567929491
0.502507632354493 2.94088038862543
0.503581335751336 2.92985082092258
0.503238648643526 2.93169841826241
0.498312236437284 2.98385567827148
0.510846869975493 2.84528058293987
0.502309870537154 2.94057242815351
0.507168793114728 2.88990728166773
0.503385555983505 2.93133473567184
0.499477046512651 2.96982804808316
0.499371082656791 2.97069654089529
0.497901107957516 2.99460095722159
0.505225857527876 2.91114083991969
0.500629996449825 2.95977841835233
0.509393504133238 2.86225753952357
0.499867632280551 2.97001409686539
0.499948595009208 2.9675288005428
0.500631989880721 2.95538313418203
0.504278960399187 2.91568726578197
0.504083093921777 2.92263492384624
0.502985133035501 2.93533108695527
0.502287271983929 2.93893350650763
0.50889651625441 2.86726847531637
0.498146486974817 2.9849360434247
0.505352915394224 2.90878864299581
0.506385261870392 2.89621802874494
0.504185646376884 2.92098123665757
0.503803320706449 2.92736893877505
0.503989263529749 2.92488530088356
0.506008817147753 2.90417718655589
0.506046473579498 2.90194776795899
0.506087296104715 2.89491863295003
0.508900491264945 2.86344844845831
0.496972107987916 2.99825504843104
0.513497832727441 2.81656719823998
0.506458381708475 2.89417329223962
0.507682800945899 2.87948218709096
0.509111505491959 2.86837390962245
0.509360166329438 2.86848681572219
0.505282540243263 2.91044082128722
0.501754149982994 2.9511891334204
0.506725573979899 2.8969496118273
0.511131972002065 2.84354007661399
0.498014093447457 2.99006737034638
0.500096529875721 2.96714254643366
0.50239467224171 2.94117686282051
0.509850897486003 2.85833967125846
0.500497702397862 2.96034082903215
0.500975927685439 2.95565543541427
0.500038490614847 2.96780257544807
0.509950527143578 2.85885601843552
0.506830815916711 2.89203836053615
0.499768799842487 2.96667721680286
0.511157917992937 2.84256839997361
0.508238139636512 2.87535472397212
0.500333129731518 2.96172254158676
0.511460275411837 2.841619082247
0.50446649160508 2.91837431629578
0.509212640639193 2.86319905317655
0.504623893560835 2.91861585787986
0.504342790002518 2.91889202306162
0.50065366907967 2.95330639253289
0.508852823584803 2.86815418845041
0.504109343280564 2.9207001587168
0.501270681381785 2.95833959107096
0.501920474410859 2.93953159536629
0.503653315508275 2.92789854046802
0.496902024214506 2.9995173097482
0.509230801175154 2.86290305456912
0.51225934264863 2.83410438891556
0.500631795837011 2.95938565032185
0.494331287924184 3.03111942204494
0.502387939678494 2.94133078258252
0.503043402418707 2.9313199328093
0.50291323796131 2.93334457392161
0.501750880392339 2.94639737273783
0.502357151286463 2.93719862553562
0.503217581553808 2.93507661768268
0.506081478287822 2.89704773105261
0.504430533084907 2.91527532095329
0.504088673646426 2.92199204778303
