0.565559574353025 3.10977356294094
0.56910700020123 3.07352302932127
0.564699274137012 3.11793704085424
0.568703627022811 3.07954482900647
0.567591414106727 3.08646550256763
0.557817556215457 3.1957102073846
0.565129708188258 3.11451174069638
0.565972962641688 3.10613852554865
0.570434544624045 3.06022834846224
0.564542998248569 3.12135524663426
0.565401001636642 3.1150093426548
0.565678536822297 3.11059432212954
0.565171157026764 3.1178485767074
0.568645099042196 3.07865137951585
0.563891123737124 3.1280306218037
0.566813934792829 3.09604099355117
0.565670723889673 3.11232491405622
0.574043692616957 3.02216630138058
0.556523107408628 3.20828170316366
0.57251267804318 3.04104935879706
0.560588315571796 3.16758645661269
0.56410907754876 3.12371052469602
0.564582884924213 3.12431681499835
0.566826675694161 3.09839830333625
0.565898950232064 3.10896492001487
0.562128003681224 3.1455201118972
0.570210015512741 3.06835729062056
0.570996796768291 3.05439432397313
0.569494246701585 3.0729738907975
0.571697101231328 3.04594267576514
0.57338580607276 3.03015188047562
0.56672779308054 3.09865489167396
0.564684908002227 3.11824043069365
0.558334074498602 3.18816616392238
0.568124372132771 3.08951189106974
0.569033532677317 3.07628066088766
0.573103146486125 3.02988531903248
0.560424788069617 3.16510805749701
0.577689335819442 2.98206942093795
0.562146426081163 3.14582586322803
0.56518748922012 3.11442748742571
0.563851562729847 3.1260321815909
0.567736664743835 3.08429891897486
0.55909126980861 3.17577767305569
0.562402610837169 3.14493467105386
0.570936221234395 3.05107652280701
0.56378401440833 3.12913421701722
0.57645853729349 2.99639129961482
0.567985636915077 3.08278120265223
0.572291191597036 3.04297872427707
0.55603701431816 3.21055555691614
0.576790824384919 2.99500129464564
0.561066628575939 3.15889329219581
0.555875546759949 3.21490316999301
0.565750950935886 3.11260233996648
0.575150481906007 3.01383692169285
0.569694098148107 3.06764771307222
0.563604038244774 3.13424669795393
0.567297425674772 3.09824600810639
0.569739029406347 3.06984666325528
0.568507709393184 3.07879847259953
0.573670594681746 3.02418804706511
0.563158026515525 3.1372360691565
0.559916678155011 3.17079578098902
0.577696307698281 2.98622823672141
0.562265278008179 3.14378378413236
0.571123356443883 3.05488645017776
0.574722771043582 3.0189575962246
0.564327908298577 3.12381955966024
0.570207054897012 3.06242132856959
0.570102919628918 3.06354121229685
0.562020171592803 3.14666875769063
0.567557622473583 3.09209850839783
0.567309432329303 3.09470529724231
0.57005459274591 3.06603865653211
0.568656729089303 3.08037498572618
0.559872227676162 3.16834319594067
0.570861773503378 3.05531574014399
0.568824177419509 3.07959191403424
0.572602580474671 3.03848740521786
0.573113526658403 3.03463956330054
0.569770074087321 3.07250818074674
0.561467897089936 3.15838411922537
0.56331324041011 3.13772773189725
0.561178087435794 3.16201015399368
0.56852420115106 3.08117716594522
0.574019674223435 3.02736878179939
0.560682783879518 3.15844693586124
0.557821676691366 3.19496146574465
0.568317045500714 3.08146197708519
0.561359177460008 3.15763468703988
0.561498317525575 3.15491682685013
0.571398671423342 3.04766393757006
0.565609124744001 3.109940716655
0.564587774838876 3.11967478818049
0.568362051806353 3.08127992228203
0.577358897390288 2.98847134289255
0.563974104403388 3.13000149947988
0.568714219096954 3.07805912829635
0.560840861619571 3.15709173119943
0.55355495955052 3.23897514361738
0.56578460038883 3.10920321394053
0.569045593088928 3.07707717782364
0.570162927229277 3.06000817014415
0.577493595484557 2.98600671281262
0.55751814920235 3.19557642058586
0.566613371107955 3.09844432864885
0.564205927588237 3.1246862222437
0.56790869824422 3.08601340277285
0.561706883974994 3.15128490473444
0.567675113434966 3.08684195589789
0.569106629320142 3.07530673553949
0.566139171061259 3.10466337126507
0.576228612751863 2.99923123440476
0.565829548635488 3.10733294449802
0.569118435928979 3.07207046870635
0.561609984705623 3.15486546322426
0.568174398134095 3.08483567193375
0.570107282331099 3.06195253152617
0.566605256121793 3.10110734752092
0.560578231157318 3.1587568197817
0.564386158284052 3.11967771595234
0.560011086120748 3.16899523553992
0.572594247474071 3.03534044275085
0.563395754144655 3.13468075650353
0.574278106592158 3.01621018207249
0.570213950293567 3.06140360998209
0.565821460712445 3.10703796502141
0.560999967055085 3.1593866542386
0.553878467168725 3.23286278754743
0.564473333324889 3.12258314054376
0.569978683465813 3.06262845076415
0.562902970348411 3.1395634475751
0.57051782413708 3.05858669854018
0.56545125857408 3.11021086622438
0.562061254786647 3.15003117331211
0.570578605394358 3.05869372032433
0.568288577929553 3.08021892185076
0.562031454115169 3.14672926424642
0.566978614871285 3.09704956733409
0.561489695103297 3.15478216852868
0.560444275255376 3.165602928399
0.567041409300033 3.09466082235781
0.566712430789259 3.10072816260482
0.572854896871434 3.0317721647671
0.57207156285401 3.0399249394693
0.566742847707869 3.09981678099452
0.572411652000061 3.04014997382492
0.567321039743594 3.09591483389033
0.568304448816109 3.08497835759266
0.565335088856971 3.11229476562901
0.563930480443983 3.12637348080171
0.567989100347616 3.08379866323529
0.567168777678487 3.09592187031194
0.564480141669856 3.12446989595551
0.561238807278147 3.15609152087983
0.569645854434768 3.06956965045458
0.569396234668593 3.07256250636337
0.56493006965002 3.11431206534084
0.574315814538351 3.01805837090539
0.561401853301253 3.15435220571784
0.555048958975968 3.22450692408246
0.566671226788803 3.10128362722075
0.564772391345914 3.11984119188221
0.574344085919322 3.01541436014974
0.569127997869871 3.07277794505124
0.562706336872755 3.13624650443596
0.563026807508583 3.12986993401775
0.566061540482766 3.10539724602582
0.561311398597008 3.15444502839176
0.577134022856749 2.99561808898902
0.557282017963555 3.1974884770818
0.566511464914977 3.10093106151454
0.56493877430296 3.12283367036663
0.554385807631343 3.22501512268861
0.568256631527576 3.08399434067809
0.566055412408522 3.10206988732456
0.564758605173967 3.11988381715584
0.568512372964652 3.08241022346783
0.557926808842767 3.19454728557833
0.565830812409235 3.11040070240333
0.572031121438 3.04273897104556
0.566518681215526 3.09956766493134
0.571947344890434 3.04369996119365
0.564093753896687 3.12541401641696
0.56007319075921 3.16893897261316
0.563334554974747 3.132002510037
0.567822141477625 3.08914981887519
0.569932178869785 3.06553119828751
0.566369862424518 3.09945652854513
0.565991586427891 3.10483190896123
0.569217445000966 3.07388632650869
0.572963703149908 3.0383816605031
0.566901803610666 3.09439646626679
0.567610250716871 3.08769428278527
0.557787945535514 3.18544331647469
0.56145506779452 3.15584964103665
0.556200517563622 3.21230615153814
0.570316254511697 3.06014270724893
0.561128576059806 3.16090492729303
0.556209534055028 3.21162374526818
0.55170775629922 3.25774502015054
0.564494528941427 3.12462224861795
0.563176530457635 3.13475204977531
0.558348154950164 3.19034406288127
0.565313896463925 3.11282979998759
0.573768655097481 3.02715373114067
0.563434210597376 3.13473961828061
0.554198113506265 3.23205997737369
0.566637936299477 3.10137663500186
0.559711014021081 3.17332220590644
0.563362785778571 3.13642562436564
0.566650343132117 3.10151446168621
0.571163749765736 3.05157892125568
0.572540484162414 3.0423894637441
0.566678520453775 3.10074355269997
0.573937867960806 3.02279294284965
0.565420094838223 3.11026941006513
0.562593084979643 3.1450772833485
0.566716141218719 3.09921750683555
0.561699545344512 3.14875158549034
0.568422446872246 3.08224152146541
0.570249358297909 3.06422587224393
0.575389781873384 3.00715702630737
0.567790662336094 3.09055047387532
0.568194874247527 3.07995651844147
0.559970426569879 3.16643324281222
0.565009410929793 3.11659992401452
0.566048700547706 3.1081393163848
0.563019421233587 3.13752423914813
0.567227180412577 3.09341263297862
0.564487178305673 3.12501089521889
0.564896926499741 3.12019498887981
0.567368765272007 3.09471972965879
0.565995047713452 3.10677026602065
0.57186869828192 3.04522711106025
0.573718288404395 3.0258468265159
0.575749134280919 3.00257094641282
0.559114600137256 3.18113922975555
0.567801633045473 3.08546726322166
0.567734448719631 3.08953923426594
0.573747940832104 3.02514330127203
0.560384592526681 3.16967290565442
0.562482176672413 3.14074521293586
0.560948792484816 3.16082219714018
0.565158152879695 3.1127565150275
0.572677020574108 3.03747874367272
0.565465876078488 3.11086550273262
0.558829364090173 3.18368147605778
0.568743139820305 3.07693021772579
0.565716266736873 3.10948039693581
0.564521252050632 3.11891171539731
0.574399341142132 3.01940392320967
0.567284813459993 3.09255396191214
0.560827643085476 3.15886752771238
0.57521292765232 3.00662107255508
0.56904480016337 3.07816609972088
0.566064976409719 3.10756598112206
0.558832245294612 3.18053282743271
0.568672728998396 3.07649257639456
0.567429609351848 3.09108578637066
0.566894580362728 3.09695359305143
0.567567708570205 3.08802122449369
0.559316793546877 3.17938420948411
0.561132626416448 3.15944682673059
0.570794010208362 3.05840975230065
0.568146155653377 3.08623642010749
0.568385907843791 3.08285199942489
0.561307721443582 3.15588952958729
0.565837122358099 3.10671751119139
0.568018861435297 3.08929517574795
0.54968955263633 3.27831113245594
0.570277623673493 3.06351149410113
0.566756865554092 3.09873397366485
0.569350324803932 3.07209359433177
0.564203363048808 3.12787904833308
0.566314809610779 3.10034748502946
0.563572892708727 3.13248519748606
0.566430446243987 3.10382737169606
0.56070172475117 3.16072947141078
0.56542422752594 3.11072353238068
0.568228242527478 3.0841824856354
0.564153597125029 3.1230802857557
0.567155468812569 3.09501686159002
0.566711212862648 3.10532027137278
0.564198885271969 3.12694836236935
0.560863146215975 3.16065774698859
0.567832304133727 3.08913302168926
0.570220356192942 3.0651076469536
0.568461138691485 3.08221337252244
0.568108604381418 3.08295330875359
0.573742976969986 3.02362716219975
0.561172829152788 3.15765301670483
0.57839259924279 2.97651511765814
0.555912586253539 3.20818898416505
0.576414560395845 2.99604138790566
0.568178823036561 3.08159207026193
0.56884389325528 3.08017263982255
0.561747078550266 3.15248871437319
0.568079453246117 3.08773663444849
0.567757940169763 3.08958662296666
0.569536093978066 3.07229511677621
0.571040948546227 3.0489958187221
0.565523805607089 3.11318797751647
0.563395177211429 3.134352615178
0.562875045899439 3.13627521757597
0.562260478099883 3.15098843785912
0.562302408119414 3.14348980885966
0.568777218489804 3.0743645017322
0.561958621284298 3.14989187073487
0.566517023400653 3.10174405487975
0.570949827727561 3.05066829873397
0.56701253291307 3.09671982673137
0.560314083354079 3.16494309442503
0.574486410926452 3.02100796691161
0.561448648691089 3.15431549644435
0.570235365470785 3.06394293364822
0.57529256848738 3.00997650224201
0.568190921828988 3.08754078449781
0.558377522719113 3.18783297134976
0.580802920261197 2.95391905043443
0.565838977195116 3.10245624586218
0.560816883984203 3.15736388974575
0.568568621085012 3.08013561545001
0.569626891584428 3.06943054471936
0.567608339457859 3.09046095367221
0.558845089394994 3.17983680927083
0.57141010941024 3.05177728923442
0.564035870033064 3.12917975204032
0.561878916235534 3.1543464379578
0.570653838104603 3.05857157936328
0.56460037250215 3.11863975531775
0.56267689277561 3.14337857836868
0.567312389175808 3.08718595212692
0.560647558753827 3.1695961310471
0.566558017382156 3.09850103532878
0.559860864397588 3.16947233706017
0.566044966701983 3.10868934719144
0.5600832638676 3.17472542661046
0.561548528019092 3.15230273032819
0.565893698564258 3.10526997236055
0.566540305138411 3.10319249773017
0.56127063885099 3.15572282571612
0.57252754565477 3.03389445264657
0.567225845725279 3.09377831623804
0.570764841822015 3.05833412225509
0.559274639519946 3.18084472180921
0.561923946048966 3.14937510504786
0.568389103061008 3.07849341802827
0.56957165710979 3.06966457504746
0.553707189247883 3.2365898026154
0.567122655407861 3.09616268324975
0.566160870828339 3.10415608885202
0.566110478274206 3.10058545164774
0.568063806125341 3.08497686466839
0.563561398901492 3.12828567284514
0.563879071856268 3.12980553603292
0.557029684536101 3.20109096197533
0.571881787096506 3.04765459156911
0.568756405661887 3.07609819365237
0.571569513345925 3.04696442087013
0.573056117322222 3.03161990795414
0.570648756188305 3.0538198239224
0.564964262826486 3.11738161057066
0.564593311165959 3.12540594776688
0.563477519538168 3.13450833152999
0.573214879966812 3.03019470596528
0.562372657958755 3.1435139384714
0.570048296118807 3.06479536201842
0.558131221618069 3.18708541059264
0.568814960969668 3.07576024535652
0.566635866601236 3.09557828934459
0.570527839392816 3.06126106035313
0.568482951447501 3.08373956754041
0.565387766957556 3.10746394726362
0.566007266070103 3.10488681334458
0.547842897748063 3.29538978432806
0.573433415915317 3.02686428935034
0.569053793852825 3.07319242641778
0.575714400224549 3.00426195755758
0.562871008683711 3.14548485721894
0.569257823166419 3.07128693172221
0.565636838525999 3.11383659633784
0.551326805742919 3.25821505026841
0.564026953350035 3.1282683140183
0.56484831901702 3.11940919225688
0.556698496411367 3.20305392707402
0.557002853282002 3.1992494933871
0.569445446967617 3.07105372919705
0.558396845839262 3.19109760259482
0.570838068697034 3.05591963277375
0.568492987215874 3.07903039901882
0.558361231059625 3.1823080479074
0.566507616227968 3.10222593108745
0.569202705679944 3.07143701008819
0.564382877991673 3.11931490652697
0.572376221003591 3.04180155588816
0.572161840420226 3.04327221564206
0.559625515864793 3.17135391810556
0.571311654665107 3.05180896523915
0.562019378307142 3.14836853680506
0.570741934418174 3.05842307118422
0.578723888106575 2.97532344896066
0.561943724352746 3.14881724338894
0.574982861585063 3.01466854387076
0.563664245056508 3.13438176799762
0.566278474507705 3.1007458260018
0.565540050518443 3.11250274508245
0.564952664693676 3.120240770705
0.583286166816043 2.92725111925082
0.563094355379509 3.13723030308728
0.56358878992222 3.13227818424197
0.570655302001461 3.06236942624391
0.566607651784967 3.09516431833917
0.566286698222152 3.1009327408875
0.568251602115122 3.08497094910914
0.574303696342579 3.0180675726238
0.56422652251029 3.12867754646953
0.561908939865473 3.14756827611391
0.569049475013121 3.07743951245716
0.562657054906746 3.14254829884031
0.5664431733389 3.10075146063544
0.566559095285156 3.10159023575608
0.567506233657879 3.0906972147209
0.562929645331162 3.13966990077015
0.572083087766559 3.04087173682061
0.573154557058941 3.03069498137361
0.564621457046629 3.12078723819204
0.571244013037797 3.05780965595736
0.563430402550885 3.13214724784794
0.570125187575833 3.05944015810058
0.565056586527801 3.11402894950705
0.571520211661977 3.05109061413291
0.56092916974034 3.15881248595458
0.579305887959509 2.97065885577233
0.57142865622829 3.04659862391895
0.575823612905007 3.00780036393684
0.569567319315543 3.06589587480703
0.564336401275063 3.12306039718783
0.565145010494771 3.11399615689469
0.566916845048974 3.09642239996931
0.564615727156543 3.12254106722858
0.568559210436362 3.078091739553
0.566518214421753 3.09871926344556
0.565226133806158 3.11683979891225
0.563821719265083 3.12572236549102
0.573503634998522 3.02997350718674
0.565742653155008 3.11265617255723
0.568650964064414 3.0763038545185
0.565032734671749 3.11762581013591
0.566715726582917 3.10026463246533
0.568585060570261 3.07921191159769
0.565265994465748 3.1168597207445
0.560431745389306 3.16458140519437
0.565403608671408 3.11518397372221
0.551803197522831 3.25249748342368
0.559357902122393 3.17590774153927
0.568454276708901 3.08056010840904
0.56981608904366 3.06778234222462
0.570448667477727 3.06146863412286
0.569243831574371 3.07499275804989
0.563460118933291 3.13009238637976
0.566760242142743 3.09940893819747
0.564699904763418 3.11881450696698
0.565309769409624 3.10915063088588
0.572627644911419 3.0354422726985
0.561116357531691 3.15456999046103
0.56592393822721 3.11102033396206
0.565523976638083 3.11684806296155
0.565922958515384 3.10832155540403
0.568568802861268 3.08041074447365
0.579637183869972 2.96106090434789
0.571721353228833 3.04340845177923
0.569286438376992 3.07373711711916
0.557638085869216 3.19124932733086
0.566315198979202 3.09892800838666
0.576427920427222 2.99566565626907
0.568947908863379 3.07462602461357
0.568591414022234 3.08056549120062
0.562799879250287 3.14121383787049
0.561585636236231 3.15339627827745
0.555824576182837 3.21191565570434
0.555726577004243 3.21590872248553
0.570077632166759 3.06505063078416
0.564450616924594 3.12254542995673
0.561586210174688 3.15066706078786
0.5654788911061 3.11620209885274
0.56629654681819 3.10447060578458
0.570678302490398 3.06233498706509
0.559396623259315 3.17511181779761
0.567797335165534 3.09237309330185
0.575752638630009 3.00550311274386
0.556659091162505 3.20367924176094
0.565743064518312 3.10978017122253
0.56690807976944 3.10222355411191
0.559288660014002 3.17572426664012
0.562243648114839 3.14845265114129
0.55766702077905 3.19693285113931
0.567522048537985 3.09420715560059
0.571070105115952 3.05473482426941
0.572954392930481 3.03206845120283
0.56154218625025 3.15326842257881
0.564092696244502 3.13042376713949
0.562327336245544 3.14318371402608
0.570128229652447 3.06320582577623
0.569632314963707 3.0675819015941
0.567186192586921 3.09294671858172
0.562453922032609 3.14836120182152
0.560300750556333 3.16170378536102
0.574272890140539 3.02150252604967
0.5512146325946 3.26414952763122
0.567126940157565 3.09408913397109
0.563600476975883 3.13209704151169
0.5639560536716 3.13110405268186
0.55781316230181 3.1952714280802
0.570324313705822 3.06261551488639
0.565218167964836 3.11534012932834
0.565159417016973 3.1141561678998
0.56699431907904 3.09885223987985
0.564932808084515 3.11718352210957
0.560820913834543 3.15984325291011
0.563609776029773 3.13245255151883
0.565503561399206 3.1156787159623
0.572897852163385 3.03768855578529
0.56731590701271 3.09672776138637
0.565532849815112 3.11618677024248
0.570952551651342 3.05374447973384
0.568394753527849 3.08531004400101
0.563900428791386 3.12853913488314
0.561894063268357 3.15073520111863
0.564847758510517 3.11965592888415
0.570711786470811 3.06050612799553
0.57366296850122 3.02945295860776
0.5648485612255 3.1178454901392
0.55730820451769 3.20168284882928
0.576507260814903 2.99626647492658
0.570766572969 3.05886863349358
0.561587834472914 3.15593966045334
0.569923508589105 3.06475705621703
0.562990309586561 3.13838839146906
0.570471717893422 3.06170060416044
0.578732647758242 2.97577543529321
0.561774736601221 3.15326741210693
0.568282469248043 3.08547373830672
0.56272384157662 3.13865029027862
0.563946835302648 3.12747168120208
0.568527069641539 3.07735646802015
0.57024026091453 3.0631049111232
0.572595118543554 3.03818437179003
0.566359391944388 3.10187008811617
0.569981891234409 3.06513398049655
0.567358430884188 3.09396174632847
0.564701074724344 3.11814779672922
0.571820207695456 3.04232375982118
0.575570958927533 3.00602279083072
0.562668350253152 3.14227708236142
0.563530414453773 3.13641890323603
0.563926922864614 3.12959293268062
0.569026130351152 3.07739066063416
0.572067410494442 3.04123221787395
0.563976920314051 3.13440016008275
0.570084390848819 3.06476825924935
0.570563387886052 3.05692346357381
0.565743578725281 3.11273834839451
0.569573910104751 3.07208199250215
0.576311614633152 3.00214370907937
0.564021616703036 3.12598423496752
0.562339230319146 3.14355707220589
0.565274107016671 3.11443802373422
0.563137517495138 3.13463079159297
0.572153145709922 3.04228813775415
0.559169281049973 3.18003027920693
0.56318690719567 3.13134477200762
0.560856155939553 3.15845665827221
0.566223163661947 3.10945021361198
0.560331202049854 3.16469352706424
0.555523338479952 3.21656128575524
0.56563011169492 3.11189398944106
0.567932706530853 3.08772587359394
0.561943652008914 3.14746289744888
0.561720319857274 3.14933331299149
0.564245564609861 3.12805170530521
0.563710537172201 3.12844989157442
0.568585035853912 3.08098463268789
0.565348871313507 3.11281992785028
0.560680187764954 3.16117431056725
0.56785265388767 3.08455108856292
0.563651653262689 3.12837459708124
0.560291879873058 3.16743048875553
0.5738527480934 3.02518066820406
0.57545130761533 3.01144658425249
0.566457852579715 3.10200460243554
0.571210479328164 3.0528645423856
0.5630084451854 3.13703219638762
0.562867507144807 3.13946655093213
0.558806755494945 3.17785953805069
0.556078761095891 3.208250166107
0.566434025780809 3.10205937142398
0.551500364953722 3.25915010068491
0.559479551933329 3.17576779422497
0.566155635280993 3.10683061404728
0.566587000578151 3.10118813234235
0.569183466434583 3.07090826921816
0.565234750976195 3.11517639417774
0.568796207204463 3.07882722765285
0.564280209997241 3.12557548829788
0.561675228859705 3.15241159992241
0.571225854866732 3.05589613760472
0.56794888878702 3.08284667601704
0.561068013102078 3.15676156081756
0.56367728295799 3.13350378306788
0.559759584805793 3.17568495360692
0.560929995735042 3.16056864056734
0.56114703553188 3.15524577288724
0.549467724618137 3.28305216043789
0.569880785198292 3.06365422327874
0.566919762736066 3.10020772033769
0.561395664075533 3.1543730702477
0.565777164308689 3.10971247167464
0.566564638675104 3.10162879012783
0.571794238883609 3.04863676511772
0.566708906910704 3.09913199394446
0.574687868325688 3.01638147329382
0.564878730226172 3.11791032880954
0.562315984357117 3.14631295224827
0.576544769843412 2.99684700280065
0.568096265786788 3.08981826832435
0.569750666230577 3.06733761178205
0.566741999583177 3.09941514443726
0.561959643311619 3.14843499692196
0.573763036457263 3.0262717090021
0.564098289298384 3.12724316665783
0.56222503426856 3.14306610106618
0.566905183655419 3.09870051441929
0.56535585327318 3.11209150776961
0.558023021647606 3.18783453675022
0.565725095637158 3.10748110532955
0.563873980234471 3.13340758202272
0.569176259688574 3.07513115639421
0.565591389107516 3.1113288267356
0.5653927719336 3.1117472100712
0.565078399369413 3.11568273370934
0.56515982740016 3.11836389522544
0.569594144429207 3.07038619653805
0.574973857917046 3.01156306447138
0.563458975514269 3.13677705630625
0.566840575238619 3.0946585164713
0.568127318150491 3.08726597961647
0.568107149982241 3.08221118795189
0.566604159619222 3.10006108030243
0.563146759503103 3.13772699737713
0.56985707231931 3.06384600197223
0.576213242050305 3.00029183227785
0.566961670608157 3.10061794304733
0.572054188163567 3.04257330969211
0.569050655280295 3.07517728564735
0.566656925665891 3.10313749960757
0.558828395661547 3.17802800442125
0.558071389569648 3.19390884969879
0.561347277537514 3.15465563907842
0.571881102474301 3.04373687346804
0.560583395671653 3.16155731464084
0.57122864292388 3.05522339966973
0.572908789169708 3.03696610453706
0.564096501672896 3.12572082048762
0.577485619391234 2.98745351108719
0.559932315955944 3.17156599699184
0.558281071694045 3.18852559638605
0.570681227405421 3.05363107816408
0.568480072268052 3.08282531426977
0.559615766478876 3.1739966347206
0.561924954036932 3.15243310714927
0.570895190150806 3.05015870499649
0.568197278886788 3.08398088472807
0.553126131006958 3.24088133484894
0.565422851826251 3.11235581232142
0.568465681220966 3.0794692875038
0.564527153142279 3.11916601786682
0.566953357201551 3.10312724121429
0.564070487931406 3.12443880831142
0.566164292725501 3.10585125969186
0.570891235139203 3.05530936434776
0.574048702942633 3.01971105030764
0.571633744876959 3.04838914536779
0.5619227855781 3.15068554839801
0.564734981414001 3.11398631130641
0.566074181202363 3.10492112375605
0.565860673214867 3.10581894972638
0.561630724854635 3.15306927591306
0.561721602817937 3.15554625377891
0.571101253403639 3.05482704482745
0.571281265125602 3.05691743573623
0.575871382852911 2.99902110031636
0.57487418879862 3.01061747223355
0.559145307059311 3.17477409617188
0.57447276537078 3.01592976537765
0.563807766707003 3.13055928995906
0.568087478537087 3.08295502870736
0.567123842970032 3.09576693999788
0.559787652583542 3.16789884838525
0.57050546787884 3.05601752164385
0.569845196763113 3.06241551952561
0.567507751604491 3.09550344166009
0.558613069262198 3.18538693293017
0.566668166268916 3.09937681661741
0.573021207537214 3.03509763880468
0.567985430015117 3.08871077776691
0.566057498592089 3.1053363364874
0.568836798338431 3.07529577100542
0.565030834548139 3.11546095975697
0.571625516495465 3.0465227048401
0.564188908956698 3.12137911689719
0.565563904815502 3.11155365272131
0.563629580178295 3.13262726746133
0.566132785385351 3.10473672407523
0.567061377399349 3.09398042020277
0.568371329829079 3.07875844626975
0.567837527352436 3.08746831219744
0.566783720699734 3.09761011980004
0.565808153515408 3.10639811924129
0.565468227836343 3.11432503070204
0.566320717745341 3.10384835080444
0.568454499322418 3.07967842003821
0.568917824369077 3.0777289254284
0.563029249607713 3.1399649443447
0.558600855016568 3.18161803134676
0.572726912808265 3.03340544298133
0.566721858789233 3.10167461069904
0.573817178257832 3.02601968208065
0.56545673344069 3.11561503003904
0.562966177793351 3.13514192731277
0.572810228963177 3.03159011350128
0.565190038121606 3.11614999797298
0.571717529540843 3.04194266561903
0.561384783099296 3.15747865068064
0.565769662763487 3.11033082902741
0.564240676815434 3.12496633037914
0.571412386168726 3.04849193112548
0.564076832569774 3.12758549587365
0.563130476827258 3.13854618018037
0.571967791664347 3.0418358122083
0.562888460698035 3.13890988157245
0.566572801104852 3.09952884948062
0.570557006523884 3.06267574767558
0.568208523314702 3.08225922321976
0.575260530466687 3.01144977537928
0.567753035813499 3.08949594863985
0.561022322606951 3.15515461234014
0.560897431405226 3.15655897379445
0.569200238789021 3.07133633448609
0.569367271534523 3.07091720519237
0.563052408201795 3.13971122219243
0.569669564758474 3.06558676491529
0.56750553159084 3.0913568235243
0.565703069879781 3.10870396376128
0.572675678940293 3.03983742065848
0.569382827218806 3.0704491590666
0.572961441361906 3.03120150810739
0.567794689058606 3.08887658419364
0.570232886447059 3.05897720278136
0.574785339447959 3.01479882123321
0.558521376776053 3.18628200221894
0.570921479704956 3.05095234800021
0.566098170819314 3.10455804968996
0.562915908465456 3.13951398086233
0.570156156725852 3.06521663764035
0.572345142530474 3.04039151835162
0.573966081562562 3.01973383051282
0.560227978701673 3.16967411475919
0.574708586181267 3.01388633437081
0.572155423724129 3.04289180269867
0.561073558716869 3.1587586371359
0.566156853847578 3.10624594619357
0.571374199226028 3.05134969240358
0.559928549178616 3.17335485214207
0.563748336731596 3.13379620965864
0.570429727590062 3.06022365639488
0.565407936366938 3.1128813005254
0.571960787364399 3.04651065073869
0.55713414925184 3.19857521691406
0.562551945850977 3.14254745786409
0.569187397883849 3.07321958756047
0.568332929446483 3.08219609121238
0.563869987817389 3.1319574426568
0.568657857249367 3.08162721201441
0.566159829827032 3.10707143361028
0.575990431451008 3.00379905478902
0.554181775067288 3.2268709918654
0.551439237051459 3.26012832507259
0.566817344234308 3.09542444598415
0.57190537816061 3.04349834589779
0.56204541638734 3.15018308314789
0.570955648100253 3.0529414706896
0.565522614541347 3.11436634231436
0.567333101125026 3.09398899326894
0.570118344846677 3.06549361252834
0.562680287453121 3.14317927108722
0.558648561180104 3.18437878960356
0.56256423855449 3.14181736890922
0.570589565227048 3.06167440200405
0.563462379225586 3.13324247781974
0.569952748003583 3.06367658450459
0.559256964573563 3.17498882849755
0.565027627037147 3.11773174126576
0.578303518456047 2.97116139634446
0.556468460295349 3.2050565579864
0.565777380690657 3.11522814692025
0.570094601451265 3.05998053223566
0.570614149655034 3.05635549056837
0.570170289898331 3.06281664675668
0.563079798014745 3.13816521908252
0.560191853422557 3.16606853895686
0.570941409169096 3.05853242555936
0.565768016262884 3.10544039622071
0.575153880948065 3.01434077626112
0.565688269192362 3.10912039864043
0.571371283739194 3.04892305262583
0.573615659534735 3.02838599774877
0.5680862536865 3.08826826200538
0.567591607317003 3.08717176238051
0.576404536773579 2.99798684162084
0.569579211047971 3.07103779110889
0.569841746849133 3.06698373810188
0.567006166051423 3.09733550937027
0.563288773218785 3.13453302035177
0.579162934284975 2.96872881516222
0.567109406760753 3.09308457354996
0.564610219348671 3.12068811013563
0.565744410206645 3.11008295725664
0.559047459587948 3.18328308488433
0.570586058695471 3.05928989637969
0.565658184162892 3.10829704666472
0.559049724968882 3.17680319284507
0.569776028292289 3.06994490641293
0.571472035908849 3.04930951727514
0.57046870513299 3.05895435310538
0.567357353520339 3.0923691429393
0.576660002209501 2.99387166265863
0.559570735381264 3.17582828667234
0.567413446885954 3.09090125330235
0.567165786087414 3.09372217062589
0.578839105275754 2.97296681622204
0.571506489038638 3.04468868777845
0.572250945979349 3.04018083788518
0.566126067667551 3.10360065421406
0.573039903287736 3.03439688673913
0.563850605577177 3.12322354513632
0.561541582498701 3.15609851080746
0.554917376350816 3.21653757161727
0.568228052141064 3.08368647077239
0.559051080152964 3.17855241866706
0.571008541167466 3.05612416605869
0.563471844580159 3.13314546387399
0.566564781317387 3.10174485589612
0.567013183701657 3.09494251821863
0.562242101607096 3.14170148671687
0.572704285388632 3.03956750812056
0.56728592283219 3.09370020799488
0.568265177032326 3.08097741285534
0.556539395721672 3.2045344752322
0.564093741369505 3.1220903428508
0.577691760629663 2.98625994591989
0.572284593321316 3.04201945096628
0.567313559192517 3.0932177690211
0.560940528936805 3.16119219021151
0.569854728590936 3.07099902116976
0.560696453988052 3.16581375946396
0.574413776490469 3.01627281407609
0.569328425673317 3.07328567967313
0.56805968456981 3.08396150165539
0.568847812138587 3.07935709425984
0.569974053572984 3.06470813900417
0.575346029532595 3.00777874742483
0.565931951318484 3.10518421140369
0.569098349505799 3.07222012631381
0.557216436381041 3.19905884633356
0.566555093434873 3.10009620541494
0.566101268571838 3.10580702461795
0.553653345457647 3.23418796679975
0.558207572690533 3.18794171508564
0.576121822994565 2.9984193329265
0.574078424754415 3.02481882897584
0.561131972195016 3.15684679451106
0.567966308046217 3.09085294130185
0.568187030841923 3.08541934713908
0.563747034031613 3.12705156390123
0.574522205867429 3.01919082945906
0.557181004012478 3.20244116345406
0.566796508702807 3.09684736428359
0.56296375570737 3.13343899500895
0.569233588305432 3.07455593946401
0.572505128449742 3.03574551128487
0.567352602067519 3.09470617110006
0.562528126656029 3.14442862748001
0.567881976568691 3.0850537134608
0.569995351940997 3.06439493967874
0.57146269680959 3.05135127651204
0.559993294499097 3.17097976767931
0.568147739940835 3.08222906871804
0.571765134126734 3.04863553560843
0.575168494308814 3.00886570684528
0.562279766699843 3.14560002397388
0.571603549148281 3.04878475919265
0.570097607645047 3.06327013349647
0.565241879542888 3.11484858928973
0.561868133982612 3.1502437487282
0.556117759817741 3.21056912288319
0.562388454003702 3.14380173944385
0.559407164713327 3.17562376194705
0.558957929816488 3.18317885147007
0.554786346994096 3.22434705503019
0.561990798560458 3.14471743478631
0.572406458836856 3.03598154446686
0.557975188008463 3.18938808325357
0.569814668728408 3.0677558541554
0.568137443269085 3.08439989119537
0.563311955111127 3.13527150743004
0.568084680266372 3.08366040637755
0.561599594622865 3.15691680908365
0.569290992528254 3.07537013400727
0.571450172198609 3.05218412489019
0.56853399242217 3.07701799711431
0.569622955916674 3.06677459135141
0.56371146014444 3.12952684192759
0.5724706484681 3.03851525907778
0.575548534047769 3.00349199070731
0.568779524190301 3.07892102311493
0.573373219098054 3.02653213413591
0.569672739861253 3.06520439039799
0.571106467755523 3.05524122834941
0.573414934590842 3.02786477137606
0.563075383521589 3.13880767517559
0.573481976630445 3.02938877853975
0.569316515593607 3.07675338515034
0.55479217650251 3.22331294255202
0.574694684036872 3.01051909409771
0.557274492950982 3.19998016812788
0.555910244240474 3.21195710095343
0.565993380561604 3.11128558529847
0.569976808001682 3.06407258207976
0.569127679928085 3.07488791096002
0.565402018122321 3.11400240959788
0.564461982231215 3.12144555045529
0.574737003990521 3.0143977280497
0.558452230696169 3.18922292907017
0.567909619596944 3.08990252195046
0.560382812660511 3.16447714121253
0.56918973903111 3.07604420578602
0.563770129694349 3.13219859643726
0.564184929213691 3.12836337487547
0.569938333815271 3.06114960102863
0.570891107293197 3.0537701945898
0.565605863202737 3.11198524839189
0.562651817344666 3.14276913370174
0.573194278453808 3.0319679932154
0.568224495304845 3.0851295866442
0.57053631038567 3.06186782706324
0.561261577917844 3.1581683345065
0.572409793836455 3.04197326993347
0.568266369376259 3.08144699270134
0.56184534901169 3.15032394948242
0.568311059283319 3.08086658146294
0.560576075720695 3.16422546704828
0.565056715203959 3.11502593756966
0.574018163128469 3.02149363183516
0.558649616759548 3.1826589952929
0.566284489364991 3.10221213155667
0.557527031470482 3.19629546851507
0.56679569418356 3.09658467998677
0.572826492963286 3.03829938528123
0.564334862623441 3.12049954926761
0.563224864934962 3.13521957090144
0.564782864097776 3.11748877481653
0.562103365444884 3.15021555954676
0.571099356816655 3.0536998854627
0.57445956686622 3.0187232207712
0.562778832603593 3.13808511919903
0.562554327222619 3.14519895215743
0.558515587954135 3.18322483076385
0.565921868613836 3.10604558923131
0.569148382934852 3.07536538435949
0.564656461439275 3.11655557542162
0.564690177349851 3.11934819801571
0.568922911168512 3.07569971109962
0.5683133914301 3.08039926463808
0.573240843875643 3.03173481735792
0.565666548070768 3.11177393270132
0.559675214765851 3.17133483117258
0.566547128103432 3.10038390798339
0.564734186790187 3.11904619685117
0.5626241828442 3.14070232325752
0.56527155301666 3.1173682077796
0.565866185977873 3.11237101089683
0.566875075982539 3.09622753268713
0.572311943757738 3.04308402438774
0.569624013695516 3.06910808031684
0.562015554357722 3.14816215044672
0.558572157158002 3.18216204455722
0.563373647627256 3.13235844559264
0.556702036291353 3.2030773110583
0.561590493551951 3.15514874982053
0.567429938057943 3.09133595459515
0.570055699067597 3.06057709677536
0.572644188618901 3.03707574157931
0.562136375064867 3.14626005278358
0.566523838090488 3.10330701081554
0.573559912215513 3.02689490852444
0.56698151897154 3.09645269319279
0.575625626132926 3.00526630698667
0.57491355974046 3.0143877694004
0.571811121812336 3.04445235662511
0.562126105844354 3.14725909859951
0.567825526622487 3.08665309275846
0.57322898661643 3.02889147003555
0.566098238938802 3.10438136242399
0.565339208374191 3.11620300209155
0.563941136807323 3.12878098436039
0.566488854240007 3.10207872507837
0.559027744013557 3.17826657399339
0.561434012847363 3.15722753717789
0.562381070760383 3.14041032009128
0.571767185237513 3.04386591179747
0.568634698463393 3.07824894634605
0.569537180961622 3.06820889897028
0.574100596782933 3.02355369604722
0.570029296664673 3.06783060214463
0.571193498179976 3.0552972072621
0.566242097040092 3.10812454358797
0.564032461935749 3.13166313346799
0.557799030426681 3.19241272236859
0.564789744411088 3.12121034363408
0.555236770301055 3.22029330453233
0.562561186807216 3.13919514040834
0.564955497350284 3.11804771350502
0.573402574964244 3.03416840862284
0.562659665396385 3.14264375220045
0.566228682434791 3.10706170108598
0.569963377728625 3.06457162360997
0.569568242396835 3.07301361429136
0.572155128010125 3.04507943131102
0.566164335747602 3.1058118318621
0.564498326566304 3.1239690954528
0.571098995631948 3.05322793615721
0.563570664445147 3.13198656669543
0.56911878664273 3.07872291589376
0.562709761359184 3.14278737108074
0.563117923313587 3.13528858668103
0.568908499712424 3.07741039915193
0.568015391422158 3.08678056985935
0.564582046814059 3.12325535778709
0.566717208588484 3.09908372376015
0.567279856199499 3.08865501890177
0.55469219913097 3.22200414861915
0.564340842077333 3.12665633562955
0.56840162202471 3.08329123998893
0.566908301572161 3.09600334956097
0.569764774886294 3.06818736224795
0.568828549133703 3.07620755280566
0.571159033380111 3.0538569293976
0.575526664412124 3.00858182702851
0.56618249388528 3.10662156636807
0.56099017776659 3.163571932467
0.56640117640447 3.10360809863019
0.568943640287643 3.07283621258726
0.565262116934231 3.11479959765191
0.56924560672672 3.0696399023583
0.566757606643168 3.09699552181984
0.57203227835388 3.04420803708537
0.568505596393728 3.08273228994335
0.568617070554867 3.08326654938364
0.568852742868768 3.07981623408183
0.55880364902824 3.18098289342883
0.562458839695268 3.1429151504799
0.563102795294899 3.13815713360179
0.558432652260556 3.19156419229358
0.567349616442369 3.09564002455487
0.565614359104362 3.10878076524131
0.566823577102579 3.10224706518119
0.562779155528675 3.13794157751945
0.558534128641207 3.18050715195968
0.559736894126613 3.17320425552424
0.560219786502452 3.16568808003375
0.575699599746862 3.00711313045811
0.57315120494139 3.02912806091906
0.567970280057409 3.08477466325771
0.570542078730096 3.06113183188374
0.573316957732567 3.03414490505522
0.569378300738239 3.06895226399175
0.568014593366476 3.09271354427399
0.568344231426794 3.08320172493241
0.563582819333649 3.12942641290777
0.569010783583553 3.07250704581526
0.572803114414947 3.03535792736732
0.571450704255984 3.04673207591796
0.558708443131608 3.1817156685763
0.566439345908535 3.10489580613111
0.565469279253399 3.11409077993377
0.554283956177571 3.2303973645032
0.559350037431877 3.17663841577327
0.567610498760679 3.08938765692308
0.557316243299805 3.19504276005598
0.574468032790988 3.01818687205102
0.570649885084834 3.06095045062991
0.560198291570386 3.16451574026281
0.567137641218966 3.09490925532566
0.561983488891203 3.15085592919909
0.564794648048007 3.11783701141966
0.563812146864161 3.13216005705527
0.56566021666052 3.1142526661748
0.576076749284278 3.00377622934878
0.567915018514641 3.08631356666095
0.564849618207562 3.12057801751963
0.56472040387382 3.11500459469513
0.569202777391846 3.07198991177024
0.566637863428093 3.09818553730143
0.571251505433729 3.04896346015006
0.562311865458683 3.1465131647284
0.560877650004024 3.15740948701535
0.562426433144421 3.14262577230463
0.567064399571408 3.0960137391775
0.562283284526442 3.14726049184095
0.563515763622419 3.12893381496123
0.568725826509042 3.07512175728949
0.569868425033981 3.06577316393299
0.567271931533572 3.09071182954155
0.570241965487767 3.06068159168262
0.575775476731623 3.00334672736686
0.565953084272757 3.10618184547464
0.563460996399429 3.13406018270046
0.563552746400171 3.13314478016898
0.566134789240813 3.10596034385185
0.564379532855749 3.12148314957813
0.567952274074825 3.08530556317156
0.574721764482545 3.01572650573239
0.569893173403561 3.0653682734124
0.569670228734472 3.06671470288055
0.573403225212638 3.03108824509039
0.568122395676303 3.08540521192689
0.563950231446001 3.12565968916948
0.565310598319155 3.11040942051586
0.558904001438081 3.17884484613
0.562847641018145 3.14102800709182
0.568430905034102 3.07873545281071
0.565221178981498 3.11710866841828
0.571918494958962 3.04485609206133
0.578983392288402 2.96929148333264
0.560854442191792 3.1615808077246
0.568476393954937 3.07555250683299
0.568527169298416 3.07874398708184
0.565406767613051 3.11210650658493
0.574526731049383 3.02031713948294
0.565372511054106 3.11637346505546
0.563051902284269 3.13811868371886
0.573148721521758 3.03354683060395
0.570030648020515 3.06006718633159
0.569347188208262 3.07376117556879
0.569479197352181 3.0720684524793
0.568370108192796 3.08186432574742
0.560681099063657 3.15723793783142
0.565031267620424 3.11606564662798
0.562260734506823 3.14461149719036
0.562435730804658 3.14423104166814
0.564600576455835 3.12199928277939
0.55292060696344 3.24573419598633
0.564332226549312 3.12940807445802
0.558295084576388 3.18778719330724
0.572849044710156 3.03394820121131
0.561371267153934 3.1553811049398
0.569081627400613 3.07271035699052
0.573902510949924 3.02289623632143
0.559282922339788 3.17649458362305
0.56089469455923 3.15934752724509
0.564666309934687 3.1173682569656
0.571461711953051 3.05291522206362
0.571541813809803 3.05075479048388
0.565318873350041 3.11275194847323
0.566750822399481 3.0992274323573
0.564013931309139 3.12562843454238
0.56787698726954 3.08625760894553
0.570625197295089 3.05925589822329
0.555290458508552 3.2211057200943
0.560372466708541 3.16727961120946
0.571640764629235 3.04771525764752
0.563265124013814 3.13261313950969
0.560720035734833 3.16608299224938
0.577859600093975 2.98009643929395
0.565129874366607 3.11093825426608
0.561559281268737 3.15310041797159
0.564136514112219 3.12570597521122
0.563146062851067 3.13431453898595
0.558967789364965 3.18140587336389
0.565562691753611 3.11248073197148
0.566316248032203 3.10060466433657
0.563958241024657 3.12683789972537
0.563214816640253 3.14048522843298
0.56871796677504 3.07853738349257
0.576262395777234 2.99854142179286
0.574871656797152 3.01545852049468
0.557283630568578 3.1955318051098
0.56747108413212 3.09164573869126
0.5660167811456 3.1024170823604
0.566486666028372 3.09840019031533
0.5639592227137 3.12951339386074
0.567199746904392 3.09459773043438
0.580921920804946 2.95132693258862
0.570900487560095 3.05453090285654
0.567264964131368 3.09478520645133
0.57351778004754 3.03158438352519
0.562141776673058 3.14863817898202
0.562121928916234 3.15075185120259
0.550751228836231 3.26550720987765
0.561348070842467 3.15807957743488
0.572062172819043 3.04429038072995
0.562227871058359 3.14120385701369
0.562152310894795 3.14855484028219
0.576248337660126 2.99871897229426
0.559487208356359 3.17768498856866
0.562908707932925 3.13558826599554
0.566049481264312 3.10244638359901
0.565188651600536 3.11616894521188
0.561197865543135 3.15565519254178
0.557026807654512 3.19879546943765
0.572568726465705 3.03478711306542
0.567199086360215 3.09501269178139
0.556328786643382 3.20729837022302
0.567991647079033 3.08700394442688
0.554191894249426 3.23054373589052
0.559199228187749 3.17843670768591
0.568960118777097 3.07823821600985
0.56486512226216 3.11315920174558
0.564556086423787 3.12014975949683
0.567219722487098 3.09353682137936
0.564153697950951 3.12812850189468
0.569744299762317 3.06825524668869
0.567556569711861 3.09004774489026
0.57080362398782 3.0570862865789
0.574299696143635 3.0204847585294
0.572541659339259 3.03984607307689
0.571597209295169 3.04904512416222
0.57751445934335 2.98626526784938
0.558965273096788 3.18014531071335
0.571861986895783 3.05091201183209
0.563943082620917 3.12944927237589
0.564371024182331 3.12155313863524
0.564878997291091 3.11786723875379
0.566967333051193 3.09495621010305
0.56916687635064 3.07518059801844
0.558522855179808 3.18293281538229
0.557503011235133 3.19949807726836
0.569756868750066 3.06520495858281
0.566085085015311 3.103288873269
0.567372153562126 3.09379478662493
0.563670134757846 3.13279714110352
0.56488901641497 3.12295962773925
0.564518222236236 3.12416940885998
0.551350802889419 3.26083881108263
0.56570161130604 3.10847697115195
0.562720507681242 3.13898047893513
0.562565599625032 3.13889469066731
0.560832487706202 3.15980178407751
0.571766823943578 3.0451267142517
0.562901604014475 3.136904366097
0.57693708401119 2.99066581395563
0.569495608550025 3.07079637113137
0.567571477014321 3.089883378305
0.556242615722447 3.20564062164084
0.572068124327396 3.04596502655804
0.562204446997395 3.1453347545593
0.560819580343092 3.1623570499472
0.564041717112955 3.12680983170889
0.565335508152525 3.11307570856608
0.569768571716178 3.06829618650694
0.56981070697608 3.06945706963906
0.567144786264635 3.09659252337064
0.563971703573302 3.12907082671652
0.570413686783234 3.05827451988232
0.568723188755346 3.08058202017826
0.565710243741777 3.11248834846218
0.560874532388408 3.16298978125459
0.56855269752344 3.08073714821947
0.565721636931203 3.10939154725613
0.571027025250265 3.05323120985893
0.566287845203593 3.10514594612826
0.565863076544565 3.10575680432294
0.562440456694373 3.14459143305857
0.569396369631415 3.07066265733389
0.566479186209247 3.10477508809531
0.571563573361252 3.04813540303332
0.566503561911773 3.10318745064279
0.57038233897985 3.06186274567084
0.569730619815762 3.06791557912175
0.56944667259162 3.0723219175606
0.567684399567763 3.08445001967567
0.560547782555872 3.16269887095636
0.564379717730334 3.1232503721892
0.563978652460564 3.12947367685528
0.565360521576042 3.10976877185929
0.569264925505112 3.071355077465
0.570152934245938 3.06197095175838
0.56922566284129 3.07308027454035
0.561155585297432 3.15739436783666
0.564517871864375 3.12447545062694
0.567189545378232 3.09404923409904
0.570185539591703 3.06253971090621
0.564069120895307 3.12979466836539
0.568755548647062 3.07592581882335
0.562190333360881 3.1486300602588
0.577104918165595 2.99145881595752
0.556164765725052 3.20756408588901
0.563649812963492 3.12999071062455
0.56210556267784 3.14911700048415
0.554462122758028 3.22647268302949
0.566612565323396 3.10124155434462
0.564205984563803 3.12939369662915
0.569062930302816 3.0778578637753
0.56050136210522 3.16528435752156
0.567639481248917 3.08965444788009
0.563971873165837 3.12420831452424
0.560716280498831 3.16041292610425
0.570130926622028 3.06579258077819
0.56459367667226 3.12068886489872
0.575338495211527 3.00941987839177
0.563745928541802 3.13144399524006
0.571050397261611 3.05475627176836
0.565211647396969 3.1186379173892
0.569254935952918 3.07193272573734
0.573464701453682 3.02797597446193
0.554166302081799 3.23233975325445
0.570310053186699 3.06701643838625
0.565390831948072 3.11220703288503
0.566624406557944 3.10068887210529
0.578434617091913 2.97645231831132
0.555594512463625 3.21667262774061
0.562755239791698 3.14288254629676
0.562758193266537 3.1421082104538
0.560685720619593 3.16165833075387
0.56713636456971 3.09303974316992
0.569889452515725 3.06491248700433
0.567426097516557 3.09379447225392
0.564849499737783 3.11716122159576
0.565082921169571 3.11628158115387
0.572259047020984 3.04484920015909
0.569125471662186 3.07392968851313
0.568145278895417 3.08292798307907
0.560781751850394 3.16323661953212
0.5616550317868 3.15327475716907
0.561000193895849 3.15738609905796
0.565347565168309 3.11348096071986
0.575625871817589 3.00388815947544
0.561474849850262 3.15355693775353
0.567887256477223 3.08611720102135
0.566191999740768 3.10421879920735
0.572003104292806 3.04448890696184
0.55720980354933 3.19696907254258
0.558830781996852 3.18372756424334
0.565327418182226 3.11377510745223
0.562702492258708 3.13801274754881
0.566819689754909 3.09475970708654
0.564867141275427 3.11467492203619
0.558729841538433 3.18236323445591
0.56278095861648 3.14203338362264
0.563449637501666 3.13313658889554
0.569589637162964 3.06669043367539
0.57546563977621 3.00878034244921
0.560249778384375 3.1695420271921
0.566086744831502 3.1060620953841
0.568963666106396 3.07664804059519
0.568453465435284 3.08529939345598
0.570909569743091 3.0580235420726
0.560026732222669 3.17244552941902
0.566620177267943 3.09971147798232
0.556809307442939 3.20200581123084
0.568073708759381 3.08552728499897
0.567191419786215 3.09726263128397
0.566743955898766 3.09867903267277
0.572123280251619 3.03968874796461
0.561908063325094 3.15038828680695
0.569011152520093 3.07929878200372
0.574599758121069 3.01643297768762
0.562291175805495 3.14275667325031
0.567992187101835 3.08533617173221
0.565430154016757 3.11457922881891
0.562702476679454 3.1424668236035
0.561009301233415 3.16221980097723
0.561384903225816 3.1500546471284
0.573242071240591 3.02855177587568
0.562379529941417 3.14563035943945
0.570321756155839 3.05895800685641
0.557974195251144 3.19347542306462
0.56429296494299 3.12249745103336
0.559572925927886 3.17611651902732
0.570621192699145 3.0614302156025
0.566991572651654 3.09660882190238
0.566864276218715 3.09764579061118
0.570750750318399 3.05178489103901
0.559434090831587 3.17937667629409
0.56578321176193 3.11400449152918
0.562202957120839 3.14883112744231
0.568428434374767 3.07952594309361
0.557472787238799 3.19548279133361
0.560969695572079 3.15506744679695
0.559618827811242 3.17294275313126
0.570113144876632 3.06538581160999
0.562588708582271 3.13837965550353
0.570401509912375 3.06185741699384
0.563649280358939 3.13054098036126
0.566668307821116 3.10082864395464
0.565672718472297 3.11205318601486
0.568497812831097 3.08284100621137
0.566103628366913 3.10327833909434
0.572531766764953 3.03664398546248
0.561158416513449 3.15574263089067
0.56479229084038 3.1190329838935
0.563373944368143 3.13557730856123
0.565103455033156 3.11430011141803
0.56934934431357 3.07253869209918
0.570694474385037 3.05629560829756
0.561703459668158 3.15396857533358
0.564803222198694 3.12167230012797
0.557231831273127 3.19550982345226
0.570145171675244 3.06434462485808
0.565769701420628 3.11093383572276
0.566154083355414 3.10521450071525
0.558787187184568 3.17999851902169
0.564147453078567 3.12512464390419
0.559564492575707 3.17294425775127
0.566619027553317 3.10220651013675
0.56642589215259 3.1034054265101
0.552597704827325 3.2439984468695
0.566160684023869 3.10162127779528
0.562903352911549 3.14200960374143
0.569289317166854 3.07375961970766
0.560004971317535 3.16875839286182
0.573504985265406 3.02769566646575
0.571263586461827 3.05226147354413
0.566756616655144 3.09815613522908
0.561042721024943 3.15428522318258
0.565805242634457 3.10521915311976
0.568363996692711 3.08244756294249
0.571176247656614 3.0532373345086
0.564185867303728 3.12294025761844
0.570228136983363 3.06150329411478
0.568430789721778 3.07830304053556
0.563816685968265 3.13027195425224
0.570513136447255 3.05929707524311
0.566292864576358 3.10362537709468
0.565872342393251 3.10983344291923
0.566000492469549 3.10820935477437
0.569402658334654 3.07403943757373
0.566007102210973 3.10810901225934
0.556778822452998 3.19932774101513
0.570871994924594 3.05160829962246
0.569316063568449 3.06914681021767
0.566548058290515 3.10070426822206
0.567613919507835 3.08867965279984
0.562295124495893 3.14352614856909
0.569140015755865 3.0758249043927
0.56515161557438 3.12006376213958
0.56128876795728 3.15753328481673
0.563682690120629 3.1335925775119
0.567112789829524 3.09879763115028
0.55513771912774 3.22073992063047
0.5696007725966 3.06902775725295
0.562653860589272 3.14214842463822
0.5613689633153 3.15534516093693
0.569920460989854 3.06617355050561
0.567388987673212 3.09059678696786
0.560806153997799 3.16015977705584
0.565178393202863 3.11570619977642
0.568664642434746 3.0807787315863
0.569547627309784 3.07004471658931
0.565517772688096 3.10870991920558
0.570503062723354 3.05918498447924
0.568002586936017 3.08546897916106
0.554406725744786 3.22625480720188
0.560570918993461 3.16519889311409
0.558543065386366 3.185219683475
0.563944763778031 3.12692429884304
0.559597944345262 3.17588929530932
0.566118374456422 3.10520719551461
0.575741058788283 2.99873321602105
0.572316300589071 3.04000433698553
0.575190531642332 3.00948205788478
0.568566970751796 3.08394068531178
0.559428792221885 3.16992569230175
0.566143451755835 3.10605208723715
0.567875620299535 3.08465258858299
0.569323908745019 3.07051950712934
0.560316046815017 3.16907844738059
0.558590886237976 3.18330598842851
0.561264704740076 3.15633009572279
0.566467797659112 3.10208231967177
0.568292508592625 3.08065486919315
0.572570439624388 3.03635711221515
0.562562329451183 3.14119979320734
0.568149681224507 3.08077311166657
0.563018935339606 3.14069578254053
0.572026750994692 3.0413180455508
0.574092754481065 3.01946393528497
0.557044768994027 3.20046025093721
