0.422748728405011 2.40415878132912
0.414874971165342 2.48458127243812
0.402429258852735 2.60759899657337
0.437004632401726 2.26417386423466
0.421502253530194 2.4141697979371
0.442501329406913 2.21158337067386
0.433824313394434 2.29304678030774
0.431069313151949 2.32133997820824
0.41842014995988 2.44971735954246
0.426044309089984 2.37221929635417
0.425887006200279 2.37720245138285
0.427067405213177 2.36333990680959
0.437245090809025 2.26349474781329
0.427502986091238 2.35789599786622
0.417715508732985 2.45584017276546
0.417285487207857 2.45839983814069
0.403875952601313 2.59891276212903
0.413832739265193 2.49549869634351
0.416879752744094 2.46817683173837
0.462634800513733 2.0081029976961
0.424267933797026 2.39631427881899
0.438773096407079 2.2412826271872
0.429388162560909 2.34289744957727
0.393593643399734 2.70003421383789
0.409080056702795 2.54527077063313
0.432363549128976 2.30714519962619
0.436625872852251 2.2739734200523
0.440116905535038 2.23140620945888
0.41796242530245 2.45800892660412
0.423360808792061 2.398655395861
0.421219211300806 2.42260176747949
0.425648153265222 2.37642258903085
0.40908523020476 2.54078587337509
0.434603960121322 2.28843289103223
0.42761463660487 2.36374387140351
0.417473012762101 2.46099062297162
0.434143077067501 2.28842745285227
0.443408115395631 2.19822716837919
0.434295618528277 2.28718719814043
0.43002838443649 2.33131237791339
0.427753409365304 2.35478768108145
0.421421573372878 2.4154741063835
0.408374534616667 2.54543685622654
0.427202114355352 2.35708998157342
0.395839190562218 2.67759818812065
0.425928383789101 2.36913632665985
0.433783528862159 2.29410186353647
0.39947788458081 2.63942105574451
0.412904939306329 2.50121816837867
0.400099199134845 2.63688855280226
0.427017629570372 2.36252657683817
0.394835364476405 2.6887608816545
0.410219954641018 2.53287328079623
0.414595554944391 2.49093958979704
0.430953498960696 2.32780701913965
0.432653920501979 2.31031570896535
0.410144803879643 2.53252163587629
0.41293280465585 2.50812906420108
0.438484542367827 2.2543911187323
0.405288566856496 2.58483376954663
0.410695401744363 2.52535357983832
0.420442011932678 2.42662765973358
0.450008808070918 2.13278610556569
0.432992399391752 2.30351383682612
0.428578194512128 2.35015098342381
0.430304130073366 2.32749540813842
0.42451616329959 2.39076232821184
0.413244295546741 2.50642258473971
0.41606701365216 2.47281649845916
0.437186425404517 2.26056622895622
0.430966861405209 2.32323894845938
0.409711993702642 2.53509425854948
0.41534499590632 2.4828686074715
0.435687959792856 2.27814843596521
0.43103905967966 2.32506496232037
0.411535052364162 2.5209741573268
0.405508533520942 2.57639754493581
0.411136714586384 2.52242181209386
0.426151983379493 2.37506280812704
0.432576440237056 2.30848976373892
0.42222489122257 2.41456857821941
0.422965564340469 2.41075991093007
0.420171649677331 2.43755981526623
0.428120396723199 2.35582810578894
0.433890312132364 2.3002265547229
0.417408741918953 2.46105312829858
0.411010827187426 2.5302350116829
0.427550163879513 2.35275600063364
0.430722513440995 2.32924941037805
0.43016063469986 2.33032454774553
0.448396520631853 2.15102412327636
0.418053452829099 2.45477533063187
0.422695845510476 2.40349356963487
0.424839352225866 2.38398863448728
0.404123902268099 2.59126399621873
0.426406290008534 2.3684556199583
0.422862433927798 2.40600741093446
0.428411707664936 2.35189960382889
0.437784411226867 2.25466230880006
0.401345276754837 2.61681804089579
0.409828250901755 2.53863818548334
0.416507733541086 2.46933513139202
0.428544915936127 2.35072415387458
0.407681714803338 2.55383985500643
0.439812508991319 2.23404141187189
0.429102844842583 2.34233534122075
0.408632931529716 2.54587085114466
0.425543309682703 2.37703894696154
0.438663468025897 2.24514394515686
0.390545470602854 2.72971219986677
0.407367698915728 2.55796859652135
0.420999906333741 2.42524632800648
0.429027521204178 2.34228718831891
0.423448413123645 2.39875733015644
0.415215913294554 2.48052296509824
0.434698308407427 2.28345560173335
0.447165920656427 2.16323618380599
0.416517989074391 2.47005987337951
0.433122545401889 2.29956204290686
0.397099458494234 2.66520768301792
0.41807409849603 2.44710355665649
0.41427747564428 2.48636147272919
0.411136755410157 2.52239587130224
0.417264065328315 2.45846062958808
0.42638195741115 2.370479517221
0.43074638916083 2.32087195432557
0.433726444483449 2.29419615261776
0.424413760145634 2.3874056389772
0.423875407925893 2.39520049747911
0.437322940045169 2.25844387717212
0.43073427670642 2.32567345660053
0.417910990473518 2.45178888692077
0.418088357548335 2.45356128193238
0.45887703184532 2.04156665535414
0.435961277841374 2.27033032750476
0.415231849796998 2.48445064133492
0.420461086023895 2.42912014231736
0.43120526327586 2.31785077211059
0.403949953490577 2.59328037878409
0.410169779623796 2.53349253857091
0.437697263829653 2.2568143180913
0.414472877447995 2.49035268287674
0.439315527433913 2.23799461537191
0.413653100988673 2.49957147266527
0.427412175509776 2.35522535098883
0.42594703535793 2.36997247546612
0.410295218434635 2.53265262649665
0.408017204560295 2.55516338330776
0.442591147950275 2.21041687166697
0.405845367333143 2.57932828394419
0.418963599711542 2.4425212149862
0.417913732989508 2.45221595499662
0.42065847634542 2.424544630949
0.421889762921685 2.41669268048881
0.420394221126656 2.43222204925694
0.409918306884238 2.53467473233449
0.421786890699408 2.41722320727297
0.45311071450319 2.10242886188468
0.431833069199073 2.31011127562123
0.445527011916994 2.17496518679609
0.413604283422247 2.49748750022899
0.423811808580286 2.39946344902806
0.453840563747448 2.09529743749802
0.435820727753406 2.27495970078634
0.433280939226821 2.29516267755566
0.427759087492832 2.35427628137179
0.436740799257628 2.25898376649758
0.431036438434057 2.3124489075752
0.400305996213555 2.631174441979
0.418578489753014 2.44634196156814
0.429683115763698 2.34347620528876
0.442103364005408 2.21069760979444
0.409475044708179 2.53920000594738
0.429104290251231 2.34860411324436
0.436237548522729 2.2660846319156
0.438828213944838 2.24558395756798
0.406819627322858 2.56120099299793
0.43067709184375 2.32656146501641
0.432229245998568 2.31332653770351
0.439076149000429 2.24605512069327
0.450431829426469 2.13008282068359
0.423831332325942 2.39424372008248
0.422474300884436 2.40677253819709
0.428130764686861 2.35108831773412
0.418850572604567 2.44374815671991
0.422946489801859 2.4043317908638
0.421659648285994 2.41373392512235
0.424839863033123 2.38708078623025
0.413173355100524 2.50252689359695
0.448926489395876 2.13843704298141
0.443671197285099 2.19310959408935
0.414648159127284 2.48878001548158
0.434509798087432 2.29377733087561
0.427678659936696 2.35287502202863
0.427535727287493 2.35525113788719
0.414382122731219 2.48095954195048
0.437541371735336 2.25927828393077
0.435012585014776 2.28654240266103
0.408261641028099 2.55024274003411
0.442398634992966 2.21248534471866
0.405467257150461 2.58310001039931
0.417992445639898 2.45572493771146
0.422995717033278 2.40640657069821
0.426305500045345 2.36841024988707
0.410644919645568 2.53240987657843
0.404684042610824 2.58660708324179
0.416182089218432 2.47459691603429
0.426036967924863 2.37457576350187
0.429852605853662 2.3368815495763
0.42858352754342 2.34921336711462
0.425809153612572 2.37629788890897
0.4195500834295 2.44103156987875
0.431420476938798 2.32095153151795
0.403668060346956 2.59684818735861
0.433084667751252 2.30751396568544
0.418698987334441 2.44837832915514
0.414577011278919 2.48743507668113
0.421840429348652 2.41208952720363
0.422569498855357 2.41141098047192
0.434450280524828 2.28844807712594
0.406073713984484 2.57013571866759
0.412388687814554 2.51162562265085
0.450754912091784 2.12691645974134
0.437767446745015 2.2535022407695
0.417821231759607 2.45903355432127
0.40649943577181 2.56487862518357
0.424761987042219 2.38148648310222
0.41383156646809 2.4952645561738
0.401773522580537 2.61967054575613
0.417075104239318 2.46271412273983
0.412801119197636 2.5056590920983
0.436084459821456 2.2751466538315
0.427882730170223 2.35698636467973
0.40830891071234 2.55446611651911
0.424862664539094 2.38489377004581
0.423273261992812 2.40090370236329
0.424064889230267 2.39287645936382
0.406346774407802 2.56865311112103
0.428473349915144 2.3515276116984
0.420455753705233 2.42622443367907
0.41195461338285 2.51603672503196
0.415070689599037 2.48287345439805
0.447974588166658 2.15762119775117
0.407212092602849 2.55889921498832
0.430013189613006 2.33465279049135
0.416187114305586 2.46858492297514
0.438515021984344 2.2484322934394
0.411000484118396 2.52255519915369
0.418583716082185 2.45047190951848
0.427381385467358 2.3582158528632
0.415011849262986 2.48377509862519
0.416921493760528 2.46062607590903
0.399627624261959 2.63974119561238
0.438752350471959 2.24416823864384
0.430070668567211 2.32993048106253
0.424113357965208 2.38780297697566
0.427469337026443 2.36295893283511
0.419609249902502 2.43975957587633
0.419528535334872 2.43692443367227
0.431779553815228 2.31243704649738
0.427136122608861 2.36119562739052
0.419753589388286 2.43585137779367
0.419612239473034 2.43479231365028
0.435636792303838 2.27991767609067
0.431043228989767 2.32496765326436
0.429698781712153 2.33872694036975
0.445233105717484 2.18247515997369
0.425266538494702 2.38226537804612
0.421806533844568 2.41569347047922
0.445210865928683 2.17796337980224
0.423755982443465 2.4008202698556
0.42932172915426 2.34095146510836
0.431165730623421 2.3234987016866
0.410423478362188 2.53012496101369
0.446085815005675 2.17194008218223
0.411536568484974 2.52196788428218
0.399372622905511 2.63744826592692
0.417392423069583 2.46049216835267
0.429281993268689 2.34247161018442
0.414013215944211 2.49215718749762
0.408170378380242 2.55026040669165
0.421605314360913 2.41874291692911
0.412711615631376 2.50336378470643
0.430156269617783 2.33213937891164
0.451184661213699 2.12776767765997
0.409714707195623 2.53910384821548
0.442487714186076 2.20766909928711
0.420287239348903 2.43296692489594
0.442216956504825 2.21367234419633
0.424351982112073 2.3916560879949
0.432096373527291 2.3100133346685
0.434895913850805 2.28136844793225
0.424466029141533 2.38937771050519
0.411655568271443 2.51730671107035
0.403819771134782 2.59128233317196
0.431353451621274 2.3175263097242
0.417994334095256 2.45109123549126
0.427124624919389 2.3663396742115
0.448391083409953 2.14967220753831
0.43791045070541 2.25719621454552
0.424950852916371 2.38562928834543
0.425150962063411 2.38535747027299
0.433943184091115 2.28718599197508
0.428351841084387 2.35169712771549
0.420338304706198 2.43089792082338
0.427261461014734 2.35673501609635
0.433453276571198 2.30497108816002
0.429101928904683 2.33971558235232
0.416861716056788 2.46123672531184
0.422448184663918 2.41028255752056
0.418791124088957 2.44661488001214
0.40517091775097 2.57763831916519
0.414658445276711 2.48834501604382
0.430487675368699 2.32661025804817
0.435225717188812 2.28467681274578
0.418926197491616 2.44453660817104
0.435741706639295 2.27737748430466
0.412640109235918 2.50871051433984
0.412472624916835 2.51444501603381
0.419390123716955 2.44156752617776
0.415991380932171 2.4770470512029
0.418740340345868 2.43887908776122
0.437115300729885 2.25688646592892
0.429415727885892 2.33949022648613
0.409660520554892 2.53876484206153
0.434007947882062 2.29363480208334
0.433842840366436 2.29217241189046
0.443445238453491 2.2001225368441
0.419534655473106 2.44089627910943
0.417305473924348 2.46666291229153
0.440627777431912 2.22702960090339
0.430681543249558 2.32283649663372
0.42932205178509 2.34243269225496
0.420648452336558 2.4199061502483
0.420528565767704 2.43720407147032
0.437519136604008 2.25452888809937
0.399499723488739 2.63813591167946
0.419380955726232 2.44313809776061
0.424600906792545 2.39527788517933
0.431354699561922 2.31831609282828
0.425851298596636 2.37163763628368
0.430204336727427 2.3338565345481
0.423565210087579 2.39725296572561
0.426133005225987 2.36637129318103
0.424954279012641 2.38388882264265
0.413629951323883 2.49987902366315
0.450141738568875 2.13523349037205
0.413042890141954 2.50380038153783
0.425940648159387 2.36999094210808
0.436547324684647 2.26777928494933
0.414284516347763 2.49277301444168
0.420998946415071 2.42535415522398
0.425649409718486 2.37587792668033
0.428863376008054 2.33829184654051
0.425398377915577 2.37928640963096
0.435296113105869 2.27487919410845
0.421367825496586 2.42119200281299
0.406484813315336 2.57039013540302
0.429723462560759 2.33925676564449
0.406492321031296 2.56748139062198
0.421629150970828 2.41566026502712
0.402875740885729 2.60466373155041
0.417630140348047 2.45235120927096
0.403202981926096 2.60261148735284
0.421117846341556 2.42769650951363
0.434525883756044 2.28939077665629
0.426135205043481 2.37089633109557
0.453080883904907 2.09939340387847
0.422937315036269 2.40494224862403
0.405453980046548 2.57758071474881
0.444029668883399 2.19017284386463
0.423391735997321 2.39397191785279
0.412225978831461 2.51461599173429
0.415470425511617 2.48328294720889
0.424367230954043 2.38262335714918
0.429893988992553 2.33197260960888
0.429498769701373 2.33626124880191
0.431540375113011 2.31512881389923
0.410721572082819 2.52526933784395
0.414514548478963 2.48815631582369
0.43548238667209 2.2857073846823
0.411525622494037 2.51744165136839
0.42824475907551 2.35506180311814
0.435577344329599 2.27423891217644
0.424521472992839 2.38950912485314
0.399950782637789 2.63635829226406
0.428500601477988 2.34685103826167
0.422973980327349 2.40164919776723
0.426408127566277 2.36988291104092
0.426710670598188 2.3723507674136
0.413060687641314 2.50350119124422
0.443739130256329 2.19290336592077
0.437584427521821 2.25123700854469
0.418151779050933 2.45353294938003
0.415894546099044 2.47290417909157
0.417853474068014 2.44986790591626
0.430045004486403 2.33519547444883
0.419603067001306 2.43925979173904
0.399768433352571 2.63464609955578
0.45324336683909 2.10025115174581
0.426415335961188 2.36920230443451
0.425795228570645 2.37721142561938
0.416746594575608 2.46900134471915
0.409123702934746 2.54276692822869
0.436852286549509 2.26684232172506
0.426690816056138 2.3705795486577
0.413713247617991 2.49316031813506
0.426676963991128 2.36792836725691
0.418213013810629 2.45504670485197
0.438559381504609 2.24918104636268
0.432731452995618 2.30577003657173
0.443520979972939 2.19756499792646
0.422759142522642 2.41174057635152
0.428081555129415 2.34583760188053
0.409930830323432 2.53160531435431
0.420056188573178 2.43566634663523
0.423488703522699 2.39665889547339
0.428825519377079 2.34936289514463
0.430181367897377 2.32880841118274
0.41446642428602 2.49293921245733
0.420379781310789 2.43112613611494
0.415976435908741 2.47262587887193
0.414713192389695 2.48802505332133
0.419657542263221 2.43697022799495
0.427461010279444 2.35976728028168
0.427983698843009 2.35080246736036
0.431604686551587 2.31566058878136
0.407714333249477 2.55697802455785
0.413293414086938 2.50905096349618
0.419791447174173 2.43401106622491
0.443986581521646 2.18725442250126
0.421950363881837 2.41088810456288
0.424240469913348 2.39401457716041
0.430584086962861 2.32603362599742
0.413169904454581 2.50685847466596
0.41360799443144 2.49395156257654
0.428032938335355 2.35813492296212
0.411638424236474 2.51359188995258
0.400530231611893 2.62838927623786
0.423340012080911 2.39805629417888
0.432050821136473 2.31166010652042
0.424107476723748 2.3941933048539
0.425625321442219 2.37487544550881
0.422598160199333 2.40435259298399
0.425187643168052 2.38421514189689
0.433039887743399 2.29770862354462
0.433149053290438 2.30394262481856
0.415427061666856 2.4840154602577
0.441329678478618 2.21580706824691
0.425421671274711 2.38026471209887
0.43059379208155 2.32859489121896
0.416530536055101 2.4682548212871
0.421011245103231 2.42681952258549
0.428270694437362 2.35000041500732
0.413943645321339 2.49767194177054
0.409613030323707 2.53459996449422
0.416750312235825 2.46611909920899
0.409041263836041 2.54355930710558
0.42981801573019 2.3363938759382
0.407317277096068 2.56320984730223
0.4141428177145 2.49565592435883
0.418501467992635 2.44480088960957
0.426332601740257 2.37097984780983
0.433431428554872 2.2967221067025
0.422179745070619 2.40579056215623
0.432633147296391 2.30436448755549
0.433301595764095 2.29572580087654
0.441019837543499 2.22677729004825
0.42738624458081 2.36611814025584
0.434919745532204 2.28477413042329
0.427948934513833 2.35464187516199
0.417476851814298 2.45562618664655
0.433336730270341 2.29527105562531
0.413406916647003 2.50205283565734
0.42422065190902 2.38748320495698
0.446393908620243 2.16250776007361
0.425247653071884 2.37871704904707
0.427220027574823 2.35967800636088
0.425474709506314 2.38001692084868
0.41987794388652 2.43630478770243
0.409031558751148 2.54485608465797
0.433976626280949 2.29142181405177
0.4312245258613 2.32290712671525
0.438669394474376 2.24734788875088
0.407132015860928 2.56281284186704
0.414186321159791 2.48942550899427
0.441992783632965 2.21771142999028
0.441266770270478 2.22092760798442
0.431846673788165 2.3205732491016
0.411772051214198 2.51569213508482
0.412547143788802 2.51463772203228
0.408768068520999 2.54808052202608
0.401394866602785 2.61996355092411
0.430262567824821 2.33102439483676
0.415659306069665 2.48396726114238
0.417693117728459 2.45539547486269
0.415173993958487 2.48546122221883
0.434135789594415 2.29536317661718
0.430097489026219 2.33661781554439
0.431575060026727 2.31876512953351
0.437025053561886 2.26019335303419
0.419262749576855 2.44103683387337
0.42779908908195 2.36016288444795
0.441268565853846 2.21719092476662
0.419994244180824 2.43358243386528
0.429104785440225 2.34076918471405
0.426488120437242 2.36680451324471
0.415891115807978 2.48092860272904
0.422609603193893 2.40148058181874
0.43174850608695 2.31745852073289
0.442402396206559 2.21162829110716
0.414424507301434 2.48886118378357
0.42573487766188 2.37644153005765
0.434115526848171 2.295539180474
0.417950402030682 2.45806051902718
0.436715380070473 2.26715933596891
0.417352017292219 2.4610409243018
0.421750377925295 2.41452437135372
0.433573760697949 2.30049117951332
0.431626421313104 2.3158954861517
0.410014085347896 2.53288814212214
0.425901562937156 2.37532417100447
0.426418281822035 2.37404549297794
0.419753475608477 2.44045215561962
0.434415427506091 2.29367145744126
0.432015178363138 2.3187906935753
0.431029251272274 2.32140361391009
0.42551197621042 2.38310924672598
0.41121002953328 2.52204695779523
0.408406370410554 2.551845641231
0.409894240702313 2.53663119840577
0.414153399549728 2.49666911908163
0.434124465087832 2.29562605779839
0.425621091246688 2.3760928820138
0.43482515501794 2.28963504168545
0.412911842685962 2.50473178073896
0.431100144680304 2.32483078712964
0.453373107234887 2.10181716404111
0.408689552435089 2.54654026209958
0.398358609814257 2.65180273000345
0.42047645226625 2.43143326764031
0.410386587340199 2.53370442292894
0.412044075985949 2.516848315135
0.414057912149554 2.49704700135162
0.459473485345172 2.03352109932258
0.446213182262598 2.16913880572364
0.418440123211379 2.44584326765336
0.42821441899422 2.352251598798
0.430580960550411 2.32808024423658
0.431255960220686 2.31913213309692
0.440670178516286 2.22598344336674
0.439760317704585 2.23688168441965
0.426162267870228 2.36904508965815
0.432433057168655 2.30432385284635
0.414972992486742 2.48383584406309
0.438469012371837 2.24882365178302
0.428898450611274 2.34920662292477
0.428080469616667 2.35399971172803
0.431855502532533 2.31757924812887
0.434056872003869 2.28990772067826
0.425444296457377 2.38738833581148
0.437664651538727 2.25711247721814
0.44956585408258 2.13370855176416
0.435592185041043 2.28120867475076
0.432342069148674 2.31326287808837
0.42694096772402 2.36840172624297
0.415528180192747 2.4769431595874
0.412910935160057 2.50327099379105
0.420840704474581 2.4255197286479
0.416722380690984 2.46414121604001
0.434342434189137 2.28961214617634
0.433685851618894 2.29836491489598
0.413280803068508 2.49526281690091
0.40938333348959 2.53792048063007
0.428326358250915 2.3565719139293
0.428286170890467 2.34867525277978
0.426282617032037 2.37068755382802
0.41518947788738 2.48383643960126
0.426696392536668 2.36806047169947
0.425018485281282 2.38110272310928
0.435098247232579 2.27907829138463
0.410997553397013 2.52823180542695
0.413547955803708 2.49589768720221
0.418073094519384 2.45502158417342
0.426866430965217 2.36385245634791
0.427073132635751 2.36105794396365
0.428691243112654 2.34284328588586
0.412196392410102 2.50854073240483
0.425753479638484 2.37714277975699
0.439130094435957 2.24229887976879
0.428782950000197 2.35027886409515
0.416983015801085 2.46427549388984
0.432106436199265 2.31289314909405
0.429619732532493 2.33575953926924
0.421790271016728 2.41571190167181
0.438906465651613 2.23817577881802
0.418736123490169 2.44352368437018
0.42985383177969 2.33450172813516
0.419017650310997 2.44439604064176
0.416643735156682 2.46855646440747
0.428797268587674 2.34753362831025
0.395085833399933 2.68533289133407
0.43932265040947 2.23618012823233
0.404832988151487 2.5870483494574
0.427885157711497 2.3562941023048
0.455159979154408 2.08106512575931
0.430572166465347 2.32802756735393
0.41167088206234 2.5227162816851
0.41767444333238 2.45283941835383
0.42687732724708 2.36256708427672
0.429936071628941 2.33701823322428
0.427884363576072 2.35909039224879
0.445561960788942 2.17757582296464
0.426380735830106 2.36663773560596
0.432523753934733 2.31185161351693
0.417059035315441 2.46034458106318
0.425958223977044 2.37789870940974
0.42256176167116 2.40737158708596
0.433784563910414 2.29604520032246
0.431580695583437 2.31832447635682
0.418561222733068 2.45166316489054
0.43857839317999 2.24660018635305
0.434480539902355 2.28896425802044
0.427954708415956 2.35307138356903
0.437298971398325 2.26106134895142
0.435248070360502 2.28117664623421
0.417201006203188 2.46847852110234
0.421704985861371 2.41658693477706
0.429449252708306 2.33936490910732
0.428211277392246 2.35042304430916
0.431944725364835 2.3147937187256
0.406435194192135 2.57109343092527
0.425233967083173 2.37701484042727
0.428768504189089 2.34743538031563
0.416737859842493 2.46492933409884
0.425186156030259 2.37850895693479
0.417766926612795 2.4535992059199
0.423331280071118 2.40598333377852
0.424422294424793 2.39147988498923
0.426877164739267 2.36506389870235
0.420962767609279 2.42242370229149
0.423969524335547 2.39301244325549
0.416894441050865 2.46869148553932
0.433764160498115 2.29700464068612
0.42135026472197 2.41876087016291
0.435675386165729 2.28051469166464
0.407893574747845 2.55150235661918
0.411978622120654 2.51818330252753
0.438575500606303 2.24376515234291
0.432853185749954 2.30410573743797
0.423936089143339 2.39566899756718
0.436884920828981 2.26071991202031
0.412697236408737 2.50806354541234
0.410780208808531 2.53174686529159
0.436116379150269 2.27074969739271
0.418061933186873 2.45387229552939
0.424378844957201 2.39405015595438
0.431067068654285 2.3176109350196
0.421748294576889 2.4215667768942
0.426060980946653 2.3718267429975
0.43354462173978 2.29578732156986
0.428083968707021 2.35004962470511
0.413972470695086 2.49865986165467
0.401252954778387 2.62579258244998
0.414070657781816 2.49229210742293
0.428311218607916 2.35152831212196
0.426345972568569 2.37165576976765
0.423054745459496 2.40437023271934
0.421342737514961 2.41516337881152
0.424899223062102 2.3871738322811
0.4457158250899 2.17556682955418
0.433091346094609 2.30603171229135
0.437640824808814 2.24958949498441
0.422431159860627 2.40976843488643
0.438564899948545 2.24605777685565
0.429575894620095 2.33693824267152
0.44228105535928 2.20781451622439
0.429425983580412 2.33520130664794
0.420862593574156 2.43334791274225
0.421191120910341 2.41867327121896
0.409060382814821 2.54503970239245
0.417157461205467 2.46224271839133
0.419243983223211 2.43800144415795
0.442762347263512 2.20560679476559
0.423030532333515 2.40493547244764
0.402079707768485 2.60647320934548
0.435640182802175 2.27514595280784
0.427983434488818 2.3504696226807
0.442948929334399 2.20364533932543
0.415784322903198 2.48146227839772
0.4011126977581 2.62585457505594
0.415617356339964 2.48506659615472
0.397300296103146 2.6567729518997
0.431244016083355 2.31665847593424
0.424830666404239 2.38040781373181
0.42515902858831 2.37928709467306
0.42866805073549 2.34771964802125
0.420945064553414 2.42188055908393
0.425563652227559 2.37890598531455
0.417778927634783 2.45113472410798
0.42653527174987 2.36359811881829
0.446413376754073 2.16286525255336
0.421191806790893 2.42769992118856
0.413611998482818 2.49983104905622
0.442565972141542 2.206320724885
0.406791637685965 2.56921751819922
0.422475696660935 2.41247999452245
0.424322779945143 2.38936627865189
0.432538121690012 2.30542115741254
0.398786458722046 2.6454948879578
0.421582097771068 2.41627502558201
0.415042447278796 2.47818265355804
0.418746776295439 2.44677934418149
0.415015884031422 2.48536232844715
0.439189686744766 2.23999530537357
0.424113455730619 2.39032849253016
0.416702974656776 2.46304622830553
0.435767852101371 2.27517567005528
0.422426188095488 2.40826513346732
0.413612604552365 2.4951211540339
0.418651711206692 2.44997062130232
0.416945511393744 2.46518073807866
0.40545872093459 2.5784910570908
0.417292442753369 2.46313768285213
0.440085746619415 2.23440812024873
0.436432046204677 2.26515362065468
0.418833754471464 2.44195860755982
0.437215578682429 2.26384989964762
0.426577147188136 2.36916023818239
0.418158049732696 2.45649636440405
0.42020104072045 2.42749683283974
0.405956665018608 2.57026217627976
0.423946989147076 2.39537077534891
0.432877710174077 2.29801438406241
0.43336210850639 2.3024882791198
0.44240196986903 2.20992223951811
0.416116865468109 2.47269214378628
0.427718664679044 2.35424485306185
0.425009134203975 2.38428716932745
0.430275876283455 2.33273954171728
0.41942729333007 2.43656070242003
0.422277360889797 2.41041074692191
0.425575912983588 2.37619163650468
0.417689706509727 2.46183776187188
0.426830458866295 2.3634420347833
0.429822830207288 2.33722775922239
0.427333159795872 2.36156505811977
0.443279284424113 2.19481050446502
0.415339365616727 2.47609530671108
0.420992065859906 2.42150401762953
0.413524689049764 2.49832364029018
0.435218883417226 2.28337885938549
0.393939200460449 2.69268172400718
0.434155848399839 2.2918536279949
0.421758160850087 2.41469275165952
0.441413278741602 2.22229152753353
0.425970648850457 2.37267615829664
0.429430794777345 2.33565012451816
0.434763084654943 2.28651981038143
0.428129035319926 2.34766261459967
0.394985847059004 2.68568969921755
0.405872126144007 2.57754990616773
0.41996367132235 2.42882907773866
0.432948519944018 2.30214174907876
0.424581702253922 2.38838294304669
0.429038011944539 2.34543579675659
0.427354427975508 2.3600278540244
0.412915444878246 2.5005848755544
0.414820370678846 2.48916705140128
0.428161220544556 2.34963488254148
0.416703443455182 2.46785815992477
0.427555760767144 2.35839411401483
0.427837772072566 2.356458364653
0.433532420980479 2.29879575078118
0.434764990239936 2.28916379586756
0.410271708954895 2.53620184959371
0.433538088616084 2.29746620694456
0.422221687118726 2.41145415951117
0.420088356231153 2.43578006143038
0.44417760096291 2.18929123983878
0.425740758328009 2.37564397794006
0.428082520741349 2.35232285395563
0.424847084518329 2.38495043431797
0.430591239023497 2.33105210070146
0.41982610935365 2.43911512320656
0.405479999885261 2.58261530272327
0.429664714761913 2.33883969806167
0.414005157064374 2.48944764890779
0.419600802172846 2.43896805438057
0.433386283042308 2.295670857122
0.438498440622153 2.24594312856102
0.444047415806296 2.19448025609671
0.406965027774439 2.56261899942799
0.436737186516718 2.26880993321177
0.426204608640056 2.37300481225487
0.40895381217639 2.54751856349256
0.426319829851076 2.3723179605642
0.431208051771882 2.32187333215501
0.414564214858567 2.48739338935623
0.421261012551034 2.42504531002536
0.426470161019693 2.36861835084478
0.419574349794227 2.43599353501787
0.439558428579905 2.23397323937129
0.427676113976834 2.35763191805443
0.418637566684375 2.43895857153887
0.433726064824958 2.29376845302272
0.408898935925785 2.55353220589711
0.445020088588982 2.17706196409911
0.432102721605103 2.30945702267439
0.420958667985595 2.42397149074444
0.417044662312807 2.46462287758808
0.427728660984402 2.35415384519887
0.422589680386958 2.41234556014805
0.419747737942425 2.43167441317579
0.417808521191258 2.46039222099038
0.429494722220628 2.33716354496752
0.405642181723714 2.5764091397297
0.394139035414298 2.69592303942617
0.431085746874707 2.3266267332918
0.424528362809629 2.38457343076107
0.43081683741305 2.32535726546028
0.420026902869511 2.43590793563799
0.429736454229496 2.3365524457419
0.413031795038523 2.50542404574623
0.448524902452711 2.14605180480845
0.415175698233502 2.48222253615518
0.432084907801859 2.30958022776388
0.425080879438895 2.38191402462207
0.415186670946997 2.48313050284836
0.407121757469698 2.5682677152505
0.4301744088505 2.33226792811434
0.426730440950957 2.36352924909179
0.424655806787638 2.3834765839429
0.42346906265355 2.40250645699082
0.434008393843096 2.29274444127732
0.414175392409828 2.4912441452449
0.415579052957857 2.47812602348298
0.428332620363494 2.34847230747586
0.436097851538661 2.27407806256655
0.421813518971618 2.4142877915291
0.44701366256713 2.1610222269551
0.415298925149385 2.482060778862
0.448123925564493 2.1452574022499
0.423653168219056 2.39570294950611
0.451976931609913 2.10973426128379
0.426542551806801 2.36985492928596
0.418905293913761 2.4370760869453
0.44542999743278 2.18136320212252
0.428908315192098 2.33612549636893
0.42108138730328 2.42336086173153
0.435842987227467 2.27319417092989
0.404478061388506 2.59250062422768
0.454172478395202 2.08991575486675
0.421942912636697 2.4154933765151
0.428857049668353 2.34321263423955
0.413509254612856 2.4934912105056
0.417324329010633 2.46472261863721
0.416496852595498 2.46967738696019
0.419118469103353 2.44013164350301
0.409705269284739 2.53579329452741
0.411768377682714 2.51074419346404
0.435616798364674 2.27926897281428
0.444592846140475 2.1877612994968
0.414868510442962 2.48581832903404
0.428747070284672 2.34772052038567
0.431696542072871 2.32211545913698
0.445196823038137 2.18480293411671
0.438379094678114 2.24593863638792
0.431390175269964 2.32105466713112
0.447159159429862 2.15900627339929
0.43719466083703 2.26397038834187
0.409836967713234 2.53563961762394
0.404206388081433 2.59146804055572
0.424990529345961 2.3807463091377
0.406527196043799 2.56684329250855
0.441930277824781 2.21357026628295
0.447186678371259 2.15924834654985
0.421205780195689 2.421906410467
0.416846478852027 2.46319760616706
0.425840627077068 2.37452603556432
0.424695130434811 2.383650884456
0.423195154506018 2.40523238376641
0.401740826360245 2.61644830513089
0.426425228706396 2.37529416502719
0.423142256271796 2.40422566446199
0.41779341187944 2.45190581681056
0.422906236532411 2.40678390913217
0.423363853076895 2.40432286208921
0.422901675321848 2.40268692514593
0.431689799525456 2.30965619114952
0.407244742542958 2.56443209935339
0.435130871089687 2.27796958891329
0.415577418289653 2.48114861469544
0.441690505177189 2.21729745520025
0.426506321226832 2.36577774798884
0.426812592335638 2.36461919034115
0.421358992887418 2.42256502359151
0.428385615300813 2.35115954305738
0.417750384941028 2.45396499056958
0.445288122323729 2.18233783016658
0.423563952676943 2.39565768500396
0.440146058481481 2.23102286124172
0.434355064017673 2.29037543345975
0.43095174500827 2.32297793774507
0.443756592820307 2.19495777250532
0.430493632327331 2.32852344263521
0.427378928990402 2.36006482530619
0.426809744234938 2.36433018385029
0.420025834454103 2.43333355124841
0.433275977250893 2.30373202473132
0.42204824814225 2.41342762327155
0.414318504583189 2.48582996239761
0.407268975158279 2.55732901463817
0.409957545197357 2.53306081683219
0.425047875457936 2.38435685126911
0.440624673034365 2.22636294283493
0.404789097841653 2.58742194168813
0.408051353376438 2.55253778666601
0.433408190785443 2.30417497811431
0.423745397460424 2.40016174458637
0.42482155921054 2.3885554211675
0.414318264325476 2.48696713087281
0.437510830945162 2.25507926986139
0.436836924315758 2.26293782379167
0.41865369406593 2.4468875509015
0.413296660468188 2.49720176543469
0.413903678836738 2.49688679813389
0.418324200869558 2.44692414062162
0.411447858169964 2.51600315945259
0.426653905823742 2.36950970051345
0.42857475657873 2.34597921984113
0.441261608935147 2.22170858180763
0.443494289271724 2.19877216599915
0.438537401576797 2.25339387548115
0.437230866928444 2.25943594783061
0.439638966572745 2.22966000654876
0.415664657154723 2.47986070459409
0.412612971205245 2.50763858211258
0.421107646699363 2.42844140188434
0.421099615827504 2.42149365090822
0.412113951665815 2.5144159847656
0.425809735111636 2.37666256875356
0.428041356550921 2.35109031730998
0.420283442718569 2.42995749411925
0.442207937829965 2.21480866525086
0.423205364710312 2.40574195038704
0.410617923246288 2.52694632339351
0.437542155545461 2.26084340522047
0.423127065753948 2.40510010248209
0.423075691674527 2.4062906366475
0.416999176559506 2.4585087445248
0.436858729457602 2.26203188122498
0.421414332898263 2.42109724217666
0.423088656238361 2.40401186247475
0.428773460891015 2.34628455238737
0.420599703734934 2.42996801505842
0.432998386876049 2.30649498606073
0.413441938966776 2.50216719227511
0.45341138968845 2.10073779156326
0.412234957137593 2.50998618543532
0.419239456509972 2.44163958219387
0.442850071037453 2.20178061802079
0.438591443956284 2.24757878936147
0.416827959225671 2.46372193200429
0.420755306802182 2.42460715133252
0.4315635241418 2.31609798391067
0.417244822269016 2.45960657499433
0.434775930872846 2.28626396846853
0.405899852801714 2.57344572186096
0.425793348699245 2.37951326036767
0.408078251528697 2.5491422396613
0.427916804412406 2.35341600286765
0.435807746484983 2.27231297143689
0.419860444915965 2.43873862675049
0.409251574182039 2.54255183461021
0.414109649348937 2.49390993644271
0.423798091869265 2.39267203885434
0.438256233099566 2.25314044878622
0.440542798637693 2.22468143829752
0.41886293009865 2.44337351793921
0.415726310758388 2.47887174036499
0.415302047556643 2.47568503643785
0.424168187379534 2.390459866426
0.4118821806907 2.51497985807301
0.429840038020651 2.33209369576801
0.413525335354778 2.50008680152903
0.416887295276386 2.46714046715369
0.408735858970557 2.5450930970979
0.43108006769553 2.32155624399678
0.428963831017863 2.34242330906845
0.43262520899878 2.3050120141914
0.422794084339853 2.40961338926223
0.411431319997497 2.52554192020587
0.413963047990464 2.49288762772745
0.42326777675898 2.40416837797985
0.428527772365141 2.34850256039078
0.429465379557386 2.3381610473267
0.423955479466314 2.39099004184005
0.435747926781919 2.27300612628515
0.433874509908517 2.29286622667316
0.420591021627543 2.43075031624958
0.402808847640421 2.60631708929879
0.426356520931586 2.36516816979531
0.431001739896583 2.32308669742057
0.419563338314272 2.43701559182963
0.428200532757001 2.35397137341506
0.412808111654052 2.50543541954175
0.42244432881351 2.40924755666685
0.441380160544689 2.21792562878433
0.408926132017294 2.54662309183915
0.428229943234708 2.34924417718027
0.405069329765658 2.58405161827256
0.436006815825906 2.27156671845794
0.421183961842635 2.41928016186415
0.423450753737877 2.39742590414584
0.449880677235491 2.13646724970062
0.429453229328312 2.33931858251941
0.425370929855026 2.38036980658776
0.412982458426971 2.50252201587722
0.423252923968167 2.40455155680377
0.428516090894339 2.34267950129026
0.429901317265231 2.33106866025716
0.427230907494742 2.35999036018984
0.420060326157454 2.43136519388893
0.432904306821154 2.30613620715993
0.436794558709049 2.26902887170699
0.421759326791791 2.41993577972142
0.417074164119124 2.46832988876927
0.411077634397159 2.52919325516447
0.421063327311075 2.42282559876028
0.431397850084988 2.32149823297268
0.440393896724249 2.22961755597242
0.43905851659599 2.23750969877253
0.413278804779328 2.501988632929
0.429370253760796 2.34594406002064
0.434143199057991 2.29272848111008
0.420542321189189 2.43186612508548
0.413493952387523 2.49850298852879
0.438851979522557 2.24884478483735
0.383511311116091 2.80470944726885
0.430731299799474 2.32691878095514
0.421356268365183 2.4221467954566
0.441688311867047 2.21550017141855
0.423186943838893 2.40151398588283
0.43369586358249 2.30205911319873
0.419637832350315 2.43950797707533
0.427571528210419 2.35559021040625
0.431733414592641 2.31722413280826
0.421331288310165 2.42198562576708
0.429488882798244 2.34048375274465
0.431119378978821 2.32177664265407
0.431143302072463 2.31575205797305
0.436622051660605 2.26247004346779
0.438426947607107 2.25172884281892
0.421851073289433 2.41739486172027
0.417045516342689 2.46203749522573
0.406264171327396 2.57321077963121
0.417917677997724 2.45367065715874
0.434957242603377 2.28480620138922
0.411215011165542 2.52439621412642
0.433395491693549 2.30134274875328
0.419948376880135 2.43999588933343
0.412525098848959 2.51045573353088
0.435280660023824 2.27617080015148
0.418904822143364 2.44530957884425
0.417066389674742 2.45939835847957
0.435933487438183 2.2712370451324
0.421424985571782 2.4203484773571
0.425292952934384 2.3834587605032
0.431308257132743 2.32511897725592
0.424924558575575 2.38808738430125
0.415309953182385 2.47961117946565
0.44016839590578 2.2297346487887
0.438170671895916 2.25237431326593
0.415774505833167 2.48352544438054
0.400333286658327 2.63561700854087
0.434078781011604 2.28964258640657
0.427225257777599 2.36644593567497
0.422128285032939 2.40917840102796
0.417065455561696 2.45764144003129
0.40932707533404 2.54235021623281
0.427627641567175 2.35504092119659
0.441292655766742 2.22213931601037
0.437040523557617 2.25884288650656
0.417633758637981 2.45600902062341
0.413242848649424 2.50435709588742
0.415678167633414 2.48253534293253
0.420459582814293 2.42617098528268
0.429942330491048 2.34290962681773
0.422960875427348 2.40536814378479
0.426677867669376 2.36327481232396
0.433010044215999 2.29956192701814
0.445717361804206 2.17493903262493
0.414290432022099 2.48759373680024
0.408671908078255 2.54600475510031
0.417443810467784 2.46309025909501
0.414949694821954 2.48697424749807
0.421035256849597 2.42463948444855
0.424295059176496 2.39093575892426
0.421325670490818 2.41990141037353
0.427272924678249 2.35730950687362
0.449592825995758 2.13627990687355
0.425451123827845 2.38265269939228
0.410087837336401 2.52976143331594
0.436358561734353 2.26936267359842
0.427775818172378 2.35819139209932
0.413264607195701 2.49970385492245
0.429069077672218 2.34587511541779
0.455420186084803 2.08249735146853
0.42541823935731 2.38270000168984
0.425415430755851 2.37887416553927
0.421058895992241 2.4254849047356
0.407426907629118 2.55385517977829
0.422445735841008 2.40767034342951
0.414262353720426 2.4891796745208
0.411349692745199 2.51736611399887
0.432431055096125 2.3102404546291
0.416700348521227 2.46320137168834
0.407310302327801 2.55959631627914
0.416980736512144 2.46479944386452
0.421358406234817 2.42218839937236
0.423155271109022 2.39721319844564
0.431378233690278 2.31540661062106
0.42773836463683 2.35544198113281
0.413285928160187 2.4979468261822
0.443056730872856 2.19979878579763
0.430058695518171 2.33139477349254
0.401780770332182 2.61588089428491
0.409750433492963 2.53790059110826
0.443592184659095 2.19740684669001
0.415138880890743 2.48358936684217
0.414776314809952 2.48350192417632
0.423518486881402 2.39716394843451
0.440311130624891 2.22995816552699
0.424389131837557 2.38896050462959
0.41523187081302 2.4797533803009
0.381342325839822 2.82531857615036
0.435544682798247 2.27856252523049
0.397878966376824 2.65319692567236
0.420498849452439 2.42434868449765
0.419770986678185 2.4333379741491
0.424190762687358 2.39329630518085
0.428904538260788 2.34104110026369
0.433490520445074 2.30092725932917
0.422011584391392 2.41373167667044
0.413249570626048 2.49991474921358
0.437800061041571 2.25591371093242
0.443186656607927 2.19383369505657
0.422660799109811 2.40514932196749
0.430990888222284 2.3221794752144
0.407167320599974 2.56674195643962
0.422062541699036 2.41705207549227
0.434455825447477 2.28902473995656
0.430386150647414 2.33154908634554
0.399711453740339 2.63231620897417
0.419465012044383 2.44190121755006
0.415952687951103 2.47684991317069
0.406788663238459 2.5667507897783
0.410045074380364 2.52735675685286
0.417287627231224 2.46010256253076
0.420399039668839 2.42817270959917
0.429161472450644 2.34186546544195
0.414378604672077 2.49122353382778
0.431598371865944 2.31971377055547
0.450492931909922 2.13367427492683
0.422911549531099 2.40499877403719
0.436039369422966 2.27106946891828
0.448807056295214 2.14416935023036
0.42860284549258 2.34504603544235
0.407982282720469 2.55346162710781
0.413837707006272 2.49510341618714
0.422849948483684 2.40404616991055
0.408896714506939 2.54127746295015
0.398601294071758 2.65353341691593
0.422246164274979 2.41387331634568
0.419026234265812 2.44226110372018
0.419347549279989 2.4408763922435
0.434583514954866 2.28462797583128
0.428295562518268 2.34933459187591
0.434887871262301 2.28531744717157
0.42429754851269 2.39339671773155
0.447942060736716 2.15474593272859
0.413957125399015 2.4947792533616
0.441245873867008 2.21646577688374
0.407133642475655 2.56849737844489
0.412896412313258 2.50225143300824
0.427758556939542 2.3494741837642
0.406144657225797 2.5730841250249
0.427752032368297 2.35512418345065
0.416526084433841 2.46584666643884
0.401539693275013 2.62097261243286
0.429231989745661 2.34242646142926
0.443224946340378 2.19658551113848
0.423418250296153 2.39783263476776
0.441096317735513 2.22745478885631
0.405844078019493 2.57665572832028
0.427018317657221 2.36231721240032
0.430914755309728 2.32614100128397
0.422856119434466 2.40188815945005
0.414395842071765 2.49071277517118
0.405823892803491 2.57119598697595
0.423245317693798 2.39703047491624
0.435852334454415 2.27615961395853
0.417089154130013 2.46366924590246
0.425020620770075 2.38445325803163
0.41320784706542 2.50110115912707
0.415907276722053 2.47680273924911
0.441932169649787 2.21782066802897
0.41863662849285 2.4494939853964
0.433805689054307 2.2992679912163
0.438591127409638 2.24544849444595
0.438594536929931 2.25008160916281
0.42380129847749 2.39695074260809
0.428887533459832 2.33794891826151
0.43610408924746 2.27376798084849
0.428346274081103 2.34898601055739
0.419036215279106 2.44707131693847
0.43503901385095 2.27792404260525
0.428388676785198 2.34460806681737
0.454841340515618 2.08442450963792
0.434785111166433 2.28332770548397
0.423081813391543 2.40039898366972
0.419459968677883 2.43525709757856
0.428279342277169 2.35161962968224
0.412105979794223 2.51235665647674
0.436771747955323 2.26654819094415
0.433423863268976 2.29889899100216
0.424189765314337 2.39230733519996
0.416460525522277 2.47268921925376
0.41709637947143 2.45607805056731
0.413273464324003 2.49937053603915
0.401373485888752 2.62075292097359
0.429487907049683 2.34099998573945
0.414766311078568 2.48746572299247
0.429760593440411 2.33517819558249
0.405565936071717 2.57997487773213
0.408205146945823 2.5534578592542
0.421866863757237 2.41718238000106
0.420606621914731 2.4289908306227
0.428301608279437 2.35047857122077
0.447394256744995 2.15783189525847
0.426936794849191 2.37123773341174
0.426631672424565 2.36861309198117
0.40503791253077 2.5815765254554
0.410688712763002 2.52676837714804
0.441414011258706 2.21621314305024
0.430143491902262 2.33388721501727
0.415798913204608 2.47343621014847
0.42957687670886 2.34229268619904
0.412311469631696 2.50841445114804
0.426830855926989 2.36184179193294
0.410571398032574 2.53062768640118
0.405025460645777 2.58670182168686
0.422828241378959 2.41128551820848
0.44320737529715 2.2027878575171
0.411763738999835 2.51753185263017
0.397286907372898 2.6606732773331
0.39828455207126 2.64966567415418
0.415551720394645 2.47372662612271
0.416325558659012 2.46947179776716
0.425319224962552 2.37879943894637
0.404712882426233 2.58477100888742
0.406347633441797 2.56930197020838
0.41843724541338 2.45046825821887
0.43686215568298 2.26371049783256
0.418488260822591 2.44484706193126
0.427786495548156 2.35913131166803
0.440609495827243 2.22491552354852
0.422376181449594 2.41167429686136
0.440901934701394 2.22295578542613
0.422067836399713 2.41228030981533
0.422108547272124 2.41400293990068
0.430270519314423 2.333848906295
0.444856656486501 2.1861321324223
0.409441544790971 2.54149413367379
0.425628613106456 2.37435006208965
0.426503576632473 2.37144646762706
0.42855785933664 2.35127607093533
0.429662064441949 2.33993344262596
0.430407043739521 2.33011595768135
0.419998845980961 2.43357415331027
0.427673959174525 2.3555139945521
0.430711955705197 2.32792315258329
0.411212940837995 2.51918649777606
0.412831814310716 2.50680512387698
0.412856985897423 2.50513994473422
0.401525753133177 2.6237134732283
0.449005525272813 2.14152299086576
0.43489975072591 2.28613864646184
0.429852821189298 2.33604442830851
0.41943911464632 2.43983275683449
0.428698730716938 2.34850517424129
0.435580456296729 2.27108804599314
0.412067854870248 2.51224316449367
0.418152791755044 2.45182654273968
0.421529742551292 2.42046461006228
0.415243837060864 2.47710466104233
0.429153221425304 2.34023799305172
0.429551785773593 2.33613550770787
0.426618106210278 2.36745440595557
0.403329704660848 2.60150303961559
0.428529455670062 2.35087863009855
0.415198089544965 2.4818936369763
0.415568992319077 2.4780103774878
0.415261921623856 2.48520914838971
0.412114181242832 2.51074589119086
0.411881025170266 2.51806084421421
0.425273167522335 2.38214839497209
0.436555217593073 2.2644742458152
0.419286828364654 2.43929914533963
0.40566422626111 2.58017636538286
0.404112648833851 2.59227841891428
0.444428555225093 2.18929671611556
0.433674423655742 2.30123815560091
0.411824938601858 2.52024435473769
0.421175039372037 2.42321574719299
0.411683543441741 2.51765705832405
0.434401564409737 2.28405795824134
0.415546053734077 2.47649439509952
0.426566763813962 2.37075115261528
0.402266103848705 2.61131615003565
0.427537455254737 2.35861518143853
0.418869133961324 2.44660300168917
0.425687667538205 2.37778260950763
0.42610478932967 2.37711889090031
0.429097092075453 2.34146078618064
0.413836911766826 2.49515314622106
0.43564307890109 2.2785310715179
0.43343082791076 2.30564929178795
0.414968259270564 2.48332245355639
0.445916732982465 2.17369617171552
0.421067414187224 2.42315241023062
0.426989368716301 2.36471641216925
0.40414545599455 2.59617742060653
0.42217939719744 2.41370655121168
0.430200621819249 2.33028351745631
0.441642304121413 2.2137626283537
0.420672140894257 2.42569327243365
0.445286582203006 2.18193592343985
0.431001756287212 2.32103951930623
0.404041118262426 2.59441377725801
0.429525023796285 2.34269137898253
0.434824107052353 2.28463138917751
0.416676121949125 2.46559678518783
0.436812395698019 2.26700066604295
0.408183970988849 2.55407716380298
0.414677374633199 2.48518909463195
0.423048892344627 2.4030855802831
0.436568899444683 2.26454724925352
0.43633275382417 2.2687181657002
0.426574581472192 2.36654467925916
0.426691483604352 2.36587303228347
0.449861845934786 2.13418306419541
0.430045357532677 2.33038999918009
0.409883586545056 2.5381078578821
0.423752637106084 2.39609196620975
0.432117822874352 2.30772301438139
0.420508618510442 2.4243737461378
0.413190262727677 2.49735620301093
0.43168779509052 2.31555855187815
0.423669971033696 2.39888016648574
0.434748307893302 2.28504369719613
0.420242097012047 2.42834289556024
0.422536525994755 2.40992645349219
0.422729346542841 2.40969919932057
0.434215094166072 2.29111484327976
0.433633397646032 2.29788618332406
0.421439271396971 2.42487082837888
0.420066372744317 2.43670813336343
0.414726575489379 2.49094554385467
0.446342888089318 2.16808893864873
0.43794733631128 2.25195524875379
0.422858607308517 2.405771590007
0.423063835146204 2.40687076462724
0.433768792553547 2.2949913275235
0.418216315375424 2.44809364439979
0.419897619650491 2.43592388935502
0.416437377993298 2.47491768537182
0.42003719787976 2.433190667335
0.416005491269649 2.47044549846616
0.40962600701629 2.53756229176964
0.430253515020874 2.3330808856555
0.437975801819825 2.25448954227164
0.439480922400157 2.24195902832201
0.429214526905482 2.33471600434003
0.432543988665089 2.30468361385507
0.426357336799009 2.37110518500415
0.433649963595454 2.29328899157854
0.439117881804398 2.24487072603991
0.410295793724153 2.52876004846179
0.428911360368019 2.34684698046873
0.406044876182704 2.57826646392898
0.428950603268782 2.34402814067895
0.4170915490346 2.46310611808091
0.43442357533371 2.28205669471758
0.425915544249316 2.37927644724595
0.413012560200517 2.51057802958948
0.418160900124349 2.45532910816577
0.435425167416684 2.27638776960978
0.417471722712789 2.45856701553514
0.416177372420136 2.46679581385205
0.425792536117848 2.37472407137676
0.42293030049149 2.40659758187981
0.418018201066566 2.44850754836443
0.409210011854647 2.54400653629291
0.428878058056384 2.34341401176468
0.418311358838354 2.45226016780375
0.422333223523505 2.4128247376864
0.431379846412302 2.32231452308133
0.43235097597871 2.30654852040483
0.433185902323899 2.29898732749367
0.443517801752098 2.19506977709236
0.429134402878995 2.34145260468256
0.441853822520075 2.21563408769856
0.423759133755707 2.39365065148271
0.394605169036251 2.6905175906293
0.431646099647866 2.31507116445693
0.42136007585575 2.42301175763002
0.430377294393046 2.33253854577044
0.420309864897529 2.42677166067176
0.434443410622649 2.28981786416679
0.4346332503877 2.28889735890078
0.416665517041457 2.46758473758843
0.421090965841957 2.41994382463777
0.428222372113699 2.34977702651779
0.420690413055614 2.4253293526647
0.421682656007616 2.41942220677337
0.423142644948271 2.40367065188267
0.429424699354592 2.33501485857889
0.446262042023077 2.16515154994519
0.416217256147233 2.47552247443038
0.4237257677821 2.39828239446479
0.414974084097334 2.48343300926535
0.435523712534379 2.27714738276402
0.417750886296719 2.45732808534039
0.40662807542273 2.56759947779705
0.426120853090283 2.36660244816226
0.432394490808815 2.30462910704657
0.424803311147686 2.38617720084566
0.424372324763389 2.39078397690831
0.42265089757782 2.40364337307495
0.432848493345727 2.30339005722057
0.430307790259016 2.32633662788949
0.420315247016403 2.43143665732661
0.431965914849407 2.31325223006202
0.412471881882492 2.5096033946438
0.437875305258908 2.25629792204066
0.420244711920744 2.43333122187149
0.411412084199014 2.52405265431217
0.43331109240249 2.30177175384673
0.437791198709362 2.24966975137757
0.427024438230336 2.35793423167584
0.425855419019681 2.37125217079892
0.436628045851544 2.26619618259321
0.436938911957274 2.26196190948027
0.420543813007428 2.42578812249899
0.418873968310711 2.44777787039494
0.419885139692109 2.44077192504134
0.434246174664173 2.29238140614995
0.414804967708017 2.48949336825253
0.442085413612789 2.21639882207888
0.433081827039257 2.30248839283036
0.410445702989688 2.53000238118358
0.434923136420072 2.28410194908815
0.437899542870569 2.25386222637392
0.419355100314627 2.44096882475352
0.417316559757776 2.45884776767508
0.439663074172288 2.23477552909122
0.42039638570809 2.4303206164839
0.400214492806103 2.63550707018055
0.430208823582187 2.33174958324363
0.436730717364541 2.26154155985567
0.423697291331628 2.39620995201284
0.432974694964214 2.30295640625553
0.396104386163675 2.67188404226264
0.400910284290629 2.62801887435015
0.432689767006811 2.30663943514635
0.452172946425765 2.10833883480112
0.428611833851185 2.34993466601379
0.411907669110147 2.51496541459549
0.433132343699417 2.29407128719538
0.419548131248798 2.43768054294656
0.40939159893725 2.53936466075776
0.414098997696222 2.49847128041432
0.425356833949138 2.37268527560207
0.427521849129894 2.35921900907179
0.428385748637331 2.34639602268563
0.459534026275353 2.03418121191243
0.42119862703996 2.42539532583305
0.441963538763948 2.21147770943859
0.431850086410543 2.31460249919579
0.430563857550163 2.3278497343011
0.457324755723186 2.05560893362915
0.411276358728299 2.5196182565638
0.426986769977874 2.36157784945339
0.459946670853134 2.02749423113638
0.430510597860653 2.3315843282718
0.421795077266613 2.41278510175188
0.414852695508803 2.48242697878258
0.418291275317741 2.45094919463298
