0.34176388959805 0.0731697931589579
0.34055767049704 0.0768384834122828
0.342573532155871 0.0693961424009093
0.340364538331075 0.0767839664413609
0.341002043234206 0.0750088606588104
0.341766364252393 0.0725210916404676
0.341255626455544 0.0749166053347158
0.341470505773025 0.0744506024038148
0.34041797411299 0.0779022110449332
0.341199107564064 0.0757028269933009
0.340205638659929 0.0780370238599558
0.340723971060604 0.0773451904899377
0.341432726201385 0.0741016593057329
0.339961709340018 0.0783128256125956
0.340808100513426 0.076442342766263
0.340191043714527 0.0789788029914552
0.338912798250715 0.0827157265108051
0.341325251563494 0.0739361957146375
0.341394641763192 0.0752758189156778
0.340299542995018 0.0776368502306189
0.341448908687603 0.0750205544787348
0.340921472099274 0.0768749637892916
0.34269135923479 0.0696579324431836
0.341110339303679 0.0761764553313382
0.340623867842326 0.0778604517855322
0.340883203537959 0.0758964625783357
0.341699709184117 0.0730781977991498
0.34039276828237 0.0788056549925154
0.339201761401434 0.0819858468814014
0.342973974370875 0.0695114864663486
0.342317522708759 0.0706642321957335
0.34206008911863 0.0716062041372136
0.340792120501639 0.0767640484947542
0.340375982877797 0.0772619842090662
0.340224446273257 0.0780834379461348
0.34228491395387 0.071808607372722
0.341301208828766 0.0740799113266799
0.342633251043297 0.070334628568448
0.342143700161456 0.0729725617193063
0.341048915049711 0.0747546508220878
0.341071218466559 0.0748214658669923
0.341570253827547 0.0745953469323141
0.341116656417405 0.0748680653006765
0.338706650691562 0.0829205522827675
0.34097434706523 0.075940439770509
0.341147722793779 0.0743906677601406
0.340824089654925 0.0773375742266107
0.341919389091673 0.0732997177197174
0.341119382753018 0.0746210913027963
0.339307051432585 0.0813537884237185
0.341086419831624 0.0751734092894814
0.34095564874101 0.0763424679874677
0.341388173049378 0.0743661949644417
0.341140221720713 0.0743246342848405
0.341964230253113 0.07241484931917
0.341113979217233 0.0751880800893085
0.342583878236957 0.0702743285728516
0.341335772157007 0.0751530325606597
0.342137339606014 0.0726622589313703
0.340594379564931 0.0773194215906677
0.340294571853437 0.078132091681906
0.341183954559458 0.0748145912816526
0.340697749703452 0.0760217270699282
0.341993819571355 0.0723462161679308
0.338553152015836 0.0837189160955815
0.341460898664053 0.0752696477464012
0.341690790107066 0.0721923511976348
0.340679642095087 0.07705911780403
0.341909801176815 0.0745997795604217
0.340790329509361 0.0758628334196847
0.341393808455573 0.0751557709112857
0.34164380924064 0.0742146499487665
0.34152258566057 0.0745054021023136
0.340719516148323 0.0766385681786139
0.340310054288848 0.0785891852117882
0.341855675554956 0.0721002632796954
0.341253914962789 0.0739145411718641
0.340332292590243 0.0777709841145131
0.341430950500735 0.0749305470113305
0.342917205933621 0.0699781146238657
0.341843916625833 0.0730693940495726
0.340395250449684 0.0779592022181332
0.34085119244823 0.0762947445455922
0.340906300642982 0.07588022381885
0.342180732943751 0.0705176109326882
0.34173298693452 0.0751955811336044
0.340798879565273 0.0763115007202743
0.341527539257232 0.0748188377849913
0.341102267672689 0.0755583163048376
0.341629384087 0.0729212563496145
0.341033460212765 0.0752750705040858
0.340201819724649 0.078038813474245
0.342437171470108 0.0716127396213455
0.342227307417361 0.0718201089446451
0.34055469848745 0.0771867996708105
0.342066753712291 0.0718543367796767
0.340766247421552 0.0762830448998297
0.341847074824872 0.0737194081183595
0.342389600669249 0.0708512324780925
0.342197450951157 0.0725011349204412
0.341935537074902 0.0716431978349277
0.341919073608057 0.0721484606443913
0.342141114926352 0.0717740176260862
0.340614169700988 0.0750352588457821
0.340577382160625 0.0777599307293612
0.341006477340093 0.0761907171610006
0.342241573646599 0.0716172819514442
0.341688526724194 0.0731817665064231
0.34139457795131 0.0740803162877077
0.34066687359357 0.0763684706683935
0.341030877971121 0.0754521342535669
0.341222443449159 0.0753085078131976
0.341197516102053 0.075819184101225
0.342132362115048 0.0719589331871075
0.342614666929478 0.0706656372926331
0.340719896779056 0.0772969787722437
0.340005325003329 0.0787922879671147
0.341056629557395 0.0755685513812797
0.340960264791605 0.0755497387115795
0.340448677465719 0.0790289603598179
0.341704080272843 0.0724076042935072
0.341082375890563 0.0754574417485496
0.342780920397447 0.0700996276626383
0.34214980815632 0.0729998098869214
0.3425198277716 0.070860811667639
0.341604890126102 0.0740484277717432
0.34117619246519 0.0748235765702724
0.341395998599026 0.0754963115614154
0.340473398936336 0.0784848753810955
0.341948079037449 0.0714595154470784
0.341746161668953 0.0719452656411734
0.340795916680217 0.076992660344051
0.34024917289794 0.0785685842552112
0.342064859178461 0.0726653389030784
0.341173913065914 0.0740513144229561
0.340569486536074 0.0778812142070554
0.34033916775875 0.0784424816573061
0.340950510852078 0.0754546729340001
0.341266053716899 0.0747309872903919
0.340923333387499 0.0753458318894073
0.340722249258384 0.0768507458054691
0.340856744265755 0.0756700539526141
0.340911304974986 0.0749197424016871
0.341153677332519 0.0744517728127316
0.339410806964001 0.0812372344441389
0.341623577935686 0.0737995309481095
0.341394520463437 0.0736661371422689
0.341211970916213 0.0755937269209706
0.341971639976458 0.0721339927440364
0.340983147114872 0.0758349125990563
0.341035412754177 0.0749979744871777
0.341981203641262 0.0728932552574122
0.340735732864741 0.0761214074747546
0.341594127842935 0.0736823545798216
0.340035864125183 0.0788508662729962
0.34155700414447 0.0752598771597844
0.341081216502815 0.0753938167717396
0.341856531133757 0.074189086758632
0.342563218510377 0.071039757895211
0.341429772854524 0.0739862756451818
0.341606940921979 0.0743248247188616
0.341625968210504 0.0733220864827321
0.341452531216372 0.0738596275032577
0.341457426305809 0.0741368058899757
0.340635889553813 0.0789709812169368
0.339406222643537 0.0812730630464973
0.339898870428616 0.0786938038918433
0.342280031438038 0.0719173025656109
0.340664288001765 0.077152165220756
0.342283417411424 0.0719646593458765
0.340751488731991 0.0765263691635582
0.341382387750351 0.0749490726067032
0.340853200272686 0.075844167068833
0.341910512361475 0.0729326233802253
0.341467986547949 0.0740941915057378
0.340296294332729 0.0772578117957101
0.339634869462938 0.0803574033943437
0.341202513009487 0.0746713897904845
0.341226392863237 0.0747274308745385
0.341893653066779 0.0728261512729493
0.339763643300496 0.0802468330099482
0.34159693579403 0.0728082259956174
0.340708585420113 0.0771535401890679
0.340082853534546 0.0777871785357026
0.340990251312683 0.0754869694842518
0.340284081645056 0.0782121584705399
0.340861902957773 0.0756504516008125
0.340339608562377 0.0778682705431763
0.341338903846716 0.0750313180120372
0.341098605267636 0.0747203335470154
0.341271506612067 0.0746629976989264
0.340419056265027 0.07756994824916
0.341364942253307 0.0748267461786925
0.341953101117714 0.0720018480675223
0.341374570662595 0.0734028276408647
0.340183869045944 0.0784436397684166
0.342289494232082 0.0719055005908869
0.341359990933107 0.074535857647126
0.34107971796408 0.0755101734122777
0.340910361991037 0.0760022872048631
0.341990638537493 0.0714297514804169
0.34261668505605 0.0692219785454464
0.341291945668216 0.0738292792453667
0.342712454677909 0.0703502746265238
0.341621850576654 0.0739715408680773
0.34228188028047 0.0728335436650263
0.340197335630559 0.0776978913167564
0.34257138078683 0.0695846718067197
0.342480309081296 0.0698042448200531
0.341743109072484 0.0732006317732228
0.34305030502035 0.0686654492849355
0.341556917973884 0.0729691884922991
0.341532007083573 0.0740707765744517
0.342312494707495 0.0703082628318776
0.341744847677361 0.0731409324191903
0.342742517496039 0.0704581910711247
0.341561318274729 0.0728394913010018
0.340580319888331 0.0773871212276367
0.342905981330836 0.0684163689865161
0.340708825543271 0.0772545288082503
0.341456479977282 0.0740597295187141
0.341999377159215 0.072571817449131
0.341726170524524 0.0735820263931787
0.341080747898839 0.0753934305976456
0.342436168355387 0.0707384810580883
0.341128860346263 0.0743418018635303
0.342201464613388 0.0712067941351613
0.341289800848814 0.0748920109364774
0.340524451922676 0.0768614738321308
0.342663929908609 0.069532111750084
0.341062630836905 0.0754849506260592
0.341583348631491 0.0740798265269452
0.34117235252457 0.0745897478266371
0.341247526285829 0.0748642359861524
0.340224295255273 0.0777815448432187
0.342084391328472 0.0721009571255389
0.341688430084159 0.0746680520427971
0.342280547055596 0.0716297622783468
0.341695997119486 0.0746796368901828
0.34218051206554 0.0712801406154269
0.341951352997742 0.072587907424384
0.341379993393866 0.0740563770643844
0.342567495652351 0.0696860089881779
0.341254873699076 0.0745744859583259
0.340532867510974 0.0763710240189112
0.342942679566087 0.0703547649140892
0.341474757057217 0.0738374927625482
0.340929647699743 0.0758789456191133
0.341779456562526 0.0738295401624677
0.34161063805434 0.0742738549159507
0.340858829123425 0.0767906715849756
0.342282779267192 0.0724394738412859
0.341923998290963 0.0729928524144251
0.342438475997365 0.0715554755171512
0.341555319521584 0.0743569724625915
0.34128192446214 0.0744574500330445
0.341797814930456 0.0739783943520934
0.34100025080013 0.0761530869252244
0.340713512492875 0.0775185704449218
0.341517949892511 0.0745533064162658
0.341762556573185 0.0731776423254516
0.341840083625929 0.0724274033129446
0.33959494484397 0.0808497784678616
0.341550862408426 0.0745786594309905
0.341192574856817 0.0751537146925567
0.341026881843264 0.0750687181672194
0.341997914458515 0.0712949678332793
0.340295528856849 0.0778394404701765
0.342143664153835 0.0729316792874405
0.342452766901051 0.0704363247838096
0.341541721110775 0.0735399434393242
0.340284691202591 0.07806886152401
0.342317698720383 0.0718739890141169
0.341757046297783 0.0736031299727142
0.341606725625346 0.0742458539520536
0.340673818927124 0.0754928089574408
0.3411203866127 0.0756644419070654
0.341961272049913 0.0743802805230738
0.341100138997974 0.0758409725078916
0.342847853546742 0.0706055966835725
0.340464391412941 0.077885844970216
0.340922435952906 0.0751139867605727
0.342461746782261 0.0708761675909423
0.340804941678295 0.0763748204881442
0.341677446189809 0.0746338349686584
0.340770451329034 0.0767761638060176
0.342724789700989 0.0695978450283306
0.341483693761515 0.0734629429788456
0.341816719705645 0.0732131617212745
0.34153210139712 0.0735753820476941
0.341233301372112 0.075404127251903
0.342627070770613 0.0701787994351612
0.341516066422594 0.0744127557445393
0.34127403373935 0.0736917239681786
0.340169437722678 0.0785448198198894
0.340657299863392 0.0762025132402594
0.339406127249491 0.0800162038724468
0.340451771721255 0.0779467765481081
0.340941191301177 0.076587847399889
0.341192286192148 0.0744542392692264
0.339973847100053 0.0797672868596239
0.341721765095292 0.0737271917395907
0.341556419841184 0.0745021887132346
0.341066235191262 0.0752640495841858
0.33938550430789 0.0799495885969743
0.341665288742427 0.0725550901359552
0.34064000959538 0.0760006566112177
0.34106258902045 0.0749986005235459
0.341914328334512 0.0722555877485209
0.341429719384423 0.0756795465273965
0.341812286905138 0.0715747459455591
0.341012179115632 0.0755029057321961
0.342343398388002 0.0727940479098204
0.340312553741529 0.0772560309655352
0.340258987907059 0.07725571592013
0.341468222188824 0.0735498587447297
0.341258189073804 0.0747887360525074
0.341782970955936 0.072821157920716
0.341103348114514 0.0752380791965331
0.34164896108802 0.0741622722184826
0.340450739323656 0.0791128979969728
0.341281966487281 0.0752346169447323
0.341428374441268 0.0736580884371119
0.341765133192582 0.0735858846842316
0.341356120566492 0.0747373389154412
0.342067417505106 0.0717595792164409
0.340841064795031 0.077547053443515
0.340764633397495 0.0762860955234909
0.341033989286649 0.0748144698555736
0.340596906996183 0.0766448143475275
0.341692917029763 0.0740217977288123
0.34140592556618 0.0742051542153046
0.339153912278672 0.080487512800405
0.340947261258903 0.0758903044979571
0.340524484375592 0.0772248631841544
0.341286191107492 0.074805357403694
0.342053205281323 0.0720953056478195
0.340687926797904 0.0776085589188306
0.342755644499654 0.070258605727778
0.340129547467031 0.0781052159012759
0.341533700257332 0.0732058598196043
0.342309285942759 0.0726928602118508
0.339646470330711 0.0802948769972853
0.341008839188685 0.076484092454171
0.341309613282227 0.0743017546155264
0.341016911435606 0.0756795874691396
0.34040277231213 0.0781483448182282
0.342119382460671 0.0724413734263927
0.343203466720381 0.0688544026791729
0.341731187249611 0.072980130682699
0.341221219175739 0.0759364088168543
0.340281421148862 0.0781192235082227
0.341419851647816 0.0740663995710686
0.341519036855756 0.0735036571643943
0.341643969986925 0.0739191296908106
0.340976041580865 0.075964541934017
0.342088762169788 0.0704445708001933
0.340302683735395 0.078844907058907
0.340914920809407 0.0763021443290645
0.341042681456574 0.0755152485583781
0.342075620616837 0.0721813674201843
0.341398546120266 0.0762392585220703
0.340970629093364 0.0756052372847319
0.3419128384099 0.0736107276767241
0.341567551904727 0.0748960951055615
0.340842742455691 0.0767621670714557
0.341842987278653 0.0730680167825672
0.341768599958257 0.0727932078531729
0.339723578041798 0.0795271249991349
0.341908886265949 0.0728930553824522
0.341280333206316 0.0747516293219888
0.341775864967786 0.0726721956665037
0.341313951194557 0.0750538583289376
0.340485619094316 0.0783450370148951
0.341270506932248 0.0748655987789696
0.340451761040844 0.0771850931955834
0.340775362988032 0.0761251009174312
0.340019733093128 0.0800830429193515
0.341260956331241 0.0748744613189307
0.340865557314852 0.0766024110451513
0.33885051002662 0.082092968738871
0.344306546989923 0.0654001528273578
0.342668256363701 0.0698528281354041
0.341171974254586 0.0755966284116123
0.341668230255386 0.0733884623637223
0.341630942887065 0.0730023812012918
0.341454367218426 0.0741868975167038
0.341601055539569 0.0740754657766471
0.340884590589962 0.0746227867547741
0.339838302504859 0.0788417360012079
0.341247763688938 0.0753146219969289
0.34088745835972 0.0764706801486628
0.341818868956454 0.0735620059387052
0.340148608418509 0.0783537619694015
0.342854881894372 0.0708342415947076
0.340016055894744 0.0787865949400147
0.339337276228529 0.0808661821788529
0.342104308359524 0.0723365031762509
0.340753999998046 0.0774941303945469
0.339332302318242 0.0808978177739135
0.342440057124217 0.0707591061857292
0.341307182657937 0.0742196148928494
0.342358522050109 0.0714974650780628
0.341566223128155 0.0736218574056937
0.34048239583062 0.0770546013544171
0.34019169847006 0.0777433453786916
0.341192002225965 0.0743032922301272
0.341445412686255 0.0738743965172107
0.341817108064144 0.0740637359080672
0.341005151198598 0.0756692488275838
0.342133041922995 0.0719962016533017
0.34250377660662 0.0698567982137727
0.341963482004277 0.0730902274662409
0.340831099791265 0.0754475893144217
0.341686380245141 0.0746431390134238
0.342776567054144 0.0694159655106656
0.339820167987392 0.0781772280273288
0.341125839686266 0.0746845537684966
0.340646689816686 0.0771335557491441
0.341688225577528 0.0723721250808488
0.340883757121277 0.0760089267976975
0.340749253222637 0.0769710842691678
0.342088599074468 0.0714966640161084
0.341460951380162 0.0733790031993426
0.342094004108461 0.0731464112503701
0.34169694047764 0.0724101084437089
0.341329586681518 0.0756340065294216
0.341125853626823 0.0757741937814281
0.340643186497441 0.0775144334283807
0.342112642243283 0.0722736301969308
0.341690001692868 0.0738400514216711
0.340336391002912 0.0779640368532593
0.341069203544166 0.0752188326569569
0.341762862608361 0.0743614611886169
0.339360268217451 0.0802771193726055
0.341317921299361 0.0752931368648698
0.342015628628152 0.0735714510526655
0.341639753762525 0.0743555938430752
0.340943367151234 0.0760483130137537
0.33965205078005 0.0790359629402893
0.340293040051735 0.077963072347541
0.343274342341141 0.0684641350289546
0.339846641721348 0.079482141197657
0.34288516665215 0.0694107959788344
0.34192261213244 0.072530399088982
0.34216260655261 0.0712501112555541
0.341830755141363 0.0739685667297218
0.342632222934504 0.0701127475047542
0.341514763343794 0.0734500922650638
0.342503549066966 0.0702690855489616
0.341503938640964 0.0741607091010691
0.340221981336515 0.077197410134246
0.342163440974771 0.0718521950743953
0.340610759616293 0.0773412038123303
0.341004299584344 0.0755055573501311
0.341881005701117 0.0720706310159279
0.343034785244351 0.0685569975214962
0.341405280302433 0.0742771819611878
0.341665771545761 0.0721818586620394
0.342763938292478 0.0705040375351441
0.341113553327157 0.0749587197613353
0.341198303640846 0.0750456278109821
0.341065383590156 0.0758349308211364
0.340222227407586 0.0775543297334061
0.341753071208869 0.0731671841254809
0.343110299819574 0.0691005149868052
0.340787550199975 0.0757870600194857
0.341519040024188 0.0746375710227311
0.340899220243223 0.0765604095787518
0.339372286830437 0.0800065961478242
0.341408553954081 0.0742450590631438
0.341352531032685 0.0750388398693602
0.34131626927678 0.0755172604561
0.340101354079301 0.0792654828683154
0.341710259911076 0.0734710684246823
0.340850125419479 0.0755136613414948
0.340488057267968 0.0763613662871799
0.341749688771761 0.0728457469526659
0.341119318548937 0.0745581381276527
0.340254054359336 0.0775988070186013
0.340041506500081 0.0789676993220365
0.341001328115009 0.0753144515241574
0.340656607050953 0.0772792102343642
0.34148054016612 0.0737768327135986
0.340869493300976 0.075982246634355
0.340747962477775 0.0751200049060858
0.339756688244175 0.0786728573342076
0.340475890120064 0.0776616804929388
0.341201585921221 0.0762962362310488
0.341518019208913 0.0746460391160678
0.340268799437089 0.0767227713742139
0.340519335382228 0.0775417333310677
0.340301331135365 0.0785715082013059
0.341795058654622 0.0730845381971945
0.340490832493721 0.0773151677173115
0.341492308708613 0.0736531517178388
0.340329531526746 0.0792381888243131
0.342411984837877 0.0720718165668598
0.34076433883716 0.0754208336044361
0.341254989715863 0.0748482760843846
0.340880037173405 0.0765825415536783
0.341363735847461 0.0747875117328062
0.341154791494879 0.077197398260713
0.340946161129203 0.0765998315909789
0.341770627575614 0.0748427461851352
0.341724699641025 0.072942037000681
0.340774776656332 0.0773616733494048
0.341496867778958 0.0734413335222077
0.341933862383751 0.071532666027934
0.341030677649283 0.076078853423816
0.341934253949756 0.072886996782153
0.341633004352106 0.0751112039381579
0.341717247155825 0.0737084841561535
0.342290724437912 0.0720942330371345
0.341936755221616 0.0723927010977764
0.340725650789944 0.0770541536661421
0.342322473704097 0.0701863045955903
0.3420557641764 0.072653090123871
0.340644988671913 0.0773885724216952
0.340133341883693 0.0789716439068026
0.34095910020903 0.0761904945989401
0.341821027203301 0.0733515368590287
0.341588128405577 0.0737888505188165
0.342103255598015 0.0721970021662551
0.34062572463215 0.0765224161536128
0.340407736709253 0.0764355867064189
0.341862320965825 0.0734047334294791
0.341758377515372 0.0734364133683786
0.341591117344393 0.0741375366365894
0.339552118273742 0.0802424481651601
0.339784012104575 0.0803175938902791
0.341909349705102 0.072605613729264
0.340760296271444 0.0752197862883198
0.341661472614259 0.0744202053452
0.339923179663952 0.0779232567103007
0.340456359151556 0.0775497117440008
0.34165903669189 0.0747694069062023
0.341801081186369 0.0728110993811225
0.34183961547933 0.073611837141029
0.340968277177744 0.075188084851331
0.340253012244249 0.0774971276553696
0.341694583797245 0.0734952657041833
0.340825111587097 0.0762568429377935
0.340531515118986 0.0765797733834937
0.339775795372527 0.079859164117745
0.341067270509595 0.0739430327941436
0.340050396671171 0.078702564867402
0.341095982813522 0.0749427109490865
0.342149846328201 0.0715212508639009
0.341418564762529 0.0747666701769691
0.342352952414122 0.0710361836867076
0.341177681551808 0.0755347255466411
0.342232912889228 0.0725917497283192
0.340774411570072 0.0759445432390319
0.341964815954707 0.0723910142538525
0.341413441667474 0.0750538995273627
0.340733815944032 0.076277361709975
0.342019921345712 0.0731763138290751
0.340218621475506 0.0782489614191724
0.341020492316991 0.0749734286529523
0.340887757988562 0.0758830235998992
0.340473066527865 0.0769119162207852
0.341469125850519 0.0736853478881199
0.340886243650917 0.0765647245588106
0.341695925966274 0.0730157534204687
0.341501047426643 0.0738039836574568
0.341820554109642 0.0721786460915422
0.342074964953305 0.0711228537993546
0.340095169737855 0.0782261614378043
0.342092143058745 0.071566205971429
0.341993359620404 0.0725089502879085
0.341126946087719 0.0756419020754793
0.341010259272312 0.0752691020358156
0.341582434928088 0.0736874350368083
0.341473619499617 0.0740134018850813
0.340702881519715 0.078031046354963
0.339474906566322 0.0813796514499156
0.340216582791653 0.0771421115232868
0.341538692491043 0.0747875588296536
0.342432732245105 0.0726750074385543
0.33971556401006 0.0781605321175476
0.34312360336149 0.0690055042403484
0.341490548014816 0.0748246019146915
0.341471294964922 0.0726161261353566
0.341540090687361 0.0740340390463867
0.342238731465539 0.0722391058379042
0.342378038719367 0.0714410837884679
0.34207718156789 0.0710935584364745
0.34300730094238 0.0686188451430358
0.34149197561249 0.0748823894640589
0.341233201450606 0.0748598942488166
0.341278357394834 0.0738480973064928
0.341181587732939 0.0742948952047243
0.341493186010397 0.0756163958282733
0.341934019918449 0.0740374974439936
0.34100537052534 0.0749027395914247
0.342508286241207 0.0707323396383235
0.3405888120225 0.0765555411745628
0.340502925491857 0.0766763435874591
0.342232321503768 0.0717787544125541
0.343190056903734 0.0672726769359326
0.341342147201356 0.0752023852646299
0.340945506749276 0.0765754260028993
0.338719166859651 0.0831705084965349
0.341215820130925 0.0750857331784774
0.340573352442152 0.0774307401665258
0.341040153106034 0.0755476743464279
0.342235521301145 0.0721517734557048
0.340779859576654 0.077240092286039
0.340600902808733 0.0756680221845226
0.341442647733614 0.0749686918732832
0.340535866349169 0.077716688323517
0.341944661961613 0.0728260616272692
0.341792669388853 0.0720523511328278
0.341399653935907 0.0749317039140105
0.340448497350178 0.0764552602957955
0.339354687428637 0.0810928295860366
0.342542309586314 0.0711978821664444
0.340296463847704 0.0777756379297535
0.341430066875668 0.0749321684975938
0.340916424259885 0.0765577206931824
0.340994297577389 0.0769764035650772
0.340623705583761 0.077411696813956
0.339248581113387 0.0813762865520441
0.340489011984919 0.0771035170802148
0.34139332006608 0.0749875084715251
0.342411231371969 0.0715161030845039
0.341571285731188 0.073832630277
0.340473508915631 0.0771751031399476
0.341041088365015 0.0751560606568612
0.340650100486748 0.0756082877007024
0.341191526874737 0.0748430794579825
0.341284700255741 0.0744474510395458
0.340933385143576 0.077671840220991
0.341541619867864 0.072947933759055
0.343295903341512 0.0695035384231452
0.341839942267912 0.074070067309876
0.34157150988797 0.074178109330729
0.340850544533333 0.0768400779926021
0.340049302041206 0.0778981549250535
0.340881872499458 0.075489023905894
0.341022735032964 0.0753922675086061
0.342594792094438 0.0713624499171533
0.340525581804869 0.0764302426567323
0.34209513719711 0.072224488121806
0.340563322328401 0.0770169767063916
0.341552853193376 0.0729102474425274
0.341220949926154 0.0743216219917487
0.340445662971024 0.0774724252587817
0.34060563518036 0.0767620600551857
0.340407573546893 0.0761553157027294
0.342708831601568 0.0706743552844175
0.342643217815886 0.0695455044799259
0.339871032029796 0.0791979101265943
0.341102513218817 0.0758089707798456
0.340882633961694 0.0763309496430949
0.340448400077573 0.0772997253235594
0.341707782806628 0.0733177515486359
0.34151100143826 0.0740487934572349
0.341724589661657 0.0732507627605895
0.341771922605826 0.0719057691054418
0.341504800333199 0.0744440588143397
0.342206019115553 0.0729264753636143
0.341516507725976 0.0748405591232773
0.342236677152091 0.0716632490757352
0.34165947435764 0.0744370417560282
0.340375076624873 0.0763201953724635
0.340932901732896 0.0756431463865103
0.34270333021638 0.0690683416708942
0.340808649575667 0.0763752585030588
0.342339292615938 0.0703931525815244
0.340871066492088 0.0763883237803184
0.340640843249649 0.0771968106471589
0.340678159992063 0.0767116368987107
0.340205688269762 0.0767695888760812
0.342080005814859 0.0721527894992851
0.340218812523816 0.0780612718308994
0.342524745140502 0.0718460447899899
0.341072257692706 0.0753124985030351
0.340434480621203 0.077261541921596
0.341355951578228 0.0740443523301353
0.343310323270759 0.0695200882265287
0.340789163912663 0.0762804526663159
0.341063347011096 0.0750498571125305
0.341747627190221 0.0721508440443909
0.342218394683544 0.0721662692377963
0.341581794343743 0.0736499772543205
0.341396255276544 0.0747371221777279
0.340524173392022 0.0770309340619856
0.341125110142737 0.0770602103354062
0.340293411809128 0.076692022035165
0.342177541736516 0.0712690376089627
0.340437381546288 0.078523543651407
0.341066766903588 0.0748510949280528
0.341434456941386 0.0756170567412686
0.341028975909143 0.07622949122708
0.341574834695274 0.0736776102781152
0.341157283261188 0.0746315897787838
0.341692538580129 0.0731379210857218
0.340996177762832 0.0764885426943445
0.342013802095129 0.0735678580274398
0.341454596504575 0.074702220589722
0.340673909719019 0.0759011762634513
0.341929280396119 0.0734570795947054
0.341365915733514 0.0752839185144167
0.340487011731236 0.0771606790891722
0.341782397104734 0.0721705883362689
0.339874218704302 0.0786573432046374
0.340654982629623 0.076447353042852
0.342212245962633 0.0716908628294318
0.341712640236019 0.073676984079742
0.343109892062152 0.0685296076639692
0.340680421029058 0.0769068967112828
0.341168260061552 0.0762901542536771
0.342506557797042 0.0704031309655062
0.34101784303412 0.0764925405003133
0.342095228190595 0.0719927611358092
0.341010416637138 0.0761234449573837
0.342237573810567 0.0710660842177085
0.340922479434352 0.0766330378988277
0.342566551216611 0.0708351677296658
0.339885097617266 0.0804599534869339
0.341613834504478 0.0739877067528218
0.34226166219906 0.0722338122861268
0.342062498830866 0.0728171807102372
0.342011029024155 0.0732202080657452
0.340745042254596 0.0752511132533957
0.340844860232847 0.0752565152949979
0.341202896037677 0.0751775753744983
0.341532487431042 0.0742143543765894
0.339820205231264 0.0778555538676381
0.341963870625353 0.0730091408484975
0.340795762923202 0.0760885561245508
0.341852798453214 0.0743246482365641
0.340375932891268 0.0775691681375893
0.341479028036398 0.0741383285564966
0.341541602595574 0.0735994680813275
0.340408461903802 0.0771107759078544
0.340985634553115 0.0757007100687797
0.342068537908763 0.0713583227988508
0.341344581256445 0.0741404710706017
0.339274843086105 0.0811217266155376
0.341177336457251 0.0739901815309993
0.341485007809849 0.0733686936656879
0.341494257556825 0.0742519649791951
0.340339228741379 0.0771823268026978
0.342081698674805 0.0723730728898536
0.342846005970436 0.0709978637408085
0.340460119204354 0.0780682323629624
0.341265375530558 0.0756765248051453
0.3400949670492 0.079533203456649
0.34222315604416 0.0725999120187852
0.341973928644147 0.0725879836563461
0.341918589870717 0.0723117720071608
0.340706565887335 0.0764255133270569
0.341318784791465 0.0745411157552115
0.341908951505825 0.0730623420367567
0.341709284332573 0.0731003739424952
0.342876374178708 0.0693110124584861
0.340092520400413 0.0791459571876721
0.342430610861308 0.0714117317862354
0.341495329216262 0.0736757506162386
0.341353533134499 0.0740025590629369
0.34201833371323 0.0719407178083467
0.339586332312874 0.0807049810882973
0.339942648125106 0.0801305401923558
0.341934453517734 0.0733290992092925
0.340661889626713 0.0752977830189756
0.341034032445934 0.0751544970304001
0.342211110966629 0.0729750184148718
0.34094797415974 0.0764293585353194
0.340961402044589 0.0738967647772471
0.340314254576754 0.0774163609489111
0.341274764464272 0.0751371846795082
0.340365064342475 0.0770135842027627
0.341889995949697 0.0720256966319556
0.340737951575477 0.0758776456388694
0.341821095302857 0.0733127091893532
0.340589787771782 0.077227428108168
0.341752167387789 0.0730843538676019
0.340112163227836 0.0796514178242662
0.340070565860327 0.0800269451633708
0.34231307577074 0.0714983607101336
0.3405563192484 0.0771615640873957
0.341990575233132 0.0726217010741765
0.339925479043902 0.0802357556886335
0.341947746209728 0.0724032421778525
0.34052006845507 0.0773391125602493
0.341941060577381 0.0723514290451388
0.340802847167988 0.0767629748627999
0.340460202535301 0.0783020854557452
0.34076484104624 0.0761281097829924
0.342853669955355 0.0695635522847716
0.33970529493418 0.0793049187338184
0.342060864963987 0.0726153736277007
0.340370176676302 0.0773445769123357
0.340858844150306 0.0759662619816527
0.340180313726841 0.0773442369387384
0.339519544126918 0.0791223856996242
0.340963756854966 0.074751711164758
0.34154284885672 0.0727236163166927
0.340714644090805 0.075537920348833
0.341128151274846 0.0759435043044978
0.342229343301525 0.0715631597389712
0.341071410334784 0.076247297979623
0.342663641472065 0.0713859623148474
0.342819328908764 0.0705855297155379
0.339385649533831 0.080697171997966
0.340693043063461 0.0753751918112485
0.342119232603732 0.07204718427112
0.342185160309769 0.0717006591142075
0.341925505140853 0.0723788280380646
0.341673260431135 0.0736148684594693
0.340626384892551 0.0764835414275762
0.341998260468961 0.072295248137262
0.341636383308847 0.0766100756335206
0.343050087165934 0.0693610545258986
0.341478128525185 0.0742706035499833
0.3424045527041 0.0712286484643058
0.340225002246298 0.0785603114027555
0.34065936458536 0.0774215626969129
0.340572488682421 0.0766420314336067
0.343355468437514 0.0688973080551072
0.340010752037614 0.076691642122321
0.341030727439824 0.0753499533075063
0.34000144784586 0.0788023903655155
0.341538843397639 0.0735743353703278
0.341201403495512 0.0747398128290114
0.342694968901509 0.0701332793774623
0.341319352919213 0.0747126033165655
0.341750714155001 0.0733399921758946
0.342130554419809 0.0721442528324516
0.341719712612775 0.0727525773805723
0.340802615743255 0.076375378322901
0.341457141435646 0.074184408816557
0.341856353085486 0.0732332772845133
0.340141043361038 0.0779063087620278
0.341314782640347 0.0740823104421251
0.339364475069367 0.080747219842511
0.340693033622862 0.0775506730669276
0.339304604863277 0.0809326601110962
0.341839020558634 0.0740654843689482
0.340190001076926 0.0790130363355243
0.340103426618419 0.0774240418157184
0.340333428104199 0.0774807780315269
0.342398116108378 0.0710250079071141
0.341181055993824 0.0760427463998688
0.340954624628378 0.0753933490690923
0.341351682856964 0.0755418671677503
0.341592599150374 0.0732060658002682
0.341721210393968 0.0731838913284675
0.341919159418958 0.074373266937426
0.340979711982087 0.0755557793508664
0.342539660209187 0.0711146807642268
0.341376113858925 0.0736412602156849
0.340371777899786 0.0781921521948078
0.343527165511989 0.0674773809924954
0.341093566105233 0.0755825310069088
0.341584578810441 0.074524952643325
0.342077330053326 0.0723770725785367
0.342060322960578 0.0727240499575706
0.341508285727033 0.074067023313603
0.341805890672688 0.0740150402570213
0.341038752781425 0.0742577541671709
0.341004409637179 0.0750156489981295
0.340696393469065 0.0775784246356749
0.34160857656619 0.0733161320623176
0.340915152671014 0.0758424787700965
0.341128672232767 0.0748918961335625
0.342924793366548 0.0685653418261715
0.34216482092822 0.073533456946948
0.343532767750305 0.0691159901830553
0.340006793616275 0.0789645460445556
0.339823294875962 0.0796093737914722
0.34242673119835 0.0698479609384206
0.340949791042819 0.0746576233187641
0.340102854100959 0.0785356177399636
0.340624701276226 0.0772356599887014
0.34199505315908 0.0730965533543682
0.342243643098964 0.0706480323192278
0.341000270522577 0.0754662087895377
0.342059655581701 0.0718158182677829
0.340882012481324 0.0766499014439952
0.341023434523821 0.0760121565112809
0.341449642211241 0.0737580265966866
0.340959877297686 0.0754610751545862
0.339622638950168 0.0803676303840078
0.340929437652798 0.0763449010896338
0.34132976287378 0.0738408812289447
0.342617379936462 0.0708471549582186
0.340719495168851 0.0767674858178642
0.340302295673198 0.0790335516027788
0.34174022752622 0.0738739838157696
0.342127644690316 0.072707558483233
0.34148976630436 0.0740863865737171
0.341404637836114 0.0748381211841432
0.342352744623206 0.0713905448972242
0.34266739660621 0.0707878366463833
0.341362796105786 0.0750000462251248
0.34073317126318 0.0758234368352763
0.342040218783174 0.0731690364321201
0.341105832919782 0.0764018343972868
0.340086895636372 0.0781777885677066
0.341699704021235 0.0724176112507265
0.340236266929926 0.0782590258833596
0.341298815587964 0.0745623556538685
0.339892907982354 0.079385560090449
0.341732629297204 0.0744318767383129
0.341991936329482 0.0739477247889247
0.341269114050842 0.0745466921146072
0.342020884803834 0.0721882730978569
0.341803655023568 0.0721814159923768
0.340327465788776 0.0769993472890422
0.340975870303723 0.0760284007940355
0.341861912388325 0.0730106113527752
0.341479844591811 0.0748890522551875
0.340258071571225 0.0792431880433092
0.341413505105612 0.0743569673091986
0.341857128107919 0.0732606084208272
0.341251919772327 0.0741433821769023
0.342706874212157 0.0720071975694589
0.340437693425 0.0776739602856936
0.342267789327624 0.0721143312094787
0.342407925440791 0.0709561989347347
0.340942513440107 0.0755799375409776
0.341650604347257 0.0729798619893727
0.341786780537602 0.0736327407689177
0.340218418214687 0.0793406050906798
0.340858244978374 0.0771006789375337
0.342044811254873 0.0730394352530774
0.342057940475342 0.0721330721312208
0.341764059567767 0.0728173658152957
0.340133572140536 0.0780824490687866
0.340328778614426 0.0778296675760569
0.341675698312616 0.0729374728856107
0.340889057766344 0.0762964826598345
0.341598590649532 0.0746017889601687
0.340254382746424 0.0776958892776697
0.341579187440558 0.0733617105324647
0.341155609288918 0.0742902750738604
0.341957021709957 0.073065274295927
0.341962165848024 0.0717544498469136
0.340135469446071 0.077693708182841
0.341343613691141 0.0743939330964005
0.342248989317426 0.0707307714766763
0.341456196219495 0.0737372911559565
0.342814273658898 0.0688233562886787
0.340919499524698 0.0749685237916555
0.34165315359827 0.0734536631933236
0.341572623886032 0.0743836759218875
0.342425636162201 0.0706573907808324
0.340394618022169 0.0787403550180238
0.341138780370335 0.0755353213988814
0.341298422373153 0.0752674221574122
0.341111200565938 0.0752706771416182
0.341650993072112 0.073480637728872
0.342965990554281 0.0703018259191148
0.341329447430406 0.0737250727151766
0.342374099758795 0.0708654362486186
0.342136040357047 0.0723957282404701
0.341882846269954 0.0727551667910909
0.341408059306607 0.0745212186378904
0.340947055302163 0.0766793528319503
0.34180347602638 0.0720029510515931
0.341675349205953 0.0734533684101598
0.340289763239561 0.0776224594962225
0.341379002243728 0.0746196275996697
0.340428811334549 0.0772353621786196
0.341978737400523 0.0721420404280272
0.341262977870987 0.0770480770720091
0.340469390094012 0.0772879307091997
0.341671874844112 0.0730883025051903
0.341536208844095 0.0739588890323138
0.342037532020234 0.0725519109895122
0.341140659355406 0.0753724478831643
0.341070919950939 0.0748521479001165
0.340488236855103 0.0783817795647436
0.340719099537276 0.0757084977169705
0.341550618366989 0.0728229166599568
0.340786576375183 0.0758138957255
0.341010481915792 0.0751679161139407
0.33976356289961 0.0799386884659443
0.341479544815286 0.0741655393151174
0.341200486178348 0.076102392875322
0.341947884004088 0.0721588066473835
0.341321768947548 0.0746110009387464
0.342025208525608 0.0713767241234693
0.341818627986711 0.0726396805122895
0.340893200102219 0.0760680069039103
0.342193708562093 0.0714051202001004
0.340285182554381 0.077778713245413
0.341521402633494 0.0752012011298239
0.342727146445973 0.0704037667063822
0.342010613131351 0.0702738626084601
0.340745440848925 0.0766769430942815
0.342201361841778 0.0710333894378758
0.341233333696022 0.0747731831866582
0.342988403432021 0.0683656254085672
0.341558376895267 0.0731415057077223
0.34088896919215 0.0757473310288276
0.341835375145032 0.0729568819000329
0.342154083553081 0.0728465791055022
0.340998060617615 0.0764025938337507
0.340967024451105 0.075613527230726
0.342392063036774 0.070242104821547
0.342547372506296 0.0711971598602684
0.339790437589468 0.0804077701281744
0.341147231219666 0.0744428011694144
0.339533892931229 0.0801755751953634
0.341147873182491 0.0766694671977479
0.341205921182774 0.0750608448165331
0.340155800171621 0.0781842792092754
0.341494054046608 0.0731704007784268
0.342320816870928 0.0712481685742703
0.341206926759368 0.0745181411534777
0.342434305157419 0.0701074772398814
0.342336750412194 0.0722613801539255
0.342301528351657 0.0718245211239011
0.340993102941812 0.0755978755991124
0.34188654334173 0.0727046879070358
0.341451398072222 0.0754005588536631
0.33954685619815 0.0801708819229231
0.341493855792451 0.0736316749992023
0.340726688967806 0.0763625721165931
0.341125703315235 0.0766399857977277
0.3411764623302 0.07522241203868
0.339757498418808 0.0796184152450717
0.341498629383763 0.0731369234940427
0.340861750032194 0.0746968438775072
0.342285759583313 0.0713113531505599
0.341524296392141 0.0747467350346038
0.341034183280183 0.0753783847907932
0.341020872335999 0.0755041435008252
0.341553992296295 0.0729503530643234
0.341520929714945 0.0731226391224072
0.341016459902257 0.0764041355148044
0.340883575558469 0.0767005890238433
0.340559652220199 0.0766958752363096
0.340872363520537 0.075294126730852
0.340075618137177 0.0794627210364555
0.341073761584625 0.0757416021288404
0.340265080669641 0.0786285943354305
0.341164853162977 0.0751541811363187
0.342307329389776 0.0726800066848057
0.340391560435517 0.0776566895301868
0.342117274671886 0.0716983820258272
0.340447594903795 0.0771396085736831
0.342167633194474 0.0721023071694674
0.342218009848711 0.0717954356665681
0.341281688569365 0.0742171974379007
0.341939540155496 0.0725503655684625
0.339940619907078 0.0782854652333501
0.340606248690731 0.0769962424268072
0.340737316951114 0.0766014900086129
0.340390569614198 0.0791503453001296
0.341211993154196 0.0740937377301214
0.341076110131004 0.07610525592632
0.340820281897803 0.0765424256998349
0.341960664761743 0.0721426758206203
0.339625176900517 0.0802267824116349
0.341089944253923 0.0749869635826735
0.340658063114382 0.0775906758324397
0.342381324037981 0.0728221207777816
0.342836554222369 0.0704399127081024
0.34033339188377 0.0776347884082335
0.339984581618702 0.0797730359160579
0.342356479637142 0.0716384799575979
0.341758295327902 0.0734236079169165
0.340339497492167 0.0773293491171058
0.342218311556777 0.071821806937561
0.339642708045556 0.0794250067133755
0.340740879843836 0.0770288273487104
0.342235184342773 0.0722787898869957
0.340988595267325 0.0757610309182931
0.3406796242032 0.0777463565188584
0.341710785215644 0.0741036439267277
0.342097756201374 0.0720016076036124
0.341881822342279 0.0719676501750512
0.341442443199261 0.075433242246226
0.341313101639067 0.0737968138969532
0.341312366264845 0.0747623645471055
0.342383067214811 0.0711317729834278
0.34175828057362 0.0722683393280228
0.339048491564952 0.0816810878509206
0.343121782135137 0.0679097305866278
0.341204168573586 0.0747158382588693
0.341341405824186 0.0741218134506062
0.342491344298411 0.0714232249993044
0.341682117937103 0.0738309959072626
0.342399529541959 0.0722350148480662
0.340000620802618 0.0780840660159042
0.340654904550583 0.0764405367521513
0.341611661899108 0.0737746561818
0.341536362574606 0.0744142850217984
0.341055494943829 0.0754079066497337
0.341713535150836 0.0742094526909737
0.339913325285163 0.0794914797835916
0.339865272165899 0.0785385651344659
0.341746937043716 0.0729765711054553
0.34091612647539 0.0757715615302238
0.342566984666644 0.0711251373856351
0.340963398404259 0.076127814532276
0.342104154640839 0.0719676962072169
0.341447129525621 0.0734052588266907
0.342572260220603 0.071397181325112
0.341753776718348 0.073329013243862
0.340930903821746 0.074148496398488
0.341745319404809 0.0734560940397119
0.340858466243814 0.0760918115268864
0.342268369924102 0.0718230021138116
0.34185973543384 0.0733233528558452
0.341489979827335 0.0751657602375625
0.34087390333158 0.0763159966741235
0.34141555296213 0.0739990740096079
0.340689984561996 0.0780479165910026
0.340933283820107 0.0762936654841435
0.341890378749109 0.0731433952646285
0.341384079855084 0.0750710538668977
0.341868976877245 0.072543420184942
0.341178581559117 0.0743681870250948
0.339844604818114 0.0781482608625986
0.341083698204718 0.075355603214067
0.341844453153763 0.0733119258845058
0.341856477599639 0.0730926067114071
0.340531184772481 0.0767980016195669
0.342096666174751 0.0716128790226614
0.342026715928143 0.073139299795777
0.340178108492905 0.0776900213018667
0.340722720197277 0.0773980308801099
0.34013326586173 0.0789016737787351
0.340604465331038 0.0773027793270268
0.341854044033562 0.0726751236713699
0.340424416890708 0.0768734096010629
0.340603963561255 0.0765515368709057
0.341180495760964 0.0757208078546466
0.341841574623243 0.0724235493299798
0.341325844752214 0.0746472037818381
0.341563742493604 0.0738510355072511
0.341158299085158 0.0757610181862746
0.340704003924779 0.0769684135992692
0.340969209470977 0.0755391362023899
0.342547335827 0.0709991893152508
0.341083228058678 0.0749190197834579
0.340101564738053 0.0787941237339956
0.341557625325972 0.0744163883896852
0.341741125979458 0.0743422302935162
0.340050451515189 0.0786135732116285
0.341207594415029 0.0751756635577749
0.339507435815967 0.0799885105156361
0.341264988014408 0.0755686511386937
0.340214018644051 0.0780906584101964
0.341531915683611 0.0748980732410904
0.34082846545434 0.0756578778931934
0.341727724450212 0.0730133615623256
0.341220444062368 0.0756547825697569
0.34190044278385 0.0737550971123265
0.341418577609214 0.0743338563422434
0.34090445829708 0.0758517135956655
0.341354860748109 0.073737812428927
0.341733611538096 0.0726781385325415
0.341405615229917 0.0754650960436456
0.340692058948292 0.0769916386384785
0.342753705547325 0.069389963860118
0.341680837656258 0.0735223322075351
0.340394694010804 0.0774291894995172
0.34158414541248 0.074463468286269
0.340836361059098 0.0761113662737625
0.340670974431231 0.0771955613128155
0.342674343876404 0.0706146945441112
0.341035900021875 0.0762241824256907
0.340775850973228 0.0755502848227695
0.342989990606379 0.0686196478779088
0.341950754728212 0.0735838419570986
0.340677827323934 0.0779781576231706
0.341458560473246 0.0737975221019439
0.340912053354623 0.0753706063100174
0.34034859471937 0.0783093919543408
0.341107337750827 0.0755311841352056
0.340970594904556 0.0760143888858495
0.342694962425889 0.0687438557418234
0.340843115426355 0.0753997759044081
0.340638048773127 0.0767175509461269
0.341780547924499 0.073510042572775
0.34007271858378 0.0793078194590721
0.341501669583864 0.0757951993625561
0.343324662518941 0.0682481527955831
0.341291836595234 0.0747969792330886
0.342541718715227 0.0702258861349009
0.340901709735254 0.076077222708406
0.343277059305205 0.0686742592347441
0.341756956035893 0.0734907195350089
0.341899094945907 0.0732594112304362
0.341298129478843 0.0748731769962711
0.340670540682196 0.0773984129495906
0.340083057998396 0.0786301938017444
0.340970166491165 0.0749032395194584
0.341274156246217 0.0741013701303328
0.34081354055092 0.0757913318385169
0.340351731598679 0.0779602302479099
0.342922561593114 0.0692887928975673
0.342825376083607 0.0703647532135902
0.340455994423249 0.0779452655925374
0.341587651435905 0.0734085829273421
0.341208548508104 0.0762743451801706
0.343155677076156 0.0694100863360683
0.342926379524601 0.0696095302945686
0.341481336094604 0.0743165864205909
0.340360863273895 0.0777791522544415
0.342019759845877 0.0727857174905996
0.339488948858411 0.0809257088145927
0.341092878034802 0.0762986769472566
0.340969443486075 0.0765391092955039
0.341206109698278 0.0755123959151407
0.340989910381684 0.0759570386045975
0.341412300568806 0.0751108820991461
0.341183263816769 0.0752298242522326
0.342811097816955 0.0706517894004398
0.340799764882206 0.0749190203263221
0.341872134076913 0.0733305561382908
0.339921886626138 0.0792649309283744
0.341152723576105 0.074844804085406
0.340699524273078 0.0765884537493597
0.341523415128197 0.0739288102162902
0.340714261352786 0.0761883774235078
0.342990009444395 0.0705734973177659
0.340356858745101 0.0771910960372199
0.341513753833854 0.074000107355698
0.341836140790772 0.0734490406561043
0.339713672250998 0.0800186478409777
0.340985030141528 0.0774311592187069
0.340793220599055 0.0779016455678898
0.340532837820961 0.0781497055166723
0.340247284153084 0.0773385353587754
0.342050404111789 0.0719020949960375
0.340170274149296 0.0780849879024367
0.339734478503722 0.0808605816785486
0.341250621478588 0.0755570155505761
0.34021858692781 0.0791502249273793
0.341345933503551 0.0735776550907794
0.340365001011044 0.0779869658052221
0.340800141371946 0.0758110262673019
0.340405341967251 0.0774033878893566
0.34118888894193 0.0757662996456835
0.340793321672105 0.0765144594511003
0.341527058731995 0.073047069577145
0.34203271752463 0.073172760025437
0.34056272261503 0.0763533267029307
0.341421072760476 0.0738341894855329
0.342019475873313 0.07123154352986
0.340511480513418 0.076889451953918
0.340052262530321 0.0784610866985587
0.342772858217602 0.0709531253601814
0.340544037442766 0.0761576016142888
0.341834330639042 0.0729298315618738
0.342370420384268 0.072541572742186
0.340788600746352 0.0750799914181422
0.339980842402363 0.0799412941264121
0.341999688614204 0.0722258935821815
0.339372225875593 0.0805389951134532
0.34121872386931 0.0754084360658099
0.340656298064759 0.0778955820399321
0.340829287463976 0.0768911429383749
0.339992532583413 0.0779315678468145
0.341398795764474 0.0746178450975059
0.341595845966787 0.073108831469363
0.340345742933213 0.0784055274609847
0.340535280700757 0.0773776002596974
0.340384026319646 0.078321670306201
0.343271937937553 0.0683894693488801
0.339945329428016 0.0789554873906528
0.340855324982291 0.0766116510396718
0.342590899365453 0.0704044390935965
0.340709211606363 0.0769562405244459
0.34222417119869 0.0714801720943207
0.340353266442234 0.0779896010692772
0.340744361970878 0.0764043849999694
0.342299194903708 0.0727948318876374
0.340750367481917 0.0773756473339714
0.34139127752249 0.0747660241824762
0.340329122307035 0.0769879306343098
0.342206206021405 0.071815499594522
0.342250898456813 0.0717437576101091
0.339703549364724 0.0799490726862672
0.340502247735881 0.0767311593372653
0.342225611978875 0.0721439687635727
0.340482473841072 0.0780084349057173
0.341448098506904 0.0734814464685671
0.342877300665828 0.0678892759288422
0.340836221147623 0.0760930916690561
0.341224102461861 0.0744372849155596
0.341473923152277 0.073127854884321
0.340517002484984 0.0762801044943546
0.342635587495458 0.0709112494988062
0.341319940451315 0.0737305610328218
0.340744751281967 0.0772412265265274
0.340656852942739 0.0766697628927643
0.341426637924966 0.0731921651251809
0.341277954608546 0.0736914491983328
0.341417034654202 0.0739277648840079
0.341590870464587 0.0731639636652073
0.341384442768302 0.0737178893702975
0.341797012602387 0.0724646718216764
0.342729733310981 0.0701979184884445
0.340580635198827 0.0766187941861506
0.341007171702673 0.0763156750244102
0.341542318110254 0.0736259030165035
0.34102302321372 0.0753733556221736
0.339867662202888 0.079513630653931
0.341920201800444 0.0731621745950051
0.34047527918571 0.0768378168817966
0.340265335020409 0.0771759271506733
0.339881602464382 0.0792519064948084
0.341970749912762 0.0733881088848551
0.340151199521694 0.0783279703821318
0.340273814055794 0.0789507691682132
0.341676361658503 0.0751713503520321
0.340925923777379 0.0764144981129273
0.341708835763913 0.0724017777417747
0.342143912308198 0.0714655758075792
0.340956594824877 0.0745258480841436
0.3411643409506 0.075646436385125
0.340822178223134 0.0752168163612741
0.34114843548402 0.0750788635021336
0.340590908220773 0.076586891647289
0.341271119360644 0.0751050392835231
0.341568299269971 0.073612896431512
0.340329263591324 0.0772577163275505
0.340876576068999 0.0769436269527453
0.340610131816706 0.0766158420358509
0.339798102841628 0.0793206447688701
0.341644786515476 0.0744216439628693
0.341485850401832 0.0743908092311978
0.341282158599397 0.0749937028835962
0.341004601533566 0.0762415082968302
0.341363249502753 0.0747462655581748
0.340838206371738 0.0756791383831898
0.342887953673284 0.0705698012473248
0.341859076008216 0.072489287684767
0.340250221820319 0.0783402593257372
0.34073686624341 0.0770374461454663
0.342195743054517 0.0719367491819024
0.340013975867556 0.078996330207276
0.341251518496455 0.0748088570527577
0.341432369842176 0.0747067450955973
0.341421009134185 0.0740794780002851
0.340285765931957 0.0791999340983171
0.342581995703595 0.0706185499777015
0.341936880663485 0.0719683099008396
0.342309117710735 0.0726627568173106
0.341290427752207 0.0749102284049639
0.342230333726572 0.0705620838376477
0.340948831667782 0.0760530690272067
0.343355964199735 0.0676617389900823
0.342328772275583 0.0709143621930139
0.341553233917853 0.0739018771308181
0.340432457859456 0.0782247611841094
0.341606126599407 0.0743444555843434
0.341275674433098 0.0759101870438576
0.342557244198711 0.0716883771367181
0.340476885977806 0.0776109048034909
0.339772275912709 0.0790316192567531
0.342256633130477 0.0721819702315213
0.341419753070102 0.0743894834310071
0.341418317994013 0.0741747686658705
0.343062263033592 0.0680184428706977
0.340156573414162 0.0778995077848596
0.340417862549999 0.076922021644658
0.341748916418937 0.0727860206981159
0.340367434023358 0.078895606186533
0.341678909786199 0.0738519513915558
0.341216719806288 0.073828230752172
0.341823161954377 0.0729286123231704
0.341248694483567 0.0741811584563698
0.342318390241935 0.0710868472417245
0.341768553574299 0.0722696923227032
0.341957941092556 0.0734108059015112
0.341846539418256 0.073517235716991
0.341146261557006 0.0745605227221937
0.341854011823272 0.0732191869503091
0.342429324512578 0.0707857011311406
0.341703999477214 0.0730755400740477
0.340669845575049 0.0784978557008699
0.342470490260639 0.0709017774355988
0.34065181004341 0.0776485983140401
0.341970817596716 0.0729326408222879
0.34028079574681 0.0787950555718732
0.342837428859532 0.0706374366620691
0.340539907519418 0.0768417152571033
0.339682511598864 0.0791038320766105
0.339745060073097 0.0793532942270822
0.341973264928302 0.0724967076563426
0.341756160209288 0.0729980382336212
0.341781129462686 0.071539016909535
0.341535489334643 0.0749144973213416
0.341166161693959 0.0742384713064237
0.339231433586441 0.0815999599806222
0.340933116980075 0.0759268605294402
0.342537141110939 0.0714461424578714
0.341088180181455 0.0765138771343375
0.340756707520418 0.0764413678470697
0.340987291679122 0.0765970188213216
0.341510082157573 0.0739015047948485
0.342436674224253 0.0711584020922496
0.340990632671166 0.0750462837008643
0.34104010693795 0.0757307412815968
0.340475672781976 0.0783040553324856
0.34237212156075 0.0713174197722548
0.341896338386018 0.0730883131829453
0.340922417629069 0.0761429195366595
0.342126452122717 0.0717153051640278
0.340546901552422 0.0775334140327875
0.339661962733876 0.0800307410493181
0.340840065960615 0.0763979367097692
0.341539169884974 0.074231093232502
0.340521356538181 0.0765828801807666
0.341031831695213 0.0763682865618691
0.341046247024103 0.0743178832473377
0.341513705897643 0.0740952228296385
0.342041988396918 0.0729536561741925
0.342374299308795 0.0708223574326481
0.339853506941451 0.0798926766036397
0.341263734192118 0.0761529193319923
0.342330470470819 0.0712946314423669
0.342562033317203 0.0713506545840866
0.342215204169822 0.0716636918573562
0.340394118923379 0.0772762903118736
0.340962733908262 0.0753641329362571
0.341758692162322 0.0728302679365692
0.341198985682013 0.0741914984791554
0.340904460461488 0.0746144312297798
0.340600103057975 0.0780007186797512
0.339928550398342 0.0802416380383197
0.341065928703794 0.0742457403317703
0.339239489717077 0.0801337632961629
0.34175387327779 0.0735384777655587
0.340835361722582 0.0757922424586949
0.341586244204919 0.0739130516854851
0.342039361452821 0.0724980800574996
0.341278293230176 0.0742289922731505
0.340740659726287 0.0768142480230716
0.34115247191841 0.074780059128753
0.339702613778767 0.0798340039445662
0.342140222059309 0.0711992407782287
0.340807204988549 0.0767508515084709
0.340829671254931 0.0768794676925792
0.340625697341259 0.0761241821109193
0.341751660126748 0.0742020765519523
0.341240227235156 0.0760515560870913
0.340888642033119 0.0764521014466821
0.341697666100716 0.0737041797049486
0.34186610213446 0.0724011631400575
0.341565949959984 0.0747560279670303
0.340026572761234 0.0787180191184127
0.34129569254009 0.0741964049217337
0.341914063688762 0.073478760598158
0.342241058209528 0.072069034705045
0.3406440044078 0.0769060276797136
0.342217050479011 0.072438790512808
0.341597345039095 0.0744641756195052
0.340199198881054 0.0775363497390282
0.340510862007362 0.0768356190180201
0.341190425060237 0.0741689375339004
0.341768341694542 0.071776729058431
0.340693151725772 0.0770382851517486
0.339816667501646 0.0794157495821671
0.341420229819495 0.0738602733757914
0.340424136263254 0.0774468368141009
0.341696848106123 0.0731385822862896
0.341725814298214 0.0720801388015336
0.34047049726459 0.0774391098842583
0.342382364815416 0.0713274138683843
0.340284544643997 0.077359689768681
0.340585377242947 0.0775693189210869
0.34281777398852 0.0706564673629948
0.340822119813807 0.0761358278555613
0.340906156704312 0.0762556192453412
0.340002515762381 0.0774143399928783
0.341919882343767 0.0724859418601713
0.341028283580591 0.0759269173122573
0.342459627178914 0.0712467361457354
0.341584794393709 0.0746682629739967
0.341288786944757 0.0747019607326957
0.340708345343373 0.0770275903844614
0.341508187531055 0.0731715913752975
0.340439530000409 0.0774277728158468
0.339843037408033 0.0798013504516142
0.340541500137117 0.0771945383664663
0.339845471418035 0.0798764228292392
0.342591067029916 0.0702988479501598
0.341695471581192 0.0728333558148888
0.341620532675279 0.0734807280326727
0.341107150811654 0.0753158493407308
0.341606739070563 0.0742122111255788
0.34038839581716 0.0776662902086651
0.341063428067865 0.075775896064768
0.342004365901353 0.0719400941751799
0.341296333953617 0.0742013683246823
0.342911200306926 0.0693846632296683
0.341997168300334 0.0726076019248422
0.340392832117674 0.0776816695543324
