0.365969555695108 0.441898655166321
0.354380838342575 0.580249787021259
0.372581210142185 0.360089348261168
0.368146524286309 0.412980680624987
0.361960035873488 0.48840213777805
0.374365968865897 0.339529663452833
0.367092201962006 0.42954528290145
0.357726153875926 0.543575603095517
0.37763157606357 0.302684352390697
0.360662693934689 0.508830744376707
0.373970708710926 0.344720108210178
0.375911306521029 0.325320154379395
0.378477065748873 0.291998093514609
0.377502271517188 0.30138512031481
0.372657664927925 0.362238202490398
0.368704977229176 0.410909583950386
0.36341700448262 0.472941689918452
0.370026224164567 0.391885140942774
0.367109098713198 0.432197226683539
0.373910179102286 0.346009674529808
0.369478318064026 0.403149019002496
0.384646260878469 0.219706244909472
0.359841227484902 0.515026398623887
0.356987001918601 0.554164115395142
0.352351535232459 0.609244917972674
0.360696766229852 0.504602068839665
0.371293150303522 0.37739744687609
0.348235386667541 0.659421538177654
0.364725080880768 0.458047855455843
0.361343954398066 0.500122408941128
0.363573939740524 0.469780483578395
0.383275774422926 0.23275760866494
0.37768127062071 0.303038125579548
0.351846844857072 0.6108604099344
0.352960102009237 0.598113779891772
0.370677878321468 0.386827392193801
0.373193576478758 0.353955918435878
0.36450133060512 0.460315941954738
0.373478672710329 0.356237606873969
0.371912991264428 0.368203408870847
0.357436704730825 0.543729723004858
0.347872789548888 0.66251249980788
0.376349816130772 0.315637748242649
0.355272241588432 0.569883333884184
0.369103764603337 0.405659378176079
0.359569984547034 0.51658291192937
0.367310921455953 0.429445188430894
0.367537965559829 0.425818103280558
0.356792427695512 0.551108687400885
0.338984735141436 0.766955347441033
0.3610234054975 0.500710224102608
0.367027469565507 0.431239045774961
0.375897174398278 0.322001480960762
0.364006857746216 0.463313061938633
0.367238051948347 0.427110453542365
0.383029431123634 0.237896967506934
0.364270109965193 0.46271307240663
0.360134979746665 0.513850213105873
0.376824719250549 0.314304588025536
0.359094046976975 0.525421552253952
0.367825726810481 0.420639650340101
0.370888234365474 0.382257313778876
0.353228883993415 0.592768965222783
0.360391328472165 0.5094731975723
0.34646692492549 0.676138771188079
0.365804040046967 0.448206861017948
0.367377366712796 0.420850175087183
0.36482587743333 0.457595611569586
0.360312322606279 0.516248421380344
0.362561355896196 0.48188238290541
0.369383654263207 0.403719110323791
0.368650512813587 0.412710460464823
0.368503759995266 0.414390607825707
0.369664584398793 0.398231671218273
0.3625675896061 0.484632492346525
0.368283621716301 0.412302987215078
0.361575048665073 0.491903173431854
0.369854408406411 0.395747011527813
0.353443588910063 0.595119161001585
0.382420026017316 0.247603817015935
0.366725272286885 0.434469960644375
0.37877027591484 0.288842694331218
0.372236022629268 0.36737019124164
0.366626247174535 0.433217287932578
0.370040811628356 0.389288317957354
0.366037745490642 0.447153495940431
0.367651069269252 0.422290376342227
0.356746079090608 0.556252087925459
0.339310503876034 0.764204011484362
0.364620668622661 0.456156804103458
0.371834506989935 0.371299392807833
0.348729585217843 0.649654539866171
0.384054621518079 0.22765023580188
0.369187984591196 0.404567097499345
0.374582574866492 0.33910077480068
0.373150540320347 0.356269846073281
0.376521726823323 0.314555793188238
0.371004877654967 0.385740090899333
0.363662386940694 0.46966208528345
0.369394851034824 0.404669523643358
0.378028442986121 0.294548803687658
0.366265084211461 0.438160050799023
0.368388501640822 0.412185904071304
0.370493697406604 0.382051101201187
0.349938774108572 0.636895494356012
0.360263009732996 0.513111513324114
0.358708079878026 0.530456975642401
0.355356121113469 0.569395201603077
0.388113689234848 0.174871819619453
0.375067141249919 0.330668657504009
0.365289218134269 0.451018826513538
0.357850797032019 0.541261687173984
0.363008064706745 0.480991675371258
0.36396353534838 0.466670925796186
0.378160955289143 0.297178900333134
0.373773732036142 0.350079402209769
0.362194118879138 0.487593909652197
0.350699311875572 0.625908741058083
0.365289299561129 0.450212272633254
0.387795500450269 0.18582990714288
0.364730793825676 0.454650311785872
0.381144898918166 0.260207553636912
0.360978037576675 0.503626341885952
0.371043805725744 0.385255724965161
0.393078406301086 0.117246131457282
0.363706138869646 0.470717136816258
0.361208424164787 0.498514769218834
0.357025622967796 0.55344084742886
0.365858021545148 0.446148465876724
0.35005589262032 0.629862449930899
0.362966153846906 0.474658652234213
0.382082914460851 0.249221697305366
0.37041566778004 0.390240255390518
0.377279428421541 0.308418385337284
0.363918370072638 0.464027369908317
0.357677206274962 0.545070731311557
0.357682283546848 0.544564688138954
0.365869037119302 0.442181227293181
0.370473888430215 0.388407602740399
0.355745715392109 0.5636073188198
0.357565433297826 0.544236059742544
0.370820943688142 0.383101299486113
0.381044514342465 0.258374269089801
0.363228264754091 0.473984163003311
0.367124038355672 0.429137329019432
0.371334570284808 0.378665136619969
0.365513728027698 0.445742101586248
0.363091964150892 0.479818005413459
0.363434367227186 0.47209092129652
0.377050779420017 0.309145590618344
0.364370202355272 0.461057333032793
0.386273244443774 0.200155421468274
0.372503432721042 0.361972270495578
0.351601850645065 0.615704068145071
0.366108504184382 0.441044193441115
0.375521156736995 0.332718523548041
0.372088164552442 0.368662678077362
0.383044568370601 0.240902638340703
0.363037597496847 0.479287707439448
0.36150446466028 0.495021300370204
0.351861400711433 0.61415169662259
0.36433243739396 0.461173191672303
0.361995454763966 0.489904437774044
0.37974161259714 0.276731577042837
0.363528898474722 0.47835946520148
0.361495098497185 0.497068792342553
0.379687213434314 0.274472387973491
0.363322828093948 0.476292861146998
0.369300638169201 0.403397069742768
0.365979158411876 0.444097922645298
0.377783312683847 0.300561077051519
0.374439249170904 0.343021546808008
0.352389248440992 0.604352340743729
0.371352178405154 0.378564821862015
0.360493282715509 0.50898781867496
0.358238411176602 0.533635263559149
0.357431194412962 0.546170693280254
0.399334429909003 0.0395127022010358
0.370139075339488 0.39086175362485
0.376155406192054 0.319868718181353
0.350125307341917 0.634754998364867
0.373480850361613 0.349855907303136
0.359864987525729 0.517411112667853
0.378023450067088 0.294837544002656
0.364696056290497 0.456981746037159
0.361950886824328 0.491786282881131
0.356855734770408 0.550648298890295
0.378568988883835 0.291025111625603
0.371813668786823 0.373660640621509
0.368763372753928 0.406404512124396
0.369935335351874 0.394067295072155
0.377529022049064 0.303736656354628
0.373064118497941 0.358191691319724
0.351444305149994 0.614414876310939
0.356606243212569 0.551354684652834
0.352906430706239 0.599947347415472
0.362525867074547 0.485445429894058
0.340908037913741 0.744441162723317
0.359859026931635 0.516490072653124
0.345190203981573 0.692150202957528
0.370564631791295 0.38440892360246
0.370742024837328 0.381762429978846
0.37507311099072 0.330049308271195
0.364270679222173 0.464185347959606
0.362140385418305 0.489202496879989
0.363802481724645 0.472664671451091
0.367846473445798 0.417506402358556
0.37827975853873 0.29169901402863
0.381630952705284 0.251561805238893
0.372443867897127 0.364294661561024
0.377071052266004 0.308478858860004
0.3576191587833 0.539416692847139
0.370602419184363 0.387446731144735
0.376032457071959 0.317682530471828
0.362135094421717 0.488243476310839
0.352607060446784 0.604869106411177
0.346922190589404 0.668245697428488
0.346760513950075 0.674674870443902
0.370478193196696 0.385317979094043
0.365337848684433 0.451696100647809
0.367302330661821 0.425472086704275
0.365888940974098 0.444308138853485
0.350926303148457 0.625126389320031
0.387534878199209 0.182693804628683
0.366547760327906 0.434601960915823
0.385906175225437 0.199124560391976
0.374930760806333 0.333373234486679
0.352669394756229 0.603184373554216
0.359032390128643 0.524570026191204
0.371241794858375 0.377166081967692
0.377172957354296 0.308719657758357
0.363865383036312 0.46871034196311
0.360830857669085 0.502233513959273
0.388308978254339 0.172697048765411
0.389181424402807 0.161197734704836
0.360062429858702 0.513619572609637
0.374726686928922 0.340804088120817
0.357635861311025 0.543076896677193
0.374724296457771 0.341606836573037
0.369792339954161 0.395261432986293
0.354806890232183 0.57665609443498
0.38520091615792 0.210036946216032
0.359475059172528 0.518023886666617
0.368582674707967 0.410495453872912
0.35859556217662 0.529523109779693
0.378283028003652 0.298873473192179
0.356595977504307 0.554409440049622
0.370622263730756 0.385704813323186
0.365360220159361 0.45212413746824
0.377283043335016 0.308711879400982
0.36363048619707 0.471728356832646
0.369113567540981 0.407815682691414
0.362370196627602 0.487574902392385
0.366383490661806 0.439721557188805
0.354266635086763 0.58457884877367
0.358153025121174 0.535501819914967
0.368996551367944 0.409216647190048
0.374276819591631 0.344410794953733
0.374448391990656 0.343290191822506
0.353861150125908 0.589796174838136
0.355099327051734 0.573128896132261
0.362129268927372 0.487290731716232
0.366088731123177 0.443057112570854
0.380857432216391 0.26567444028114
0.353072467591829 0.598409340719108
0.365887218565617 0.440276807895504
0.364170506678681 0.460838789477604
0.367840630802413 0.418457406379285
0.367772566590607 0.424006557363612
0.36443072219794 0.459980781842343
0.353834415913551 0.587196554975611
0.36336967164249 0.473444369917032
0.374385377584491 0.343336838815783
0.395611936473302 0.0875539754940919
0.363858167478877 0.470521760728531
0.367087536773178 0.4250111181927
0.356839265182612 0.553408708753711
0.368488274410543 0.418035932551328
0.38138882065202 0.259165125682045
0.378871031392854 0.290241804644142
0.371753183012423 0.373927675948792
0.370847391913368 0.380241326574825
0.362196077755604 0.488090455483603
0.357790173132395 0.54082137869748
0.378949336555899 0.28990247277962
0.366736903856434 0.43415764523151
0.371046654150756 0.380792283289423
0.36642611765768 0.434603065213267
0.36509258466201 0.454440510952852
0.36394186653964 0.465223666364255
0.365446689618954 0.450520730803425
0.356500166456302 0.556224961264085
0.362735219602584 0.482562329146428
0.360896412559294 0.500463868619132
0.371756655446924 0.37340585782658
0.361160118977561 0.498527691913602
0.369110683060069 0.401087415881312
0.362041469074921 0.491288138466727
0.37928986474232 0.284696172999362
0.370392353851934 0.38704146605702
0.388604463625195 0.172576146867642
0.384072829544347 0.226262455211825
0.356535552861505 0.558518621297781
0.3638191003056 0.467169095058747
0.379374718761336 0.277746276849187
0.373002734684943 0.354445444123585
0.356776916351653 0.550011409327367
0.389136135056411 0.161851863016179
0.355937724629557 0.561751089059332
0.37598198003458 0.327253190888709
0.368860986616925 0.403525731829495
0.363941052215621 0.466630171803544
0.359742393230744 0.522219355326057
0.349453715955537 0.638384689296683
0.35784713257022 0.537734610482448
0.358251777218042 0.533604418577075
0.360623397901024 0.507066259731325
0.369794516201168 0.39619397049249
0.363797880553959 0.468132383683332
0.354861291115065 0.578546139462096
0.359949500122051 0.519904434818738
0.381251218193728 0.260593922547765
0.366229193371296 0.436769952475914
0.341067430162528 0.742416942819254
0.376451137111001 0.317613967199514
0.371699047458435 0.372747712925336
0.360749469333559 0.509505059967777
0.373195480446217 0.355057176816025
0.366639028595048 0.431679751437413
0.362949176849402 0.477375048142759
0.365447215529153 0.451117079002507
0.392623657657409 0.122048532678615
0.353192715117121 0.591552538094018
0.370323475836202 0.389400938683657
0.360783825588126 0.505563213112583
0.357575733856632 0.543702536136473
0.356652584999647 0.554950717677189
0.373700122276764 0.352832623723401
0.373100974324974 0.358331906616586
0.353746216187313 0.587659892855883
0.388350952392018 0.171695295846768
0.387075738542616 0.193888073135452
0.344359330896897 0.703226028124039
0.367561055675891 0.426523520650474
0.364199961349209 0.463566211929169
0.373344739359597 0.353827579895689
0.358435401712724 0.534214443030904
0.35979202123463 0.518381989707412
0.363707343423415 0.472054742901705
0.363382044665002 0.473182564049089
0.345121822373559 0.696188024558184
0.361878846273394 0.49227759699581
0.367878005429923 0.419174754028063
0.373995043713772 0.344404909758067
0.364414646224305 0.463002889769959
0.364230196758066 0.463495662569144
0.364334403705543 0.456343354778453
0.360048827535971 0.516843065468093
0.374953816209198 0.335795703750025
0.37446020805669 0.339316033786578
0.369575835532832 0.39924449031485
0.353257552609173 0.601525483857486
0.373760320350862 0.348060348444716
0.347708006168832 0.664811112303835
0.371855735657536 0.375884531415987
0.372008289000774 0.370984946042512
0.363022356140963 0.478189030386286
0.390103197542804 0.150527050872714
0.352803069206184 0.598119230805978
0.368223015652837 0.415787549666022
0.373973666254305 0.345729489986449
0.357726126379995 0.540242390735759
0.380986010712655 0.264425360002867
0.35442027817656 0.584523711106885
0.35819508745758 0.537102174565908
0.367537256201524 0.422783392008861
0.380299525049222 0.269029751313176
0.363814933664418 0.472632088882055
0.368576235902287 0.410966661716282
0.383997470250643 0.227070601544684
0.373089641454805 0.354215960663578
0.365301046859911 0.453628506219995
0.355731772907489 0.564910813531305
0.363467119811158 0.472910447784462
0.366388623513135 0.437249623064725
0.366180000010236 0.437613310148694
0.363011631254608 0.478051765622099
0.377912089655804 0.299936462744631
0.37854137278093 0.286807353266256
0.385541163976313 0.205038565912557
0.361726849320349 0.494956970795281
0.367556791362047 0.424365342453047
0.358835436965092 0.529854014970985
0.362543667218066 0.48283894731187
0.357468755821283 0.549361561025992
0.358166004107379 0.535323363621601
0.369966443393546 0.392897603973708
0.376074159281453 0.321572139140288
0.370138685289964 0.395298762495246
0.364782155745641 0.456169286583892
0.374944943766168 0.335179171240476
0.356624843993169 0.552926911849026
0.366751301941646 0.434135722858221
0.362802576381079 0.479950434303448
0.353500275398647 0.591811355460698
0.369612128722691 0.396265349273012
0.362606468235693 0.479830174651302
0.369229911041003 0.401554877845899
0.361687315048031 0.497544874268835
0.362705315265333 0.481412797774584
0.359338181128164 0.522350174413849
0.360030391474184 0.511104553331257
0.349086539911853 0.647675970446861
0.34568679760449 0.684296904720494
0.367663874244717 0.426425917154933
0.360475449997613 0.507849285739183
0.368383674108056 0.408328365477693
0.365585986280361 0.445310521458479
0.382597591391478 0.243790783194474
0.370010480832229 0.390788886314517
0.359758503410132 0.516855486965912
0.353525289797264 0.593792709945908
0.37822259064357 0.292577168586421
0.367353009401326 0.424102514681282
0.365527390715331 0.451405013887697
0.37430908215024 0.3391833648485
0.371136875379162 0.383207589441649
0.361017656098158 0.503886224758888
0.358378918400413 0.536783707529258
0.365702436467494 0.446593908669267
0.355327193587074 0.572769748087883
0.384063815844827 0.225311169813742
0.368665911479923 0.410122108089795
0.361604995817013 0.498760482797994
0.347052179290651 0.665626669540953
0.367421194142275 0.42806869047409
0.361433165262567 0.501784238657201
0.375337287227698 0.332643197492708
0.357735760648715 0.542626104175067
0.349066589036275 0.641547131128302
0.372540463843041 0.364244307908914
0.388879320500127 0.167696051321467
0.365818436379389 0.443425340736861
0.345814755010958 0.685026292335704
0.348830207055304 0.648401191891026
0.363950642848331 0.464945711024237
0.360780920215538 0.508786488591852
0.35982144773613 0.516318368883231
0.349381408114435 0.640251835656764
0.371778807515008 0.370828446095909
0.377913594361074 0.299485232961701
0.352066796553131 0.605598693980764
0.356976680211367 0.551996863694116
0.375033071458374 0.334440591102718
0.365711359406799 0.444695535125842
0.372176791618314 0.365696063464789
0.372621474651937 0.361689483943932
0.357816131515964 0.540290991917826
0.372523249240187 0.360062060857454
0.360595020491567 0.509129524676218
0.361774994242452 0.491961590188791
0.362935742338504 0.478591518949324
0.37279916761088 0.362477747093121
0.367659018776268 0.420179505045628
0.368000336711164 0.417880466469213
0.354047157505138 0.587549119284385
0.365131655246284 0.451141907763989
0.384396810866785 0.223257825210756
0.355570770616527 0.569126684828341
0.362710668298661 0.478851798686168
0.364453402328389 0.46051264097099
0.372567245200771 0.365503424031461
0.35137009519193 0.620495792267594
0.378487894419093 0.293877117927723
0.370579680205104 0.387246588153819
0.356002547918471 0.559898986841833
0.373987110087692 0.342519484769602
0.374257520214966 0.341712463599815
0.378552338900368 0.288654905364115
0.369113030627666 0.402809782924452
0.360646241667994 0.507223729156779
0.35824800841858 0.534149976841502
0.371274090698352 0.380212677617495
0.374456199509671 0.339473348303348
0.367968275400529 0.418034246105796
0.363827539337822 0.464187427730414
0.351994823504116 0.606778692806599
0.359971692991164 0.514564352237137
0.372856958728565 0.363263367491408
0.371614716487888 0.376244013344937
0.376529604054308 0.310477505441208
0.366183876108861 0.441207323671431
0.363311498467873 0.476559466187222
0.354003097997185 0.586445486507871
0.374099679063946 0.34424759061661
0.36012714610602 0.5113938570064
0.367370767089585 0.429607368143447
0.363369196924686 0.477500200812484
0.369526192028205 0.396022125197194
0.369961700780704 0.394988127758801
0.386794948510793 0.193500553033955
0.35769250391017 0.542455438992254
0.366750404970619 0.438946539231219
0.363543468722278 0.473637667100458
0.380202925285576 0.276814505362487
0.357994176382095 0.53794622808193
0.34034295830483 0.754056592092281
0.360003615918356 0.511880513682212
0.360082248151908 0.51020336284614
0.371275844942005 0.38061393034203
0.359558701154057 0.520388756471128
0.358754332820171 0.534807580635012
0.355001307317772 0.575061495447185
0.37739666634785 0.307256998619983
0.374032874798625 0.345907664297315
0.353357507697437 0.595620498068301
0.385606772360345 0.202610034496631
0.350918117943106 0.624823896534431
0.369364184887781 0.402441700024661
0.358418988440794 0.534082044824368
0.361507862225873 0.497549427242477
0.35479843703808 0.578130086331992
0.366621423813135 0.434739507732813
0.376767374819608 0.31362075527695
0.386137123290221 0.198849442612533
0.372210909996164 0.362949753759242
0.368323604887444 0.416782122343482
0.356535125413079 0.557087227617533
0.359550594911335 0.521594038654079
0.388219803277618 0.173450127234083
0.371140069064738 0.381826353383895
0.360988517711061 0.50291888518836
0.366818438677798 0.427915905380679
0.370665588033077 0.388816113698921
0.348551700311894 0.647266398473303
0.37352825305676 0.351479227307089
0.364421611298626 0.465428613433377
0.364850904598682 0.454651691183924
0.352341017388332 0.60889255729786
0.353831554789183 0.586352180367974
0.359960460456949 0.512059897556026
0.363558584190498 0.472815247620999
0.370635121134045 0.38630564082403
0.35750964214369 0.541343169912166
0.366606975341725 0.435345196725003
0.353481075747215 0.587852792515878
0.365795044728832 0.44434162379265
0.371637625090608 0.372784605025024
0.367612900267946 0.421826768957444
0.377976422230914 0.300184447434353
0.355017621429634 0.573927656141004
0.366943293453046 0.432453105739752
0.352041068410354 0.612609363123828
0.378891836612221 0.286029749425706
0.365256171994624 0.451051009983681
0.363862705887634 0.470193674842335
0.385707492040141 0.204675180904712
0.380414199182487 0.271390013204846
0.378333208318962 0.293412926153779
0.365961452063053 0.440719384812145
0.360775088642338 0.503895827495004
0.381008612720014 0.259502002201671
0.357605973794058 0.541699726958308
0.368811312224706 0.410750488281659
0.345022319246622 0.692610942838734
0.368704464821967 0.408293688949486
0.365092377295176 0.451173163505868
0.384713043052714 0.21415680204712
0.364304045111133 0.460597920000608
0.380854468358043 0.261444731419152
0.345118798490036 0.693803017541085
0.378748336460096 0.290085967178607
0.384490884405241 0.218403002640041
0.377354788410015 0.306103432605219
0.358516803675932 0.531836723441726
0.37203346243349 0.374140403248333
0.360665025196403 0.508294722325249
0.379047013313054 0.28075076628788
0.344365095797183 0.705562105943709
0.377358302602369 0.310890725156061
0.363768490874115 0.462841651175953
0.367595128263956 0.423845420227599
0.358162713298157 0.539275135788973
0.36476779302384 0.452118392294468
0.376473428867572 0.316826913426023
0.370813270598214 0.385701998797102
0.35974607609648 0.518969124399205
0.362254509966967 0.483966582915856
0.359011358397554 0.525605153683023
0.365571908567405 0.45050027764671
0.368829667592052 0.407925375529854
0.370093456986139 0.390046442920083
0.373427478265965 0.349796457187975
0.364563179649285 0.465144324809076
0.339499709247788 0.766321338847482
0.362879688995052 0.476590418794752
0.360882766974004 0.504079085286121
0.378905993004049 0.284329795001543
0.375684267490458 0.323378580001231
0.382776705322765 0.241362074034741
0.352780590183838 0.596901941991651
0.358578287571518 0.53313039108085
0.365386514338341 0.451843119227306
0.369930285651344 0.394723400004555
0.384696006011167 0.217825414469329
0.365696421072676 0.446710913710272
0.353451553003652 0.593036902976833
0.366465226291122 0.438291036400002
0.362901996792533 0.481733603876583
0.366355950854202 0.433527185796976
0.357411142946145 0.548533953389137
0.375897391794493 0.323481652147538
0.360649068732647 0.50744153238467
0.353511692701659 0.589208324060955
0.391029768409731 0.142972206019612
0.349781637897144 0.633990285567035
0.367446754834763 0.424209935359403
0.368152342126434 0.418651867542305
0.38167829077923 0.252258179801997
0.359762514530478 0.519267777723952
0.373954610607125 0.347782094410119
0.380546318995678 0.271384986710466
0.388860792765749 0.168398058294153
0.368136341973847 0.415646271637159
0.377951956280337 0.297788724004363
0.378548556546969 0.293305161705474
0.361672910378935 0.49573109722551
0.376571911093128 0.3151067134148
0.353863228206693 0.58743561900001
0.365528181198472 0.446802464611244
0.361971154122572 0.48655892531992
0.358780537790773 0.529043463128901
0.355961345622544 0.561413582275095
0.380143195564986 0.277618057578655
0.362684791294393 0.478203965414698
0.366350724807267 0.443426420527682
0.378333682328894 0.298584444511363
0.371563033630575 0.376306009095424
0.352475791231649 0.60760620356084
0.372878134576946 0.355433571284574
0.362768147014817 0.479029257545774
0.347811975880115 0.660546956616503
0.358240655976365 0.539138281467551
0.373614681938488 0.347923546528903
0.360001246298602 0.514559680203098
0.376502807043853 0.315220665230937
0.353069201525112 0.594674706832425
0.367240788543336 0.425539981854906
0.370101175540971 0.392601071542447
0.349334256412971 0.641082390449046
0.374952858226215 0.329617178760131
0.358648585980042 0.532286037390962
0.373912245934215 0.344635447882655
0.368761995696743 0.407709568074535
0.371286063529897 0.380265050790504
0.374618332480079 0.339276150160112
0.362131294296098 0.487766373280779
0.363578163084069 0.472399780415648
0.371756390567799 0.372962955775916
0.350710939224667 0.62608778785381
0.36058167015393 0.503003984063924
0.363660193826209 0.472168215658624
0.367218530164424 0.431656576498111
0.370368404406056 0.392395716277591
0.374374998673552 0.341388546193183
0.371112505495898 0.384475590811906
0.361945560671872 0.485393318377029
0.357359656472737 0.545869073088907
0.370662220433873 0.382829783968976
0.385358522549707 0.210030818514747
0.368384671211005 0.41074312219617
0.374111869340955 0.345133531456687
0.377162060194616 0.308262354987548
0.362339319916382 0.486044305955139
0.385019852787991 0.208181529468538
0.361774914553889 0.492656925861672
0.356862638928047 0.55140304455009
0.3554477446309 0.572697940176083
0.375217651747968 0.331191210511029
0.342401718038465 0.725338088031121
0.371783622356242 0.370993103557774
0.361611025030384 0.499613286954205
0.369847981859518 0.395293017745359
0.351139667075569 0.619635201860564
0.37523271712847 0.327786083414524
0.379993331169825 0.275719729329511
0.345909920348797 0.683265355939283
0.37470871543908 0.339013572822452
0.367743780291604 0.420016822790391
0.362516373041911 0.490819105257445
0.365472638895527 0.444130885294105
0.365329382421757 0.448911446461654
0.355716908276639 0.568850045625839
0.367620358144744 0.420695330583187
0.365645571855554 0.450128157196465
0.36479301043972 0.459094468930224
0.379447989624066 0.280010225457783
0.371601312644318 0.373209224604213
0.356740908065991 0.552867029401151
0.362895095298296 0.482934998789136
0.373837861966741 0.352127215623952
0.369932582376077 0.397151791109102
0.352650040110829 0.599481771277579
0.383770582785368 0.231138814899638
0.360035972671551 0.516432767791125
0.36578311053714 0.444083030564246
0.374121005473973 0.341695306601196
0.352121647957781 0.606267068125923
0.375139262772535 0.330575939534282
0.380294312414295 0.270725663087041
0.351491280990326 0.617763929061288
0.379802712764612 0.27561149835183
0.366869371208785 0.43116480339162
0.371968218141943 0.374670350709627
0.342764010743134 0.720637409465933
0.364769112091351 0.459975586374099
0.371590936881733 0.37452014673724
0.361952920222047 0.491470595699115
0.374001867695724 0.344975626026105
0.368722159818529 0.410904250006824
0.393952717882967 0.106515955606885
0.372726939283356 0.364314732688539
0.347649676615162 0.664272058510999
0.36489237571099 0.45871653690707
0.363274942911243 0.477193855746004
0.353258090880732 0.598300682697985
0.386746962071574 0.188911642584553
0.356190816120402 0.556983088762584
0.364734510117783 0.457478803825979
0.369570923379109 0.400355849899945
0.378100590252184 0.291411015838013
0.362089138874057 0.491830942482405
0.383721594571049 0.227475391545906
0.361112995752964 0.505935624467534
0.375900499581291 0.32200075412901
0.372607311641832 0.362543520283695
0.362857104419041 0.479661222748367
0.360031500555142 0.512092195219278
0.361239247069672 0.499721481756056
0.363417646878447 0.471102911158066
0.376519391905795 0.314643750909053
0.359532902473104 0.518523058873856
0.360862701788595 0.500878069750987
0.371820912159119 0.369752308479737
0.361644302493869 0.496022132403268
0.362284565907679 0.483754569103424
0.364648463229 0.458845456135602
0.380658322883174 0.270511734126937
0.361565190614888 0.497770217992314
0.375806744453634 0.327425600835222
0.363482625538677 0.474307684509303
0.361296148433659 0.502109575866128
0.356481134117761 0.556987137981749
0.360781713843278 0.504907494612124
0.383541203351643 0.230135161910041
0.358094965176943 0.537515536359904
0.362659042702618 0.484099951650221
0.350843877779733 0.623432886612577
0.37129904607192 0.377582196927422
0.379110283649968 0.285289520064131
0.38394904130386 0.227884684485516
0.366032939255658 0.440718933514378
0.361755283022255 0.492188507484347
0.371072592131489 0.379913644778812
0.375758608421566 0.32571785126136
0.360278717769797 0.513795540157494
0.354244447470233 0.585994921954892
0.369615283051209 0.393612510214939
0.346071865396772 0.680269569265222
0.367245351281121 0.431730439873252
0.373528011071266 0.353767547241426
0.362402125268522 0.479367257126019
0.376364197603178 0.314726716861982
0.380559473639285 0.26766434427288
0.373255413750298 0.351848472402178
0.374405838202965 0.338689337608396
0.362781522807657 0.478870509427857
0.378740221542186 0.290605709175172
0.359379481428234 0.521953539347422
0.363221211760805 0.475203283053197
0.359484005668042 0.524386778216159
0.379019511000795 0.289032994733853
0.368692786557932 0.410444257299798
0.360295163418111 0.510506351249565
0.341249933424533 0.740526090264522
0.357820237410593 0.543385528316597
0.36450136024318 0.459920808465532
0.373800176214662 0.348882008900109
0.360018713694873 0.51391343070465
0.346507870362657 0.677917182017097
0.353665108279515 0.593370170216335
0.375693012324017 0.32401202688505
0.369767340804564 0.39730360416374
0.371139235859682 0.378389953421457
0.370443758361365 0.388853697307608
0.35961140798351 0.518069550099113
0.380564756684473 0.266607391720937
0.37182183135377 0.367795133563677
0.360467819848542 0.503957760872302
0.370139267130788 0.38929610762825
0.372940576992935 0.354522203132448
0.3810494436414 0.25749202120697
0.36817987054498 0.417910358141194
0.356734740460096 0.554160650778855
0.35265736971064 0.604976523355379
0.370372630409638 0.394126785333741
0.349069383167161 0.648955328249855
0.368675971848438 0.408692313226554
0.366093032173167 0.436729651354794
0.366710679529198 0.433861575186151
0.37728053403751 0.307218050552897
0.358473826847666 0.531625496908967
0.367071019993334 0.429823393971889
0.375639315228999 0.324202530876727
0.385012128988671 0.213632537368437
0.377117182022804 0.318962159868877
0.359198669644599 0.526849677190299
0.378130542953085 0.297027549894537
0.369505993321149 0.400124334101264
0.367072714350425 0.430571585522908
0.366382759974829 0.439137312741701
0.362853215797372 0.477569310558096
0.372856652503497 0.363007735609759
0.353431973253776 0.585848532499047
0.359009776820821 0.524976750170608
0.368125392071745 0.415757689882506
0.371065978834829 0.379674520354969
0.368359543025242 0.412664820303755
0.362654773732339 0.482970426089607
0.350050944254241 0.634462679879592
0.36488523878456 0.455351820727514
0.353379745387916 0.594957313492287
0.371738338064863 0.372263094627074
0.370801813355813 0.38338736987823
0.377049909854481 0.308703444965065
0.367271441297002 0.428326182172335
0.373391439008338 0.351907155158997
0.36288738902612 0.477920332586782
0.371468772933696 0.375320628929793
0.357825449002815 0.543569044778521
0.372557796439023 0.361235463841242
0.371037974266918 0.385994708859764
0.357686632946602 0.543453276189017
0.3806753532599 0.261787467392581
0.369879398084904 0.394506856223905
0.366989560601087 0.42983360349305
0.368351508074962 0.417314450485631
0.366708608325739 0.432072242370155
0.352587348433241 0.607443856195284
0.363680170843837 0.469251783845606
0.366763006737316 0.43250063220865
0.374831813806966 0.341397750838493
0.357474664258701 0.544826842987299
0.348046317834417 0.660115180456492
0.351771876882935 0.611178251807586
0.368455377423545 0.413434770175563
0.367530316868233 0.424181789432621
0.349995145453975 0.635195418580789
0.364168141106992 0.466190236438627
0.376759145176437 0.314021055453224
0.359502775390076 0.522032529412112
0.372102039629011 0.36948207156241
0.372222908685258 0.370522399394427
0.35468766427508 0.574068118897305
0.351465783154474 0.613640562134027
0.364416978452165 0.463739728733575
0.369753883193714 0.395326383312427
0.347610532980706 0.662565247418531
0.359408032347763 0.520626433467611
0.369834018381032 0.394200672714351
0.373666683497661 0.356160260198195
0.370170808244621 0.398468969205733
0.349521965649997 0.639960566526408
0.38411663551121 0.223972031307778
0.370238443440835 0.387564926789361
0.37298892924532 0.353633547210462
0.376613781848066 0.313560576249721
0.366241673177244 0.439491233735495
0.357955411955606 0.540806388343817
0.354552047358441 0.576584307640782
0.369464099653801 0.399584211032039
0.374970995394331 0.332987591127282
0.377184492738776 0.310093057418133
0.359022541657488 0.526990058574532
0.364352749554095 0.46052952084115
0.365147545362939 0.451369797520671
0.367873772332158 0.419471000288005
0.369209015056366 0.404682624188358
0.372216631142203 0.365024764314833
0.371862076847415 0.374417634376098
0.352506314248637 0.604854829617113
0.376768657014267 0.314785419676596
0.377591476051604 0.305206506754066
0.357687750798973 0.544784194656976
0.369334884493206 0.401755561564406
0.353179612851854 0.597975105891217
0.352629172276027 0.603660554762237
0.335326457581157 0.813292196582299
0.361570148099894 0.497059820406703
0.368065575223036 0.415660693492693
0.360264039755253 0.513874056530054
0.357658334726513 0.545615321341248
0.367368084634204 0.423870548694606
0.388183379310567 0.172655137163881
0.380568827352508 0.267183513712674
0.355724407347966 0.565169393743612
0.364693365787931 0.45729283831673
0.37031355616277 0.394074799823272
0.365282544954087 0.456348129625539
0.369528462835059 0.399209296170185
0.372296936125356 0.365809723264606
0.359305251289069 0.520262234155897
0.365884825955119 0.439751929378981
0.36183885300408 0.492342386879744
0.350425616000461 0.630260760946021
0.368224048277491 0.417681525233606
0.35644315556992 0.560596360310338
0.361217533322682 0.500061290532442
0.357347809395574 0.547391106653458
0.373512443931878 0.349397872486137
0.362378629214696 0.492334398972456
0.360987162852767 0.502512722804905
0.35636539313692 0.560384534954793
0.369185284919165 0.403729565427847
0.378061552640631 0.296693539884618
0.349858051633004 0.63468172023992
0.362377895747497 0.488183437159543
0.357380882141105 0.549681100816349
0.390890479916483 0.145959693531098
0.357774071013409 0.543843531092853
0.37211260894159 0.368191201703552
0.367950054655469 0.417331377876903
0.372210925511032 0.365796010955899
0.362917038397232 0.478787436256859
0.355844117331131 0.562470951477244
0.36855286984399 0.411765843642502
0.377458356224286 0.306512930606315
0.344661936737869 0.697471895416031
0.375757748796326 0.323627010676276
0.361091291094248 0.49814473967299
0.359090837103575 0.52702925680125
0.36337717698896 0.471530199679942
0.375870948892999 0.32028633758779
0.387401345159808 0.184433284976876
0.347747798344613 0.659095487366641
0.37868821952468 0.288047169887978
0.371449433003853 0.37560084504245
0.378746333998859 0.285668974763342
0.381793688584661 0.252962320463379
0.370913087016699 0.384646842732347
0.370787383807815 0.383720604401979
0.353057867498486 0.600754336688863
0.363354943472127 0.474860933768816
0.365701063597712 0.447905709646956
0.359092914730338 0.525613983651626
0.367927398052091 0.419251188045951
0.351940083236081 0.615077211671095
0.352548955392916 0.601391075678964
0.351858690331817 0.611213732517516
0.367986098344592 0.42019119424047
0.385935466866758 0.202408540030592
0.350873114603907 0.624996318694675
0.362572116058272 0.485945682841517
0.367155145108255 0.425307507477942
0.358769930124587 0.528670631433173
0.380528913786633 0.266441127606554
0.358918831394041 0.52763600633666
0.394474023424184 0.0981196932532803
0.370766129776376 0.383690757844743
0.3673645937823 0.433089836931238
0.359457073046385 0.519165290401594
0.361160086031019 0.499047887527845
0.373846646975193 0.348259457940512
0.373411728693035 0.353936477251578
0.368156302916603 0.416901407181939
0.364183768944078 0.461760239158897
0.370648414862889 0.388406588965506
0.345610107848508 0.684657238374791
0.36324100230546 0.471828465749939
0.371798875882124 0.370386215854318
0.368090731917007 0.415038098252004
0.353703821003552 0.590191585664211
0.340052462695611 0.754045673712711
0.357826313627448 0.544717916468554
0.358169895789102 0.535235586057932
0.359082955806949 0.525669762066415
0.377957071207699 0.29575172477586
0.361533655974261 0.49532683124207
0.353127650565309 0.596516919407701
0.37584076609341 0.322281837492662
0.365979848270761 0.441390601516071
0.35659744357614 0.559823751585535
0.371656558986891 0.374927439373993
0.364204726912978 0.457427244846156
0.374613038718862 0.338267583917846
0.343892270868143 0.706700770089499
0.376228155767567 0.318443423452464
0.352964843508195 0.596728676049879
0.375663543855247 0.323722890887582
0.384170922793754 0.222954647329297
0.371195283395424 0.380163926707655
0.369114388740792 0.40881743474961
0.338725771036906 0.772721418367374
0.367676636053424 0.421227383399636
0.369030567466942 0.402558435472685
0.372772975971733 0.36307415250151
0.37102567356989 0.383872286078245
0.377975561981849 0.294766142631011
0.35297173838383 0.597078286846084
0.374151630586921 0.34841107301771
0.372754078564756 0.360903648392774
0.362739846621862 0.480153370979762
0.376708607972811 0.31172463771199
0.378918386443923 0.286721346105587
0.389693298839396 0.155318704022914
0.366927455582621 0.428218189312634
0.352712941228985 0.605581209666288
0.374334388973911 0.343313857897124
0.362379283906718 0.485331331509639
0.368604898963677 0.411191226326689
0.378628744929124 0.294186003234244
0.371803338735063 0.37100638593442
0.386364887864808 0.196290797282133
0.368470950908939 0.412014617497478
0.385151440846975 0.216930754419473
0.385443846781971 0.209610523006874
0.380618993771643 0.265021474887163
0.364017671593095 0.462531420329478
0.394075905226217 0.0998483468862653
0.368254745514517 0.414636952509739
0.362216358903148 0.489923922758502
0.37731090349211 0.304607471637819
0.36924490773316 0.402139578809352
0.378167875475647 0.292993940673032
0.35453978434348 0.57784178311498
0.362018552556089 0.492723460824455
0.36752394148063 0.425311668676302
0.372082137836159 0.367128801485781
0.360869916059532 0.500900234865298
0.368978157971865 0.408322120949266
0.357982626099765 0.539555607226563
0.369975489421179 0.395473250279551
0.374932119351021 0.334551224579162
0.3596448077454 0.523133976889604
0.360783127124546 0.504413814389924
0.373120684926285 0.356810864688863
0.358422632401611 0.531885588647565
0.367803035956273 0.421585760921785
0.350876269563592 0.62503744471661
0.364102978724778 0.463552594339505
0.368464993937107 0.411868146400092
0.378706337527449 0.285866230849881
0.370231944021104 0.39052369511643
0.367058131398406 0.430233526020826
0.36058785983143 0.512033857936403
0.364224000392069 0.461050034355354
0.384626458888448 0.220845677188402
0.378247943742208 0.295610427223281
0.376394193829792 0.315294846688314
0.362676375257531 0.481816240393954
0.36578663312336 0.44348336232364
0.376943476339083 0.312108714475241
0.351247835635341 0.62520850512454
0.359716056947832 0.520520245029759
0.35458314064661 0.578484296869847
0.375356448992554 0.331637089120873
0.367793727913139 0.422670603685006
0.362122538577169 0.489883794190471
0.360125290687412 0.510379319358014
0.371795302787358 0.372560975839067
0.359010696588026 0.523592066513783
0.374823368315879 0.337220873034246
0.361504779204659 0.498125047194175
0.365903892190608 0.442526619450041
0.365779003669467 0.448108065306764
0.359688078497984 0.520547590604882
0.37970861754211 0.277169147127972
0.385180601960847 0.208844799164406
0.365998160203202 0.446371416106969
0.376507588938011 0.31282208095163
0.375971961463367 0.322611842540398
0.377094876912932 0.308219559869775
0.360007087722721 0.511219471391891
0.349509366178961 0.638374206281004
0.360163296744148 0.510336993857226
0.365655737747855 0.444670390390227
0.36298793781009 0.476931162689315
0.361095471831596 0.503074396705418
0.371320699388645 0.379764960794032
0.34665760521777 0.679945142623315
0.373287982396285 0.351894125041089
0.371478333545732 0.375034282979572
0.371018268975394 0.381559532864468
0.365554844037868 0.449176291421255
0.355566600111081 0.565983591200204
0.380427667632346 0.272344118210836
0.360295661156403 0.511830486280715
0.367483443133557 0.422469206826064
0.3696566184342 0.397324506858246
0.376551923833773 0.314576814625269
0.375177556085749 0.333608826191274
0.368136176068833 0.416793524520605
0.37995045122882 0.274136888526909
0.380216168552109 0.268155328751988
0.371595960896535 0.378834552222996
0.360185326184275 0.512476684054841
0.358075254631504 0.532277928196975
0.34964129508127 0.639455602597717
0.375691739194208 0.325036753568728
0.36429184392254 0.464036788726913
0.364836389579203 0.458151861542992
0.362290111424461 0.489913641042177
0.389191644474365 0.163871575044559
0.377215609562572 0.306165893356089
0.368604412232511 0.414831312518498
0.367381399265601 0.42667029713198
0.367355128731995 0.426030895860008
0.358907467797245 0.530570098579316
0.349553201183151 0.639273275704183
0.360165263484249 0.509338322005935
0.372038132882685 0.364625003294336
0.359473374195921 0.520541499982609
0.377927235913331 0.300959321156011
0.341720290696316 0.734969899308413
0.385401175866568 0.207395232588706
0.345029035999172 0.692709121289398
0.373198097232477 0.358890649144816
0.356015985948027 0.559607995231896
0.364431671491897 0.463388942730427
0.357229126330505 0.548198374388976
0.374673634709706 0.33750318260263
0.393640946234621 0.109261044268715
0.373409332069767 0.351816006786472
0.366623258150535 0.43380286507443
0.382827170168481 0.241578768936949
0.371557867529076 0.37461081603689
0.3723537251079 0.365759743375083
0.371585944277547 0.375236555383329
0.351734290157088 0.615694256808813
0.364985630344293 0.454157549608949
0.380250213918889 0.270207681570822
0.356576380528061 0.556659258452735
0.369340567570977 0.400211011056503
0.365392696060321 0.449509222765024
0.376048750854155 0.323591579612816
0.362888688076509 0.483230967058703
0.367182639820978 0.427381042794508
0.370378767827533 0.390270558461886
0.354253691736286 0.581345813723774
0.37696041616846 0.313335976126131
0.345980120795315 0.682443589359767
0.372642731859249 0.365538680807285
0.357770629011573 0.538624441953451
0.372866637659683 0.358587215448835
0.365064594944646 0.455533254743617
0.374725281668739 0.341276285138665
0.34345864160104 0.713336368408982
0.381068525748969 0.26044651796301
0.348148938600941 0.654010462843919
0.364965201813019 0.452162932889256
0.374888809641366 0.338578701240186
0.36652846047536 0.436735792425412
0.354379669165421 0.580108653513722
0.364973537603006 0.454454809968534
0.349887980233218 0.634495142979528
0.3775403545095 0.306131769293725
0.362258955435114 0.48636808879688
0.375717326687882 0.326140941875933
0.37146891916494 0.377986642445056
0.382826386173646 0.24174947285992
0.360177801734427 0.508830752892275
0.37309981380434 0.35520065223111
0.375735542077833 0.328154262617201
0.363508592594824 0.4757812878266
0.36634281115539 0.436690529879887
0.367410162500442 0.422390310134686
0.350955777055774 0.623781232472474
0.365616713668944 0.446303916882143
0.367982389701436 0.418800104143831
0.369815688285896 0.391378435664759
0.360858936198869 0.501459807206519
0.37572744349275 0.324330064151669
0.37723540645801 0.308468014986162
0.371209189342437 0.381306149383156
0.374883940046427 0.341128498434771
0.37070279399114 0.386852661347357
0.380217467147022 0.27081070835806
0.37202593592427 0.369415772186293
0.374013924615831 0.34500968248329
0.362727102358541 0.483771182406465
0.366198944058981 0.441384433644061
0.349396677382306 0.643548017664209
0.375713511415274 0.326059455660284
0.386237617222568 0.201545054310744
0.368822681928993 0.407864963656864
0.375775069618674 0.320932368256741
0.360713949658211 0.503416639814691
0.365684427965891 0.444333366943771
0.3575990246609 0.543973538369372
0.383174508279606 0.235967887376646
0.377436087590813 0.306239737452242
0.375759754420017 0.326173683209577
0.384305065740339 0.220932860281422
0.35513522616277 0.57707827779695
0.3527886522454 0.604189831243762
0.355900101037005 0.56536063039862
0.356403993143502 0.55838274009338
0.370545078490128 0.387088241292141
0.36643728926086 0.438599524200471
0.380165076961079 0.271804686349385
0.365332147738738 0.452769878757812
0.365203746030395 0.454058751950542
0.358980671502374 0.528514074883187
0.36324238183305 0.47549836443239
0.374655958444244 0.340681840789953
0.370440523084203 0.388810185293807
0.365091395389196 0.456832521838477
0.368213938967613 0.410770617506341
0.382032952891113 0.250601963664921
0.366467211245992 0.436632037481549
0.366478042559109 0.435074380186976
0.376642340336254 0.314589943851469
0.353880966211302 0.587446548945189
0.372143625971047 0.36666668091484
0.372980879014863 0.362640676206974
0.383203339080423 0.23265194127523
0.367736443564175 0.422416638858219
0.358075998374865 0.539067054467125
0.380831229874947 0.263390946166208
0.377510188580573 0.30865960096164
0.378453823691584 0.296369307282289
0.362271817009478 0.490756734930902
0.371779093067828 0.368857664355288
0.370535294446305 0.385950097368779
0.363421582039153 0.471874526431525
0.387190877168442 0.190027067142936
0.365363164517336 0.452699971298853
0.368564431140273 0.413724409286705
0.375625329966332 0.32349716795589
0.349526389450022 0.641151639310148
0.368629635288783 0.408757106279877
0.37915049962929 0.283070778987378
0.362423172109924 0.487858362698383
0.35781062911265 0.540904433774416
0.361643676378832 0.492101627008223
0.359121222543394 0.5278233013898
0.362254322763379 0.483992387373529
0.354067333901113 0.583867545564132
0.368145469794481 0.412462461662652
0.37418613412174 0.341789808058684
0.353947120997176 0.586195561761621
0.371672891086201 0.37801497924631
0.357258855355407 0.544591682557498
0.37603780926699 0.320877735131282
0.375458309959773 0.33356410818561
0.38071765068669 0.261545214850052
0.365389646363731 0.452705059518756
0.358618156947364 0.530499287346956
0.366838740473482 0.42933152193282
0.347716300121146 0.663506320666186
0.36482515676701 0.459242757625549
0.369239141529762 0.404899855155463
0.359406442109587 0.517218252392544
0.365272512450312 0.451474059043567
0.36944803941909 0.399118453368945
0.372509625212269 0.36561902620741
0.373969458723908 0.345799257014078
0.377053405532847 0.310635590261423
0.367853935804073 0.419518675057997
0.366822106511031 0.431322587435166
0.37487848138817 0.336635351975095
0.384914013904909 0.214641050191177
0.370135885288847 0.39329841269863
0.36495388900111 0.45379933404864
0.36275874570594 0.481466574688092
0.363684975434766 0.469825413088667
0.354012436552914 0.590597870233261
0.369692303640995 0.400160749109764
0.34937282720929 0.643515734466809
0.371965609871179 0.367273085357841
0.358216736953221 0.536663385486828
0.375702950068896 0.326635707674961
0.346042315841781 0.681994889222875
0.349501888829787 0.638379921994157
0.381982857693714 0.251408003151384
0.363174133618869 0.47755331435317
0.366586081298859 0.432954881728162
0.345486070647338 0.684347428783803
0.38202851867329 0.248744123110449
0.37397273164213 0.344227971282194
0.371533271373149 0.37313847040393
0.360666024244975 0.503047228073313
0.360594346334282 0.508958535662609
0.367480943684598 0.421917896674379
0.334321754564495 0.824812584399634
0.346131723590754 0.67975113124958
0.356439169214254 0.553622602781828
0.366911489048088 0.427008662063758
0.370733898384058 0.383896628727837
0.353864662069338 0.5857805214517
0.368750363917356 0.407024017275325
0.365328219708763 0.447718593815729
0.364483485309196 0.461218370010335
0.387211653160365 0.185126025286291
0.378343719945424 0.295676814345172
0.369044422605953 0.404696769398852
0.364218175461833 0.463111500397934
0.357117992651662 0.548796661220348
0.374836264138972 0.337752893886165
0.377415026162237 0.302162914652373
0.364972075590122 0.452005378868446
0.372327460335749 0.36507652963628
0.361895983496842 0.494152407382581
0.364929312792806 0.454846185427008
0.358008746034515 0.540780433609882
0.349253648021669 0.649268778015774
0.34436037271376 0.704308451110312
0.364818240239048 0.453653449391167
0.369662496125778 0.396969786049024
0.364827853549395 0.452045603507196
0.375162429799166 0.33395657174651
0.371679968471478 0.370530926089805
0.371425949425412 0.37647364191126
0.349299060512582 0.641408096103254
0.375709950655923 0.326038507451821
0.371979873986333 0.36962585690168
0.369703629872008 0.395709523410081
0.35561150901807 0.570259030351289
0.377439135377471 0.302680729013853
0.369864981561157 0.394565708075675
0.368471105947386 0.415565354729214
0.363371296085892 0.474830789243115
0.374855647603011 0.33710730292572
0.368527355971573 0.412751129946809
0.37787114984373 0.299964403706822
0.349961193965095 0.632504873273858
0.363004847954315 0.482065821539574
0.346437741307126 0.676349567601647
0.368812175388646 0.40797073898779
0.377262240041642 0.307517304937556
0.373853384148855 0.348476162581708
0.390439717711778 0.148042064146431
0.364391422894487 0.461445271118943
0.375994326165925 0.323923928239602
0.369626775345819 0.397159134877648
0.357014600924183 0.553605755895482
0.363401568187164 0.47389244380705
0.371106950973148 0.378239643047494
0.35992590969195 0.519196615572195
0.369227934344941 0.403903014191539
0.374145112311645 0.34155260294674
0.352487623753855 0.605864958403864
0.370196851635229 0.391159692869978
0.380460228561831 0.2673816282113
0.376228645688166 0.319585932247393
0.356865265042183 0.554053891341049
0.358145395589041 0.53860138087131
0.367726711270458 0.425240947364722
0.368521390272856 0.415874687228199
0.371757243730866 0.374361649891398
0.346144547777783 0.678842803855031
0.366157070249781 0.442286470142052
0.375022303573399 0.333637849534556
0.37433417006163 0.341980469577028
0.371340531085167 0.375802893571567
0.366446909164702 0.435371260828688
0.369124215136357 0.401772295496791
0.381308202377231 0.256921976210272
0.363114979420329 0.480067015996681
0.364704047110805 0.458423032434766
0.373961499485583 0.342354570928461
0.375339584785173 0.330007117577851
0.377164064289708 0.306089936694801
0.360122019353762 0.511865828622604
0.368428182673252 0.410334929655658
0.379828180977495 0.278166780238644
0.385408236871811 0.21003897848335
0.352950459480045 0.597069045842508
0.362805002933761 0.481440471555374
0.375821016052856 0.323339852790993
0.379801445819493 0.275378379226979
0.375055483903311 0.338600071808221
0.358334274458384 0.535146427467336
0.357479987751364 0.547123603249906
0.350574676825372 0.629128881477297
0.35198721928268 0.613181121803142
0.377192942178731 0.311351886883297
0.355924076880276 0.561652257274064
0.358119806080751 0.532778881907446
0.365137774795627 0.450956540301181
0.360510281984552 0.508213630548078
0.376583229562544 0.313876517736666
0.365117037573037 0.447853828816883
0.366773207626587 0.436056491819264
0.377048470214395 0.305767337618196
0.371542905921931 0.375137409217053
0.369625585989112 0.397915962582936
0.369105033336992 0.407763494533479
0.371324615300518 0.381188066382132
0.367213028358051 0.426986118657249
0.39138943059359 0.13955906236675
0.352938896252615 0.598746556078067
0.37703611474981 0.310856639220939
0.370168259526723 0.39000483229956
0.362775715676351 0.481714043318998
0.378273939886263 0.297304701837575
0.372938409711771 0.360083460496784
0.373966629616345 0.348227218871755
0.373311370137648 0.354244744636677
0.365485408166906 0.447944829781705
0.363925348461981 0.467770550386954
0.368593812412772 0.410297188450681
0.362086825246249 0.489588094891649
0.362524985035735 0.484406233810532
0.353285987543805 0.592295656707184
0.357666043221532 0.545152070611447
0.369812008634953 0.392255591879965
0.387062744807307 0.1891817055556
0.360803093128565 0.507992647870481
0.379268524726929 0.281121227973293
0.364060428230925 0.466549938116072
0.355989609177688 0.566968269441245
0.360802220124793 0.50557318487771
0.368831718247097 0.410224473130818
0.379956916907729 0.274882813172647
0.359149215812117 0.52310740897254
0.361699942206125 0.492033362648832
0.361959448094577 0.489321528047292
0.371727110152265 0.371042299890503
0.348281747931518 0.650458605256284
0.368095775619713 0.419387501940536
0.359406989911654 0.524415019007264
0.367853220037506 0.415908993913825
0.373780825084294 0.344085722771156
0.381341913156306 0.258757754835531
0.370607072723796 0.386018940978266
0.368914033206209 0.407329881148627
0.358667965640479 0.530805629238092
0.365438384464342 0.446177211992658
0.382675998920139 0.242415486475539
0.369525165427312 0.398892022911842
0.3507582765344 0.625013450045429
0.368823934415297 0.405237175359902
0.359247944914594 0.525009121587114
0.361025153109337 0.504225920125157
0.363214872356152 0.472292739964308
0.387897736999506 0.182105046755713
0.363455764202807 0.476218117491891
0.382586910405075 0.244401062471381
0.357257205579819 0.547822878739014
0.358405413083383 0.532388968193101
0.373986342952605 0.350235994742697
0.356260819574802 0.558423937544339
0.373281448992776 0.35245158656473
0.376980175067542 0.312710433401059
0.354409453491841 0.582809607806638
0.357311853766127 0.545662163909816
0.364577848326158 0.462217711334553
0.371939119314272 0.372918959995889
0.367949318115692 0.416150121217254
0.368291072510928 0.413822277813236
0.363410679648154 0.470457158923951
0.363481855882966 0.467652023447023
0.364498828590272 0.461271229296525
0.365413079555838 0.448204075626263
0.383549051394423 0.229002461154724
0.354172788601436 0.583477520658683
0.384107030482635 0.223727705964991
0.360299185581628 0.50670508993405
0.345343815562548 0.690144633883924
0.361998335252392 0.491179766798759
0.368196870810396 0.413584278728552
0.361297390813881 0.49992641926758
0.376345961785388 0.321561083488676
0.354863917149796 0.575105224756554
0.365584764866915 0.448079572499204
0.36558201535254 0.441457720327384
0.381597376243927 0.254004801703128
0.380259199081465 0.271677132509231
0.375144580628918 0.332835421723415
0.359338300543749 0.526068612322784
0.364903363225895 0.45498491367467
0.36429771915785 0.464219709721154
0.378260228801822 0.291767690747975
0.361704871548602 0.493013016491898
0.368219644621793 0.415532854831499
0.342615779423463 0.723671607738791
0.374067303177437 0.346511872888535
0.351311918452611 0.618436313570785
0.366722921570985 0.431816791227311
0.386040511731414 0.200390594547256
0.368787363690893 0.409307576070099
0.354808207590982 0.578539302039733
0.368675119638571 0.410185414558856
0.370509851079632 0.389049340611788
0.381301620863986 0.25656505038588
0.388309011017049 0.17237208002343
0.36377785592084 0.469606946325778
0.357542149380097 0.545052247637469
0.346652714986315 0.674319719466596
