0.33978141314395 0.653629568940943
0.342013419646646 0.58213465105559
0.337376865563005 0.715337917546543
0.341744770818418 0.593964984162689
0.344536434966307 0.520299564170763
0.343390621597164 0.553732353984317
0.342059170198777 0.589526487984746
0.339552734111255 0.655823216253901
0.341332693392198 0.611103033842326
0.340648391614656 0.626808402930674
0.340086201916091 0.648430835214242
0.341517092178888 0.5994580727982
0.341047582177335 0.61064352588535
0.336795450403372 0.738184457606326
0.341454510606825 0.604143121568106
0.345493646318467 0.477033015774042
0.344442379895029 0.523726357241938
0.338518586497233 0.696997336252234
0.341942528714308 0.585295026632141
0.344095457183112 0.524028659914061
0.340987732390111 0.616413871973174
0.341592424080959 0.603042814722601
0.336857329527958 0.737291427497715
0.340898525244041 0.619627266666101
0.342222687180737 0.581630913202027
0.339587514415291 0.655970986796831
0.340527646073504 0.630265499658218
0.341682565867107 0.594007181151495
0.337995898068584 0.709978280584873
0.337725827113102 0.715340815199497
0.341110717515461 0.613586883901933
0.343821066740388 0.538897935854298
0.34249873752527 0.567922473188964
0.342850250262381 0.557412496860515
0.342713562649268 0.560261241380737
0.34239362586755 0.567115959797855
0.343368645094058 0.547024282677551
0.340873084833622 0.618697860873351
0.340529965360802 0.632318588134063
0.341957688207613 0.596627431938065
0.342097259624609 0.583329842386652
0.340701709977015 0.636462098500882
0.340894879543194 0.625537998066444
0.342127811848937 0.58125028337638
0.340572444191529 0.636421398739554
0.344773804282459 0.507532315365769
0.34335531887168 0.550784549670983
0.34108231098947 0.610287909992261
0.34586879787967 0.465932796006403
0.342100430457344 0.582596519195599
0.342902143803988 0.565809897373599
0.341249230028275 0.600709772284165
0.346424244997918 0.466448222941415
0.342373741414981 0.577599928164052
0.344283980732552 0.526219507366749
0.338679943337692 0.681608280242355
0.344518593836643 0.514143301048315
0.339783547470617 0.647540860553378
0.33939707514962 0.670987560605696
0.342365594771905 0.572409928094679
0.341208450888596 0.608735316515848
0.344661693281689 0.510815188798523
0.338627407795385 0.684617221405811
0.341810592128648 0.590967930175636
0.340398601353621 0.636167766139315
0.344006909063555 0.533546611195259
0.34143514697712 0.604857278598254
0.339665968799154 0.658258779072038
0.336452897999969 0.754775279846906
0.337443283470364 0.720478717194171
0.344688260769416 0.508385577913091
0.340273312698447 0.646211811960396
0.338266699151791 0.695159391119107
0.342995295791074 0.564696907694974
0.339908569903377 0.648112725479916
0.346496516095832 0.455129780265295
0.34671807485059 0.448406207409723
0.338183639205768 0.706264601102441
0.33963080888708 0.654278313091458
0.343522159112046 0.546043512282739
0.337876957680896 0.717258448928196
0.344384276773738 0.516312507368721
0.343057176681311 0.550755293516897
0.340293601662189 0.64271161051748
0.341227335166854 0.612504990754415
0.337701309429024 0.706966571202006
0.341137281032707 0.61282949104771
0.341138529750398 0.614426584479433
0.342442627697039 0.57571691724132
0.345166369009682 0.494612179515385
0.343858814252391 0.529162517893349
0.340330738880575 0.63585178757882
0.343106205700194 0.556191837265774
0.340506909164878 0.629168462540067
0.344224880557726 0.51916198821495
0.342056956193367 0.57974972392986
0.339098745741041 0.666996916620439
0.341112779301065 0.61065301299578
0.342585091598618 0.570985116845228
0.341638987500485 0.594305898826801
0.337426957503345 0.733082735467182
0.340437458532404 0.633060268658487
0.341873199213303 0.592579642993778
0.336362487361339 0.753876454669989
0.342882065558847 0.561492920350333
0.339573701519188 0.654829643259054
0.342438647572807 0.574016879700454
0.337921205283709 0.707873685227702
0.342499135616403 0.577142757531894
0.338966830440529 0.675000090085362
0.342441204333066 0.570272512368402
0.34423841671103 0.518316562485299
0.341631932105708 0.594242659829822
0.343236463725511 0.555557051407542
0.339704055843279 0.660998367997793
0.339402987335169 0.665070518365779
0.337965115482187 0.696213933153711
0.339601033481203 0.665786867205218
0.337677159403554 0.716852736431031
0.342010336627304 0.590334238549806
0.344232843001624 0.528689719004599
0.340057865343129 0.650543617312278
0.342884458963761 0.560070190818877
0.341763642357929 0.603127919051965
0.33981099650254 0.646641883887292
0.342741404771606 0.568786664954635
0.338292428643708 0.689940354544499
0.337226517292522 0.727737082164867
0.34058146816794 0.622361645901579
0.339393461880541 0.659370683188818
0.340458890923931 0.638275293673273
0.344235353255977 0.522656118994595
0.342297228824842 0.581348033488601
0.341769356260339 0.59760414901212
0.34066419156703 0.62705526402331
0.339915227823 0.651282751645098
0.342487754330476 0.567896403484216
0.342779656693915 0.564312582976322
0.340494000333006 0.635520997707111
0.340025075827298 0.650299740981619
0.340904666535723 0.614544645526983
0.339907947465097 0.649090539872144
0.338366837581553 0.689716025433395
0.340464129688037 0.627506613189156
0.342680614640454 0.567989566624163
0.343404494965078 0.546736470351535
0.342046802100696 0.582996095532226
0.343232267845696 0.556751308624699
0.339358882202254 0.66106587882118
0.341681240285774 0.593678688511076
0.344418563210927 0.513548320179522
0.342764823576895 0.570776445027753
0.343770015299969 0.539207530709873
0.337355702580692 0.723746750556184
0.344051606951734 0.520773005834451
0.344364162216286 0.517170334195474
0.340464411689397 0.637562758984132
0.343314624835321 0.550516154844725
0.338139724777789 0.708427245888846
0.338296990236898 0.700351056033061
0.344953851315296 0.497729099893709
0.339242443662796 0.671003642676344
0.343622471452678 0.536873378877169
0.334991939348688 0.794096968248401
0.342672285877336 0.5618250497777
0.337434020084059 0.723903997552055
0.341860222475997 0.588053605738532
0.340214573399847 0.648646727116674
0.338771616711602 0.689511374416648
0.340102265756832 0.643839421934558
0.344917297943188 0.494862093678601
0.337887860969141 0.713478404454953
0.34120813060946 0.605321682684772
0.344008608398951 0.528569341584496
0.337565133478436 0.713757998561989
0.337735853866337 0.708380357393808
0.342318447639467 0.576708040861277
0.338083137969002 0.700521908656218
0.339668964085294 0.653598894899652
0.346405198116139 0.454635048855471
0.345535490042587 0.483360259623794
0.340608569233977 0.631168324283148
0.343141624753746 0.555289545855515
0.340889331997606 0.619655818832161
0.339294492192962 0.665876020478592
0.340003519585768 0.646413236962917
0.337946294302556 0.704980450769276
0.339620203800649 0.656366272142759
0.343722676865507 0.534256886537547
0.341342718302507 0.614271288235764
0.342146800255964 0.582554931849028
0.339361899496274 0.661888732917694
0.340167907292319 0.646250621156028
0.338568465847678 0.690471503041798
0.340108874408932 0.647386128457851
0.339005726686569 0.668454900798563
0.339815855593561 0.650326802478515
0.343823607996731 0.527596806127676
0.342062988837112 0.582225795964809
0.340244456052886 0.645853632702419
0.340045139286621 0.643280163955479
0.347225327301954 0.439640968466587
0.341796224964865 0.596065544171841
0.3460188221444 0.467848438267792
0.339941319703796 0.643385894746653
0.338886528775375 0.681084301951952
0.339821448096927 0.650864173421151
0.343299614965264 0.54508454849932
0.342241753887225 0.576479694585367
0.338354416965236 0.701520911729141
0.337121292116392 0.729660273622879
0.341830046368818 0.592679532331504
0.342897827725532 0.565651107642971
0.343752871566297 0.537089567351157
0.338377912873182 0.690676080898065
0.339562432420582 0.6577849299649
0.339225968844494 0.668875961423261
0.337330704776598 0.722952426739699
0.337515632482559 0.714215872147646
0.339391737897385 0.658251551970703
0.341362556362798 0.604734012518177
0.33751337154344 0.716363799075637
0.342440880435056 0.571876921047652
0.343528310663037 0.544496064707845
0.340926583372697 0.620527750530395
0.342752286610045 0.572091431363999
0.335081588738684 0.793742710021776
0.341555024532708 0.602724165989714
0.339544477255119 0.657505483966629
0.34309580382661 0.550664523260682
0.341124652706316 0.612164300596052
0.342401597973057 0.576615909946053
0.339039217258012 0.672380074495633
0.340539272777891 0.626460211756211
0.340916079215839 0.615219309363548
0.339290424511418 0.670456152535978
0.339622109622782 0.656517205120138
0.339947023919692 0.650478595562464
0.34010299008037 0.640794444564355
0.339796100793222 0.659129166800863
0.342426189230194 0.571403098415947
0.341061351213972 0.615602585378128
0.343754473241653 0.527172700050036
0.342319333785809 0.568788584336078
0.341013444689217 0.611000502598316
0.345634529064971 0.483212930060904
0.340934897463702 0.623030159943261
0.3380749024747 0.705732968313411
0.343190818762064 0.546359560724439
0.337110691292632 0.726096581619252
0.341816994797582 0.591918661557076
0.343801775473496 0.53954388256942
0.343336796081278 0.553005138322529
0.340660820113216 0.625762244098493
0.339546817131019 0.65958610713152
0.342291812163487 0.574873754144055
0.345507206380456 0.475107831585042
0.346980951643499 0.441679190156222
0.343106705596405 0.563146099215046
0.342342081734388 0.57355545327891
0.344955039735379 0.50268189015522
0.3413709076514 0.608702718298069
0.340320514649125 0.639182722716436
0.341383928941692 0.596009195965652
0.339932901538097 0.640248791229779
0.339798091846341 0.657768613418122
0.341254026626582 0.60767143591777
0.341780156583197 0.589657004370139
0.344315465065375 0.520636682861524
0.340319070962705 0.635950605110222
0.338850634778741 0.684823906420141
0.341441913140696 0.604747786967342
0.341666757837538 0.597679097273449
0.344097066782153 0.527942113192011
0.342010817289417 0.593697136401374
0.338593169380443 0.687402661106986
0.339051302229084 0.677584273372943
0.340691094514448 0.627849158535628
0.338732045645133 0.686318041107996
0.337987723883354 0.714317286531938
0.336345676372102 0.754765592553018
0.344634369370217 0.502739011485077
0.338672046471691 0.684827263566057
0.339396978817862 0.659197230227912
0.33650030186284 0.751953152007878
0.33805358693379 0.705260061642667
0.343937674636531 0.52910280185827
0.343481156323059 0.546838951562846
0.345347785410336 0.490190034331733
0.341817720263647 0.590762216998429
0.339757599497202 0.651364303596005
0.340283372700472 0.641495491571012
0.34206997322858 0.587302061226131
0.340429130256429 0.631569319088096
0.339041761570592 0.669569503566406
0.340973557059338 0.615925399645641
0.339722348393762 0.659687366268226
0.339174398941677 0.674749951825055
0.341876984421014 0.590640632705895
0.338261457615721 0.691220288766427
0.340404901238504 0.636234831711212
0.341100671487185 0.61738103824057
0.343571840830482 0.53346175547634
0.340599243881719 0.630989194471745
0.341641436424577 0.593048134543034
0.33977090328566 0.654865581535699
0.342509326573312 0.564753422538388
0.335982151713259 0.765403390701344
0.343479693109922 0.541997750769876
0.345208562289876 0.494972869201844
0.339891274507982 0.651736593955148
0.342281762331901 0.582507113509984
0.343815762013524 0.528597474676818
0.341060698999482 0.617075981339106
0.342530205196279 0.568166317163751
0.340533388752763 0.632617343106758
0.338539974154314 0.692518712961021
0.342756214272575 0.56002365793075
0.342643839980632 0.568132156074666
0.34223513943773 0.586087745831114
0.338981640781285 0.676603928221366
0.344606753668977 0.514416115395239
0.340818343912701 0.62070909435648
0.337120718605675 0.726911055077677
0.342407956264696 0.573419143993346
0.346840682065735 0.440345065578396
0.340498049570757 0.632001082235618
0.340105348372483 0.643106087384586
0.339076568081553 0.672519035663337
0.342895191275785 0.559476427931973
0.338692686680502 0.678976932382094
0.338248305169991 0.701005308232693
0.340951991279117 0.618920305198247
0.341120569552187 0.616025979964225
0.337223860214551 0.731677160017591
0.342897433550082 0.559073539716958
0.341872009344335 0.581429793996797
0.338837407080261 0.679612577158798
0.338710197588066 0.681011815422765
0.339790868119942 0.644995760911232
0.339063762290345 0.673109248772366
0.343224943521158 0.55351269291031
0.345739727360648 0.477626409980581
0.341081640190783 0.617427647153824
0.339522051507115 0.65859668832161
0.339361923285373 0.669787146576095
0.339848248860991 0.649650569089365
0.338184655244041 0.707157846098051
0.340514460655959 0.637084711967089
0.340635058659009 0.623284256106187
0.341961461956796 0.589032550906494
0.339740509470923 0.659082418743744
0.342061333730251 0.585309353049713
0.343204058814164 0.553391079991707
0.342958078034283 0.560900599093361
0.342249087223219 0.575395661650592
0.337706037247249 0.70881129444979
0.343403221864551 0.548621435434855
0.342521222307041 0.565340078590205
0.338320554770915 0.695924551758302
0.339045615868437 0.674916808430537
0.342434032915902 0.569008596792171
0.336427658274094 0.752594833807279
0.341823194732311 0.588134736839855
0.344013015005792 0.530574139657978
0.340054237858999 0.647193533696837
0.338761976830482 0.678017088118789
0.340923162950668 0.622504595097537
0.34153516153834 0.599256713759302
0.340772908236174 0.627802813996834
0.338791255641785 0.676422611541933
0.342302808914046 0.580885408482801
0.342615749692101 0.564656083952513
0.346162660252896 0.462864611936965
0.34093640425431 0.616236446873775
0.340948878646329 0.61382757551304
0.341929771854693 0.586562338153316
0.338595471880177 0.688330442198626
0.343696744949859 0.538298826167034
0.33862101262768 0.689370253534235
0.343915497547736 0.534239982004714
0.338969491382015 0.681401190476322
0.337944411369237 0.712224503220886
0.342646975172475 0.565382096595855
0.337809952874397 0.716956541769672
0.345995563392353 0.467171415337602
0.342328383503441 0.580970028344981
0.340975892008657 0.616092229734451
0.344576964910719 0.514546924782173
0.342564377109391 0.569527428840011
0.345780523113662 0.468699940481387
0.341115150052449 0.615954651152659
0.339441498704209 0.663217682402159
0.340564820616149 0.632795353743185
0.337009898072029 0.738426525123418
0.338181928744602 0.697603672064616
0.345138744344503 0.498732732987921
0.340473532868785 0.627724965202927
0.344868461231358 0.502767020693086
0.338691807993103 0.688269212580558
0.343877769352352 0.531908099552559
0.336697637656733 0.746686494923985
0.335987853081508 0.759512124922397
0.339918513156876 0.646587347019582
0.341877195964786 0.588810456797691
0.342745951944104 0.56407250448455
0.341867344097549 0.587733002167802
0.338139155374015 0.699272136956973
0.344873877347044 0.504002159078794
0.351220921829224 0.314841064523905
0.346900856694152 0.440292224273254
0.34209084928437 0.580166791439046
0.34454015359889 0.514260898012656
0.345107704637554 0.499009042726199
0.341755855635656 0.602553017651768
0.3373962318818 0.721531571791592
0.34616836735609 0.470575517533141
0.337219044121074 0.714891165961017
0.339830669479896 0.642672318449618
0.343642800224395 0.542318185492245
0.339171853639457 0.673269734194889
0.342693202880039 0.569161403499899
0.341755990181503 0.595475516343844
0.34333503594358 0.542446027299121
0.337214777794388 0.729396335047161
0.339828302835199 0.651961081327278
0.345694692862709 0.475049995042352
0.344426490076881 0.512663575753565
0.34025606725035 0.639996350754623
0.341604690450165 0.594687406312586
0.34130950169604 0.606679102102387
0.342094774807773 0.580231511030742
0.342524522927435 0.567522714685531
0.34322114328114 0.556171549306057
0.337023336047068 0.73097509841419
0.339292942529777 0.659906352878013
0.344834833694 0.502188014101134
0.34192793150479 0.584815097629506
0.340772855673272 0.626019945021846
0.339658594007616 0.652633794795771
0.340226287866468 0.646855969790516
0.342350362188775 0.583593806654979
0.34194798471607 0.583257525626424
0.343247110379028 0.556334126265697
0.341784675652883 0.601247555383151
0.338917497581065 0.674898614564173
0.342899063616055 0.564704789926094
0.338810228622958 0.674362655682137
0.342214002162646 0.579336087702621
0.342716710410144 0.563086504054113
0.339059270916429 0.675662072394493
0.339770142370865 0.648577502244686
0.341898117422614 0.591473101388861
0.342416112345641 0.577543418532969
0.342427653533932 0.576968886418225
0.342045199424788 0.590882080640543
0.340855305751781 0.618628446658242
0.336830571325087 0.736024222903804
0.340199555657277 0.645470876878309
0.342319597852804 0.578190157855616
0.338543976123611 0.686869875558129
0.342749950520745 0.562355914774188
0.337619297319943 0.716046274765999
0.338502071586662 0.698199301113364
0.346489340803327 0.464184151809264
0.340060372828765 0.639349603672213
0.340359861374 0.637102143735839
0.339603555984873 0.665325941116356
0.339775130407052 0.648530145496473
0.344200287558464 0.527375633430264
0.342676990949876 0.569840431178894
0.338278410939828 0.694509467416095
0.342963659318297 0.562416721375399
0.337070086567384 0.731563757793132
0.344754711404836 0.506012277699676
0.340612788452817 0.62695766158794
0.342087455459525 0.588834461254906
0.338301870480135 0.70117298193343
0.340101521759428 0.641169111723248
0.342440879022772 0.573848755670396
0.338646124226427 0.686664783305869
0.340898967544124 0.619264287199312
0.34030199209087 0.640008044347999
0.339212698357209 0.672842079197852
0.343396426142247 0.546144204598942
0.338786180509574 0.680789218099026
0.338860809028694 0.682503919480882
0.342883515759987 0.564933078626502
0.342005083645218 0.583383262697182
0.33939252079568 0.660891522383366
0.342636200919924 0.571618354836986
0.344580591161939 0.513402072783529
0.341539049495557 0.595777138570492
0.341646555129283 0.598193528625287
0.343624784619412 0.539095294479983
0.341141850946512 0.612160434783229
0.337885539990784 0.704005423917464
0.341796084376885 0.593673658169494
0.340787980002082 0.622376487484231
0.341752268921084 0.601379750838096
0.341070182812473 0.6134108008684
0.34613222278846 0.462487712519504
0.341453517545278 0.603527092388641
0.340280263215814 0.644320849012882
0.339316237044608 0.668561505270334
0.345684382096116 0.475794450857551
0.341315989143324 0.60329316512246
0.342744782555639 0.563823592770921
0.338462817005013 0.693181449244437
0.34043631170312 0.623816232161918
0.342712491239156 0.576240572150288
0.34255066089337 0.573802297522222
0.342087976788737 0.57814169108813
0.343609018331822 0.539012364308819
0.339145685905537 0.669030362344552
0.338820737813631 0.679950746108059
0.342990632925298 0.561240391347658
0.34101994285033 0.615575637495596
0.342728266177383 0.574736636701961
0.339756079019277 0.659265187099405
0.341045898087218 0.615528412319687
0.338450111279143 0.692231916656165
0.343136772227554 0.547765419393442
0.337048810626855 0.729287208320847
0.338924910780557 0.68653576249948
0.341926925411382 0.587054206666898
0.339909557205855 0.650273957605436
0.343153428828632 0.546433133246539
0.341500186978682 0.609288502937906
0.340097928262712 0.64002099985152
0.336610590841677 0.749727322464698
0.34305030914813 0.55613068098673
0.339804043229584 0.659616936414268
0.3406621292898 0.622597969704574
0.339943357769745 0.648367916141719
0.340395676026746 0.630372638222701
0.337700642825977 0.710876085952517
0.341051801511597 0.614273453815179
0.340552671300337 0.634077050771546
0.343054194776459 0.555094794320694
0.34270656961255 0.563737358248438
0.34223843547549 0.582178064879622
0.340262724231401 0.639019208821529
0.342105208200408 0.589636608390549
0.339680932702448 0.650071615463876
0.342329667068255 0.576126619550693
0.34505029845233 0.490989108263778
0.342167708790712 0.579403706099151
0.340613152278315 0.631825120947785
0.339072260450473 0.672553183096113
0.336439221678941 0.76037190693959
0.340068454912037 0.645385528749627
0.344088584994119 0.528290973354974
0.343445476433127 0.540257989457588
0.343697393023855 0.532034256456612
0.339826451169989 0.650463966044263
0.342851976645559 0.566130129480173
0.342634341287347 0.568707939919363
0.339499698153325 0.668299735490967
0.33688862420287 0.730864669976008
0.342147509648525 0.588659837155047
0.341232613450267 0.609720749015152
0.343115844854448 0.559307252710186
0.337881054492427 0.709816068017997
0.343253625875226 0.547210047317194
0.340568482095727 0.629375606577775
0.339698404328756 0.653744795485011
0.33611100520935 0.756972614905066
0.341538275074652 0.601188551089783
0.342919851678635 0.557232977892034
0.343426236232577 0.543398221834898
0.33869726154795 0.682524695718551
0.340844389987082 0.627025049952524
0.339360942013916 0.66504855997091
0.338838701790458 0.675515721039801
0.341055737972465 0.611470479436677
0.34081831672729 0.62144592600289
0.340268489136369 0.628291683371295
0.341096576637168 0.616478386499583
0.338953093113786 0.678282598907161
0.342083754281843 0.582508440762385
0.341520175813146 0.608036147566514
0.344353644927194 0.523845090790841
0.343636710484149 0.540537400304776
0.340356189747486 0.63694819823817
0.339015698066275 0.673384516137714
0.338184335460474 0.697370010252206
0.338806351690708 0.681662103684914
0.34041064868551 0.637977022493225
0.339216546158576 0.668706467079651
0.335608864495913 0.776373149474337
0.337787723629825 0.710962357422436
0.338051135200698 0.709172334377439
0.345263042221956 0.481965430016694
0.343034024441637 0.552186048841641
0.341174637244256 0.618663235905533
0.34029085029119 0.640101770950808
0.342771458186178 0.568395933494216
0.343039943675284 0.56062516636703
0.341284007726689 0.604052852899803
0.338603238514773 0.683924677548942
0.33671496841641 0.745681121581869
0.339642731166336 0.660573722380432
0.341199846311328 0.610706697246711
0.34253499074321 0.58019146300568
0.343310259486219 0.545171912183455
0.341604118116156 0.594814936876862
0.340725130555461 0.62368512351257
0.343080657995322 0.560205878962635
0.336544376440542 0.743903226413074
0.340143175077345 0.64037167050662
0.340230288947403 0.630955679007144
0.342740543354208 0.573837078207635
0.34417086051669 0.522255975190009
0.345305548706692 0.490793668808935
0.340161638417344 0.641593965271255
0.340135551080427 0.641919029139459
0.3462669649867 0.463066934580527
0.341809789760714 0.593267846545092
0.339992520645547 0.644394034287005
0.33827600387129 0.696530654007478
0.33726956791856 0.72696017273988
0.33827346851948 0.691437508121129
0.343572105967171 0.544472747972894
0.34153540618875 0.598138385215613
0.343861777978802 0.532615873283445
0.339839418415448 0.657919051328274
0.340351146482043 0.634676359569824
0.339321582412663 0.665266791627665
0.34141149563462 0.611446481259792
0.34152383394757 0.597602636591507
0.340399980970223 0.639490388032858
0.347660459721043 0.42134154893417
0.340635714322628 0.628177361089989
0.34108528006825 0.610521417845038
0.343860806889375 0.536741191239899
0.339527253176466 0.662152619523954
0.342014201409713 0.589238600835173
0.337855915519341 0.7089936318008
0.343951082681923 0.536117804353933
0.341251531634284 0.610807805072202
0.341296811333905 0.615315310755231
0.346084441737066 0.464316309535801
0.340716607719852 0.625755085828349
0.34175349733183 0.594682987198235
0.340012957612175 0.646006110212947
0.340458324292306 0.638004611822623
0.336494560006224 0.74855456046746
0.342345412304055 0.574712484819584
0.345060526555246 0.502078094775415
0.341121724191554 0.608335088081181
0.338976814343436 0.688791226032103
0.344147810204469 0.529240606166741
0.339938306238608 0.646941132742911
0.341566656467413 0.604960338723573
0.345812183153787 0.473856267793515
0.341745416293928 0.600425728409723
0.339805159797 0.651996255341275
0.339580519430332 0.649278378727064
0.33982496960644 0.65299729061549
0.335749711424262 0.775697121250065
0.34056680719499 0.62517267778058
0.34069544429651 0.632740936338242
0.342189035734761 0.577567544799375
0.337740620480959 0.716817440826525
0.339054272144169 0.680223655587727
0.341631599807602 0.602254336973812
0.337434464897706 0.725157614998346
0.341705628733551 0.599192024496584
0.339951280292347 0.648040100047058
0.341311148566106 0.609350064607935
0.34051412497468 0.62925963096071
0.341843613334987 0.595884440412133
0.338889780235238 0.683555625195939
0.340468105676888 0.629822438418704
0.342135544596936 0.581535550068054
0.340603697401901 0.633155358322453
0.342799716200683 0.557639435309089
0.343282876000953 0.548314341548162
0.337714358988492 0.722619456344472
0.340602144850106 0.629129453191911
0.339802461165102 0.657993582167877
0.340628352848173 0.626326581379923
0.341280129568198 0.606880556500387
0.342654021778972 0.575091313858133
0.341917545424182 0.589992180432214
0.343296596779027 0.557501365186668
0.342605863822983 0.569214998862466
0.339249641645586 0.681874684801023
0.343911932689332 0.532107263979532
0.343814766047842 0.532232689720512
0.340566944059829 0.626415950928139
0.345644034079571 0.477492927886645
0.34027647232 0.645642450628933
0.338107507324705 0.70686211972597
0.341437788516354 0.599847695242268
0.343671228496238 0.53915587265318
0.346291564321341 0.458017108674408
0.340589457508259 0.620533602384283
0.338360251473506 0.696017776078051
0.342283517777988 0.577967055516995
0.342017837948136 0.58561338366006
0.344331564245586 0.511980123018498
0.339353474630252 0.665245640299576
0.338006521497034 0.708548653396229
0.339529853368031 0.663996461721695
0.346000993067421 0.465618993810658
0.339762013710314 0.649293341062566
0.340555127392251 0.630428593530133
0.34129027998398 0.608442897121131
0.342537892703171 0.565735047405716
0.345248614973139 0.493398540675965
0.340294385371212 0.647280574150814
0.339643624643852 0.656823726516444
0.33951177029476 0.660394910269398
0.34105584591788 0.616673015756744
0.342114840808793 0.57458243404161
0.338587380338458 0.684198417399827
0.34293625443172 0.562422292288261
0.340565771374781 0.634727279728531
0.343884088550915 0.529318491173374
0.342032854714264 0.589095152986765
0.339989967192792 0.645198898845116
0.340579101406712 0.633487857744203
0.344597304108205 0.511714308667172
0.344719797049589 0.509074611070814
0.342078167811012 0.582889886141292
0.340624825145372 0.620034222476403
0.342004664558062 0.579219638851811
0.340210199113534 0.641648098100437
0.344777292431187 0.512446844570844
0.344514188741596 0.519840679230167
0.338026914353888 0.697657577285715
0.340699363917801 0.622037910100658
0.338313244111801 0.692366171815921
0.34284467166231 0.559508081772222
0.342360299255742 0.578175832229158
0.335749988667502 0.77575934651406
0.342902132557262 0.559416642373998
0.340506110715278 0.637277169172678
0.346089325206353 0.466529116871342
0.341479245641148 0.601926408677622
0.33883832832704 0.686659418092878
0.339538235618595 0.659008286566151
0.343593256304929 0.544415372343092
0.341968397292153 0.588904737791776
0.341594733113147 0.602737863642915
0.343269172970955 0.554502491866277
0.339747239251405 0.655130037165235
0.340295667276125 0.644096136437194
0.342464009036588 0.567486268756805
0.347527729721077 0.428357514454672
0.344229282546029 0.521758794725953
0.340514874286121 0.636484580705189
0.340737852780346 0.620257140864517
0.335213416419251 0.790223727059386
0.342335804577433 0.577133425580242
0.344642279614501 0.511345742734836
0.333949356703996 0.825214829549408
0.345103367491728 0.501496736027222
0.333267745960875 0.848641985258799
0.339707269576361 0.654102399593106
0.34026633840376 0.6357183154466
0.343060754077292 0.550349207847329
0.338751586340834 0.680374846151999
0.340126314136446 0.635361806591524
0.34110471744265 0.615354056541541
0.341301722343679 0.608096575579199
0.343881324199794 0.526105942372455
0.342563607750028 0.569552854449573
0.342531371965543 0.567558536207627
0.345955926895643 0.466768333879686
0.339246344012766 0.671268691970762
0.341533213210228 0.600900661701923
0.343621147823074 0.541156643361117
0.341547539686589 0.602795453133968
0.340589719405108 0.626491545422222
0.338528000062453 0.687099725079048
0.341594149255478 0.597093271849918
0.342927554838746 0.557886180000012
0.343365002843526 0.551252990094942
0.343540144086126 0.545121154549025
0.342559280810831 0.574685944908001
0.340696274731991 0.623775995761769
0.338015928218578 0.708313138627127
0.34414237084082 0.523294921446219
0.343598696662416 0.541972915673883
0.339934158574126 0.641194145213743
0.34415083167191 0.521160938879272
0.340662566187932 0.621573316021391
0.341720037162783 0.599830717713232
0.344131399847243 0.524193898079643
0.338530700297501 0.686987166108492
0.339710776486296 0.652749319443574
0.342640855956334 0.575787399160893
0.342976770330513 0.557029632993009
0.338633624358413 0.69244074112876
0.341016060319223 0.625118388841461
0.340357138662215 0.635509624512218
0.343569963456184 0.534286976500524
0.343742943187824 0.531164484173031
0.340959618924837 0.614222320655604
0.344960622614224 0.495004037255766
0.342822234662294 0.562273953045511
0.343514223405371 0.547661152858738
0.341647949689108 0.599354183222678
0.334505821515816 0.810957914638516
0.343434437799551 0.543176772782049
0.339958646584573 0.656521485006627
0.337147305693619 0.727745976344832
0.336723262855758 0.741338338920956
0.341633477429122 0.602425225457256
0.342226488940075 0.584201992251098
0.343396249937957 0.548545093459869
0.342633419585031 0.561514386016405
0.339953626897264 0.646152272369817
0.342267394670057 0.583833779774383
0.341597069175716 0.594493021860807
0.343325802100815 0.54181223710821
0.341741794773984 0.596696621266377
0.339989305695998 0.647501142050068
0.340215768020843 0.640457305065187
0.339270896767976 0.66391417734157
0.337501672089249 0.720206497011322
0.343341632226211 0.540159839214804
0.342696051500013 0.562636234815802
0.343138772394533 0.545339910750953
0.338712970881479 0.689458863403024
0.34325668030425 0.55620414448735
0.343524650897491 0.544789394745523
0.33980252133005 0.651932157164953
0.343264375483315 0.549490907878937
0.337332877289465 0.719931552393507
0.341179716451492 0.614516605252555
0.342258350396353 0.579771406265237
0.343308470762328 0.542516982174018
0.342794370540771 0.559435892716791
0.338000946927459 0.702585087257082
0.339494798689086 0.661122823862595
0.342758417317243 0.570414988004437
0.340688130545246 0.62118045042405
0.339077500620394 0.680693004745741
0.34121010088076 0.61062989640811
0.342436725106384 0.582287322454602
0.342348515334236 0.573225707386177
0.341863854726745 0.586683931821461
0.343362528319159 0.556662535388517
0.338610756897092 0.6855316846582
0.341935534551147 0.589347574200078
0.344601945304094 0.513119487675235
0.340009901284451 0.637447412623061
0.342296159569732 0.583710490661427
0.339502111302664 0.66117238003668
0.340663348596954 0.62464511900267
0.341512331370857 0.601055560838127
0.348081239519973 0.407655114698038
0.346434999583786 0.457460012971335
0.33758480750924 0.714869367297443
0.345207694019218 0.494133221632912
0.340338213564649 0.639908155770199
0.340468935348267 0.626179268838158
0.342382260027873 0.571735833193065
0.342156205255748 0.585076060160804
0.340425155882458 0.62844995062603
0.336203011468872 0.761420361526499
0.341999583085372 0.588506233096959
0.339146987824779 0.676889083173229
0.343040485916565 0.565333302534603
0.344048523297253 0.52892472939799
0.337501632937239 0.720990085671062
0.338806566825535 0.679970117361583
0.337544117150436 0.719840909894387
0.339637831469377 0.657343409165954
0.339722169296813 0.646752710142403
0.337438814877464 0.716510811116184
0.344397662511067 0.513977005113985
0.341761713472709 0.592410406103443
0.342318409836974 0.578919168384357
0.340661819717329 0.630073189605749
0.340850978979251 0.62338412862192
0.342700324611893 0.572685477746262
0.340267019442897 0.647352488196446
0.340120649612972 0.6461221506681
0.341161904946329 0.6098993215179
0.33726388306598 0.721319880531258
0.337208160999726 0.727229032210859
0.336568475697025 0.747559081576777
0.344352257110077 0.519651154996013
0.338403607768957 0.689011777234652
0.342256500071041 0.575379493528099
0.341093926361863 0.614750446392094
0.340197730132596 0.636870596494829
0.342710757777604 0.566183193768946
0.341183942640547 0.6163970911428
0.340782708693317 0.633234308474166
0.337353657454021 0.729253089444356
0.340655491318632 0.630405601421799
0.341890684107473 0.587078229165585
0.341325089522404 0.607973923083593
0.343616666289289 0.539508010190407
0.340163026319315 0.640133876034635
0.344101306607235 0.523469424809947
0.340546911855929 0.630199357329844
0.340665116150178 0.624503424074898
0.340752032109794 0.622893801340275
0.34147920589799 0.599728827661654
0.341036653316493 0.613807775390608
0.336832355319781 0.744417716076806
0.341675184594374 0.595209415196669
0.347192658577617 0.43528920360697
0.338523951324237 0.688107535021627
0.339420006456027 0.659238264475421
0.340319952886147 0.642718448969031
0.343483685329232 0.535642319699091
0.339581648986438 0.65727319081698
0.342868201297097 0.560640605663191
0.340790613336595 0.628055577263593
0.341576565937917 0.59959799955552
0.342067339170408 0.585679654083738
0.336775483509221 0.732677978701212
0.340308233069245 0.631184975109323
0.33969775569947 0.653204385525189
0.33934282962533 0.656949434889877
0.339430846853715 0.657151397095796
0.339857389876145 0.648260872830487
0.341337459185388 0.604717758372699
0.339790516441117 0.652115734066694
0.339314794291047 0.667451843063486
0.339087554038557 0.671604219527177
0.340656283388478 0.625095167459953
0.342582438088012 0.569944289897141
0.343597318759348 0.533854542182836
0.338557418957242 0.685362540163467
0.344328950657671 0.515811665411214
0.343031985310077 0.558925111775035
0.343814518715231 0.535381626296393
0.342993974167835 0.563051078016314
0.34138025132216 0.608858614750869
0.339196438300606 0.663657805892965
0.340509106013567 0.638865190844106
0.344284424371728 0.522090000232314
0.341794262596326 0.588852183429999
0.341603504526597 0.600051689794528
0.342588343286701 0.564699585923722
0.341994810253415 0.588935263145717
0.337776590226695 0.71025383798536
0.339685005026721 0.652045084931806
0.338367607292894 0.694361838514444
0.342591634557971 0.575542789853833
0.340419973826121 0.637894172641781
0.33943871984826 0.65267852699709
0.342211199114101 0.584894234181039
0.339916079023436 0.639437074994984
0.341658556958652 0.58755281685794
0.341038607970099 0.623903626269746
0.341613150070248 0.59831742117531
0.343248506873706 0.554970168772994
0.342104487594404 0.5891660952711
0.341792784573175 0.583593833059436
0.340544840428659 0.637759884486987
0.341424164107506 0.6118883954673
0.346097387499698 0.457662388354091
0.337360576828128 0.719579180912186
0.339948487576697 0.650003393194588
0.340446292154655 0.632457606571933
0.344306144799735 0.52301386216573
0.342386038012095 0.57397143467481
0.342405488323114 0.579352571169364
0.338172899501298 0.698470874254822
0.3383270962843 0.694817012603805
0.340716600290879 0.626447338121628
0.338950771926441 0.676365574649731
0.345511116642226 0.483329392295016
0.337724283161789 0.712267678462943
0.340366418798673 0.640690451080697
0.339719321561083 0.661534722381868
0.337455443624622 0.72728196901867
0.34033464676414 0.634363605333349
0.344061582657332 0.524858633341455
0.337882795600409 0.707854408640906
0.339032789442571 0.682319406824079
0.340248149661069 0.63387355251537
0.341807383950693 0.593867403376794
0.342036638248089 0.578117748146208
0.336513494408431 0.753230831359243
0.344130798900801 0.519102418865613
0.340964588278515 0.620492801008387
0.341345065043621 0.606340617799576
0.336418479151734 0.748986589069943
0.338167188224698 0.701751015039168
0.342873803413483 0.559240520161931
0.34479433982495 0.506554311640577
0.341025753253544 0.615553789843807
0.34058161072208 0.632277848721091
0.339487525950215 0.66263491842184
0.342397293377735 0.576208532144324
0.341704509260269 0.592048625978178
0.339753145960578 0.65212207462894
0.340851036031959 0.628456485443463
0.339052751226755 0.669940341720016
0.342483843899727 0.569358830926155
0.337195620051349 0.731334161017195
0.341200006688506 0.608296042107951
0.344324951835166 0.521521186641804
0.341277856033751 0.616071573240092
0.342625782589624 0.570339223255548
0.337080496156593 0.732939808724657
0.339811627566028 0.648394175573953
0.336306821832038 0.759603552735102
0.336497884836684 0.749361877526385
0.340004760594937 0.653370510320332
0.341037160773852 0.612464182737183
0.340783139329577 0.624513012708236
0.338663787380231 0.680285433660138
0.339815367761856 0.64626224662048
0.343274139362189 0.551148605972015
0.336823890954715 0.736533421332383
0.342142257966183 0.584296396484823
0.339774052634711 0.652515848729626
0.341140269600718 0.613161311481547
0.344896676087675 0.500849716809167
0.34014387764258 0.640025944844061
0.342942602607982 0.551201518742588
0.341474528511587 0.602621183125865
0.340157969886096 0.639650189338866
0.339208954938604 0.660298325360365
0.340730105095762 0.626389353150698
0.340954425111951 0.618694406835961
0.341105109222193 0.608428255923176
0.341172432133063 0.610172710634993
0.341203887440854 0.611790239499962
0.34311314707235 0.555913454955683
0.338119244441242 0.704279111242901
0.337094418075854 0.73609676610522
0.342729089274728 0.561825397454918
0.341742300731763 0.596687083489282
0.348523659200728 0.398675740287849
0.340505520395138 0.626995211422224
0.337791103354223 0.713769983766554
0.34168878151991 0.597694256274098
0.34314625633159 0.555589927450577
0.344054989964596 0.533167090473434
0.341571124902775 0.6003234913253
0.341995591192842 0.592145458217405
0.339638260084577 0.656029135849348
0.340305662739752 0.639757340946673
0.342473524383889 0.575577232141938
0.340838725581776 0.623622000268958
0.34014353941033 0.64501368971959
0.346210099204208 0.468141961430489
0.338622501683272 0.694159254475504
0.342001291510937 0.594239421341483
0.337336620440985 0.729370731294729
0.341960366252628 0.588442413080043
0.340728713088969 0.616124946927747
0.344014630224095 0.53263432566227
0.339677605993882 0.656730710644359
0.342202914340252 0.579269198774868
0.343245555914219 0.551094992196261
0.34219537273768 0.57802701448326
0.340189084559833 0.641013695741533
0.342839737726125 0.562082888130297
0.341867313109764 0.594448101466388
0.341000185479173 0.623050253369315
0.342918938425159 0.56150434789949
0.341548199136084 0.599874104925069
0.340362717296496 0.638076239165872
0.345163514580137 0.495694953123858
0.340333426461389 0.642299978125934
0.337881950982812 0.71282575996744
0.338605892787645 0.689166522052843
0.346043038728182 0.461023906304488
0.340008808187854 0.648385282251843
0.339306828278457 0.667538017632989
0.338298662514475 0.69262784351857
0.342321660741321 0.579126258872467
0.340118661687375 0.648936914022748
0.339246741213292 0.666179707651462
0.343493892926312 0.548353643227429
0.338353044518296 0.701074704632981
0.343002819607078 0.548733820483738
0.338460664583723 0.692664633147376
0.341762926596833 0.59269187131136
0.339677111733261 0.660327003033932
0.342748257157718 0.562915580531499
0.346770046020246 0.448537029632601
0.337713930272585 0.716416196840382
0.337785141157857 0.714671674824521
0.341848458865421 0.595760991638586
0.339891825619384 0.647597193423559
0.343322083726818 0.546759759691881
0.33963471945291 0.655845975803853
0.343372187410524 0.541253166733511
0.341466089377055 0.598491672243006
0.344676002052394 0.510676321681453
0.341598951261661 0.599821518137854
0.337594712146481 0.712549124929714
0.34270651235684 0.564871632694596
0.340892795744299 0.622702432691705
0.34284343615362 0.559336084366574
0.341174622578244 0.613070366659628
0.341712264406921 0.605530326500878
0.340634155755605 0.622301480769461
0.345162520395877 0.491843850079568
0.344015239657676 0.524848095239199
0.343446636024051 0.54458779523224
0.339911546748342 0.640886931931846
0.34307276222977 0.558509933556607
0.338387490381316 0.695599952755617
0.341426367783576 0.612948485523318
0.338894248631771 0.678795220303068
0.338778675513939 0.682297565931338
0.340848693310072 0.624506767942076
0.340481449734757 0.635918850998202
0.344194050004367 0.52059892570365
0.340217252003266 0.639431249044028
0.343287596765861 0.551599886043637
0.340667524483533 0.632174622130264
0.347323267725068 0.439236182244426
0.33775346091599 0.715675915943334
0.342012158724341 0.593512211324542
0.337871962702181 0.704854727030382
0.342064840785909 0.586737946650384
0.340978872875179 0.620087988500267
0.344310826616311 0.517836042121007
0.344384671609423 0.51251297929068
0.342577191694464 0.574940781558771
0.343936872631044 0.538184211389213
0.341119990204347 0.610620115478973
0.340755832671429 0.623457706217833
0.338795706865265 0.684471528248878
0.338540584575662 0.689670563074696
0.340611586076405 0.631574934349148
0.344880099747989 0.500659433058281
0.344251518929642 0.525013840008078
0.340800368010605 0.621129049329266
0.342651337716429 0.567943389914204
0.342536880919423 0.573578576868888
0.337766054485021 0.71844594516686
0.342841501924838 0.563518039805565
0.340416847098237 0.635056219715242
0.340225661100452 0.640234455652462
0.340868836868354 0.622002790959762
0.338830918154077 0.682247882790783
0.340016185594081 0.64508815647923
0.341262522463171 0.610083386138633
0.338601447135651 0.685727096901495
0.340538201812749 0.637717406800692
0.341372690856545 0.596874412071125
0.33727698758061 0.727776302416979
0.340102943894572 0.642014207461318
0.338645285888564 0.702637901395855
0.345988821043518 0.467729942683898
0.340787915855584 0.621819708625874
0.342702170099703 0.557847503039251
0.342843328509407 0.570232921364896
0.33646193902343 0.747275200366458
0.339433028348287 0.669494416711051
0.340274537470996 0.636385247261018
0.343809261837678 0.531977200083619
0.337431818954924 0.722036422890869
0.34235861301003 0.576191213832086
0.344356875216031 0.52417518432487
0.341468421000659 0.599264934896303
0.33924408815043 0.666744005568013
0.344023134297696 0.536801513821308
0.338087711124956 0.708914452945966
0.341574852957936 0.595671450148132
0.339710483011681 0.653590382859927
0.338567639951009 0.690952764119289
0.34218819220821 0.580060338993021
0.345044361078519 0.493679741230711
0.339923925332316 0.653753726043564
0.339422707990288 0.660026787568813
0.343087541391106 0.563642514661725
0.339575245622503 0.661195361042762
0.340398509254017 0.636629860700855
0.343522799276659 0.546599208451459
0.338712061936218 0.683751398664303
0.343099232999444 0.558084520341464
0.345971680967511 0.465811951937767
0.346013995193677 0.468460809121272
0.341962037934094 0.578151592528733
0.336485130082446 0.743624102887814
0.340892771073787 0.620977229104373
0.337066881380443 0.734302439156879
0.338915823851366 0.679819646168074
0.343951394110579 0.536214660607101
0.341406236324426 0.606122044090632
0.338052639986001 0.70808346356105
0.340376550853881 0.639077758783974
0.33925060067898 0.667792437143381
0.337565313811598 0.71471340637286
0.33837504090382 0.69442037681038
0.340265135629069 0.647485338022707
0.340711374568648 0.622227601508684
0.342176806111251 0.589598405187133
0.340767395374489 0.628005112487992
0.337483342811926 0.728471411583882
0.342763746629039 0.566062894747706
0.344818186186839 0.513050664122352
0.343071163773351 0.55954783375861
0.337969103979514 0.714555699205737
0.344039564224724 0.53202358288808
0.341532630904319 0.59557162340743
0.34450167006642 0.515498874422746
0.341435650404957 0.598699550734953
0.335914199322848 0.758027985507472
0.341618108360194 0.598018154589544
0.340184634778714 0.640136055475666
0.338121741904436 0.70177328583591
0.341217164915232 0.620785896146396
0.342012855435827 0.590417884472446
0.336287418441666 0.753454521147231
0.339499651244831 0.657554035362773
0.34321687426942 0.55103224248125
0.342248946920247 0.580084064986692
0.339809613262735 0.650744156266238
0.34520740906925 0.492152884443578
0.335405844221161 0.788918373613292
0.342592908604836 0.580536749894896
0.340134384352771 0.643308395785745
0.341222167064977 0.616567063994021
0.343062274371967 0.554270970105566
0.341575793772875 0.603982243581459
0.340531264957882 0.633439907584315
0.339880312006474 0.649242879022928
0.34139580034701 0.602298975861542
0.340944204830619 0.611429657338715
0.338788453989329 0.681444784841836
0.338826298713791 0.679615602453604
0.34216496278662 0.57801776112476
0.337510623041105 0.718730000092812
0.34329654693805 0.545518937522114
0.347455178765381 0.425273785803144
0.342320178992571 0.577670664416173
0.339744620697362 0.655459290383578
0.345518256383758 0.485918474630812
0.34257764066854 0.570661765881634
0.343388130549901 0.548420930989886
0.339037049701389 0.671204030521668
0.342776051857798 0.564913938183875
0.342451721897943 0.566705107793813
0.341422892461379 0.6069211592314
0.339885348707598 0.642927182497649
0.338847947133265 0.678036841267747
0.342138561083677 0.575247999941487
0.339035891216427 0.670596333650712
0.342753574717717 0.568577513266552
0.338081210299248 0.702512579548865
0.341958127683874 0.580753795815838
0.339114948653194 0.673759254378209
0.340679254432149 0.633071252370342
0.339360331349965 0.668394852402156
0.335897251809402 0.76930949107211
0.344977292499 0.500918021522187
0.340991378235459 0.614013835630831
0.341545746174621 0.597218292442318
0.340759147519676 0.621142502071908
0.344985178577652 0.494212504556689
0.342020227399113 0.588857661320988
0.337673142865796 0.718474917357112
0.338855232686071 0.684691268002526
0.339895899343714 0.652552384630249
0.337927178244794 0.700574885476299
0.3424616561304 0.573464359292244
0.340083575294975 0.641201976133544
0.341177950247438 0.615686844926691
0.343656766702519 0.537512301160179
0.339232572031389 0.667448892293405
0.341235296276541 0.608987036797854
0.339124945423675 0.670524797094072
0.335811091647931 0.768840362657432
0.344097818687075 0.529311724429148
0.345377217838276 0.478950387440222
0.33853926569057 0.697499391439229
0.341730801844401 0.58756489817928
0.340423040054257 0.636978710323463
0.336350316543708 0.755485022092908
0.342081359495526 0.589757588395134
0.337849693686573 0.702364495725436
0.338114535880976 0.695469486967734
0.338210369505621 0.707111278849209
0.33964063080773 0.646304240026967
0.345849935389449 0.473352331302972
0.344571782266886 0.514703117854019
0.341112724690284 0.616676218045721
0.338703541730371 0.684654202491538
0.33845903444629 0.689155026538601
0.338232323590608 0.695340397890587
0.341045848261903 0.612900058529717
0.344168769299064 0.514707310854253
0.343666272371604 0.533670007311161
0.33925544637053 0.668171576397867
0.343780196360479 0.536296107419437
0.335875072491429 0.770947119272404
0.339945494572005 0.648446331771079
0.343189564420023 0.556372796919023
0.336699859639119 0.740758649467672
0.339549057227819 0.662765287925078
0.337563717781618 0.719661850145914
0.342863619293224 0.56704588494595
0.343343937898748 0.548606906566348
0.345138008809643 0.492352517367701
0.342474972994127 0.573789673536522
0.343825964360241 0.53817232070625
0.340963852124617 0.612796471947611
0.342484920124543 0.579304050468503
0.340193233967137 0.641702600834372
0.338409015909645 0.700699528759926
0.340337021734768 0.635193288529938
0.339545442746495 0.666770302020327
0.340556440404279 0.632114898205969
0.345315688375086 0.494165387481395
0.34276002683908 0.564673719148679
0.340698116891924 0.625099847556335
0.34464936073052 0.501707692572803
0.337102289458733 0.738327558825922
0.343097029556853 0.551458525410656
0.340419995860918 0.632692329981805
0.338327541204933 0.694890173749744
0.34663965544731 0.458619115438121
0.34470251637212 0.50818468780553
0.338325582998666 0.70052903020263
0.345351919634224 0.490947267878024
0.337515642565326 0.714076651528699
0.340409530850781 0.645253706796026
0.340181156933168 0.639651944208836
0.33918041651294 0.679508953465929
0.340001918260843 0.6455901072941
0.343446824489244 0.546957842234127
0.343816208108626 0.535305270413199
0.341245930024924 0.604574237889128
0.343297975836884 0.546116128633785
0.341512741458048 0.598493416520112
0.346208736500476 0.463565093479833
0.342631352926815 0.571606021219381
0.345296565359179 0.496382627285806
0.336811181108082 0.739313126457826
0.341943271173379 0.588557680564464
0.339486014292844 0.665811370372318
0.336246560793524 0.762059935270752
0.344363170224871 0.519194489339541
0.33704119258892 0.740917308699491
0.343291405249361 0.55064074078423
0.340954375402472 0.614407221443918
0.342688902092394 0.56182708519369
0.34097654026739 0.617542089814076
0.337634782712118 0.714062226250042
0.34252282337286 0.571885764384273
0.343621984510013 0.549625000506787
0.344461547835878 0.513894926583115
0.343789605984054 0.537167544061272
0.342391893777664 0.571425127595177
0.339793961051395 0.650061311899405
0.343787757452198 0.532929536694422
0.346359175203247 0.458153312770723
0.337109205427746 0.728063648317509
0.342162371143903 0.574471763104742
0.345341348429608 0.482632841824631
0.338913229573313 0.676536448079915
0.338258641760161 0.702337741980525
0.34582318598326 0.46820692682121
0.338731296856805 0.68024846809853
0.342013622687837 0.587714656774331
0.340567010503321 0.623447082696975
0.342038267665847 0.582156810213025
0.336121559505779 0.758183658730667
0.340249401739226 0.641423140262676
0.337794503613763 0.721030013319611
0.339990156542619 0.652315045546998
0.338343840084875 0.703009154546022
0.34161634042334 0.600750571039246
0.343474423280886 0.551516560216671
0.340529696565576 0.629000630019825
0.342064442452187 0.588388119317731
0.338097274105296 0.709398949182577
0.341924798387553 0.587195216561685
0.341814333524172 0.59227434709394
0.34291294101805 0.560036340292667
0.3360766517732 0.758434557766827
0.339210388774695 0.672024376402079
0.343786781766755 0.534711259199102
0.347313311067449 0.432210093516253
0.341089022149204 0.614064272315491
0.343538939237935 0.541538641114164
0.342955836374516 0.555095872324009
0.342125243991333 0.585306916882822
0.338581251183035 0.691591968229678
0.342220025869299 0.578572142772384
0.343747170112374 0.539368778333814
0.343972637555613 0.537563667823127
0.337570685769908 0.7215620954486
0.343256097615814 0.546748263860331
0.342602901572391 0.573536064782651
0.341279413910254 0.610206980320809
0.341411740501139 0.60978622273142
0.342378210206503 0.577040823658721
0.343798102500132 0.539796059188344
0.342103503613356 0.58159903695028
0.340537474431798 0.625390361442901
0.34253144538698 0.576347123589724
0.343823378962691 0.531360440951682
0.342005387186496 0.587384500716112
0.34259410980398 0.569850774852434
0.346110095440001 0.472639195480135
0.340091285444589 0.641482185966324
0.339898561003132 0.647596473898183
0.339685797043266 0.656127817886422
0.341296703155072 0.611488833266859
0.33759692608718 0.715989789443974
0.34132217093938 0.616390607881495
0.338398619556978 0.684520307025618
0.340164826207632 0.642400103352063
0.341987722944214 0.58601560746876
0.337400602126575 0.72970538897297
0.339246762650574 0.666938079623544
0.337238987570401 0.729784485875426
0.342702586298823 0.56143185010713
0.339164996463138 0.668668721596235
0.33987167575568 0.652940722907344
0.343236113580894 0.548575654624738
0.335890605493907 0.768490624197812
0.341212387468978 0.61110794945434
0.341972893607393 0.594119025618168
0.3404965423828 0.633651889525661
0.338476115575764 0.69904923050625
0.341524069439486 0.602366436217991
0.339551943455628 0.664224088956785
0.342515868707292 0.566886274131818
0.341188374575228 0.607244118444336
0.340179267942022 0.651346768389878
0.33932505057319 0.664409507136272
0.34138991986051 0.596077418952259
0.341492592116799 0.601793450703438
0.341830324179238 0.584643542532885
0.340285922276132 0.633556784578371
0.343514161622335 0.541712730246725
0.338993242626292 0.672497523706936
0.34307080692004 0.556533978063139
0.341399611555732 0.611368678018287
0.344232991014032 0.52037091192693
0.339962327788274 0.650713498288399
0.339835279912796 0.652186055963626
0.338865180617572 0.6774266754801
0.343322822819257 0.554176755122021
0.344443524250972 0.509118571541997
0.342346093286512 0.573073021779899
0.342608344259504 0.567606091494076
0.34116877224498 0.616713668733928
0.339009365112228 0.677348149487153
0.341103303590017 0.612078888410487
0.33806905055311 0.70123689219612
0.342617197879826 0.575315902004513
0.336896213406605 0.737206759602124
0.339576211660138 0.659270258114144
0.340008040555018 0.643563533581285
0.338938254861231 0.675532472000168
0.341409739590092 0.599888690103398
0.341162113445126 0.615504643964151
0.343597873788303 0.540204822532341
0.344435393876595 0.515278281934705
0.341537139321132 0.602231585600212
0.339485804617101 0.656472949325132
0.342075184079005 0.583797014639331
0.342193368185008 0.577147376893238
0.341177706209343 0.610108801495638
0.343651670118244 0.528766129790244
0.344275631931035 0.521524690638321
0.344894620781789 0.501277572784475
0.3394892512589 0.664479114066526
0.342942065153299 0.560147266996555
0.338813728858009 0.676785193443928
0.340609991730349 0.625976294684082
0.340624057434404 0.623775485349354
0.340492666842101 0.633279640403627
0.34144491612359 0.597218428274768
0.343854703113976 0.530649238319453
0.340568021346265 0.628901835024997
0.343341374059075 0.54524538549905
0.343083462916138 0.55066375662074
0.345679745487083 0.474128096429562
0.34087595772852 0.614885221526656
0.342492206121639 0.573403917583202
0.339658504722705 0.661777580671973
0.340073233522589 0.649072840915803
0.344986637904773 0.505122257617711
0.338920413174978 0.673872064104626
0.337300801450952 0.715660038552593
0.3432835494654 0.554965932638197
0.341415855554692 0.611303746924158
0.338481342338986 0.690748868820911
0.343931661217738 0.528772208656754
0.337626614756673 0.712804574333587
0.345739621078691 0.47597292970718
0.33957646715119 0.651489065908517
0.340211626519998 0.641745098414809
0.33823258796873 0.699222078437325
0.344117014404264 0.526232467348253
0.344210371691097 0.519417711904862
