0.288614191003449 0.0789549893085631
0.293094541531754 -0.0112902028486458
0.290530948929824 0.0345241276259672
0.29083829926198 0.0350963795472975
0.290846592651157 0.0414888891128566
0.29175129317011 0.0237201370296073
0.287917949440045 0.094941654064861
0.287196254164547 0.102711352576079
0.282232179890894 0.204606516322451
0.288288029286506 0.0843290358370236
0.28131391563743 0.222327636272644
0.291407092431845 0.0230940263855106
0.283304675243466 0.17696126674032
0.283589683822918 0.172669278965057
0.298359316359238 -0.108728657936125
0.286352205304627 0.116813419314866
0.288471895441541 0.087904781555054
0.293189160615508 -0.00476363894283103
0.289713375544593 0.054420506890366
0.28969735978601 0.0568288177373668
0.28949103171896 0.061097967693719
0.288829587739125 0.0772473993232208
0.287966533250445 0.08890528737631
0.28714458018347 0.106405963409077
0.288909953139342 0.0736631393805432
0.289975392407224 0.0498803894157646
0.292466549771879 0.00347940471141392
0.291354119227666 0.0236170976808669
0.291838510307331 0.0194023356117223
0.297626276413379 -0.0941783017719503
0.290139585392498 0.048983539165235
0.295055581824764 -0.0414960425000582
0.293422780153132 -0.0177391989524216
0.277009563506997 0.298760346891278
0.285179625955829 0.140296562202245
0.289556483489538 0.0536578356218997
0.288018040075459 0.0900680277389928
0.294844533031889 -0.0432330603934858
0.291527405836142 0.0235252434360625
0.290987520242302 0.0387980700254753
0.294958398281326 -0.044690044253418
0.290511433881736 0.0500896942700366
0.290584046857729 0.0448468957309538
0.292883534840815 -0.00570358133236085
0.288618630589795 0.0836127741604434
0.291468311158952 0.0253015701259615
0.285700566787104 0.137354423721354
0.284458018535855 0.155280217185616
0.288576060277171 0.0740627227524185
0.289281067021584 0.0640845050456059
0.28587900427368 0.135231686604043
0.288739279095421 0.0689426668186065
0.281871862041843 0.216333840100633
0.290336159547142 0.0462038264466435
0.290744753385047 0.042226107565743
0.284469477171896 0.155090692094482
0.290569141809279 0.0420961997709982
0.289325097835529 0.0607516180151397
0.285243728883123 0.148408587002607
0.284425961504858 0.156256827969072
0.293864665231084 -0.0240543779674991
0.286828139262239 0.114564823834392
0.291413243687745 0.0225498010154685
0.287124961048595 0.105576212207384
0.285740673121485 0.135081469568329
0.287544939041208 0.103568893771917
0.285724807928579 0.134762100479083
0.293166392926608 -0.00775290771520106
0.294566058739414 -0.0339942172157186
0.286710456588486 0.11370302929796
0.288921805118129 0.0728801479879374
0.290524277831808 0.0475159896258671
0.294162217274768 -0.0307246671453715
0.294057862180195 -0.0213979516371207
0.293257174912005 -0.0118352080316697
0.285545229040322 0.138399175916542
0.291639479642177 0.0207739196880327
0.289378122958907 0.0685013111058468
0.288270515448443 0.0826654962335639
0.29676735053215 -0.075651964377995
0.296270587000459 -0.0632941030507617
0.282968521399591 0.187024535013822
0.28354929802952 0.171987117357197
0.282901591284251 0.192445754756323
0.28918447461773 0.06940667021508
0.292187903932243 0.0037137456708446
0.288100616934112 0.0884259594726061
0.29531401910007 -0.0494617574364877
0.289815569649148 0.0564103532939512
0.287304717308044 0.104501360867846
0.291447115020867 0.0215225436708792
0.293907012174043 -0.0242760517924051
0.296006294653911 -0.0625709032107788
0.287177598975222 0.104499163324666
0.292189861848262 0.00772859057507659
0.294863425148314 -0.0465080697638276
0.291979721957949 0.0088139629967391
0.284402737308013 0.157321462530083
0.285431857518976 0.140557356805361
0.289718676858327 0.0540378491391579
0.296477909610679 -0.0652723065378394
0.287598488065315 0.097702205552845
0.289500095674552 0.0625311555729005
0.29628722238086 -0.0696462651666509
0.291756438533781 0.0182513533809613
0.296647096858635 -0.0797130171282252
0.285458890475103 0.13921391110863
0.284063952167407 0.165993677820283
0.292501429858208 0.00712588638748805
0.289989594133265 0.0502919205638857
0.286925429088056 0.108042713176462
0.284810362668999 0.149667870464973
0.289122364151086 0.0657433284893541
0.287345593445229 0.10670791029664
0.290404601696617 0.0484023604279444
0.286022595510027 0.129103699761863
0.28953599510022 0.0526736046404323
0.291398237692883 0.0305926577723341
0.294655694707483 -0.0368382430028497
0.28854810065293 0.0822238726121847
0.289050157946323 0.0758918695643852
0.286475716292709 0.123918264174758
0.297734733864887 -0.0980295903150283
0.288785827645679 0.081900334100004
0.292299773522583 0.00312259207409847
0.288428346069662 0.0846415935206104
0.29122637942736 0.0226022481065351
0.284283711285328 0.161157821864629
0.28438221935481 0.154470246233894
0.29479599867067 -0.0446505249368509
0.292753630602153 0.00281430559539657
0.290239796806871 0.0482389482634277
0.286450099919574 0.122454308258264
0.288862711501133 0.0765328680435442
0.289149083349166 0.0684525568282493
0.289289543382704 0.067048440748559
0.283358024132735 0.175760310080786
0.293145487803261 -0.0089345118568385
0.287154838828301 0.109372666924915
0.295272053079323 -0.0465311146796056
0.283878899627597 0.165912295359558
0.293088150599129 -0.00799264261230213
0.288568926043855 0.0754323616453904
0.29658352622572 -0.0792386996250485
0.295639910967555 -0.0562967821638405
0.28963762246597 0.0595053670561141
0.288845281557589 0.0718204458918707
0.289578631945393 0.064576438365528
0.282092534876679 0.200957149559231
0.286318201915114 0.120381691621987
0.293874400330178 -0.0246256982737075
0.290952500500404 0.0379608384729107
0.294006896397566 -0.0222714817415619
0.288611108529429 0.0776129071840089
0.291633907316619 0.0159791334179833
0.29451701751914 -0.0351591644452922
0.289763063203931 0.0597761194981335
0.286497988368034 0.121011525712735
0.286775511598062 0.118992512775518
0.286355552801008 0.124456940582888
0.28986902263074 0.0527623327046819
0.28859689708673 0.0802711939599521
0.287558691989749 0.0971209979824377
0.28479903921444 0.151385460623597
0.286110699728586 0.122466828732257
0.289712450254076 0.0580936396940553
0.290622342320563 0.0371516213151835
0.293022996186552 -0.000130393440168207
0.290455096613938 0.0477996635440946
0.289646326858973 0.0587180120470733
0.289475453899385 0.0575505474261365
0.296089526814528 -0.0624140369266372
0.290604164658299 0.0358926882584794
0.284377159762791 0.160535266830512
0.288339629237968 0.0800355590202423
0.287632708405496 0.0933750809882744
0.290611209864528 0.0391035473263863
0.288586175590114 0.0769427312531645
0.290971730536236 0.0307649437181685
0.287210461591129 0.10416377773409
0.289101129778696 0.0698246691957576
0.29656559829589 -0.0727934630693513
0.290607678292854 0.0415447180436224
0.292162860845666 0.00964065256735374
0.291022642015773 0.0307384856517683
0.289116970580434 0.0685253500596397
0.288694576124679 0.0752526050910587
0.289759782880617 0.0552595810541011
0.288270624374733 0.0836199527250252
0.287086203933123 0.113649899616111
0.288116506376412 0.0879244345585115
0.292542620100854 6.56839111000673e-05
0.294121855502766 -0.0240090002598067
0.287261976136936 0.105674196667858
0.291087307547796 0.0339287222537027
0.291010383180224 0.0265993561350693
0.287192452335273 0.104632784901523
0.295169108844242 -0.0522829871818906
0.295467029624827 -0.0559830150857855
0.289714539186269 0.0623597515128092
0.292469878601127 0.00269399839087982
0.291720091856255 0.0239021008083273
0.287824741029649 0.0957395866721753
0.291454569655349 0.0232680434603921
0.293806511914098 -0.0256574881732601
0.292314415473887 0.0082302210295767
0.292689099060048 -0.00102636201490327
0.294765423193881 -0.0429032297248485
0.290749176892625 0.0342968478900571
0.288212306982057 0.0908691067053425
0.288993864651704 0.0696261153311278
0.284443351062225 0.15920988061891
0.290494961587284 0.0457821850108679
0.297850772837188 -0.0982746901242155
0.297379021086511 -0.0935687578811563
0.285171921512446 0.143535209377454
0.292495712153972 0.00307000466693715
0.281012326297888 0.222892483294872
0.284940050423315 0.144587084749769
0.291289012973644 0.0219272243914607
0.290310485558251 0.0448288921563769
0.296709945713378 -0.0805690938909574
0.289770655795913 0.0543322700373796
0.29211840882695 0.0128011960511384
0.292601177705076 0.00255632187502575
0.292603678400334 0.00698245352343079
0.291403036257188 0.0258578813142247
0.285903153087482 0.132566352854578
0.292053769685505 0.0101453488591594
0.287464417891316 0.0973359775697743
0.289399837688997 0.0625038391068876
0.292247292079933 0.00922369215179294
0.28857567750373 0.0773177897575489
0.283557259250215 0.172756235084009
0.289138591489965 0.0651477082568007
0.283338794629539 0.18213499464011
0.290550160361248 0.0402006300393937
0.289554151861492 0.0621084212813543
0.288875671618437 0.0714835644833231
0.286188489397786 0.130160583044943
0.291315677346484 0.0238282263289361
0.289353582512294 0.0644240686342266
0.293357020592895 -0.0191777776828617
0.287293560921063 0.0967682294680599
0.290733957383034 0.0333109288812255
0.292940345544994 -0.0021314617820049
0.289279649269763 0.0688910473683197
0.286294059881714 0.124769341330964
0.292387603099119 0.0013735350336035
0.296675813306948 -0.0816451843190786
0.290431211226384 0.042621864420503
0.291465692867312 0.0278476810278343
0.285864378635878 0.135655430416563
0.295624059825747 -0.0575668340908663
0.294943572811594 -0.0439911949896405
0.286201626539765 0.122183219834643
0.289541300034978 0.0540179816063444
0.29080676421129 0.0376513897084354
0.286109319185933 0.133348684331407
0.292490797820691 0.000897177710746176
0.284315296596008 0.163769233504624
0.289039556376111 0.0725295315204942
0.29395126909537 -0.0228315758973279
0.292592405361657 -0.00560279367370608
0.287398652629226 0.0956451049041115
0.291906078625194 0.0188420118764381
0.293129838440638 -0.00962591563844862
0.292000726441172 0.0100845790402422
0.289413078579174 0.0646284498513121
0.290381037024695 0.0435532475455034
0.288259590529037 0.0885202156834942
0.287423448478835 0.102087662893145
0.291991715383556 0.0138422847924559
0.290903581193711 0.0364426239417616
0.2932713791378 -0.00643466324436056
0.287282314272005 0.103442362615894
0.285082655750173 0.14855253889316
0.287648444520118 0.0983444362728392
0.28957492226655 0.0617494352617268
0.289763248379422 0.0623171415960615
0.290152196974433 0.0484640707607035
0.281513816880258 0.210378570234978
0.291216258411343 0.0274520369794192
0.292681671929059 -0.00397799771371423
0.291573795139988 0.0226068871189225
0.285857865024484 0.132771737584582
0.287286238460098 0.103450963512444
0.285729634513608 0.136549208323478
0.290451113819464 0.0446868578108308
0.288007300291485 0.0886982780876486
0.293752264727365 -0.0223742739739345
0.286704601628312 0.117955862179139
0.287574341050104 0.100079938452787
0.289926870714268 0.0515559658739037
0.292978540047302 -0.00984981282654252
0.290025671688761 0.0499448116084009
0.288578417537689 0.0829701590491796
0.288590858608602 0.0816251657679544
0.291397949246492 0.0245722753007124
0.291089540064932 0.0255229524964107
0.285619682513134 0.137367547168628
0.290636309328855 0.042096869048486
0.285041167783549 0.141979922247318
0.284593442680391 0.157462388760907
0.286880148812226 0.108190176090944
0.289457957327064 0.0631597002883917
0.294585962113044 -0.0423991620918981
0.290557513768451 0.0408814304111958
0.285257614139812 0.141928818095355
0.285757247286271 0.135441150290911
0.290645792456558 0.0406816365367186
0.292090482885331 0.0141190900520238
0.290886703128324 0.0310635520020139
0.286481391391885 0.120965795486139
0.295560514764876 -0.0580711229300734
0.287511814210845 0.10117959381833
0.285779441411753 0.135193074775901
0.296905501718575 -0.0851101615812015
0.28598361117709 0.129139318262101
0.294599234399701 -0.0323355888012692
0.28503940661858 0.147017725032613
0.293230160297931 -0.00704357625041366
0.290265284896634 0.0456738734261914
0.295039327428905 -0.0492059819502969
0.287222482644422 0.104101840044197
0.285124910369064 0.143167061215478
0.283835809569126 0.170672227045373
0.283073837616741 0.18479115152995
0.290056537503432 0.0497722175924443
0.282868504536911 0.188234601239447
0.292563507716609 -0.00285490664125599
0.288513323855957 0.0823077835804172
0.287750662798227 0.0955491666657723
0.295676082990676 -0.0555920329970219
0.291586110402616 0.0233936107866151
0.288011411635853 0.0887821856131516
0.288290750403971 0.0771275589831369
0.290970605765582 0.0319207779868453
0.288428653806258 0.0792780265842799
0.287953442940205 0.0852257786002525
0.286718728727919 0.113989156276155
0.292707556552596 0.00136480051545852
0.286757580100288 0.115122567079951
0.291282204675576 0.029178246296985
0.288125171197244 0.0863278905329357
0.289077957683566 0.072796155403712
0.283460337737129 0.176764802086294
0.283166590128593 0.188661262902281
0.291695733022932 0.023551263217756
0.29413293685489 -0.031586321584362
0.291732093996266 0.0188598473761346
0.28855112228147 0.0834078691098993
0.289472347183525 0.0617151749335214
0.285318294322722 0.143358250712842
0.286589025865562 0.118957215694726
0.288941020643008 0.0686489624695251
0.291347446802815 0.0212666807120019
0.29210279793266 0.0133731342997912
0.287736700584235 0.0902375647523106
0.291806207944521 0.0168084163980821
0.292368712535043 0.00622642512881011
0.287358037857533 0.0983334895232397
0.291332367539826 0.0259915600245978
0.288561682942701 0.0760159912580504
0.288564718947302 0.0816592042179089
0.285643431388854 0.137508805659435
0.291475901775329 0.0192742533741853
0.292543990131556 0.00523334432806621
0.291782944914717 0.0160496447897176
0.291965574283734 0.0170042046089088
0.284878176608722 0.145864988618795
0.290522331959455 0.0436894015201907
0.291415810173854 0.0210192258590654
0.290908527202852 0.0332986316944906
0.285365523611713 0.139089985025423
0.289292835587859 0.0618146279666531
0.291829544562664 0.0144592440456132
0.291387304862864 0.0250966771579533
0.292066003400366 0.0127681194629079
0.283456191440965 0.179392543010035
0.288780866607693 0.0781178928628331
0.287851954118466 0.0962572874302855
0.286201031451451 0.128545434923044
0.293079244994654 -0.00980170694637626
0.276836355001218 0.309583542249757
0.297633845123277 -0.0968745569109229
0.289401116099345 0.0658570539651952
0.28893583919409 0.0708959638188269
0.285692883474796 0.137400899832845
0.290118672721288 0.0487465564537344
0.286405369832026 0.115829380176165
0.292490819728554 0.00559045845420918
0.294544800102993 -0.0358716061958216
0.293303253771686 -0.00952987087735945
0.290843904294453 0.0378666614657372
0.289184017673323 0.0653302842609165
0.292656953973826 0.00400816989536905
0.289003254002476 0.0672273638127697
0.286002040867016 0.129026351116321
0.288238039048304 0.0879680820587375
0.294106940344783 -0.0272081614786072
0.287307201390769 0.105498728157659
0.285305063347086 0.137669439989751
0.291708769259142 0.0170479769865304
0.291122696281076 0.0283436466528508
0.288177440023695 0.0860028287382506
0.292008489713195 0.0104658878253031
0.291916550509001 0.0125618828123716
0.284175939224568 0.165536048275033
0.279866671621853 0.247642157418326
0.291219324696935 0.0268025446925854
0.286554702057791 0.114778012174555
0.291062740223659 0.0328283442384395
0.289861782714574 0.0574666491068407
0.286856344661808 0.118493768326378
0.287355404586722 0.101141436554499
0.291675643992564 0.024535463638915
0.282837438049848 0.178984439990058
0.289060028998126 0.0631781657640424
0.294157744274603 -0.0255514748464968
0.287082323670467 0.109714403737517
0.285284693231657 0.144442251295054
0.295197849342399 -0.0477576242577079
0.291898643985785 0.0111443566770183
0.29282355410939 -0.00259009108428061
0.285323434944071 0.142029307938723
0.293726548223616 -0.0222008410515793
0.293468286553938 -0.017085302269004
0.290568044128546 0.0415933760657564
0.295170607344537 -0.0512249028814703
0.291309812125633 0.0258535842446055
0.286593405806772 0.114394031962293
0.287259583028743 0.10156237642633
0.291983992578121 0.0173866297582197
0.293588079865895 -0.0202639738756447
0.287052522280605 0.102474869068677
0.291775817099072 0.0164291679424629
0.287919633734701 0.0882967371309104
0.2881740791165 0.0886858899661459
0.284775807257931 0.149186160769535
0.284863719322853 0.156137271739894
0.291316396831428 0.0313494496811402
0.289651419238892 0.0542684461584406
0.294870173568214 -0.0375534069205695
0.287632453001518 0.103201042016761
0.290796515821281 0.0335330173060485
0.291366513859613 0.0285736409137102
0.285005659027209 0.142233423280064
0.288270360882496 0.0838947023068844
0.29233982293695 0.00424666640343595
0.288327026359341 0.0848589172759946
0.286460360092517 0.116473843976521
0.282889486267656 0.189697764282725
0.284971785277597 0.15051532695605
0.294166769164821 -0.0266503646837041
0.292012350904584 0.0167582868838065
0.28902087474339 0.068802536176981
0.288984464697079 0.0676232618875948
0.294937243499098 -0.0399465290463778
0.291501659038402 0.023073607852922
0.288337250906204 0.0817244526254595
0.29387487467874 -0.0249014704218349
0.293820819356428 -0.0228685109033836
0.293017361068277 -0.00075253030161819
0.293012090759522 0.00118936348578059
0.286823639942154 0.108691482950473
0.297156037785448 -0.0853131620035474
0.286161854009909 0.131200686500377
0.292402655941002 0.0020201750170007
0.28951052731764 0.0651376489977385
0.285409762941448 0.142462400328022
0.283871624699903 0.167549969100404
0.288200387091035 0.089480770143757
0.286324012647191 0.121046973166401
0.293161124644134 -0.00881834548643298
0.288663135878586 0.0763157502521513
0.290205236869892 0.0510379863796542
0.283599779629353 0.178415130671582
0.294454882588384 -0.0359267375105791
0.290124948894003 0.0489073647403637
0.288733474851236 0.0760492237131632
0.289331541283602 0.0641864273931144
0.28665332931375 0.118031797555723
0.286744137873778 0.11689206166566
0.297119744293054 -0.085488448970431
0.291583562509806 0.0197541141472093
0.291932005299862 0.0162863796567734
0.292338679594855 0.00949579682957853
0.289709812207105 0.0545439211137221
0.285502184067691 0.135643936656765
0.288754576246099 0.0783486142339833
0.296942012015454 -0.0801077366967648
0.290037594339909 0.0467578792759453
0.28416818884266 0.164475885834416
0.28661642926096 0.116953981833246
0.290107988729143 0.0492182508050671
0.289444698491847 0.0583343046577634
0.285301887435799 0.1425018025154
0.291393247854561 0.0242333274317516
0.28920811813756 0.0723062180743118
0.292314638156992 0.00597524183428561
0.289741210512146 0.0548938410923309
0.28795102254659 0.0911214224759656
0.28331432348266 0.185188107069334
0.292394294258363 0.00700399382063437
0.288995453308652 0.0692652947739457
0.289088438387763 0.0662327609662546
0.289752469598469 0.0554835143947141
0.292944994524983 -0.00425400369720067
0.286616809484099 0.109229780665642
0.293462972255916 -0.00724891442116257
0.289863902967685 0.0565417871658187
0.28710809111528 0.102430895653475
0.282411366601005 0.197332352418524
0.292636238639965 -0.0010278546689732
0.285985043735023 0.128101431295766
0.290335846476861 0.0477994592091644
0.291460556486415 0.0230126750608445
0.290706436149526 0.0450182504835496
0.284561509820816 0.160738387761312
0.29397383963874 -0.0248241871438553
0.289833886451879 0.0547319059881338
0.285662393504526 0.130683868916505
0.289036564536661 0.0666070610863234
0.290060270194216 0.05695363626866
0.290564030570967 0.0390747101272636
0.288880185073992 0.0742058961599964
0.295271969886231 -0.0548526507600617
0.296331765656227 -0.0648085147724899
0.291361768675922 0.0226532431845882
0.2865168373331 0.120650761620555
0.287044232448813 0.108710894107129
0.291705550591479 0.0245886680917657
0.296211920940759 -0.0712980642060324
0.291835478475786 0.0164168585191808
0.292839339121344 -0.00664150561428032
0.2884070864941 0.0795812650902533
0.295048637922017 -0.0464829016705979
0.292874200329712 -0.00046515226106985
0.287839007856948 0.0927056607589265
0.294824182959055 -0.0431215239130767
0.291740430964431 0.0197858301507284
0.289149861816058 0.0683237215042744
0.287163542819206 0.110599049469948
0.287995350077069 0.0856851242968226
0.293160000959835 -0.0103447251948853
0.286564876081397 0.113032059477794
0.285115449156005 0.143623082496547
0.293385028589111 -0.0106003247685827
0.282943608722684 0.186697521574459
0.290549293284859 0.0474668550221019
0.28971053112601 0.057938311567632
0.28831767551851 0.0863817864344422
0.286802843010621 0.110159165120371
0.285491951055934 0.134848048209011
0.283656273853751 0.173209819162556
0.292952187514769 -0.00213323784827622
0.287826620560464 0.0937751551018573
0.294069472170251 -0.0213728633947365
0.290301965421259 0.0397358348957801
0.287507961773713 0.104000613045878
0.285984921455179 0.128821397418914
0.284043536792592 0.170460520569288
0.292725259066991 -0.000441619910441039
0.289076786617917 0.0672284862146576
0.287779955898719 0.0941172396595791
0.289601778239578 0.0580907036650812
0.293672020851618 -0.0228018667402113
0.28742842054166 0.101322113197756
0.286889500312241 0.109522179501711
0.292042634542234 0.0110114391092773
0.287764690298821 0.0927175016174266
0.288402854755802 0.0868436604927186
0.292093721170069 0.0110701223431985
0.291893573585823 0.0111511612371216
0.286939713762225 0.107885226691202
0.293415629781997 -0.0148000857805209
0.293295363628208 -0.0195566587356591
0.290895786870105 0.0363157459486946
0.295216030892938 -0.048256762186644
0.293903993396028 -0.0254176128107349
0.285128069933339 0.150717216581527
0.289897314653688 0.0583511956145148
0.286985006292588 0.111275716579312
0.285143481950376 0.145949435230202
0.286544932597222 0.116714905720124
0.295921460254108 -0.0646683170775401
0.281848082249937 0.208603286323515
0.295105211115638 -0.0440401244990354
0.285352296558189 0.140385673111098
0.290605255354696 0.0398727652602991
0.289857721084994 0.0536326877435986
0.298447743822316 -0.107454475684972
0.292478195619335 -0.00278148162705899
0.292114611189995 0.0075114436245018
0.282334286517994 0.204848456412632
0.292746253242437 0.000439241031724887
0.28855599593968 0.0825263654822937
0.288813414304542 0.0777108544880934
0.288573547391821 0.075851761286192
0.288731281198862 0.073175322056015
0.288731852400762 0.0775501807712747
0.284989501122489 0.150959193760905
0.291689749934248 0.0191156369126131
0.2872498956344 0.111367502606947
0.294524567612407 -0.0379498631324933
0.288277303187786 0.0817299665996209
0.285981961777605 0.128216189772779
0.289803339104373 0.0593167882164415
0.297130567544004 -0.0896161226014063
0.298119650955986 -0.106197516060885
0.293357358934682 -0.0197496860650144
0.291158267679147 0.0356476589902978
0.286826958658291 0.112526476660987
0.298835035197193 -0.117669277908441
0.286398801383903 0.120951529908794
0.292961429014751 -0.00578695357274397
0.288846488553266 0.0757872322854396
0.296687676468117 -0.0769820613566121
0.291742259159551 0.0165594687472286
0.291157405956389 0.0283245421712831
0.296685744442887 -0.0776031773536209
0.289200513901712 0.0623948463164943
0.290501549897049 0.0449522043909575
0.295261831472498 -0.0519347547022588
0.290443106312716 0.0434830500227015
0.289281964398304 0.0706922529003857
0.292915966053401 -0.00577191682158274
0.290153900069282 0.0477015940271205
0.293083775059827 -0.00274776574875703
0.28870933778688 0.0737007447032413
0.293629973816934 -0.0144540607962276
0.288574346684716 0.0805746766450594
0.287190258392816 0.106216320070214
0.2846792560847 0.151358878330224
0.28565418913459 0.139015996258066
0.287919427775436 0.0931438329972833
0.284442745970221 0.160764555705379
0.287015265630469 0.108469269030257
0.291759726742486 0.0229565268643212
0.283757473067237 0.17311215435145
0.283390515429741 0.184715196998491
0.290419172859286 0.0421543247721545
0.29250419452522 0.00381507916057282
0.286023245637272 0.128386872342014
0.289155685695929 0.0677516019176637
0.287294554833438 0.107840300746611
0.287516178648901 0.0981868847727626
0.289035254251724 0.0686507233888496
0.290403891397295 0.0480950528461654
0.284978562884993 0.144327413936692
0.301068388001193 -0.152686065477748
0.295706320404058 -0.0540788259085798
0.286468377765426 0.118593470345769
0.289558233953839 0.0638599636045681
0.290245604393831 0.0466164726530637
0.289032314761889 0.0747962753402234
0.292281049836597 0.00751431693729617
0.292330788875005 -0.000596554190336399
0.291600440157219 0.0217007432034799
0.294465297410634 -0.032006961092739
0.28465798196085 0.151240383895446
0.290634122640903 0.0446489637517445
0.286799311431607 0.110261993715317
0.290964251349634 0.0354959504385588
0.291628143100151 0.0246174964484425
0.287155218089545 0.10986881623753
0.290890373930664 0.0364983120946267
0.287323627426204 0.105811408972936
0.28862487049322 0.0781965289579903
0.294292605814145 -0.0298126994576869
0.288022312345768 0.0883460578662449
0.288190149298125 0.089616776342159
0.289513328294052 0.0642530210776463
0.286170592514479 0.123372850021861
0.292444557456213 0.00323451664627267
0.287569339948416 0.101956410939513
0.294049070632426 -0.0308581636507731
0.292749123139103 -0.00187845393538014
0.288457635400284 0.087759489303519
0.290273020328849 0.0467287120679634
0.293939646621664 -0.0202414924821021
0.287267167116496 0.103014033012222
0.290996327690252 0.031072197720073
0.292003565203635 0.0184675526098227
0.290414991881412 0.0440140425929302
0.286117876232436 0.133113859182137
0.28449381695631 0.157845923891043
0.299667282933289 -0.124700448521393
0.287371717919666 0.103625231371922
0.280352949190919 0.23673957879028
0.28964933495149 0.0560882503746865
0.294006401405171 -0.0267779356286281
0.290645929705816 0.0448301907992024
0.292138522331847 0.0136337139143419
0.286070491985209 0.124423188995298
0.294328885160574 -0.0306953567143595
0.291348611133541 0.0240821868872763
0.286553109912388 0.111622218958301
0.290724304533459 0.0383870601193646
0.288350793510297 0.0828988030033982
0.287758916800556 0.0940549297442467
0.287808847444201 0.089208207215196
0.293483441312148 -0.015698218376502
0.286786888580881 0.115863012478652
0.285191632837531 0.147302371462507
0.292253000802042 0.00575424779866469
0.285307210361183 0.138715344823777
0.290920382334758 0.0342898696017194
0.285718338773562 0.134316588360864
0.287598175297844 0.0935188023600141
0.288679886071752 0.0790200372224002
0.291170987886271 0.0363835717901596
0.29372975513055 -0.0200004162979958
0.292623739247223 0.000697177480765088
0.292059463426597 0.0130254291755478
0.292627517477231 -0.00614076684173871
0.290672783509269 0.0355907604809169
0.292712786972837 0.00155499630581216
0.29194340122498 0.0181532017023949
0.284961305434335 0.147275522122672
0.293600109701099 -0.0154103469589196
0.287954411696319 0.089974245101713
0.288676271231054 0.0804327563056268
0.287653602938014 0.0980957722032305
0.288834243155411 0.0759552761810186
0.29090391238517 0.0326622828019191
0.291420611330738 0.0182185241406722
0.288115222015118 0.0820164733298246
0.293888233827042 -0.0222698316924539
0.299995679082239 -0.135287183329647
0.291555534345295 0.0271269023377865
0.287773032009717 0.0890934020675443
0.292069310675216 0.00898205051259403
0.286032357443884 0.125245562974098
0.291570796573452 0.0195073546158296
0.293108782404827 -0.00679633989587482
0.288964327329508 0.0743734343027566
0.289990647990712 0.0509073722356034
0.284663451100093 0.158831441599948
0.283071695352813 0.18551791016639
0.288929525282598 0.0716431207420079
0.289899215031578 0.0581359019175818
0.284451188974298 0.157721726612538
0.292104172928514 0.0144098473237038
0.291019553626049 0.0326791605616985
0.286465453134998 0.122443109903882
0.285509191650982 0.141777782039138
0.290604768970415 0.0408560446830997
0.284242367969841 0.167746622351097
0.291296407491023 0.0220329003480664
0.289668907458853 0.0616874569129475
0.286779649971257 0.114061867278827
0.286975544530578 0.114189681938207
0.287420052855382 0.0980568557430034
0.289622581038168 0.0604095014259859
0.291199571966502 0.0285849104281167
0.288235065259037 0.087382896096055
0.283460725004165 0.177238807675668
0.287486770480205 0.104811853035708
0.294833790071427 -0.0394017962542655
0.285373182737517 0.140144624593966
0.293739904100178 -0.0226116897285991
0.293056563944549 -0.0116725174715267
0.293296410493759 -0.0143681990925599
0.285724962842199 0.128485700728471
0.28476847385676 0.153867982245632
0.284522842987624 0.157437263833546
0.29111375735632 0.0260022519697645
0.2947845697727 -0.0414011461012016
0.285803017907625 0.129394979800474
0.290278333138859 0.0438408940479176
0.288324699907503 0.0860203013698147
0.294321501846751 -0.0317651625950701
0.286598400802862 0.118614105858929
0.289360134813857 0.0657070393144734
0.291933574049458 0.0126620867859889
0.289478358128842 0.059642276929829
0.287259797617884 0.102830951655802
0.290763082740109 0.0357170064117311
0.287007576804591 0.112833775923716
0.288790278232222 0.0775276128088275
0.288812672102843 0.0775749078724476
0.284157151870123 0.162620494444862
0.287360679603622 0.104824057611867
0.286030446798278 0.127764245452057
0.288970886177399 0.0731352686119584
0.285867118359735 0.125604478282922
0.291396508679906 0.0229544873716744
0.283080568436337 0.181087085178692
0.288923845451795 0.0756628327923062
0.291843824726732 0.016295477713217
0.293147865286826 -0.0114678867127483
0.28867391672297 0.0753523097628914
0.291084742698662 0.036430670748364
0.284083788612463 0.164794551224453
0.293036824241376 -0.00258848519626068
0.288475284733667 0.0878477910612462
0.286382172882934 0.120977194891935
0.290965975341184 0.0283757805911288
0.296266514524537 -0.0723539558505142
0.294467898016883 -0.037472190674267
0.283372848763701 0.175924961143931
0.292490435145974 0.0034168350843542
0.286886582856798 0.115737051980003
0.291423389777872 0.0255106695217518
0.286325846980209 0.123873633174584
0.290080813775084 0.0487887239008201
0.289953365484068 0.0595678230072184
0.293232919909273 -0.013087820935962
0.288488435924305 0.0791560467262568
0.283260165337043 0.184957626728329
0.280646113379569 0.23478584427606
0.289503418153741 0.0633358330403766
0.292905892135715 -0.00995573086017629
0.294220679585945 -0.0310289195327905
0.292816004446815 0.0010437433538468
0.291637308893877 0.0165467713677513
0.2867952031253 0.108594891444369
0.292616955687659 0.00260673245719204
0.285072290425871 0.14714096057502
0.291505570008995 0.0228992737270325
0.286683200495058 0.112454288299531
0.285442558489778 0.139375538649961
0.286919045567505 0.105400170731036
0.29072236323139 0.0347629268578751
0.291070353089333 0.0248286963806022
0.281716455095725 0.215013357786473
0.290039821815312 0.055477084865206
0.29096783509515 0.0350357298731598
0.28639397673392 0.120919922863171
0.292755674829727 -0.00158638094255003
0.285221271551752 0.139405111250171
0.285482639812152 0.14078495743086
0.291114872497382 0.030578315864411
0.28612880543538 0.1214913391103
0.290775595620254 0.0335316055705688
0.284052965837624 0.163997696985312
0.286585343151762 0.117199375972738
0.28840655566376 0.0867312157421346
0.289096637862975 0.0654114067868224
0.290611927123097 0.045085996451953
0.292412697765974 0.0051342289615353
0.286192736234949 0.131312656540277
0.286584244696002 0.114635579387627
0.294405925435726 -0.0370206385863732
0.285057626091846 0.154414494209033
0.2893876287171 0.061856007124627
0.285625467056969 0.135903221933721
0.291291429062337 0.0289198384045826
0.290136440357973 0.0426392095826136
0.285904181126316 0.134655523475602
0.290586975506803 0.04056815867514
0.287701445206638 0.0941544860229719
0.284105956390902 0.164814530670476
0.293164303942763 -0.00886860498090879
0.290951410120283 0.0346726496089026
0.283446425670251 0.175348103403556
0.291911657377343 0.0163447721433983
0.285613046692325 0.138852077365232
0.293778179559993 -0.0262527541594867
0.287421121106682 0.0980789162846773
0.287099734813362 0.109702965104181
0.278313470182925 0.272805217539479
0.28683955115742 0.114320814798977
0.287467901992727 0.101512361154945
0.285869590792151 0.135192046903512
0.286485707121601 0.126181011943599
0.29025233638305 0.0488829866571824
0.29265556200826 0.000930086710022399
0.28635480345455 0.120543348917273
0.288924318599626 0.0728781343201252
0.289230318477 0.0667182368615601
0.288336534790341 0.0776888598920473
0.283630761887643 0.1700040621184
0.287894502316072 0.0906679899068595
0.290097045002067 0.0483425684880876
0.293319706514649 -0.0113488058981009
0.290420880602365 0.0458762023243596
0.288932248397648 0.0739263867514078
0.291287519702691 0.0315377106383218
0.289854261551903 0.0612080638010686
0.286996162453837 0.112055885020542
0.291773219670455 0.0159919205750306
0.289577414884776 0.054827919452412
0.286442630561769 0.118672980744749
0.289909495641458 0.0529077587592706
0.288622732613888 0.0797711226456543
0.28509861952573 0.142469124814651
0.290209570451628 0.0444088025795409
0.288607323022452 0.0789771283044618
0.284296423555596 0.158697264624554
0.289728040192547 0.0568048574362762
0.288920221042284 0.076295342336402
0.291071657532122 0.0384710361425664
0.288393209794861 0.0860548846415202
0.29776162686655 -0.095114963576175
0.294518013193119 -0.0381819770379157
0.287008022816909 0.109837308521582
0.292950254388658 -0.00509604863902317
0.289226345410333 0.0653364486607225
0.291005699279436 0.0311582541999394
0.285832048784577 0.131857455416354
0.288567613736462 0.0775408456877155
0.288280596203487 0.083582118479552
0.292306231318405 0.0046740840712755
0.291470197541695 0.0219847325561638
0.283919698774405 0.172059789058984
0.277601681913601 0.289520869847673
0.288181092667829 0.0884667163999308
0.288180450850019 0.0853927284561633
0.290691826506176 0.0350262921493677
0.284157139323904 0.168619725425832
0.284268409210694 0.156333849262979
0.293202115472759 -0.0110842684484927
0.289275823472804 0.0648812281083105
0.29568546734423 -0.0540133311072634
0.282908628148556 0.188132070878754
0.287493029693522 0.10028012729086
0.290212207975935 0.0403030438892929
0.289090033503313 0.064413047422148
0.290142002169682 0.0473656099951127
0.283903112099026 0.16218833663337
0.29196657920562 0.00898574692090877
0.288767666729364 0.0736245217762662
0.288556477199472 0.0779806313397196
0.288865680073009 0.0731046157169396
0.293492856390698 -0.0150358307681704
0.289441684788387 0.0610531053575541
0.289166543233741 0.0661778768275346
0.291242845553941 0.0277415212624176
0.28473670597619 0.148451521017885
0.290873959619702 0.031823107553447
0.287298920456643 0.101714495106579
0.291960332409939 0.015778157422449
0.290797650285329 0.0376812844358591
0.292795825748657 0.0017889962325818
0.289979121892705 0.0544884639530521
0.285721211228679 0.128976926373412
0.294425409855516 -0.0280390386168651
0.290108627964338 0.0514251094762932
0.289489776601464 0.0581314566184629
0.292452051437442 0.00540011476535846
0.290952020241625 0.0295584402545959
0.289325460814014 0.0657125269047836
0.290775306412893 0.0351404651619094
0.290559608522996 0.0380051762939392
0.287106884820416 0.107178183684391
0.292100015434948 0.0159175830650887
0.291991804523916 0.016282402241777
0.289393841081527 0.0551247024173471
0.288806968086131 0.07758725217077
0.294265822971671 -0.0378934691304728
0.292714736227041 -0.00818854030455223
0.294792026342606 -0.0345197993212781
0.293388207912836 -0.0139094018372624
0.288896964135586 0.0766090717599821
0.293645265179507 -0.0146447508792944
0.288843157829544 0.0663676031031032
0.289722739207804 0.0627251920525125
0.288505563082204 0.086202661230042
0.289074537460569 0.0633786156985994
0.288332881166983 0.0797833360643398
0.289966042050995 0.0538933267770173
0.288008240932032 0.089405339356568
0.293079694916404 -0.00460678443733984
0.297768588624681 -0.0995081840884764
0.288188437821861 0.0897047338679671
0.286286774482484 0.12157387867903
0.285654547553985 0.134450258156139
0.291237091930771 0.0288673068754503
0.289096765927433 0.0682260507031013
0.288282737763322 0.0848517633829057
0.287889230173335 0.0910965210242839
0.292126272851924 0.0148573122676381
0.285604240785545 0.141597798196484
0.28986719069951 0.0584218659266102
0.294994772012511 -0.0462069835171711
0.286112444968598 0.125724684318088
0.292089806277526 0.0103644994929222
0.29049222613789 0.0476767931231434
0.289301628600026 0.0610440649384094
0.282046147204038 0.205693465398389
0.295761679981497 -0.0653658570738188
0.293738284776625 -0.017765703376731
0.291013463077905 0.0284384909963411
0.288587034889591 0.080834677279415
0.287949009875062 0.091064735540602
0.292629206211885 -0.00169040926908374
0.2934405735142 -0.0139185774610794
0.291218282459098 0.0264160460173962
0.295322784945008 -0.049271058172546
0.290651963019757 0.0388792439908553
0.291702721072464 0.0212337508826785
0.287042293359334 0.109298961385286
0.290485625964656 0.0428905188603254
0.285295221253879 0.139535169197235
0.291988104319595 0.0120979568599109
0.291210612595052 0.0337846683448393
0.292846762863746 -0.00650973217356596
0.286669139218138 0.113421052992546
0.290047491453479 0.0520140271755819
0.293751203042589 -0.0226155285133304
0.291193989092516 0.0311497193085992
0.284987170577278 0.1537818037466
0.293520046575732 -0.0148143750761155
0.28750654256231 0.0999330249780057
0.286064971512097 0.124688810311706
0.287782034747117 0.0972589693496245
0.288290305091083 0.0837659752701036
0.293830029456686 -0.0167597685980756
0.283890467877707 0.166899809374884
0.287939147079097 0.0923149636556745
0.288911252058974 0.0683434201641103
0.293508801195684 -0.0203753499493654
0.288677455914653 0.0783474719915731
0.296897798407659 -0.0842818076685065
0.286816531535791 0.11387315556215
0.284478862780322 0.157695476330657
0.291056686635479 0.0316941896007072
0.285144023099555 0.144755998705334
0.292671275113503 -0.00165683032188196
0.290798257310029 0.0300965303285142
0.287687836852101 0.0961010864326237
0.291631512692052 0.0186380105173912
0.289102011205281 0.0615274988632671
0.285993286535597 0.130121614544975
0.285902963683855 0.131004162828965
0.296862899534505 -0.0846411486707281
0.298872494270449 -0.120549865086225
0.291920819200285 0.0155848604889936
0.289022124570294 0.0720749849845359
0.292238655884628 0.0101275843353048
0.286389536341483 0.1239399464935
0.291151314847963 0.0264810582271975
0.293986252917793 -0.0239218969686901
0.289278538141464 0.0693701175782151
0.29120528001627 0.024839304360322
0.284506401974694 0.159186030128733
0.286036404184911 0.128945168145551
0.290382045590083 0.0460733329371166
0.293858876491481 -0.0174752067139091
0.288705661554463 0.0767597189342147
0.286781479691947 0.117496728762271
0.292179268874243 0.00884631017220508
0.292140148819851 0.0122717137627176
0.296832150543169 -0.0781297178977148
0.290317290580933 0.0470771619059093
0.286610701910129 0.119198987610265
0.291880127685207 0.0197228324474041
0.284064793827112 0.171301359795224
0.295292295612255 -0.045190367775632
0.294651494772015 -0.0350653366103783
0.290044863578539 0.0506655201697449
0.285468662601908 0.132375330182571
0.297565744243653 -0.0902640374600953
0.286365769792554 0.122383331938474
0.289159201855766 0.0663179836966007
0.293704604989623 -0.0190228816946924
0.29017135215441 0.0459331095413091
0.288398464147407 0.0826835990779668
0.290656364306336 0.0388215154557801
0.289302364724915 0.0677849941464805
0.286631552455436 0.121197274961633
0.287922210321901 0.0928512285104427
0.290175102456564 0.047973149423373
0.286445775001763 0.122014119201186
0.291634857802186 0.0218721424509303
0.29428909960237 -0.0266602720753565
0.289807759313746 0.0582089397061295
0.286104421964733 0.127882512235087
0.296206599618733 -0.0730938304946454
0.287462685490942 0.102239793108962
0.288382744389735 0.0832516690378267
0.290445933629916 0.0399302444274466
0.287952460605156 0.0923414752481224
0.287003873364352 0.114102120162389
0.291356433215896 0.0236742860896466
0.286933676559174 0.114887468678826
0.285799015367546 0.137167002164204
0.28881237654093 0.0679748209644781
0.294295202059618 -0.0306062730140488
0.284960433855946 0.147851458986246
0.292922408421514 -0.0013460482254876
0.290296622440864 0.0442525492458486
0.29091766306366 0.0359349292632821
0.292501492616165 0.00525426655368815
0.289667985829554 0.0600782224347909
0.291050556930509 0.0345750225706745
0.282863549215928 0.187528613989753
0.288554924178222 0.0785504301731797
0.294509761454523 -0.0364072039454232
0.283235074782564 0.177934846840171
0.288212636020976 0.082563296015452
0.293554797870493 -0.0148061699751154
0.287745824286958 0.0956674320977278
0.280422223851032 0.232097862292601
0.293753738499422 -0.0217106466989174
0.28847365017884 0.0831464709154814
0.28958512692575 0.0574008298515115
0.29326572985357 -0.0101861238192567
0.290239199850067 0.054483805781446
0.291818732949013 0.0122549801680702
0.286581018227321 0.116218038708405
0.280209135058659 0.238370218915714
0.289983561574348 0.0522825281564751
0.294212882695847 -0.0358824134304028
0.285942635177378 0.13224222504976
0.294723916990008 -0.0386199403301611
0.284485929747804 0.164654964200769
0.29337677904548 -0.0138126530690735
0.285354190900635 0.140969268194665
0.292111881984571 0.0134982310099951
0.287724384287964 0.0983638982946419
0.290643845865307 0.0379828064222913
0.289004201949285 0.0705454743759047
0.285173141994431 0.146425578636438
0.287236733569548 0.108972530457672
0.290136365101348 0.0565999659495303
0.290502684815143 0.0438647998656784
0.295997198825797 -0.0588005884629767
0.293467625007141 -0.0187171094687946
0.290437411668008 0.0444671648251408
0.289745321826921 0.0584850893419227
0.291632289336152 0.0195443157010026
0.289712995943784 0.0543174400676365
0.283323576782726 0.184082334757842
0.290316837742456 0.0518433807839604
0.29458035426724 -0.0385932684524641
0.288656507439912 0.0769701299286093
0.297585078152343 -0.0927102539504802
0.289384121515596 0.063409611549763
0.290723033009448 0.0401902164032349
0.284291411128179 0.160662324213316
0.295721436781796 -0.0551875622627942
0.283258754249907 0.180289181579439
0.288051079630494 0.089323063631151
0.289910107974812 0.0551699600090688
0.291061830316199 0.0354804071615899
0.290236218041289 0.0479803062011104
0.285955323566208 0.1302433397956
0.291676000659457 0.0197707811333066
0.291166554095633 0.0300621665959689
0.29241456744375 0.00594355676268769
0.287126315088663 0.106362130913211
0.288538882468418 0.0808517280343374
0.288030437453515 0.0880046253749719
0.286623942838868 0.122321048247732
0.285973350424847 0.122353234133503
0.292800985069281 -0.00188844631211216
0.288039655385841 0.0883468634823028
0.291785980888105 0.0293309644379728
0.293606080447431 -0.0188868955317142
0.290917228843898 0.0329710792330885
0.286928071646692 0.104456496424606
0.282366056209625 0.204954362979551
0.283937606038518 0.165308731477564
0.294247321972394 -0.0253578066789579
0.290439641028403 0.0418854123157662
0.290624470169512 0.0382743049840348
0.285058159803183 0.146454720571713
0.29423366504133 -0.0302010715957947
0.291940162877109 0.0194218271831655
0.286334115509609 0.119521845206157
0.290470992783131 0.0409426704257851
0.287655945863967 0.104027827133715
0.288303242842954 0.0887178537981244
0.285579292817096 0.133822298907988
0.290505923662035 0.0408651074776039
0.290522888412782 0.0430497410168734
0.293711126455971 -0.020988595598111
0.284147504810491 0.161797853154029
0.287017285917113 0.113061503644798
0.287303202177408 0.100841869863057
0.281006149711063 0.231525628471246
0.294184951771274 -0.0274587882305813
0.292325135237786 0.00825382779685805
0.28410764591913 0.168717299341618
0.291276292472306 0.0263820403500114
0.284562634915699 0.159089008832789
0.289248285814991 0.0633188913282375
0.291093734894951 0.0306399997105911
0.289702447763638 0.0495229074640347
0.285818601989411 0.126980899471866
0.286027940895041 0.12914877755736
0.289571645205821 0.0605007403856534
0.286829523667766 0.113580403179162
0.29398508149345 -0.0197596778197237
0.289430753267449 0.0636417262273951
0.279432280951771 0.258231570178081
0.288270920748988 0.0879017604424194
0.286727894890681 0.114210116157758
0.290034535173853 0.0479095377968272
0.291196305023538 0.0283232736963104
0.287081572820898 0.114748214135762
0.289728551541824 0.0545794769418453
0.289893510777847 0.0595175139808332
0.287802158068481 0.0972746913148625
0.290271983804496 0.0521216421485668
0.287675059701168 0.0976147839488257
0.293035022736059 0.000349757792100641
0.291362104608897 0.0283701971880038
0.289124139240433 0.0744491947418583
0.288649145403752 0.0817286166521823
0.287460114881252 0.0964752527112022
0.297902919694511 -0.09883983276543
0.28829195856881 0.0807515855158055
0.28879936452952 0.0674282381636172
0.286952167603104 0.109913483216954
0.291934287955555 0.0138672092066111
0.28534868098717 0.141108313106429
0.292091129459956 0.0191446790984955
0.288200253146268 0.0889478247511892
0.292512122351378 0.000884990901643082
0.292342604609026 0.00350521788717821
0.293289449827415 -0.0115954414505599
0.290195487943482 0.0479303384749252
0.283402593046709 0.177812039212726
0.295892062989071 -0.0618673887263744
0.285968422832778 0.134298699589158
0.290639556576795 0.0477860458500223
0.288862648778229 0.0741149393893277
0.288129682132223 0.0924801420215795
0.287177607184213 0.104793694078585
0.284183905313061 0.1669058939212
0.295342515717746 -0.0494164865973384
0.287310253850508 0.102786132416638
0.291500540177221 0.0204579416413295
0.285807204762167 0.127011789765041
0.285241405511403 0.142608900186212
0.288170881614056 0.0857986589719146
0.286905895312322 0.10801104572633
0.289261546030938 0.0646293838544081
0.290988674766119 0.0302208661436093
0.290748213818374 0.0369589184472693
0.287280490111017 0.104099698293855
0.290624339501167 0.0408331942502821
0.28928070809246 0.0677904739074508
0.290231107656348 0.0476438124516091
0.286853282927908 0.114192168513641
0.297152055822209 -0.0890471395162097
0.281298890082654 0.219763789102826
0.289697244884895 0.0523581304301897
0.287192684924263 0.107798131776111
0.283739947000442 0.166884858813199
0.287442443015507 0.0991643322264814
0.282147649733644 0.196936599806107
0.287999444124746 0.0867323585896718
0.285474235839908 0.141771406518973
0.28925470974984 0.0652289528636734
0.289571729045662 0.0542983622449264
0.286224502187454 0.125319217955866
0.286764347480412 0.119335035572011
0.290254406984616 0.0490855382257739
0.294750133742167 -0.0389273409198702
0.291811579834891 0.0183086953572447
0.294844800584444 -0.0440417965025726
0.29803881518936 -0.106091591422504
0.292619579606875 -0.00113984257440713
0.287320426660921 0.0999828051298578
0.292063341811883 0.0136813947840489
0.282184129338014 0.204670228133012
0.285227571393311 0.146897093745576
0.28200186865738 0.208189222731584
0.291795052587229 0.0115749466719841
0.285557500417842 0.137156393320546
0.295380742181228 -0.054407849628061
0.290553676759174 0.0441756708242547
0.286690732848467 0.114923519595977
0.293469495949207 -0.0166855507702886
0.299613111191869 -0.134472796904535
0.295920759380336 -0.0638801152033449
0.284197500928159 0.162134369502112
0.282233006050249 0.204709729537167
0.292394473255558 -0.000719972704482402
0.286097541205854 0.133094336880186
0.292726625221569 -0.00664854954781476
0.290367971132549 0.0468656300575311
0.286341109850959 0.12297427111719
0.28869833463969 0.0804619033610164
0.285279775883335 0.136386262104536
0.290564317817442 0.035430122139688
0.285316948938668 0.147814534202227
0.293913862311112 -0.0320307357090314
0.29266039586214 0.000193150498365602
0.288922933506018 0.0753599497979523
0.291535714268582 0.0242822427819686
0.291116062995845 0.030047028284584
0.293203773132489 -0.0125942075275919
0.28584396858845 0.128996648243834
0.290425542596145 0.0414556754880824
0.289106912317515 0.0626992211985485
0.295454670760346 -0.05684181836898
0.292702350034317 -0.000819311790173742
0.287194276908306 0.107105929852229
0.29013865684295 0.0507832462184612
0.287175921565836 0.106476286978333
0.290785214448594 0.0397593551259656
0.294255538743524 -0.0329252103012715
0.289794778412988 0.0578124989241342
0.286386651659566 0.122222008002939
0.282893168246726 0.192844478420667
0.288933936497583 0.0729443676187782
0.291548493603979 0.0205809810710812
0.289764023283294 0.056941125467603
0.29087983221319 0.038452996696498
0.28484079286193 0.147088952615449
0.289907961938694 0.0583839381133091
0.291133319513066 0.0304798850859085
0.284886634263134 0.155613446192417
0.289845129662675 0.0536861961576692
0.285109151985804 0.151299036265434
0.292655595722251 0.00193232506267361
0.295611100122378 -0.0526480358357862
0.288135162940158 0.0876293283928826
0.291834324817865 0.0159099274711738
0.279488468088006 0.248808846145664
0.284308451662775 0.165906384482138
0.286169028694233 0.123021400900996
0.291860228610524 0.0147174120549164
0.292916357308976 -0.00551351401926454
0.287835223023248 0.0999494428031352
0.293488758823866 -0.0147107069546893
0.286879296860433 0.115000534488473
0.288190311029675 0.0889252311705162
0.287414273092265 0.0968252785615339
0.288360658797788 0.0915728619968116
0.292026788816715 0.0115317046355209
0.294249249698606 -0.0238454872555548
0.28274884025199 0.190957078749436
0.29103545289736 0.0337268272595747
0.295483090086278 -0.0525269147276055
0.292204437694518 0.00553632714408316
0.289044058082856 0.0680243572175522
0.285532475296596 0.135391510906759
0.287502054719805 0.100731233114417
0.283748755302371 0.174488524922461
0.287976394142437 0.0958444947367621
0.292568064214267 0.000818253247582203
0.284242457338459 0.162364503484129
0.291475572360105 0.0265709824976877
0.288856380434137 0.0771020588262804
0.291122499469782 0.0315355230371803
0.287117999699351 0.112399502669653
0.291743125284553 0.0193322648501684
0.291464263581505 0.0204278372211793
0.288911318518544 0.0690508994483793
0.288278053506465 0.084738139109764
0.288914676658095 0.070737688108415
0.284189921487951 0.163766851500609
0.290563634343096 0.0487596508493313
0.28669350376906 0.115281869305509
0.28303692171287 0.188016617560096
0.288758530951971 0.0722988277616052
0.291920051649097 0.0127738642158521
0.285302545162888 0.141431916741016
0.293100880272824 -0.00798862637552385
0.283013059927487 0.183263494130642
0.286595977491384 0.111054762552082
0.289255942211952 0.0616425873343775
0.287762370508076 0.0930429391177102
0.284055109314507 0.169716860059475
0.284283387395613 0.15743887618227
0.287211561734803 0.102589946584843
0.288792205861477 0.0755440254155422
0.292618449262766 -0.00347978345140926
0.29240830833392 0.00214862857034112
0.28718167105673 0.103221171343002
0.287208267400717 0.107175356584157
0.291448729692602 0.0305775964615809
0.29021534153837 0.0518124089096843
0.290864563551322 0.0408011239689962
0.288630095395309 0.0797706992668726
0.285923207453014 0.136307935672931
0.285877182738981 0.129717564036782
0.288010575658298 0.0924907439124701
0.286732618494095 0.119746476277144
0.288862744833169 0.0718134826245412
0.284816081335698 0.151390323964105
0.293763278068761 -0.0209825052161506
0.291914449211891 0.0115377774002047
0.288120537280101 0.089505857425034
0.286402339410491 0.121530032729634
0.287930370629072 0.0935321922640864
0.286047287883027 0.127750134584155
0.288854764040275 0.0737380958743625
0.285211660570679 0.14117960692632
0.288075585506542 0.0899500053823589
0.291372208390893 0.0275409876897105
0.285026561628325 0.145985147469636
0.287884730842911 0.0954223740659314
0.294966746345833 -0.037352797513734
0.286734912958339 0.116937919151479
0.291215926443087 0.0258144988108369
0.284293507446898 0.164797166703638
0.286806590525993 0.114326577426873
0.284088347212893 0.169670860651941
0.299830208047961 -0.137214606531077
0.290292524804224 0.050435204368878
0.29350331822368 -0.0182238798052936
0.287393006588328 0.098073896238258
0.293777543032131 -0.0174248596554789
0.289359546629774 0.0627541404673859
0.296978035824054 -0.0826690564802325
0.290439179581242 0.043327678860824
0.286940152339228 0.115981850272989
0.292431408564502 0.00299800089033
0.292153371734739 0.00884848523564391
0.289957915821912 0.0528297078853787
0.294016689959763 -0.0232262299637091
0.286611434930264 0.115796941703257
0.283394079059036 0.186102137674787
0.291978635159606 0.00635263169595218
0.293272559629318 -0.0110360785621188
0.293331527224179 -0.0138064701218939
0.290992314287953 0.0372459294975105
0.295457638808423 -0.0550963993910794
0.292821819196762 -0.00165962119399158
0.291880435953187 0.0118271037609924
0.289574973779325 0.0577772247991294
0.295881831996146 -0.0598648080500257
0.289071293653452 0.0680273387113504
0.283355368342782 0.180102048995669
0.288644864084135 0.0780616672988862
0.28849069977201 0.0854004216223783
0.28688493129627 0.113064819504566
0.290345400981987 0.0506643700440289
0.287006044565941 0.110136326580448
0.289350611733004 0.0675677576955133
0.289739567700386 0.0529701548991722
0.284779018690414 0.149173903315254
0.294449829061874 -0.0263458984593103
0.28896237333738 0.0700257223536783
0.276699547242331 0.301101548998051
0.291224944793209 0.0279632889737722
0.280524596964786 0.228402946512919
0.288068011234767 0.0854772309936596
0.290540616981702 0.0408195758286791
0.289372169006372 0.0609732290147012
0.289745673987724 0.0572462790125949
0.28943076218373 0.0672771795804508
0.290440181139395 0.0426385433354862
0.290254556437025 0.0490194405805536
0.290752098275591 0.0376701257671373
0.294095914468347 -0.0293396656113275
0.290359944480639 0.0493582344974105
0.28555428597381 0.132864963769
0.284197005631923 0.160616681004378
0.292248610549493 0.00698530604850676
0.286282246779818 0.127355943993991
0.288549500797538 0.0808811548923992
0.295012850157343 -0.0460218890356875
0.299447312538514 -0.132382969259425
0.285105919235055 0.150844247090615
0.286714061392827 0.11423198881397
0.291939545687991 0.0143429987456914
0.29739043500581 -0.0927747800120846
0.29415006688403 -0.0301720768530855
0.284561621731682 0.1528435729678
0.283479120959775 0.180098266920549
0.290846055741047 0.0356778504815424
0.292670677751046 0.00033357434598294
0.287929080558017 0.09248844592373
0.295506676676612 -0.0586396630618634
0.283495695741424 0.1761136923184
0.29038778484112 0.0410288772207239
0.287453712023281 0.0997691890288818
0.294013535547162 -0.0330411131471219
0.292383353895819 0.00725469707772051
0.28636786721847 0.121561619389118
0.294813531723608 -0.0386771025413659
0.300022600931205 -0.140879871579412
0.289723639369015 0.053225127756962
0.291135816744339 0.0277672920505265
0.296318394636265 -0.0734029259873192
0.288317848576183 0.0852052940215273
0.294735666805994 -0.0446857182424719
0.29120494344158 0.0271157341145134
0.288764352362312 0.0748178099610955
0.287441280117081 0.0992355021394925
0.290936225844164 0.0301887921690723
0.299364412719756 -0.131727970000006
0.283534132598862 0.17188548217075
0.294808085959891 -0.0403429962597322
0.292607024083256 0.00540742510182592
0.290939391410481 0.0369581651950989
0.298166676566211 -0.100848085722018
0.289393584899397 0.0598686637407762
0.285100635880975 0.137941101958955
0.289692583588214 0.0621107226590177
0.287443786384641 0.106053703131814
0.289565373727766 0.0593119706942087
0.288470368720576 0.0801435663260755
0.291856969196238 0.0128741904117934
0.290503614859965 0.0417292251618983
0.292912329749241 -0.010368025562841
0.29436121016755 -0.0313277210542311
0.296080958819523 -0.0653183205747344
0.293431835521049 -0.0132820360668902
0.287644673282446 0.0953706635422273
