0.392549777329705 1.62944162398771
0.390875400573518 1.66062625996503
0.385744749033642 1.76367489679456
0.394472202777561 1.58893417816288
0.39025838903035 1.68122940562529
0.388520731113249 1.71672993219476
0.39194373999982 1.64397877762405
0.388472690716543 1.71058131535073
0.379426855712268 1.90175664217445
0.395711758252137 1.56365520215236
0.379164219190957 1.90739144722818
0.403461527962093 1.40305190343793
0.393242454087682 1.61183093681995
0.386782520658124 1.74572599219736
0.383337694276966 1.81920736365723
0.387993206095319 1.71881749053269
0.386415219522531 1.76081868801546
0.395961334025738 1.56276247862305
0.373918968464658 2.01045069140914
0.393482730085112 1.6091379542246
0.397958649078923 1.51718553954342
0.400745842623983 1.46253877021853
0.390786999638722 1.66390791359932
0.380500018544357 1.87696707369768
0.400183530827526 1.47240609081177
0.384801672942873 1.78687181586431
0.366491235653209 2.16524186643657
0.399826846346648 1.47760264564471
0.402741464250001 1.42167696527695
0.395453548564098 1.57007821705369
0.394204044940626 1.5949584216779
0.38872933228211 1.71118295694318
0.374644267273171 1.99495931299855
0.397905244641494 1.5159686211037
0.382965896678116 1.82280961645611
0.399892189590139 1.47271574925262
0.401684634443877 1.44117863568784
0.393524206573358 1.60780315728658
0.396657081840121 1.54540904860948
0.372645839653162 2.04382827037173
0.396694247137746 1.54309443862188
0.402004200223239 1.44093932227992
0.395467148964376 1.57233905817662
0.39715251583287 1.53295693201162
0.39617226011139 1.55866522815654
0.385796405953848 1.76962319772983
0.400572606733006 1.46606957038554
0.388711783331968 1.70549145986566
0.387800816969442 1.72276629367351
0.38833305062051 1.71485782545101
0.382634779077681 1.83645063690535
0.387869471461229 1.72002360894364
0.3911999064759 1.66317172394726
0.372633142488285 2.04002692414472
0.38916458354107 1.7028557028544
0.374981396111622 1.98828253124756
0.419676542824013 1.07143473326104
0.397746640510861 1.5187289741546
0.396969073539316 1.54205110074449
0.399771541001748 1.47791411359259
0.395435325370073 1.56847655462813
0.385800707718115 1.76954194975057
0.375878373599935 1.97072565680217
0.401903496939984 1.43524287201231
0.405903053272181 1.35492025856395
0.39205951018167 1.64259517174511
0.404289919457025 1.38783428421352
0.388814722969351 1.70704928937683
0.394413457418204 1.59255520057257
0.388412148326504 1.71312705495483
0.394794390787157 1.58328447187943
0.410718581726824 1.25967100560226
0.378628022654884 1.91400951525151
0.380707514258163 1.87713617328662
0.399402261264078 1.48726296886857
0.38839078844615 1.71537997238765
0.399126776855925 1.49426740360929
0.401588990535615 1.44654272160419
0.391989698313415 1.63860133397373
0.368699619647427 2.12249733675607
0.382549795762579 1.83970802572438
0.397754427595796 1.52173935889076
0.383423375512449 1.81379704634541
0.395828864481401 1.5644927042568
0.393538382609249 1.61014207452058
0.401855130544321 1.43269492882126
0.393527847459109 1.60888451432804
0.37401001479141 2.01183457799597
0.375283317372739 1.98560222681661
0.394831607844124 1.58281270945032
0.383598914230457 1.81154817574865
0.408485190392434 1.30040154925164
0.383558187287593 1.81527680954974
0.39700286339847 1.53592202347384
0.386962755830101 1.74273352097284
0.39794471686949 1.51440586454505
0.382912579778408 1.82370637917545
0.389540576638022 1.68923607130147
0.391103158516815 1.65949777368177
0.389319932831229 1.6933076622284
0.37503674363728 1.99590591086728
0.385632916221975 1.77113084412157
0.375349481617732 1.98419481299491
0.375029093187988 1.98950591977437
0.387844531590691 1.72619740352228
0.381951491553348 1.84460544002376
0.387487225262875 1.73316727719231
0.391529704708748 1.64989993891449
0.389132511517495 1.70225546297481
0.394310876600293 1.59141495191186
0.387351108371567 1.73370384510933
0.388216947965643 1.71665822823146
0.382439330278792 1.83484508304143
0.395742348896673 1.5663374402313
0.405709781346897 1.36152664033512
0.397871860126185 1.51993250233233
0.387684088289669 1.72284094516332
0.39374123862057 1.60903633928459
0.396136537081212 1.5561204107819
0.372928175259092 2.03519195105143
0.394134958326196 1.60111621002271
0.408201960270086 1.31024173495883
0.39014655462804 1.67795469421754
0.37681553423068 1.95844964713597
0.382228732719085 1.83819025941997
0.369241687808265 2.11106856113688
0.409299239670161 1.27972936574117
0.37715856855292 1.94534723405653
0.39830092432602 1.50639692788432
0.388504424492898 1.70921792975168
0.391628102022537 1.65124898360332
0.375951995013089 1.97185739314706
0.371220605390625 2.07007103970052
0.389688055298633 1.69014375143213
0.399077848515236 1.49471789512467
0.380129335069581 1.886150893798
0.36952639906409 2.1001084063684
0.405351120527163 1.36561499173724
0.399248292209862 1.4933036449109
0.3925121004807 1.63257991654047
0.389764027685678 1.68324631054158
0.384406479254448 1.79663421100161
0.394740847749964 1.58074551261281
0.380208023887401 1.87994934972192
0.38911443473398 1.70031602193837
0.370119458523951 2.09157170890043
0.381771174705124 1.84918575959283
0.38622656748862 1.76297292723603
0.398353016864927 1.50681548653795
0.385078997930409 1.78105578146841
0.393965189200827 1.5986889190129
0.399471185608778 1.49027981521261
0.384742425601814 1.79256558203622
0.395202385460567 1.573735553294
0.393361641712333 1.60887268266817
0.402652026033231 1.42106862127527
0.388431679648657 1.71674181896159
0.396144312137032 1.55639457823312
0.394348272610899 1.59616779299736
0.395753975050727 1.5651307324513
0.388043702755471 1.72065107200727
0.392382646691636 1.63371697808876
0.395407500916957 1.56882234117218
0.393745465335154 1.6039013261657
0.392105142351911 1.6348172815843
0.371470147368751 2.06390715065134
0.392968836649995 1.61833423369125
0.39943900912345 1.49234378735166
0.388248684774831 1.72161334675184
0.385206767555799 1.78047217979018
0.402855329342037 1.41317565660315
0.382809777536122 1.83230722495362
0.391893192140774 1.63923204766137
0.379772546439327 1.89269413350001
0.376919941512122 1.94787927592629
0.390428017344352 1.66956547797433
0.395598528856122 1.56559963897891
0.401275323811644 1.44765290139262
0.381352575261662 1.85792968275517
0.378338829270511 1.92041886547926
0.396064150688795 1.55723210292049
0.398328028877675 1.51177687525374
0.394846628131086 1.582898090524
0.394233466705922 1.59409627886005
0.380494351737467 1.87638133239972
0.367967401448763 2.13520792807177
0.395680706347106 1.56312696995442
0.392703857888342 1.62500977353218
0.382413014863953 1.83658368087228
0.39194458209956 1.64612695093648
0.375585400972606 1.97819786462639
0.385237349007389 1.77751662444725
0.391253932513604 1.65864176395169
0.373710252935865 2.01786175491503
0.383187838118873 1.82430229928403
0.393976878870077 1.59506284226575
0.376692408138116 1.95454120100795
0.40872245868972 1.29262487916175
0.399866000769356 1.47646653380419
0.38050087739354 1.88117290523188
0.395479113684442 1.56760140587581
0.399533482891077 1.48967226576958
0.405943012879284 1.35494614496702
0.385719930073082 1.76952189525755
0.39715293665674 1.53127909816101
0.397558819165806 1.52688088271474
0.39556956756304 1.56621548152273
0.386589003808219 1.74959903435168
0.384411458373773 1.79442847990717
0.394959504674313 1.58321932160124
0.384860242951396 1.78613391270956
0.376338085479143 1.96309456615268
0.398336099851073 1.51299895815401
0.403072059990932 1.41349115344994
0.397820894785045 1.5180822012779
0.38354619992779 1.81342358308703
0.388798369123172 1.70590667575695
0.386942883236983 1.7428861611754
0.393139216414794 1.61328509874539
0.394316219069063 1.58883604625678
0.382294367748268 1.83937568861138
0.388872409781894 1.70238977422663
0.385643674953683 1.76981962872366
0.377905191705463 1.93213367558765
0.394907404948767 1.58138231085185
0.388672683568779 1.71319581006622
0.396179564398931 1.55520691662435
0.37992533020167 1.89039139010355
0.375223548938486 1.98423042098405
0.384275697762154 1.79687537820632
0.37768111671211 1.93458156131514
0.367095706873397 2.15398865501706
0.393521792566448 1.60739662617943
0.388987536372641 1.69990827390804
0.387639911528233 1.72760863010992
0.398169012783741 1.51509175039576
0.384290146524041 1.79836761438791
0.385923438258818 1.76693793355542
0.397522695346251 1.52501282959178
0.391743388617428 1.64967003834853
0.379628716743919 1.89317465029756
0.378441515741904 1.91987863582736
0.381517917165939 1.85129019791452
0.389452301472818 1.68730427093988
0.383220692760979 1.81782973301504
0.404586970061951 1.38346622330224
0.386230078389687 1.76174709124894
0.396642734718399 1.54605912663693
0.394675449002533 1.58182270033257
0.372431520823674 2.03956591966375
0.395886235222971 1.55985387046081
0.398334000330281 1.51341474795681
0.389239196261065 1.70052147023082
0.3945749916423 1.58664065069563
0.371256888593268 2.06723084689854
0.391360517470457 1.65127524830743
0.38732567897551 1.73157550019892
0.386692695123711 1.75090960652478
0.374797934892615 1.99987642628443
0.387149346560666 1.73810987571543
0.386406849989074 1.75735316714286
0.395128425026644 1.57768484160993
0.37879783968182 1.9134955095881
0.407992810686621 1.30522873473203
0.387972655433925 1.71825714806707
0.374916822403332 1.99530126110836
0.388114909129985 1.71935874404734
0.38286788875368 1.82593946867268
0.40380901186533 1.39842763338192
0.375378238305783 1.9819665383549
0.392770795652117 1.62710247722454
0.372214653549387 2.04837323499377
0.390446825133196 1.67268142444066
0.383445120890573 1.81829577388147
0.382094996949186 1.84839974249543
0.394293433192424 1.59261689588635
0.396309384047144 1.5534200384531
0.397670795847111 1.52466351875014
0.38926671338055 1.69800148257776
0.38792288051822 1.72929851688819
0.376847587347808 1.95231487330396
0.384966097621052 1.78126093969744
0.374879107008619 1.99223092937433
0.397853097823039 1.51668152282338
0.379671675422304 1.89523303278973
0.372745172480877 2.03749304796439
0.386375425433179 1.75572296047115
0.403196203598075 1.41191046167383
0.396269716840711 1.55381724894148
0.379104390237488 1.90476142248238
0.391237296336843 1.6546725604537
0.396439249172744 1.55101671427714
0.398994099987415 1.49766163945803
0.382439219225034 1.83587250903815
0.383320711527329 1.81580421188781
0.39095106265306 1.66095381907704
0.400600147838021 1.46631949313792
0.405827611377629 1.35785169752315
0.372167164472576 2.04853896276577
0.387894817908357 1.72071200990183
0.386415060831452 1.75639218163971
0.380857934048608 1.87196439581899
0.394913705727828 1.57599980337402
0.386516635852811 1.75462305245559
0.395609273106433 1.56307574013992
0.380142602193744 1.88545274211492
0.383632230023946 1.80814720154888
0.395676143146588 1.56449738831297
0.3782040881796 1.92357076612422
0.413386443660757 1.20173143522873
0.384540885604464 1.79523491970939
0.386915826169633 1.74724538366105
0.397795581513966 1.51808248493091
0.397950911565376 1.51904805228873
0.398713875215035 1.50005241567723
0.416173754193746 1.14374840206652
0.385770120439585 1.77029933398783
0.400627462243763 1.45978319414623
0.397949616344523 1.51779933392
0.39648022380731 1.55165435000666
0.390034400071877 1.68075655091255
0.380539816004418 1.87907187652955
0.377221411853179 1.94376999562509
0.400484969923921 1.46264560852581
0.388834379409512 1.70455282906959
0.38725355815517 1.73604450741888
0.382472291294219 1.8367143614509
0.3776830362674 1.93493222800222
0.376123836230065 1.9664523462624
0.389002019877624 1.70131908956758
0.378961202714792 1.90500108320536
0.388339872269305 1.71725930264858
0.392130015846569 1.63806591703394
0.373687066906942 2.01916102015277
0.395754007156402 1.56484130276409
0.404844329289249 1.37493240194429
0.396392228558259 1.54407637133151
0.37323409319496 2.02595403540454
0.401674737748882 1.43884541999546
0.386655574372723 1.74571422576026
0.393731198771339 1.60400140868447
0.373259911769885 2.02777201310558
0.381103623692079 1.8655380659373
0.381176113860076 1.86504591917649
0.396185221189133 1.552939776778
0.380076698884085 1.88850739280176
0.380694994892108 1.87226468776573
0.394137525313205 1.60051066037906
0.372195472813121 2.05171316602879
0.381711143880063 1.84952310499165
0.389717276486307 1.68779382206778
0.384351651535687 1.80081149026224
0.402160113941085 1.43111775433111
0.389804562625593 1.68668692044848
0.403338145594443 1.40819658512463
0.388326641348858 1.71329131979539
0.384170041943515 1.79812447782059
0.404757373747551 1.37949918491287
0.384982699252304 1.7809222351865
0.389190052354599 1.69795291056125
0.411557869249539 1.23774726425479
0.395959266801133 1.55559077766272
0.36525855795251 2.19113143816277
0.393063771027201 1.61574359248364
0.38492196951384 1.78798782197971
0.386042133122718 1.76447982215074
0.38382506023219 1.80551487803959
0.394773210178235 1.58536385886957
0.380559926783084 1.87489354082922
0.394731984815048 1.58660120419611
0.387973024408485 1.71964051763887
0.375798916589323 1.97560274867147
0.383972206972931 1.80303976849795
0.399043992157725 1.49465381730134
0.367677156223794 2.13970020350773
0.383065828317856 1.8215098877545
0.392175834185196 1.63506356639834
0.389135171994986 1.69948319970252
0.377994963295418 1.92956008794152
0.409991162923136 1.27107977029306
0.400388692162072 1.46992015453191
0.364503158688542 2.20915093814627
0.371024568062124 2.07519821640054
0.380421954105045 1.87715512919531
0.388886240448754 1.70787340152899
0.394729343507667 1.58315325414453
0.407878505070002 1.31551090469875
0.377696106196657 1.93396199846845
0.38134359574142 1.86203511715534
0.393080121342813 1.61750053180733
0.377742348829242 1.92996289386993
0.379576342089714 1.89771697774376
0.383576745972462 1.81390179365456
0.396482652113273 1.54989420652211
0.369967169960933 2.09602802401554
0.38989301500623 1.68204321693385
0.396329843268309 1.55393970249799
0.364978816240604 2.19388911705964
0.405167249433732 1.36959569431869
0.390019371442161 1.6829813598876
0.401620788594636 1.44245831150366
0.396521435178736 1.54865439308523
0.372441939204639 2.03946398389278
0.381413314312608 1.8569195041364
0.393193003899339 1.61448797203815
0.39449095084513 1.58840979418458
0.386882492962154 1.74365123086767
0.393710397386878 1.60366829168612
0.394974300033059 1.58027631212564
0.391097778701816 1.65948354812936
0.387843751889844 1.72492786791796
0.400128430256491 1.47032079460137
0.384020552896023 1.80608263312081
0.379755138871065 1.89488589191757
0.373806409252566 2.0199065633011
0.395886519613872 1.55897920864843
0.392755287175174 1.62900294648087
0.364962250223921 2.18851895912318
0.411057316790386 1.24253520663499
0.393189460900411 1.61817087163478
0.398222576554359 1.51353269574826
0.379823451812958 1.89262039493385
0.3776169802991 1.93713045425087
0.383376850099011 1.81473749429319
0.390563184105883 1.67018148257225
0.359202689717152 2.31589745630496
0.390910054716132 1.66119229523942
0.376433396178758 1.95926678906028
0.376471548995062 1.96078022087093
0.409064262692636 1.28640459146995
0.396105401876446 1.55522628325019
0.392029788482761 1.6371896532064
0.392616639236491 1.62514537418925
0.386049772548228 1.7660165572887
0.404216478445013 1.38655292465689
0.3792498738799 1.89824334142965
0.376877818416915 1.95106961265755
0.388837105023186 1.70267788254289
0.380946991266449 1.86940778021396
0.364327220881451 2.20771472408712
0.368227333083683 2.13414338738312
0.382848584519967 1.83292537959377
0.373992119889088 2.00779568953097
0.386597201766286 1.75531930750218
0.385013940146719 1.78883485693771
0.384144724055372 1.79986778851641
0.388186830570019 1.72138358879308
0.369248682708357 2.10427978479483
0.38855444470656 1.71034173988875
0.383804461740624 1.80735181949048
0.383806678089753 1.80985185992355
0.380407606296758 1.87619391953723
0.373229254164748 2.02758613589805
0.402698656092343 1.42167226140814
0.409641519525051 1.2785661292136
0.390570857163389 1.67285581514612
0.391119025633193 1.65693937010456
0.381594228132763 1.85188889827501
0.400515003787103 1.46795627499019
0.37681459765975 1.953281032773
0.380376406121903 1.8780282443733
0.399166804463749 1.49118057276882
0.373568093154887 2.01922356877087
0.376535920659277 1.96326728180076
0.386930863928158 1.7508407511348
0.392860515193778 1.61934067041614
0.385256299108453 1.77997103660786
0.394062131862983 1.60221671795431
0.387744925018343 1.72515126847137
0.392025290083293 1.64308798561337
0.398178520723936 1.51477967193175
0.401035863637378 1.4524613273312
0.389727087755235 1.68934605612612
0.387942958526296 1.72281752462114
0.408116297705138 1.30874191008547
0.400829329694728 1.45775850680038
0.40704647159488 1.33307717514353
0.399050118084698 1.49782252387511
0.386081671192784 1.76077579600694
0.385578780422287 1.77236646974531
0.386803766105479 1.7473684849689
0.389132684186835 1.69904417796107
0.384306953464177 1.80025174770864
0.390196498459723 1.67934976013327
0.396929508322479 1.53902582771983
0.388252178689718 1.71646143814458
0.388848227526527 1.70666604571232
0.405928896288949 1.35594409704703
0.379526279376914 1.89497529918992
0.378684312732742 1.91228009245988
0.403442426062706 1.40673169830966
0.381608340711441 1.85597957140048
0.385463113613451 1.77181486798965
0.39250356107229 1.63026317702918
0.381947759722743 1.84736384958855
0.373000980192445 2.03126111133951
0.381090276552058 1.86187654387519
0.383435409902448 1.81691698436686
0.39294806628334 1.6203763502953
0.411270713607151 1.24770954974454
0.38014992552966 1.88355027718523
0.398976601789514 1.49531968162017
0.401155949991557 1.45184237135587
0.389057281275519 1.70471470379141
0.396994738327567 1.53862430244045
0.379870670680665 1.88876114208658
0.389450301088167 1.69030921925561
0.397192489291291 1.53266660500585
0.384128752853877 1.80314925334711
0.379246324529214 1.89703286676471
0.397884610926776 1.52533711981383
0.390987867135445 1.66295596327398
0.389981446529204 1.67796674093293
0.379793378723863 1.89132712889225
0.393378694701475 1.61022991045566
0.399912038889198 1.47650745811327
0.389469336735952 1.69450010296951
0.387590276645832 1.73074192059308
0.374075497092305 2.01498858112642
0.388140439719131 1.72319637697246
0.382885496167295 1.82804874864376
0.389483041913758 1.69200150329561
0.371538663465771 2.05813752391373
0.392795626278666 1.62104128405213
0.385660245567599 1.77587447194138
0.376754201479246 1.952884364193
0.393673253106366 1.60655193081997
0.392028531467076 1.63576700895916
0.388548835227901 1.71581488957141
0.401097408581831 1.45083789836392
0.386424395561605 1.75681141273945
0.390947847817916 1.66205273430663
0.36933402229582 2.11154210856682
0.393696473447817 1.6028266004972
0.393677302160132 1.60595200435949
0.385314966803735 1.77527809900965
0.390193868345953 1.67521948093829
0.389055863446269 1.70034020334341
0.398644732391651 1.50594886029042
0.397955717897373 1.51718329495336
0.377864184176643 1.92987928894619
0.406826995650545 1.33633694492338
0.385775349323661 1.76869979304262
0.385209369418108 1.78359274093581
0.370680094561443 2.0757279532531
0.376635392797125 1.95592466236169
0.399585396621679 1.48057301672694
0.378758375927168 1.91127704182934
0.383497754084403 1.81757183633644
0.393342176377095 1.61182451778398
0.392198149840918 1.64130925207033
0.406524089141612 1.34183393210247
0.378819764324027 1.91352980801515
0.368798301359451 2.11556617033036
0.392050021091688 1.63631921298167
0.381772655673639 1.85022604946311
0.421965607277608 1.02583755089561
0.388952946608213 1.70324324620952
0.381339270407027 1.86412674251887
0.40786565656031 1.30884609383469
0.387965296458936 1.72700560786615
0.377255753135039 1.94376460216209
0.399309637675235 1.49296706728769
0.383856116337856 1.80835696331175
0.390400090817817 1.67156679253896
0.387272992122084 1.73746759104162
0.388915156193352 1.70284305504437
0.394725757487647 1.58131774647292
0.394979807882499 1.57918018076487
0.398808077714495 1.4985200765171
0.386977560391477 1.74282771333736
0.396508380696588 1.54590157691196
0.390195935834022 1.68095309272328
0.374642877111713 1.9975090677464
0.402487854245802 1.42108308925232
0.385467078557495 1.77260570119805
0.394900760106263 1.5801151484353
0.369023255738131 2.1072177174717
0.371573953574663 2.06245133463107
0.393060072689973 1.61897746791661
0.391008752271639 1.65941662116051
0.401435537723369 1.45004563141469
0.385809744688539 1.77170173314966
0.401061256703618 1.45487578791486
0.393287252946821 1.61439828876613
0.390550194620111 1.66877461206189
0.374461224757728 1.99969620017306
0.388858798348785 1.70489498452748
0.391103037684045 1.66101801109997
0.41298102570035 1.20770306587181
0.382553033313671 1.83469882537565
0.379087303571779 1.90560210097124
0.379407775897941 1.90261235006928
0.38074183355524 1.86696129780143
0.387202567767716 1.73639215425354
0.389029885138987 1.70578145777657
0.379646184372575 1.89609140787209
0.396641041683379 1.54723493081577
0.378682461451253 1.91715483612085
0.399032906718568 1.49288077857138
0.391262281474153 1.65314272231781
0.397158195708387 1.53521473556707
0.381752723472823 1.85351187605114
0.384047882492584 1.80398386285105
0.384356751416343 1.8030485746144
0.39719649884646 1.53141558559734
0.375846450149609 1.97047590053906
0.377391232398145 1.9403558834951
0.378038113129311 1.93091613404822
0.386676542351101 1.74691448254938
0.405209205250476 1.36720985706331
0.389314346088406 1.69032566305469
0.402522199257308 1.42883162651588
0.38376915089702 1.80945769322522
0.391740474388173 1.64662992400432
0.390682900248494 1.66738743012207
0.39915867133184 1.49260915594265
0.38676059849404 1.74960826231267
0.395559868458313 1.56728544514276
0.393186975540007 1.61448853515581
0.377629679545038 1.93556126589988
0.379730747115687 1.8927402257749
0.376248887651671 1.96085126130412
0.379002554425487 1.91032429687837
0.406323364964567 1.34365523484492
0.377862083286927 1.93181098211371
0.411194089416556 1.24914537739312
0.392854789667466 1.62184494458668
0.398523607591323 1.50524411036034
0.385316972701816 1.78207388179655
0.396634818411756 1.54263024646152
0.387299967936053 1.74008665012069
0.412484342794817 1.21973129392054
0.381724486664595 1.85224644742632
0.394240864878563 1.59188336704896
0.385739279129521 1.7721277323122
0.396435756447819 1.55005002347097
0.391119822891891 1.65995846466868
0.384348528818504 1.79727847740088
0.391883266160545 1.64685888319424
0.378326048782713 1.92278204922487
0.399494084739195 1.4905186453606
0.38925031506434 1.69583159424789
0.371277464446168 2.06733869884662
0.376689365297075 1.95570553494217
0.388993964833709 1.70218543460147
0.386250015393323 1.76185120469968
0.370632560656301 2.07920989440664
0.368604761461503 2.1206918426505
0.403567657482282 1.4055223155699
0.393874776833007 1.59877718465204
0.388904233878074 1.71134690026151
0.381926818521099 1.85124127630742
0.395259892548172 1.57238385118288
0.392251672780409 1.63817860654383
0.388175210453539 1.71887569677594
0.398098145565402 1.51829731121171
0.400307949922659 1.46908067368069
0.388348080679419 1.70967079630079
0.382509216194612 1.83660049724967
0.383895947591118 1.80918065323143
0.394320943401998 1.58983632524246
0.392309335104701 1.63810910214247
0.392547393670371 1.62662802198129
0.388293203043852 1.71875151616893
0.388220668604192 1.72160343047769
0.40037518347843 1.47044225577328
0.383676528246493 1.81333143514491
0.388071782521203 1.72316876338444
0.389316903889833 1.69566039897065
0.403990349141362 1.39451679206225
0.385921886610518 1.76429526634289
0.387744268874181 1.73045283657372
0.392282073622523 1.63712021961708
0.393443026318135 1.60894597690904
0.379974241592559 1.886975318163
0.403576003261286 1.40471577904809
0.376850620902331 1.94869580475318
0.387567350071384 1.73113899055885
0.376982717358199 1.95466570565724
0.390696368552441 1.6674800789594
0.392564514224479 1.63211443026874
0.382536570806741 1.83424832551831
0.388976560305335 1.70157392796687
0.383928675198656 1.81097934727049
0.383261465908968 1.82049599598236
0.397150949167876 1.53959454263146
0.37619538097193 1.96578925036851
0.404176762869409 1.39763437481739
0.395442395603087 1.5704081498942
0.381278698412284 1.86034860467596
0.373713617249639 2.01488256419018
0.386034630260292 1.76213945453964
0.378625372894051 1.92025470319558
0.384289185230551 1.8017034230532
0.389538516078776 1.68864285284934
0.382333781446791 1.84026401216254
0.400043237273904 1.47351163682417
0.367899733486437 2.13142609557273
0.386427217119903 1.75560563906992
0.388875121362353 1.70419560242155
0.393726549338433 1.60414838155679
0.399973011509088 1.47242584616002
0.385839070977177 1.76696158450054
0.389681809048543 1.68987001934707
0.386877936109709 1.74801590965972
0.395246642749147 1.57164543298858
0.38821644237882 1.71563356059034
0.398410046365815 1.50860938420611
0.383507080139833 1.81537544837372
0.367917734664894 2.13286827935739
0.3837111606636 1.81251393940822
0.376225346811365 1.97097960104826
0.381232789015559 1.86193933748263
0.388916875149491 1.703514966825
0.37782393036241 1.93315928141434
0.394423999338748 1.58485392307328
0.381968058128577 1.84436712044863
0.379005474230589 1.90976121029605
0.378299854942766 1.92554636568554
0.402818849511286 1.41629613947185
0.394441718511947 1.59179637058665
0.375185451130209 1.98563345045015
0.37342135520326 2.02545400494627
0.371854071391977 2.05610722336414
0.39118691428186 1.65857318206862
0.388845966229548 1.70405811712791
0.37823148548373 1.91899407785164
0.387306812708898 1.73217594233833
0.386461990398379 1.75521490611795
0.38891235549402 1.70851826161838
0.390815376017776 1.66916588560493
0.390224473833858 1.67245627802657
0.394356563066457 1.58955292825093
0.395251080529697 1.5708641298423
0.409884355816625 1.27045885960759
0.366806375220429 2.16009668593147
0.390418562764475 1.67494414702348
0.400378346619331 1.46720367773384
0.386092447756686 1.76550108531579
0.38386112513242 1.8082424986195
0.392514810077669 1.62932265617405
0.388981346795251 1.70601664281479
0.385642394113706 1.77053470593318
0.399361436093997 1.49143845893509
0.385024260040647 1.78447553574271
0.404162177195668 1.39206079684028
0.377467044169357 1.9425574750017
0.38653492707762 1.75357368503698
0.402481780910443 1.42838865727626
0.38494441671365 1.78201466333706
0.381466361823168 1.86028959937541
0.383063796020754 1.82469442679991
0.38688539315897 1.74884727651671
0.36581575231334 2.17686968340984
0.387493562062297 1.73427749414918
0.387616232790165 1.73055568397451
0.396315315729594 1.55293742936908
0.387126408572915 1.74027828473608
0.387923674065729 1.72809568527799
0.387672233728024 1.73104012113698
0.383804607771043 1.80845496650003
0.385991955711802 1.76229253299102
0.396283559988487 1.54879569615973
0.403501039064576 1.40159023117164
0.378700865000417 1.90968024519306
0.38323859075693 1.82171156380665
0.386031601585369 1.76334393220814
0.391486035211802 1.64767319025161
0.386628053052089 1.75035865416147
0.393153138703076 1.61423562791992
0.38753963062429 1.73026304777867
0.376310856571416 1.96489575677721
0.400717252207546 1.46074378914642
0.390315750386721 1.67627917903468
0.388683802174267 1.70999773072074
0.392427537159288 1.63001834565315
0.391084663273567 1.65734607164361
0.394312405912156 1.59139643441788
0.381446284356698 1.85655776401718
0.401979335897297 1.43761183848666
0.377093026686517 1.94950212859602
0.393728903292681 1.60726426795198
0.386467989240913 1.75296177398324
0.394492078389266 1.59084829652755
0.39104196097791 1.65981841988973
0.392555884988374 1.63022887985668
0.392109368403248 1.63363407080089
0.391223339350274 1.65489115578937
0.381770302631122 1.84780332716806
0.387224581869034 1.74130297097828
0.402326124710844 1.42784685423931
0.370346125735581 2.08439724485682
0.376151671875419 1.96528648850289
0.377951022705564 1.93423646041177
0.395044918730167 1.57692042054547
0.394643573185776 1.58921063556499
0.400335492680585 1.47405264556143
0.391340117229225 1.65366436713663
0.382483428401014 1.8324144343217
0.397286593550837 1.52884901161997
0.390905422493211 1.6605420347233
0.398090690918166 1.51222483177686
0.393678657545297 1.60542843262511
0.405089469220077 1.37406760851542
0.419127195670374 1.08277777298842
0.395322467036674 1.57289158941668
0.400479716957009 1.46481100124309
0.396988448068274 1.54302459757596
0.394099516240119 1.59511354891218
0.398214970154886 1.51097297063042
0.392502456942905 1.6326396397291
0.38502088384633 1.78630459719596
0.397207770487032 1.53477630796615
0.384778997684451 1.78478301395655
0.394001944716397 1.59810451266947
0.384481081826514 1.79794897074835
0.392902952944136 1.61893741975729
0.384844480300276 1.78395883920646
0.388683215326987 1.70971161463363
0.393147603363731 1.61715405671578
0.370107643164837 2.09136867894912
0.396968507210493 1.53544587209966
0.387438991390598 1.73406931080225
0.382568645461788 1.83012888984907
0.414570284400069 1.17317732028337
0.376954494160311 1.94521419350537
0.398830430789164 1.50262587463355
0.39556944353175 1.57060842704018
0.387593716309818 1.73270425033689
0.395543779377489 1.56721827207913
0.405870396649346 1.35458312611511
0.38612984264203 1.75776534600262
0.378504629753316 1.92002182639165
0.387618611889613 1.73063873191478
0.371903261433997 2.05054488070248
0.387808340199865 1.72404559956377
0.391504804092049 1.64861237011932
0.380910692153076 1.86849825319369
0.390810952701625 1.66830237823587
0.377195020213608 1.94218761247429
0.368380756756197 2.13088847900108
0.385213389154837 1.78006973307191
0.389101298836714 1.70486778523428
0.387013952735947 1.74077292071106
0.387941994845294 1.72106827977458
0.38334998197097 1.82452246785372
0.393228016901195 1.61378089521579
0.376777490605346 1.95395002263046
0.394895450915586 1.58254119658496
0.395724756667244 1.55833352460959
0.380367690898987 1.8831196198392
0.38198745907209 1.8465241896036
0.387594388480694 1.72971602433965
0.384257064603409 1.79936723860007
0.395691379284869 1.5647764658676
0.394707998467764 1.58565082916559
0.37207904954245 2.04858237632216
0.37779143093752 1.9341710362597
0.39989491935863 1.47981865536021
0.384514117521204 1.79059828820721
0.390663248982224 1.66528866322274
0.393356986449029 1.61391125963651
0.395838459741472 1.55794950631932
0.392430012033948 1.63291363442717
0.383519377357409 1.81576540717531
0.37052776730556 2.0856016862874
0.383491887217693 1.82097310858248
0.381224644444115 1.86367902598664
0.388738423931099 1.70780350572219
0.3918588464723 1.6420622588553
0.396189767188349 1.55438799160594
0.376436180766879 1.96090831757459
0.398648731513565 1.49856218810505
0.401669248437009 1.43764758455365
0.388628927158339 1.7084433621824
0.378001699963733 1.92745148615334
0.377104754371753 1.94772759927957
0.38845091596871 1.71535721566498
0.39970131483114 1.48306419079813
0.387008945577496 1.74692285285224
0.379424665497311 1.90460391034734
0.38193273599054 1.84958813543124
0.394373469354543 1.5902061548033
0.379952219028828 1.88461137979681
0.390266892330831 1.67475425636283
0.384509658571733 1.79422509307174
0.38746879192668 1.73492913289507
0.391354529623981 1.65068677284297
0.385598276587896 1.76962058273966
0.394434025628723 1.5906529943433
0.391202446537802 1.65447067532668
0.391118127218073 1.65856243039732
0.403034747334694 1.41620712160135
0.393722675180008 1.61094004054265
0.412119360357689 1.22872208584717
0.394904157406185 1.58260409663186
0.388081762226378 1.7189997142675
0.397984891140777 1.51755161529256
0.386079381904667 1.7624098651697
0.394548623976496 1.58688983746413
0.380146333148875 1.88357544722507
0.398746130727605 1.50136776364792
0.390329782297658 1.67338856822845
0.392614071565071 1.62684057837596
0.376507019265093 1.95756871311396
0.387883368883142 1.7238889656214
0.384302725640185 1.80135145464773
0.40084389817164 1.45722663893731
0.393395971894572 1.61278077154929
0.390369448725042 1.6726305803906
0.376537261748181 1.95602482846314
0.3886519576489 1.71277747177424
0.39381943460375 1.59822648370992
0.40111031476468 1.45175546011153
0.39508375884384 1.57635492487915
0.392573698964874 1.63156331144474
0.395899653934692 1.55998071366019
0.390929359236236 1.66272216129952
0.367653774804818 2.13600848834015
0.395285452972543 1.5689351361659
0.391883782138921 1.64133217402184
0.391517325119642 1.64475391817921
0.418900513749959 1.0826497343053
0.396095561732926 1.55452616787424
0.387800193188433 1.72549918428385
0.393838394657762 1.60214904178972
0.40263894993565 1.42170869875193
0.373791333098229 2.014155555007
0.404715312395731 1.37733083504502
0.381264462717418 1.86145319870372
0.390418159276732 1.66921586099837
0.379344419938153 1.89857670005673
0.397916293310373 1.51702353782317
0.381798862596507 1.8517901261783
0.363023757351471 2.23818587909878
0.390622470657571 1.67191970128192
0.397090439179055 1.53750150269501
0.385143828740694 1.77748535375386
0.375588023187832 1.98283459461533
0.392833895633904 1.62474706229158
0.411925323961595 1.22734673679647
0.387801710272487 1.72745339241919
0.391100186698645 1.65574047226405
0.396527693392848 1.54808424179311
0.394164166739022 1.59449966713514
0.403182321720064 1.4078136118328
0.384089246226137 1.80293803810734
0.400287680814947 1.47331720262404
0.395459079459549 1.57146983056045
0.406379805575479 1.33786544751165
0.367730010413685 2.14249939091953
0.393777818173627 1.59792683562093
0.373433048071281 2.01675327736427
0.391153973472749 1.66277435566118
0.387235920929054 1.73823997335144
0.392750798275183 1.62774075252296
0.393684043899975 1.60871160410477
0.394667995867372 1.57940909128248
0.398898621564463 1.50276765920567
0.382723447663882 1.83597219375763
0.393833288932186 1.5976499308308
0.367012531226537 2.15175160871242
0.386692815708477 1.75084477109865
0.370942961642926 2.07341619315992
0.379469641756253 1.90090525974001
0.396108173001869 1.55465218361908
0.380997058896136 1.86942047795549
0.384107327658178 1.80151089647998
0.382774384518764 1.82956782579179
0.389291737825213 1.6968404234835
0.393612637194577 1.60639723154899
0.374783432130782 1.99495407540184
0.401518927999799 1.44332490977092
0.407864165122291 1.31681102533838
0.39432272302874 1.59661322748762
0.393042743621216 1.62212779112502
0.386340327750751 1.75554818343541
0.395323452286907 1.57115821656072
0.381988472294102 1.84563142341026
0.374276038255435 2.00965695389757
0.371837861116546 2.05223386328503
0.400591817872777 1.46400038471771
0.402256538723579 1.42430072820069
0.389157895005231 1.70096487187575
0.392456995258186 1.62790728713121
0.382961014778676 1.82803375890815
0.384814638198209 1.78805949434941
0.392105749505992 1.63592931907499
0.386432982344143 1.75554748184414
0.383737045545432 1.80921092501487
0.392552377473636 1.63023895135176
0.384485253733383 1.79473133288693
0.391833832040134 1.64560534109387
0.373432427029995 2.02328995907017
0.400541257913022 1.4649561201501
0.390077382430699 1.67754197583269
0.384898607898214 1.78553315094502
0.380463068412536 1.88231030103718
0.395581252860918 1.56377023442564
0.409273661553808 1.282529758045
0.385657059418928 1.77196777557864
0.383317008873708 1.81755313395623
0.383450213330762 1.81836820703536
0.389786919043195 1.69040725859405
0.402067927704786 1.43402437596042
0.399713352041935 1.48146539603021
0.394611737146956 1.58434944020962
0.394347772171981 1.59428175509241
0.379481111207259 1.89748412222472
0.387408657683458 1.73918866533763
0.3763611226441 1.96036427947915
0.379889800438095 1.890520617911
0.376498538435053 1.95595538472462
0.378439192874725 1.9160652087681
0.38402903298727 1.80551463617095
0.370073776727014 2.08933877355127
0.381242030273262 1.86265961309168
0.389433323684601 1.69274676514227
0.394134669091028 1.59669627133499
0.3819970297552 1.84600368575998
0.382517981931891 1.8341973285581
0.39874861593328 1.49649243224812
0.382901929248823 1.82758024506532
0.373980297792135 2.01005921598915
0.373872980467269 2.00772929629283
0.410466774599289 1.26099969754471
0.389905091191631 1.68376477541164
0.392349418134847 1.62992125972932
0.388002271703112 1.721712934939
0.410432287078103 1.26137310687251
0.398273052765782 1.51231733312361
0.39379699353689 1.60458804072699
0.407962683970929 1.31371523140198
0.395244856575219 1.57120172975604
0.388725128113782 1.70891905595241
0.399723711736981 1.48423135927867
0.396588821539267 1.54311747591309
0.388660559766426 1.71022532763118
0.374443991390124 2.00264806726694
0.394638571659837 1.58743954749197
0.408199536123408 1.31096531644032
0.398988448430872 1.49665653582091
0.399281279315956 1.49336563444784
0.38672994182691 1.74813295964222
0.380717619808154 1.87407839075536
0.373859415742654 2.01534599513876
0.38796388276079 1.72467914049127
0.406556287949105 1.34233105626263
0.396472508917326 1.5517541616885
0.395940731877014 1.56336809130423
0.391401644330429 1.65699140312549
0.395352770241351 1.57365691032428
0.390125596987324 1.67892386645095
0.371633763200727 2.0543569349422
0.387783543037772 1.7303134070287
0.377075420569024 1.94804942119619
0.385830621592846 1.76620665812853
0.403056841779012 1.41317243046988
0.385804794168677 1.76585137185276
0.393873786529831 1.60182778338478
0.396374002114901 1.55016885720389
0.384544192229483 1.79590419723115
0.407101173998973 1.33316240651785
0.386461634516918 1.75525756592674
0.3854282679698 1.7752151548206
0.38636955343193 1.75766246309493
0.378280356591906 1.92422844622501
0.390310966229476 1.67858458311972
0.400237302821868 1.47284763886005
0.384887084437721 1.78764895326484
0.39176212934176 1.64135363435943
0.388907182138258 1.70535512010789
0.390625292835357 1.66892937873986
0.388357077375438 1.71272130944112
0.381309370536203 1.86139483669497
0.38609867012863 1.76549345059382
0.384545004362772 1.79226833050947
0.373588527285357 2.02275655413883
0.397074723598913 1.53938543015428
0.390851513205231 1.65861924938361
0.383353553653696 1.81871820312649
0.38659959686041 1.75061982738745
0.395510014757784 1.57068327068183
0.385058816925794 1.78195027957461
0.383717883346688 1.81252967252306
0.411713023021763 1.23570150997619
0.387667025605881 1.73113009490483
0.391701219294479 1.64898385825721
0.374519626499427 1.99903063857946
0.399673109844568 1.48160145494279
0.380498903262945 1.87625994466137
0.378427442278926 1.91658010776365
0.405718887421357 1.35505917266629
0.389952989570969 1.68419865449063
0.392371831502 1.63308274067482
0.388051678201126 1.71849109296742
0.374476421314902 2.00034102068151
0.398914811163472 1.49956380976369
0.400673757787726 1.45992910135909
0.373464127477683 2.02283516304061
0.385280496316682 1.78467768737182
0.387654684259674 1.72649768461642
0.412251582923684 1.22231330375453
0.401769382568695 1.43756231211466
0.392421623787501 1.63183473500525
0.397443681694243 1.5232168827063
0.399023758189202 1.49760236264362
0.38600804373567 1.76454250781519
0.380560345865024 1.88123811903399
0.37820038791301 1.92422363480379
0.381278425645894 1.86088635701516
0.386597773270397 1.75350704536449
0.379979481150699 1.8900977148725
0.396447235709383 1.54781661651621
0.398024622330174 1.51597138419526
0.388756235075233 1.70862933086219
0.390106744560215 1.68261521376979
0.398909515752118 1.50403553024875
0.395734567463228 1.56501514612444
0.391430819942524 1.65608282419124
0.388006579760685 1.71969808357151
0.390757718911109 1.66675389928166
0.392481054732401 1.63204378451831
0.392600632312594 1.62747968550711
0.379758705272477 1.88998663652007
0.401988882907613 1.43756460033808
0.405149127948994 1.37468436142478
0.388279790252206 1.71529422931231
0.392407170541353 1.6315440618594
0.377212248610903 1.94626033399625
0.379047759787878 1.9069785147541
0.390270973362922 1.67786613149464
0.384535281641086 1.79332636065817
0.407373664543643 1.32654984494601
0.412117440331766 1.22508044818479
0.391356561585603 1.65363366337015
0.397278892210862 1.53304123034788
0.386509382622189 1.75692435199199
0.401786795033105 1.43954885088157
0.369721103804151 2.09965969373133
0.385010972350726 1.78452410899407
0.38359399273129 1.81419796089899
0.389615141621873 1.69011967660251
0.379165667110012 1.90404308366436
0.393848679168903 1.60289028954531
0.389027639131153 1.70014685169379
0.393938789034778 1.60480176928008
0.377061672019502 1.94252168570666
0.374949670708778 1.99180866344849
0.388799189392656 1.70537262793867
0.373641310876187 2.02811203899962
0.388025563667551 1.72143035362726
0.393377419198238 1.61119597297408
0.403201295522572 1.40448366551114
0.400205605741416 1.47626271130148
0.391873501491146 1.64043356742009
0.383985906173965 1.80911986814725
0.37873389582884 1.91232442062518
0.380356679431757 1.87912007977293
0.379465254519683 1.89805406349299
0.386773255641295 1.74774092262684
0.390197045572287 1.68160277587102
0.394077203365462 1.59531457303207
0.394550948077399 1.5865343416258
0.381948141223406 1.85312590968032
0.367248720611361 2.15345867686637
0.387803313681215 1.72423021233549
0.370461671699175 2.08294254220198
0.380206973308954 1.88436950962124
0.385567868711618 1.77188739738947
0.388458350117436 1.71122818514144
0.381691346507789 1.85571793179491
0.372446552544497 2.04080630445005
0.380581992860457 1.88072759596534
0.395733716427534 1.56474270787073
0.401542447947733 1.44502527813017
0.408383669253964 1.30569787705037
0.394485463213306 1.58861163217886
0.381661892581907 1.85535939619465
0.376667930732101 1.95384137925951
0.388824312905276 1.70589542708296
0.383560028412738 1.80790977858055
0.389420742863728 1.6891423926415
0.384910715834231 1.78693868898292
0.373070447690645 2.03063528851337
0.386919361386467 1.74571480785873
0.376217960890455 1.96949760412131
0.377400153892525 1.94179756710704
0.385871917445427 1.76889065092318
0.389679688324563 1.69039465050821
0.393579297007614 1.60731518308489
0.396823854967339 1.53858229845359
0.396425328715661 1.54908008271028
0.385394199100645 1.78176158757996
0.382392151612083 1.83621201306987
0.389132959129106 1.70398293670928
0.397776538038766 1.52399925055907
0.380399583902835 1.88369386863169
0.384994170802088 1.78551586247602
0.368890757071594 2.12191599270435
0.373186660154312 2.03022847694601
0.381456423925179 1.8622618369721
0.390593781472206 1.67258133128893
0.4043136923573 1.38344797361994
0.403116496248711 1.41293839785366
0.382255345801278 1.83782729110157
0.381224070942904 1.85636891120849
0.398609402528237 1.50388355173471
0.392929058400076 1.62065932122163
0.383485071776417 1.81538578757302
0.402477285902449 1.43091353068462
0.397123680684792 1.53702226434179
0.373259925085958 2.02428388728761
0.378610110152321 1.91376855066128
0.398989864391066 1.49639840346402
0.38296146652505 1.82662130991581
0.401363643228987 1.44667803951556
0.395546116856201 1.56731062971768
0.381350227933545 1.86345840380289
0.390531224507882 1.67721515280455
0.386103270905644 1.76222525147537
0.373257188049068 2.03013725762094
0.369173452505478 2.10947480666348
0.400065017283256 1.47683218342987
0.379213177880538 1.90529754043925
0.393712832295884 1.60453974657756
0.382094818956067 1.84258109994688
0.3892848303363 1.69195042213441
0.381794945780675 1.84991394648717
0.377299933103205 1.94201985160549
0.401360184020098 1.44495182634725
0.387852031429945 1.72479242026057
0.396975017842042 1.53585950981073
0.403042313303996 1.41283745748241
0.393071967616183 1.61826890231803
0.370741268297592 2.07897491147965
0.380203385917472 1.88510338438731
0.388931461110973 1.7038434501481
0.379598673858494 1.89714313580824
0.37984503953757 1.88828636384991
0.40471146360228 1.37900611315725
0.390199819071129 1.67309524535474
0.38560275532174 1.77365220566358
0.38004453446895 1.88227014366218
0.391463728004749 1.64982639951428
0.38426407347087 1.79484174466311
0.385668048160893 1.76803278348339
0.399084076899764 1.49671629630952
0.393953439279992 1.5995758782098
0.382000248918025 1.84160637285079
0.385702421203751 1.77066186992899
0.375819458716009 1.97761114880008
0.402227806634404 1.43151459689948
0.395943889601909 1.5599034996075
0.41135884669792 1.24287519199554
0.406449481916479 1.34087989734474
0.381192508013079 1.86075228539263
0.387208824177279 1.73729176151693
0.399485660837053 1.4834764673664
0.386773368886237 1.74929955231579
0.377846450972376 1.9335490111282
0.397334541031212 1.5330861489493
0.395650320923219 1.56699938268899
0.377879094499206 1.92666510719655
0.384723682886551 1.79013340300557
0.384590423641016 1.79122224534282
0.382275196276169 1.84309702163487
0.38106837766628 1.86508860490363
0.384548801047368 1.79266251883968
0.380311233613931 1.88050686765258
0.392505683494634 1.62869542023138
0.385473491805716 1.77363029712944
0.378185907259668 1.92743062529384
0.376221058811417 1.96031908065747
0.379648250639794 1.89940848105621
0.397374707344714 1.52505409780659
0.39996699909083 1.47812350751032
0.379068600475967 1.90712112289902
0.401565597372531 1.44636816428306
0.387135087951404 1.73575656581103
0.396863514142754 1.53596278115715
0.377480872561921 1.94390568236526
0.378222144800595 1.91741363382131
0.372910363240063 2.03354394243049
0.38551074410431 1.77624645894448
0.38310765784113 1.8254134228896
0.390808331169102 1.66473243264396
0.380575526880392 1.87377554841506
0.383761801693426 1.8078657418544
0.40880308229127 1.29277346419771
0.394062988590777 1.59283119822082
0.386019910232584 1.76088053664438
0.397692015444907 1.52289854663624
0.381689021238986 1.8537773094761
0.381293759243033 1.86214866356302
0.381268486224377 1.86155814777105
0.382376663780112 1.8412149229324
0.395114000947566 1.57405379847403
0.384946622581574 1.78733092238376
0.374101303998931 2.00948747765302
0.393195778490995 1.61900728230741
0.391932226674329 1.64248442094902
0.386191755213465 1.7588466082257
0.396721961799794 1.543480842999
0.392524847312775 1.63264680566434
0.390683359322357 1.66438720520095
0.374000881006389 2.01497660702493
0.394718642213825 1.58490815240152
0.382232867295189 1.8457388577038
0.384511209788752 1.79378783462085
0.401258786110871 1.45391120286402
0.379900194946995 1.89080125579407
0.389531029906004 1.69437025576972
0.382480595744759 1.83636360710034
0.389253295466249 1.69647798520938
0.390029782623403 1.67665597319944
0.387999431921522 1.7263336664713
0.391336758407298 1.65206767670171
0.400013513778804 1.474507443145
0.381597003163545 1.85383280823043
0.371973823521547 2.05816694018836
0.387468108950209 1.73428115498507
0.3763951894368 1.96436586800453
0.398770122141701 1.50281747284862
0.409200506627608 1.28245433529855
0.391762455821082 1.651892902744
0.379097527535156 1.90510020451819
0.391324441743615 1.6595848556978
0.385301796232826 1.77781061998857
0.37122329834733 2.06976378013089
0.407525361082959 1.32185098485504
0.415364581681499 1.15616102150225
0.394134355605769 1.59480701903219
0.40010044512304 1.47159129235208
0.400639490886602 1.46310534779147
0.38488829699844 1.78865698041639
0.393509517341303 1.61343559098051
0.38170921055145 1.85124665225582
0.388044675337186 1.72159619369648
0.394648095787218 1.58832947449891
0.400554475876739 1.4668663045105
0.384474921544669 1.79656176880858
0.389637073225918 1.69311461524681
0.391607314403405 1.64948773920062
0.386478866376233 1.75174368942872
0.416340545073998 1.13612044757512
0.386341828308003 1.75686324020787
0.409749055548782 1.27335005843035
0.371733245949012 2.05773582179669
0.403118054521242 1.41778073551599
0.388908803743937 1.70380009645861
0.385377136470251 1.77851817853977
0.385585032900364 1.76984866141659
0.376290933957058 1.96231670644361
0.405590895451525 1.35969818582761
0.399561834760174 1.4847711814576
0.38233292361264 1.83692518164292
0.38834981108285 1.71067518695792
0.395442872216421 1.56603662255969
0.383911433806246 1.80558368837513
0.380995125608073 1.86960243212247
0.380869556737543 1.86608535700138
0.385409519049413 1.77370006152673
0.388425774881446 1.71447933296866
0.396344302865762 1.54712025813619
0.388016354006968 1.72000064337201
0.39080190313165 1.66303167526634
0.38222463575981 1.8430190914796
0.3760691485589 1.97394061797435
0.38879423849028 1.70970414991698
0.39521517159804 1.57865417315086
0.387920772892855 1.72567718384282
0.393689765855679 1.61040918596048
0.381415140283907 1.85718362959676
0.385522560439793 1.77556866351269
0.364416409687085 2.21230580706872
0.401862772674105 1.43586454049706
0.393317239532149 1.61298122910504
0.388243601741376 1.71764119461721
0.374567503398147 1.99662424668496
0.387708692965952 1.73006402678759
0.394586505569651 1.58733646216573
0.401582702818132 1.44459888884607
0.386667853773596 1.75005688885028
0.405434380566575 1.3636924453672
0.390525752200145 1.66837342227542
0.386495191112387 1.75479889079864
0.396795467324927 1.5434420997985
0.383584847637753 1.81234466107756
0.39900257733434 1.4985132980948
0.392594370584107 1.63350799627444
0.373144956926938 2.03044824132409
0.390933019049287 1.66038181421974
0.385964016437112 1.76717758099907
0.383679721476424 1.81264082581899
0.38017403926594 1.88694928274641
0.390339536086606 1.67520058938964
0.385543576573127 1.77692916842278
0.387576992829601 1.72980480481303
0.401348742390964 1.44473447232449
0.379293116999416 1.90495647186839
0.396151901654254 1.55379505236762
0.388958701065528 1.70315929190267
0.404787180750635 1.37719136619845
0.382839982562356 1.83340023083527
0.382077457320031 1.84322490424694
0.380354851876649 1.87897740290367
0.399965734284832 1.4765407510373
0.386844662503539 1.74858573461326
0.386914381529096 1.74397216345298
0.393693816408575 1.6110521201427
0.405303691658237 1.36064809487981
0.386681146052903 1.75037541972722
0.383027768369303 1.82415562154897
0.400544420804883 1.46819336393895
0.393027970185112 1.61802904402227
0.384054729392437 1.80483252555004
0.392342930044504 1.63028088880641
0.380306840942548 1.87955368772377
0.381663102466888 1.8548174357396
0.411866492787523 1.2300551384151
0.397646889906354 1.52414746594808
0.394552805979154 1.58810077049949
0.391553808698999 1.65329424988578
0.406927092260476 1.33412754263464
0.410229520795674 1.26950443639667
0.372829454999146 2.0357364855739
0.398787051734756 1.50332330719923
0.395564652892212 1.56383234214655
0.378279008904837 1.92042504988857
0.371924943166405 2.05993739455286
0.375103227707552 1.98698097797108
0.37893869646269 1.90366544642004
0.390004459638503 1.68115018882242
0.36676825952551 2.15528802595071
0.373176057124002 2.02525564133444
0.390692990811391 1.66690323376756
0.378738105357673 1.91114052814565
0.386245709823578 1.75945997678459
0.403180743946667 1.41396167847609
0.389846893163039 1.68423410384217
0.391286488502636 1.65691887907973
0.381725614486284 1.85240390549538
0.394487525883029 1.5875009188938
0.38377628389996 1.81342747238283
0.383198606564784 1.81811329094337
0.390806493946273 1.66254804849476
0.386956840882836 1.74324453880325
0.380684931498323 1.87633841554663
0.395906179502098 1.56078436292662
0.388534639900119 1.71068903726075
0.37628454239665 1.96244406868601
0.389238547969138 1.7011260673349
0.398996498804883 1.49550565876249
0.38440622393912 1.79679338123657
0.391987070524616 1.63904546029546
0.397723687289401 1.52102086465085
0.38484316792402 1.78478717576559
0.402403174780218 1.42823271819174
0.389094991812118 1.70040079025732
0.374229861489894 2.00643047162339
0.38534579837726 1.77818361498528
0.372929151518927 2.02978762534156
0.377047886858547 1.94752617408285
0.395490233876059 1.56585650966741
0.39636038710244 1.54961636795062
0.405304397892608 1.36060353012866
0.402772948635195 1.41958182107296
0.385742779293818 1.76911754117969
0.373616025909406 2.02061783652654
0.377676373604261 1.93580631441158
0.390217689867968 1.67407901811043
0.402576105610035 1.42108919804036
0.38860286959123 1.70771917704045
0.403111710842775 1.41241713479902
0.384846852802039 1.7836911133199
0.397288964054729 1.53044777923556
0.373309742053276 2.02473338107854
0.36827406760351 2.12754268222337
0.378534227154689 1.91492264518145
0.405848688278483 1.35272166640198
0.379310824975656 1.89813390869337
0.382483752903961 1.83675788882652
0.386070097953364 1.76559986538775
0.391539007320402 1.65267262698068
0.389323907719827 1.6993440098664
0.390685759593555 1.6646282479724
0.403898162979614 1.38877755331637
0.389400219362047 1.69737631608097
0.408987603846822 1.29468904618071
0.4036270901246 1.40046446995407
0.394451244568861 1.58917131591244
0.393911326286429 1.59852896260171
0.375419483228448 1.98149714943509
0.399021327158609 1.49115461029473
0.377614176893498 1.93746268625896
0.390566297621036 1.67005981382344
0.39218973066241 1.63746552106665
0.392622292204772 1.62614195814707
