0.375626237694404 2.21842457046449
0.382264404080222 2.07599698753248
0.376142171203137 2.20148034017125
0.380264295095717 2.12036131688026
0.37534399578231 2.22917784999312
0.377712142577449 2.17929080065146
0.375737853199591 2.21827960506008
0.379455120561727 2.13531630785268
0.378265847159447 2.16535770401655
0.374758266671725 2.23586677239356
0.371657147927954 2.3039768324827
0.377251702612979 2.18263484889071
0.374702790619671 2.23423995349225
0.37786907751596 2.16890346887164
0.377800329601372 2.17300030319956
0.381124322005879 2.09863580710392
0.383423647583001 2.06046927571694
0.381414689648936 2.10094923788558
0.379804271497522 2.12820638451319
0.383697494397588 2.04829406253344
0.382849566541812 2.06626549102347
0.378209064397994 2.16632266712711
0.381108730211402 2.10173830986571
0.377012990133126 2.18877169736352
0.382270920449692 2.07945292848612
0.378658276933091 2.15274159573
0.380399657417783 2.11764578384074
0.373154174396461 2.26810857011843
0.37596622342962 2.21350487765659
0.372272816413498 2.28910088635684
0.379430802518707 2.13831465802731
0.378499737284446 2.16148601436358
0.378833386111057 2.14792709862976
0.379456949477928 2.13485819997152
0.370678295314464 2.31785129038185
0.376469533862802 2.19497594210598
0.377256014706998 2.18415837994966
0.371680477541572 2.29939949429855
0.381421883451969 2.09762236091499
0.377126164225298 2.19177168465376
0.382367329011267 2.07621585470398
0.373999613810056 2.25893955996191
0.377829412739248 2.17540564898873
0.371582683190899 2.30134941845407
0.374986924353955 2.23579569266516
0.377136971259115 2.18796054851144
0.376890649398711 2.19384610519792
0.377238183449463 2.18155556994682
0.383855872982948 2.0414957182128
0.376600134709012 2.19655792795423
0.381853629080393 2.09102649130158
0.379134191335135 2.13893995344514
0.381921887473679 2.09279597052805
0.380299409234182 2.12107547214203
0.379429259562864 2.1426948462901
0.381513934099852 2.09208546819313
0.381730690403787 2.09123010424735
0.373287543542827 2.26355661516897
0.380076018236761 2.12906075660163
0.379622511999098 2.13179365506592
0.376851864459014 2.19116050858795
0.379607482912745 2.13625263348957
0.379409950699155 2.13710718832473
0.381165047070706 2.10078954615512
0.380592718692078 2.1149030270908
0.3813745174582 2.10126088225214
0.37275529171851 2.27872709528311
0.376719139099895 2.19627918157816
0.375305624931297 2.22671616656722
0.371981938386738 2.29315782485739
0.383487291706264 2.05393109364645
0.375422227712267 2.22723528867441
0.379976725709123 2.12514359157093
0.379820567581886 2.13462166818111
0.371164541614735 2.31072046751163
0.380113133987362 2.12481387807556
0.374601769744283 2.24016582440161
0.375511327068107 2.22421363901415
0.37584053425568 2.21147372597462
0.376322086167797 2.20590265351371
0.380450608737801 2.1220019705204
0.378648868325726 2.15463697259662
0.372475373261431 2.28068196665177
0.372704103883674 2.28231085106992
0.376030584471577 2.2110779769044
0.377528742129688 2.17318178674994
0.384805777597661 2.02579526995845
0.3805089096758 2.11688793488608
0.382501672083818 2.07511790062006
0.380491548504867 2.11694218627094
0.378395312564457 2.15815090159557
0.381035213170035 2.10423423584239
0.375676743949768 2.21810765356314
0.376888420486789 2.19009830135522
0.38394380649605 2.04244460903054
0.379220173812517 2.13903598615956
0.375612389405535 2.21436799664053
0.380982257304988 2.10402241428895
0.375836879894678 2.21430097170957
0.379139346911621 2.14212941972356
0.379311637637492 2.14739528008067
0.372436457842571 2.28445364319989
0.373882923035535 2.25552569982347
0.378339409325667 2.16088119529793
0.381792225154572 2.08920655780376
0.386189837506604 1.99404559356954
0.372856854397008 2.27586256939497
0.383389544436974 2.05530869777432
0.377682752985485 2.17793301180022
0.38132884030975 2.09716678902773
0.373385215406036 2.26242566343726
0.378685064415203 2.15229302597793
0.376997157926149 2.18685055694717
0.382565080192054 2.07587844767708
0.378577951567537 2.15982614643509
0.384644258237379 2.0296846555292
0.378740239156808 2.14611859375297
0.373757581364342 2.26188015894394
0.379891609568839 2.12966734174717
0.37806986430108 2.16903471090403
0.386581431439812 1.99356467858908
0.376933409506039 2.19431435049367
0.378549514255496 2.15619841455561
0.37842835747311 2.16501927526035
0.380729278468481 2.10763599800629
0.38128922854506 2.10161396304448
0.37669585959768 2.19098954119924
0.381325763899354 2.09802227411631
0.376845860863704 2.18808710131555
0.380410669941233 2.11455975236181
0.376372455593026 2.20578841410012
0.377500712520624 2.17984905613301
0.378857701999637 2.15226650760282
0.37702438837468 2.19104159986177
0.381155814090096 2.1023047215425
0.376878763114814 2.19318739070946
0.376264211895465 2.20147375056347
0.368800733035971 2.3611209982205
0.375985019120699 2.21278492056026
0.375415797403051 2.22528881077814
0.379603663145883 2.13140750064245
0.379039403564232 2.14644115545239
0.374243051093696 2.24364366133443
0.379762360328467 2.12805896733408
0.371930925767561 2.29597472437398
0.378469210169311 2.15916624760784
0.384266435021382 2.03519694111094
0.376809674269873 2.19714049279892
0.38660552565824 1.98524461011634
0.378979229105488 2.14591722582564
0.376545220200553 2.19751627362702
0.374880749196119 2.23756636146873
0.3814365005142 2.0992280922382
0.375080866713452 2.22873327419836
0.380330498368389 2.11591846444108
0.387682253460096 1.96562399417355
0.375409456440627 2.22560600813852
0.376233522897274 2.20672702044784
0.380459212579762 2.12119334558168
0.383909258837953 2.04673085777804
0.381298102552291 2.09804073529565
0.376352871080233 2.20408310771127
0.374007891562835 2.25046658539888
0.373559597627471 2.26076093645462
0.380534777755904 2.1117084368268
0.377433755170247 2.18099859941166
0.37385671141111 2.25292085068653
0.372034130672351 2.29862902670402
0.377108080001921 2.19120215349186
0.383110977871528 2.06154253544284
0.37959952483215 2.13096508530801
0.373937587722113 2.25621912847363
0.380251111984054 2.11767955219119
0.368082508921564 2.37653527188713
0.379559788873784 2.13247377164521
0.380573343888938 2.11109385728072
0.378966237438024 2.14737405281024
0.373161485733242 2.26781847723835
0.386134897153739 1.99625067435553
0.377448470558349 2.17857232831463
0.372696559883244 2.27993022119909
0.377726575579777 2.17582978311136
0.381760882863001 2.09075753764116
0.377801466318761 2.17218487190706
0.377756196991578 2.17246465369056
0.379043001078132 2.14645346491726
0.370375722017756 2.32642413477268
0.379654314922407 2.13279693807441
0.380350024383071 2.11786098932916
0.376931809404651 2.19548180570034
0.380106665672289 2.1240231927157
0.381482335441484 2.09319751884482
0.374592430678484 2.24272249962437
0.373557897650066 2.26225433740163
0.381001105610067 2.1080740991994
0.382705718713531 2.06495958675448
0.376943798672632 2.18935647273884
0.383705984877464 2.04527279914909
0.375128984056749 2.22639656692786
0.387175402571025 1.98040845383465
0.377656021314441 2.17430999449207
0.373601294780306 2.26504845823895
0.371877234013364 2.2982871687742
0.372254624526035 2.28845891738928
0.372509886398763 2.2801849207645
0.37432688665882 2.24628217037292
0.380317760920696 2.11912219142708
0.381036133074799 2.10248230597455
0.372977830926802 2.27117979165712
0.373727858791868 2.26172580409171
0.377486160209514 2.17776263861369
0.382133191247732 2.08199274928166
0.376331845418473 2.20650755261031
0.373953620816135 2.25418852192143
0.379802472900477 2.12804800069178
0.373744518192093 2.25631967898814
0.379800868080623 2.13020104420035
0.377843803605931 2.169889780063
0.380009708656254 2.12244446642319
0.375110087386036 2.22481501192637
0.378984121303124 2.14682357095165
0.383528837659686 2.05009346327482
0.37230201282384 2.28611337279486
0.379069209209543 2.14752548199799
0.372018384836143 2.29449165087004
0.379545771176658 2.14047577372767
0.380634017714595 2.11412593050987
0.381580493285014 2.09480568572942
0.382861232732907 2.0648995888555
0.37795154193582 2.16666728819059
0.372447749425281 2.28393285941819
0.375918529807914 2.2127616891423
0.377572009855492 2.17557631941838
0.375958546385188 2.20847084466505
0.372941365133603 2.27157766229804
0.371470037741452 2.30685550183994
0.385203136299738 2.01669584313627
0.377624636849817 2.17767114719607
0.377282613756677 2.18162482644756
0.378270546096652 2.16683891751773
0.372436708174867 2.28276728972538
0.382171029158279 2.08132006753434
0.37369034824698 2.25341515951305
0.379833780575159 2.12413745268782
0.379476669851144 2.13392022804777
0.380634253866331 2.11553949009142
0.38629199673566 1.99735885506844
0.373754199041624 2.25857628193676
0.387377221600497 1.96835404774736
0.378967267472351 2.14414024231744
0.380239162479415 2.12094283407639
0.367367904365335 2.39454987758586
0.377798587871054 2.17599526871967
0.380406028092651 2.11722103280225
0.379396901322378 2.13877408280473
0.377116136421151 2.18442155999567
0.382988867548056 2.05857885019954
0.377521329488318 2.17967763239873
0.380518704348771 2.12111005742741
0.376980640253183 2.18742151005678
0.378324284655584 2.16339653806235
0.377427501240952 2.18212651608815
0.377616975113011 2.17768022178105
0.373790965941357 2.25034647847836
0.379432355606746 2.13305735651945
0.37757672304055 2.18053295911814
0.379101988943871 2.14419075941891
0.373046373613645 2.26946990259635
0.377982280476059 2.16996545568878
0.374910273962729 2.23230915718923
0.379648535354598 2.13652037404825
0.381977674418837 2.08566116329169
0.376666202637036 2.19658838353591
0.37758417408209 2.17885586444144
0.38385636628974 2.04995784253394
0.371032158256559 2.31363853780131
0.368936264658295 2.35997174786574
0.378899184706851 2.15060427468632
0.372494581883732 2.28502509013788
0.383644588346533 2.05532835047226
0.374993076027669 2.23121426586068
0.388700591556607 1.94013469250408
0.381383597516878 2.09675757241299
0.3786858564981 2.15065538051459
0.376314653002643 2.20465974471116
0.376535444589928 2.19962871156087
0.374758409425475 2.23569693308049
0.380106022487568 2.12644069171809
0.375038234785345 2.23176009730905
0.379216478303965 2.14166405175001
0.378535897038988 2.15564588373314
0.377068046358788 2.18996998324033
0.37566364541519 2.21862939004882
0.372890717851483 2.27387346685459
0.37867348155176 2.15077455265152
0.377360986320595 2.18063792597184
0.377424959493321 2.18353675323117
0.378883500036141 2.152143077638
0.377948695453372 2.16919448207309
0.374006835009143 2.24757755867632
0.381999405265702 2.08564959322528
0.37199310796033 2.29635910972858
0.374690085981301 2.23306577931098
0.380355631304029 2.12040135662025
0.370921665898505 2.31340981119143
0.384322937516975 2.03691801563208
0.379268046534918 2.13706032788156
0.377091616228746 2.18717137741083
0.373383699351925 2.26405825169993
0.377235808550965 2.18616821050627
0.381527628809868 2.09578043124938
0.373243981175948 2.27020298400603
0.375064606998248 2.22667592898174
0.379251331895168 2.1434025043122
0.381292284175747 2.0971885067218
0.376397294296499 2.20308694148894
0.373640550919931 2.26131062985688
0.378842351973295 2.14762451677909
0.380158464307378 2.12309390675797
0.369864024323375 2.34236761614765
0.383121630064936 2.06098459566161
0.375679139566761 2.21976020978708
0.376483063872967 2.19912825540573
0.377541300107935 2.17477674752776
0.379964519127513 2.12613393268194
0.368700867416373 2.36084762511721
0.376003828168679 2.2102518404056
0.377584571516068 2.17675676671476
0.37645293149737 2.19982997156519
0.379233804562237 2.14166952162748
0.380199993655593 2.11823380904728
0.379476144412014 2.13900358391851
0.375664791297612 2.21760063982561
0.379579472413906 2.13702383512862
0.372540107305753 2.28450999403373
0.374181554933765 2.2472665384918
0.380625161848354 2.10723557973399
0.378445233681222 2.15813774393321
0.377580876287955 2.17468263044033
0.38247949896283 2.06961205906594
0.381386747724662 2.09665606114101
0.378927734599039 2.15046820440429
0.38262499540439 2.07230359024717
0.378954786282599 2.15019953683765
0.369898647506598 2.3366272484437
0.371406546946368 2.30907657087419
0.377011357433251 2.18809421811695
0.379866036847423 2.13357450174977
0.379110119855504 2.14878251839746
0.385614559610326 2.00607174665932
0.374997802523463 2.23163866317176
0.375343761996126 2.22704109614035
0.383611983460536 2.05077663713737
0.387025432014153 1.98052636826282
0.376474394082127 2.20161928918051
0.380868528844064 2.1054202900017
0.372185047619958 2.28640785898437
0.373188346971249 2.27099472876532
0.37803512111352 2.16345436967635
0.379125964233055 2.14443735192214
0.372915852396509 2.27488680566506
0.381652626030109 2.08846139309038
0.385252560610342 2.01658688118218
0.373333791098266 2.26318557963692
0.375360078437892 2.22555713250491
0.3766770626529 2.1975088347252
0.375640416288459 2.21441763837277
0.377838953474107 2.17388721056692
0.37449008346563 2.24072968385144
0.379888571684713 2.13138989491919
0.367677868223752 2.38062173041086
0.38113771787405 2.10434034193618
0.379525368965446 2.13360690916334
0.383209234635318 2.05854674681954
0.380277563014721 2.11903807908554
0.376303540347422 2.20089436837282
0.391176062379133 1.89067009903535
0.380135096989795 2.12374079350877
0.373713574466104 2.25891898768928
0.372387220182035 2.28704456751804
0.371846019670344 2.29958159912588
0.380484873712038 2.11898227381105
0.384101465210615 2.04359175204353
0.378813186709787 2.14958641826744
0.373259494717444 2.27115241646393
0.372511096210438 2.28220256002038
0.379642840563655 2.13612200804456
0.381089377234572 2.10266941360334
0.373605975003129 2.26264110198483
0.376450075307125 2.20010318785167
0.377480368041285 2.17501771285628
0.379946452491418 2.12914172679543
0.376386346324221 2.20219902767475
0.379024282854196 2.14878319015646
0.375401879317879 2.22478951594308
0.380674596403587 2.11052629580451
0.382176884492722 2.08370850271598
0.382058227451824 2.0803252114671
0.375916624442564 2.21230942279793
0.381989721734104 2.08668762512871
0.376014188362165 2.21010384845207
0.371708124023642 2.30149888118771
0.377852397161751 2.16762444909082
0.374787089112543 2.23405845179793
0.380865264527384 2.1069692922709
0.37874481560919 2.1520044846955
0.379300258965889 2.1388822889317
0.38678882651711 1.9827761567216
0.380187382009718 2.12373381439039
0.375987600751643 2.21103086218929
0.382692735803714 2.06901825556968
0.374431480707191 2.24025825361598
0.380968210676682 2.10767591950982
0.375072729075602 2.23207932126477
0.376289067824245 2.20924895798997
0.378552648495881 2.1553469546275
0.375715251113359 2.2205510257061
0.375316471406724 2.21549474178868
0.375543181135611 2.21410045300991
0.375777659902432 2.21727164864019
0.376995380556937 2.19070989169946
0.378892775524988 2.15118588388767
0.376525618674612 2.19983723360828
0.379188816422897 2.1401146458545
0.377392825905877 2.18127090290672
0.385316728801141 2.01530835641505
0.372523643856227 2.28127655694494
0.380698339628894 2.11010947550371
0.381243563265849 2.10110617129445
0.375342432634345 2.22125945119416
0.377065223025401 2.18724848105227
0.375707099619666 2.21364591435759
0.373069279560381 2.26892189149885
0.377974994107889 2.17212920523596
0.384827687029226 2.02300706515731
0.381001783807708 2.10056375622726
0.37137097266004 2.30637190875702
0.376743313701267 2.19166401916356
0.378619305123571 2.15686875719271
0.380591052727837 2.11146896943136
0.376693984594196 2.20011532271694
0.377561299764242 2.18180624761543
0.375203772217207 2.22333197117058
0.384540983652489 2.03523251190698
0.380379404834576 2.12332768148313
0.380525378374293 2.11308395214606
0.380965155690342 2.10882598586507
0.377548455051299 2.17298382352294
0.376931501289404 2.18968498200903
0.3759744345604 2.20889435033792
0.381776531705928 2.09004088407014
0.38164601033368 2.08895860720138
0.374933982859045 2.23323860448976
0.375372075929033 2.22505631430507
0.378597673021611 2.15733989121972
0.373493130216205 2.26587879688317
0.386300887254108 1.99288241457989
0.374275418348903 2.24344150857912
0.377926384490271 2.17292016546385
0.373178506548004 2.2695071042041
0.382305780158226 2.07640085291607
0.379866659743583 2.12755339411641
0.383612756868859 2.05007686497868
0.374097310029713 2.2547053959267
0.379447077512463 2.14440282683517
0.378860860826631 2.14680765257314
0.377043945984403 2.18911385966469
0.385217075759084 2.02173911157532
0.380034502517372 2.12274407311962
0.376941491753745 2.19386283704774
0.384954397726528 2.02441027677889
0.378449161455876 2.15696807675404
0.37030801465509 2.33162224708415
0.375733112004182 2.21465745928428
0.376693993624163 2.19590932276447
0.379822239542435 2.12931808361152
0.373126529975828 2.27300353738136
0.380310186935797 2.12270143563921
0.377394792261676 2.17944738078418
0.378048494138065 2.1670686602224
0.373886130744907 2.25448992629773
0.376636000383674 2.19650134713162
0.370002712459058 2.33733822945267
0.377532339534821 2.18003536898867
0.372367073966895 2.28643607859564
0.381173571437932 2.100740259189
0.380813362531186 2.11089297790004
0.379002833724812 2.14982762190017
0.37724054037099 2.18183619124042
0.378077383141504 2.16429826177273
0.375763589266091 2.21720235644242
0.379724531392563 2.1339056438826
0.378314154239441 2.15845661276746
0.375113838363166 2.22901359627576
0.374873642502847 2.2338303756535
0.374606401415658 2.23901826326282
0.375993877809056 2.20705950924582
0.375195632722495 2.22719764270148
0.379114416672243 2.14450193767415
0.377472239472461 2.18369314500481
0.386064015785458 1.99860797351371
0.378773491969875 2.15064167366427
0.380304155123812 2.12008023675277
0.375996648399234 2.21417635619114
0.37369099929908 2.25968712741789
0.380046909922024 2.12401022657171
0.373895710926071 2.25153982083739
0.373775615928901 2.2559613924719
0.373485900222859 2.26358127948729
0.374180647361122 2.24210755913166
0.377240948666965 2.19064267190263
0.381211588878957 2.1029287500668
0.382407483332866 2.07191622854114
0.376538866190144 2.1985112683061
0.36909278811425 2.35299856723634
0.37920749154231 2.14203603679344
0.375599694299524 2.2207013794227
0.374761117506212 2.23569403927109
0.379089352059191 2.15128950401717
0.382314538155718 2.0814597592121
0.372435378239731 2.28482529570034
0.376979595370261 2.18949067913577
0.375563343304344 2.21560884556698
0.380080254193318 2.12169065243214
0.376770741300582 2.19923878128261
0.381058144482147 2.10280469725115
0.372111529372094 2.29228881764831
0.382827103848502 2.06304734403765
0.384340886017334 2.04015442419037
0.376340851093755 2.20077543478616
0.377627863800537 2.17784654208072
0.380453442813225 2.11696745434054
0.37604842543857 2.21383230434337
0.375264390047772 2.22288040649018
0.379944344629271 2.12773649654734
0.374909623170032 2.23019021410373
0.378260588023075 2.16041310104304
0.373622264885925 2.2592932740089
0.381138557403618 2.10514540354704
0.382787995593815 2.06746339556587
0.375571107506228 2.21754530366041
0.379499846966313 2.13824114735689
0.379732945041436 2.13220372309309
0.375265448722249 2.22914376229323
0.382116125777204 2.07832116855085
0.373771352746624 2.25598348326404
0.37816822463198 2.16103271438954
0.380711641875408 2.10968981446418
0.376536870808551 2.20120684169471
0.377047346544018 2.1873349428742
0.368940380930387 2.36328372335109
0.37352609147914 2.26258869034002
0.372398966974394 2.28747262028024
0.383123015235473 2.05838301806457
0.369894383099276 2.33485663472763
0.374391844427997 2.24306155711654
0.378903286513183 2.15204042069472
0.376441027457237 2.20111742993937
0.373890670593931 2.2588023205846
0.372788266798703 2.27239014766543
0.378816447248662 2.15494493452733
0.371179155475166 2.31089866889141
0.377544350384387 2.18113545163747
0.376338454213758 2.20340066073585
0.37812055559401 2.1639786345368
0.381811369832623 2.08825417844794
0.375854262566006 2.21216223392753
0.373798442281327 2.25321358472189
0.381231755477326 2.1008469830031
0.377301592680714 2.18117136749118
0.385450384226823 2.01131151292845
0.380454337168665 2.11520143340705
0.377190951095779 2.18883897841913
0.379542872748507 2.13571587137269
0.383880033109816 2.04174173242727
0.380623278454654 2.11099552046485
0.379868564799768 2.12864172096054
0.376496532867753 2.19322696657618
0.375866947719597 2.21451965587793
0.375763262036895 2.21561696494205
0.378947432479629 2.14703411469253
0.377776429991058 2.17713212406878
0.377702659678635 2.17859684084783
0.376468738317672 2.20152340882788
0.384439378907272 2.03406882078092
0.377875487882588 2.16943139665881
0.378185865154438 2.16251417364683
0.375396732902617 2.22266524552
0.377266947826836 2.18594403498814
0.37724965510232 2.18339716014731
0.379645850184007 2.1336629027336
0.373460237330316 2.2626954008342
0.371858348348887 2.30004035734456
0.374583194771785 2.23439853907964
0.38038699857038 2.11547306318265
0.383431350709634 2.05903994293176
0.37268344209105 2.28103092060877
0.374202320912953 2.25039262707506
0.384156606681181 2.04210553352357
0.381369344943643 2.09499085294941
0.379889980192912 2.12620859422618
0.377066139076136 2.18896679542721
0.375389855525595 2.22518011715364
0.37581544123808 2.21392238826283
0.373689745824722 2.2640647984748
0.379567455464091 2.13347397427075
0.379388109763156 2.13661085137454
0.379382469923056 2.13847932869769
0.376623043948499 2.20034709406814
0.379202891283687 2.13992909913163
0.376691054741237 2.1945176167108
0.373802091168144 2.25063156219492
0.377135209712427 2.19180150925621
0.376111448466008 2.20744696584464
0.378545873027417 2.15786470540712
0.376536920542128 2.19883289468137
0.379647182924282 2.1334737610906
0.377091066694341 2.18874508865259
0.368334949428988 2.37094028055263
0.377898388966337 2.16893938458923
0.381630687030374 2.09156302149566
0.377263141026909 2.18349127018908
0.377237160814391 2.1802541331993
0.375181248901826 2.22976907137947
0.385411677325079 2.01129144032409
0.379993022108659 2.12694834793121
0.377599034888303 2.18093655942957
0.377580625385081 2.17613461864693
0.380650537181372 2.11198089475699
0.379291892937389 2.14555500133489
0.371967118767539 2.29223255828432
0.376977766388981 2.19280752383489
0.374926990932112 2.23386826415563
0.378640279104384 2.15517893321611
0.38159626999008 2.09056030527752
0.37222132583994 2.29231393112885
0.37476774774988 2.23704507596451
0.383803240939079 2.04834946206901
0.378295448814748 2.16146353378891
0.371650279504 2.30555707646966
0.380884247950568 2.10879616263808
0.385046679013136 2.02543673918281
0.37801477857415 2.16682361101242
0.381937574275518 2.08615370599508
0.377799497544461 2.17257837024269
0.374045528300921 2.25103918450669
0.37512198452898 2.23181275217131
0.369441275744536 2.3463301594727
0.371797066009726 2.29670829091361
0.381663867299045 2.09512099814593
0.380983046440382 2.10275001098779
0.381075893809625 2.11150138603319
0.382679244291365 2.07396952893388
0.375281197933001 2.22437666104638
0.38374440549487 2.05117850776126
0.376756396601854 2.19408239946363
0.377918432149165 2.17366606897183
0.372521234115769 2.2828127952518
0.379603009883576 2.12857964591079
0.370011501081905 2.33645002910078
0.372626987383384 2.28285455207748
0.380765523939354 2.1075616285393
0.37272636964707 2.28303535686999
0.376685832946372 2.1932460080292
0.377016467760503 2.1910577533876
0.381813481803228 2.09204794255158
0.370684027009552 2.32417472577024
0.38028319764288 2.12216162277992
0.374204863421519 2.24980623603121
0.381971363602661 2.08521129475853
0.383182666687571 2.06092161277477
0.379830714388965 2.12870996031682
0.375928672302528 2.21424972448477
0.38395903321227 2.04622557571362
0.37616794694925 2.20491167232378
0.384539355233054 2.03033302675012
0.37906446822356 2.14888022998347
0.37584512653893 2.20963024831154
0.378391652940681 2.159600567885
0.375836318013902 2.21895725004293
0.381083018938271 2.10407578456818
0.377304407695199 2.18640401596287
0.378692071105827 2.1528033119046
0.375258047590797 2.22461846814997
0.379358942601527 2.14449003928865
0.382176206046204 2.08107810339033
0.379509559556303 2.1422469688269
0.373910252272578 2.25393406281448
0.374158003265724 2.25714401475379
0.379259420634705 2.14294435876797
0.374936430793123 2.23165429522745
0.378212644523598 2.16172202329487
0.367599695581729 2.38501578553243
0.370610915885139 2.32775413514683
0.376445077568612 2.20356423913075
0.374667702412318 2.23554946721862
0.380823389399741 2.11009727496098
0.385348062172044 2.01316966486817
0.378008837823277 2.16271109694299
0.37696712810095 2.19041455338966
0.37947283552378 2.13693325521325
0.381097142754375 2.10278674088049
0.37649528881601 2.19589298903691
0.381021757648948 2.10477178535935
0.372181192073049 2.29200606980858
0.375283422986296 2.22746649128852
0.380483306283478 2.11437209957787
0.377683392366302 2.17218140657018
0.378754159885627 2.15277912074201
0.374826947133385 2.23487552090782
0.379812054026299 2.12685184948151
0.378871155164919 2.15161357269327
0.383301588159299 2.06337468437843
0.376670676369931 2.19600650523881
0.380501153200757 2.11559032982555
0.372405364358193 2.28640572860204
0.372547211620354 2.27665235451895
0.374174715009053 2.24574214835308
0.383332351696806 2.05857268388733
0.380251201948886 2.12438728187412
0.373908058980263 2.25267314810204
0.37949900580962 2.13872095472593
0.376201528039495 2.2049448238804
0.377615812052371 2.17900318320092
0.376457770376062 2.20155934696511
0.37718307537658 2.18694839984079
0.378110829831361 2.16471183665569
0.376200336407306 2.20088950925491
0.376720650261513 2.19005063240839
0.380087869469742 2.12544395295219
0.377234947872905 2.18913707682188
0.375852458873431 2.2178838184609
0.378177590420097 2.15990707796633
0.377539755733765 2.17556404048234
0.380854877936944 2.10585379159365
0.382587991959121 2.07053265938358
0.371370841667729 2.3081079220868
0.371273267630425 2.31125745981119
0.371526182483269 2.3031719006949
0.372789400073011 2.28106543784453
0.380530070727677 2.11563426639767
0.382086169720983 2.08230065107764
0.372292254855366 2.29150425156701
0.385433144581119 2.01189527565908
0.372811714220769 2.27975284810807
0.375141491391948 2.22867531640667
0.376965380905588 2.19221824759649
0.3687709664787 2.36459342141361
0.376887175823996 2.19229686392637
0.375834666460682 2.21769108369547
0.385283307708417 2.0120053288839
0.378741426874364 2.15595228928117
0.378415690500634 2.15996960586509
0.370651162985641 2.32548937953539
0.374548888279306 2.23778264179075
0.374660176568888 2.23942217429413
0.382203203791392 2.08023472726625
0.374263356839453 2.2480821238461
0.37752184716208 2.17787444241486
0.380755710480069 2.11456428461441
0.376052616190737 2.21071921552259
0.368108879708545 2.3747162791683
0.381895608739452 2.0848702832449
0.378042591363057 2.16393681694408
0.374828622401172 2.23269180478834
0.381223983306809 2.09607655475464
0.376411689704683 2.20251125544543
0.383135647798019 2.06085787337921
0.376536906643938 2.19555316864063
0.380494744954411 2.11544035965261
0.377226578296482 2.18198611085097
0.377584488054983 2.17498135896717
0.37549203786486 2.22235623957383
0.379458985436363 2.13762524954734
0.377757969567878 2.17466594675647
0.374667993258397 2.23950867021312
0.374408105326037 2.24195044002083
0.376718426487244 2.19317755443298
0.380305352419769 2.11866167739293
0.378618801078976 2.15417932154562
0.376089303875674 2.21114843658798
0.379241258395207 2.14459826973942
0.379358872745388 2.1424748839058
0.373537852726237 2.26038268258201
0.378255942110412 2.16485399885381
0.380861382368433 2.10813047154085
0.373160855126617 2.27101961422078
0.375196032623025 2.22232888740545
0.384075575661044 2.03955362664841
0.382646953919422 2.06765673795137
0.373854615191684 2.25785179105717
0.372141570628151 2.29112093579679
0.37653530084427 2.19705140336131
0.376604501466751 2.19606309245321
0.380986587222941 2.11056889180639
0.377378017993148 2.18057166053112
0.375066371137414 2.23318459852645
0.376176536711756 2.21208998241509
0.381162540673037 2.10178810660312
0.373573328506599 2.25690367770782
0.383820419552877 2.04368445971318
0.380595158813652 2.11152025303861
0.380621967269541 2.11057127872301
0.372888586227957 2.27493718581298
0.375277764025849 2.22867566926684
0.380527628278232 2.11644320146246
0.372371162709751 2.28715490305175
0.384551353373013 2.03016411736453
0.378786538760269 2.15746388788361
0.379958852866642 2.1251964607215
0.37764603365282 2.17425977612929
0.382218068020908 2.08274691702688
0.380154443320165 2.12555687287135
0.381029689087942 2.10658019228941
0.37977913981151 2.12660412889609
0.372515364468537 2.28208071001721
0.371665167993759 2.30382876180859
0.38070722430907 2.10866150029012
0.372131432761797 2.28729914688882
0.38015339431553 2.124343000189
0.374861728486528 2.23445732502608
0.379093097302311 2.14562561409083
0.378666626904147 2.15162628016886
0.371855526884183 2.29673496773164
0.378521435814222 2.15277354871709
0.375731359640893 2.21327748234659
0.375867648845973 2.20779194181573
0.378988278510694 2.15068814853607
0.377901749139221 2.17430569332782
0.374605930608 2.24107090400615
0.378890456726793 2.1494965200696
0.376333356292448 2.20302706596871
0.372827375017269 2.27301161826453
0.382692748373519 2.07190019774362
0.37260532628111 2.28132941371422
0.372032560070745 2.2894648319412
0.382728631584166 2.06654864949196
0.376872614573239 2.18987636625921
0.380501654329903 2.11572034902821
0.377023541266221 2.19239104600036
0.388433061017834 1.94666173840088
0.37986237589021 2.13368189724343
0.380653783366466 2.11272353787963
0.372478552039733 2.28898473900271
0.374380306753339 2.24170642171921
0.37751046439593 2.17559854855519
0.37630514324811 2.21014669854405
0.380192270592322 2.12106345522926
0.383591627528818 2.0513777566419
0.375016307656349 2.23266067318831
0.37633612245694 2.19757773717535
0.376024036560965 2.2130482039714
0.38089412417265 2.10768809969624
0.378666364223928 2.15297684466796
0.376294651840553 2.20357349324364
0.383913710142106 2.0449262253291
0.377751341819032 2.17460088360529
0.377879268775172 2.16876643794705
0.381117229684453 2.10434085313548
0.376082952218524 2.21058242250246
0.37475060341466 2.23226463528398
0.380630407449019 2.11053507632626
0.3827248455862 2.07093711591589
0.372858696506583 2.27241344060248
0.376873075891922 2.19336848849574
0.38519179057523 2.01852184226522
0.384380141363626 2.0379493397316
0.384993425782681 2.02756471014288
0.388688631565915 1.94599180822247
0.375812453418535 2.21438735098762
0.371705030133227 2.29882980501707
0.373870866626192 2.25511682904138
0.38094830669107 2.10666431106288
0.376988969320514 2.18433338690244
0.382478432964683 2.07074034687207
0.375048075562235 2.2287337236553
0.380967468030228 2.10496158715087
0.378220282595244 2.16437466485779
0.378554924453392 2.15869602408868
0.372756763655493 2.27944021170387
0.379337698586427 2.14429061475667
0.372177837369398 2.2957622293382
0.37778640924559 2.17479565079923
0.376394264837608 2.20057495572853
0.372400917600154 2.28155346684452
0.386007375139225 1.99929910530091
0.381624926966046 2.09202476231424
0.383585328930342 2.05267264784059
0.376812343156631 2.1900892431635
0.373823115107312 2.25307675469885
0.379734260310701 2.13245831688098
0.384923900408511 2.02090135843502
0.377707073257605 2.17450981158984
0.382864688201195 2.06968734861597
0.375446541893344 2.2281192837052
0.382089320552255 2.08549222713062
0.384164882381671 2.04135591090049
0.380683755520742 2.1100048860431
0.379485227558947 2.13767628573028
0.380819951518183 2.10940277771323
0.382688336513096 2.06915133573106
0.381146186443368 2.10152948100787
0.381797521399529 2.08873585122265
0.380661968988012 2.11113526171729
0.37301586478493 2.27175129130243
0.37599440161995 2.20841887992785
0.373358347446619 2.26421780755025
0.378428232499014 2.16194021172877
0.369195943642146 2.35157721434983
0.373830872027316 2.25683929033555
0.373281677191081 2.26573135668638
0.371550649280504 2.30048905189884
0.380908537216341 2.11103913711405
0.383119048753069 2.05624019187464
0.379888837829489 2.12772629339797
0.378055538604903 2.16664272115906
0.380496801419043 2.11920477894236
0.377851100105233 2.17135512856022
0.376211859682688 2.20610675412054
0.374212042177657 2.2416815773686
0.382761383790133 2.06467280310549
0.375716349280025 2.21461160723447
0.369511083697335 2.340259493566
0.382937903102783 2.0609754886494
0.376260232394933 2.20313273061064
0.373183171114111 2.26774047858141
0.370956615859965 2.31540067803454
0.381844302077456 2.08825528868117
0.383556372381019 2.05078158661731
0.384541438022581 2.03006583619171
0.373790088269988 2.25653774047302
0.367828038869922 2.37739976093238
0.375944148660963 2.20886518862893
0.379058863337518 2.14457284536064
0.377928732626843 2.17125739316843
0.383149048280083 2.06169411129065
0.381296378539296 2.10263335990101
0.373011289874736 2.274834202121
0.377479701870287 2.17496932104759
0.379881470581624 2.13366486527146
0.375906282038577 2.21376147793146
0.37564561257641 2.21473871787141
0.374735042779905 2.23731591604312
0.378960251760736 2.14490482446048
0.37476734336152 2.2370005014182
0.3738784684603 2.2532544007624
0.376810911980657 2.1907818896923
0.379022464617431 2.14657207242824
0.382422315679902 2.0794881620043
0.383248875451031 2.06084495834351
0.376716288463304 2.1884849681367
0.376703577637274 2.19795975853244
0.376674285109791 2.18994889212445
0.383757590608743 2.04152191787139
0.374989218708501 2.2365786797645
0.387780866941848 1.96330202810872
0.380724610206887 2.11422971826494
0.380101201367192 2.12748076342774
0.373955541180411 2.24672796089026
0.382587162321573 2.07693272767231
0.3725750196675 2.28672874007651
0.381310334831798 2.09383075151115
0.375573581599904 2.21585681643623
0.381436104004868 2.0976069796975
0.375441364574687 2.2213121991807
0.380050743915571 2.12802022360387
0.37997724149255 2.12576581754378
0.377373419827356 2.18403908843397
0.383512937912927 2.05141938279423
0.384146288363101 2.03881242540106
0.375095546234316 2.22983955013273
0.372826277869961 2.27585619118294
0.378138557451646 2.16547648077632
0.368707013813249 2.36179814701621
0.376298653247615 2.20718168847433
0.378942130790758 2.15284216034382
0.380998372014488 2.10891764166785
0.374004191891722 2.25052684545469
0.375854907180645 2.21243990103401
0.378180843807996 2.16359823421479
0.377610287352625 2.18100033994174
0.368687973284012 2.35985428860878
0.379475320546586 2.1380242622317
0.371158858506042 2.30644442072423
0.372292341611074 2.29001071380995
0.372583903214847 2.27853497714964
0.378713546866453 2.15497076918918
0.38412920104069 2.0397002320519
0.377395274907726 2.17862284699761
0.378926172793153 2.14953834400121
0.371852606275566 2.2956652564982
0.380683701678913 2.1134392489928
0.376858932731231 2.1918146087044
0.386602307241902 1.99012514277246
0.378154904377765 2.16569533289941
0.377921035792803 2.17046218364279
0.371290925808999 2.30628238278669
0.379323556814496 2.13947903840829
0.378636419213713 2.15958259705416
0.377757233212671 2.17041078617706
0.375991191577224 2.20814296816052
0.384107635146507 2.04147213516495
0.381588449528919 2.09148449244039
0.381068062305922 2.1061164794129
0.372552306683806 2.2870564112764
0.376270021439646 2.20556091741444
0.379416593079812 2.13857181062875
0.378483401237953 2.15582918306529
0.376514094276881 2.20179668021359
0.373020775340668 2.2718791451081
0.372484282794627 2.28831336737533
0.381438843683565 2.09419332001067
0.376770919314492 2.19488709168246
0.375960102616841 2.20728894008388
0.378088928560655 2.16276630642735
0.381838218753393 2.08902813975155
0.373895156524714 2.25163537736349
0.373828942585986 2.2564847837733
0.376032051340097 2.20900739594508
0.378773350158612 2.15243413850537
0.381910964283299 2.08608732637998
0.375898593238347 2.21083307117116
0.378674071729317 2.14902969926723
0.379652746268928 2.13361365572644
0.370595788640899 2.3219198316336
0.368339278441786 2.36444072250887
0.380303471694893 2.12102081533007
0.371979084794972 2.29467803062274
0.375574476694628 2.21570640111476
0.378156929977948 2.16401569670687
0.374966824483389 2.23241869182302
0.38009768283628 2.12554125793882
0.37919682100295 2.14457179307196
0.373376601631916 2.26725833496687
0.387804420309203 1.96055089105304
0.3737105199466 2.25932650787713
0.383418375911417 2.05789585522238
0.380150124688314 2.12044576865025
0.380508330382269 2.11693459900769
0.381071974424162 2.10479036886034
0.378467180191457 2.15999947707089
0.379464074400255 2.14205671217163
0.377153101006876 2.18623946756533
0.381797707350572 2.09184965642288
0.366788967610647 2.40228746927844
0.381451464987262 2.09751153276127
0.375396669590271 2.22431685570206
0.369838081980677 2.34047358929695
0.375582162001881 2.22073402547926
0.373110636120127 2.27431908345145
0.372289297047513 2.29219740010529
0.375997198998741 2.21476466054868
0.376925494705512 2.19323534642274
0.385795963300811 2.00504047579076
0.372549831131345 2.27679227990176
0.378909687224534 2.15252935689952
0.376169455997518 2.2069857884909
0.375952902581686 2.20990745272044
0.372766024479382 2.27841638244962
0.372062176832828 2.29044668043806
0.379251225135943 2.14214122114052
0.3809441202629 2.10653516354399
0.384674022980594 2.03069579805705
0.379314567660172 2.14470767846334
0.37633890353383 2.2039992459751
0.379109136269394 2.144583313749
0.373480559146259 2.26438670527904
0.377682811820028 2.1763683624534
0.376114288893993 2.21138477684562
0.377483881258961 2.18131506568896
0.3785711911556 2.15718564089275
0.382459744142543 2.07082739210629
0.384246215592097 2.03889304278276
0.376810498399392 2.19347925933881
0.374135483968275 2.24643084360837
0.373913146652573 2.25481269068084
0.383986120454582 2.04677002829214
0.37393102305225 2.25181741624467
0.381207333536646 2.10457614958913
0.374575523521958 2.24368767238774
0.379789918170075 2.12518936960075
0.37549302306115 2.2211592008544
0.374790251522124 2.23453608614605
0.383468270452224 2.05652664248626
0.38482105149719 2.02407604934056
0.385961429351577 2.00332933413339
0.372365746635796 2.28758794556846
0.380355511904513 2.12061776094582
0.381270207640379 2.10245848884216
0.380177504826109 2.12133834288814
0.381465676734034 2.09496639107658
0.376614393746933 2.19638449097826
0.382016161593805 2.0808072781731
0.386162069614338 1.99443473160331
0.376420112997316 2.20315999468628
0.373872830223779 2.25511690128019
0.377166143380561 2.18240173093637
0.378477913052127 2.15741883781329
0.376262828013941 2.2063493090391
0.381342242356637 2.09642794812256
0.37173305875451 2.30036750586963
0.378280454633261 2.16863674135504
0.376898641349237 2.18787606430641
0.371742091201279 2.29824921210813
0.385906130833915 2.001043969353
0.378370998430173 2.16070828507686
0.377372644667362 2.17616798533735
0.377331050208821 2.18429738289977
0.378135502626318 2.16632848445158
0.376298524596515 2.2095195960744
0.381845280885518 2.0874903633254
0.377231005643115 2.18415125442672
0.382434502411363 2.07742930993672
0.377620132172908 2.1785564589596
0.380802085189381 2.1086476001741
0.373969598060897 2.25232539560157
0.378833427441881 2.15242946378525
0.374454071298655 2.24596926553902
0.377893333448573 2.17678926927253
0.38021636690493 2.12354274071657
0.378889968452561 2.15385769466681
0.381747135557253 2.08684705261268
0.383530918892933 2.05338531313938
0.381001970726967 2.10711591978802
0.380808015399271 2.10899074466655
0.381565415630607 2.09109397406084
0.383426431346214 2.05768756622228
0.372749773174784 2.28356329611018
0.378810388734258 2.14960007790764
0.374095941347496 2.2496038373162
0.376666969313062 2.19769203356635
0.370486535305289 2.3255171400399
0.376974720616771 2.19178129231726
0.386555107753484 1.98840792703205
0.386816689448594 1.9865740374546
0.381272074760196 2.09874473784724
0.373451753914849 2.26355499328382
0.372969866232922 2.27507035463437
0.3814544028648 2.09967591237955
0.385445634215068 2.01314865150667
0.373204216185599 2.26928342750465
0.37916274446648 2.14421963001731
0.373739012789374 2.25833021566632
0.376792203753626 2.19428620976304
0.383848453156631 2.04525808995139
0.379285166516368 2.14202103118108
0.381924917650364 2.08465034286408
0.375218723087999 2.23106907694073
0.373370423283485 2.25954569010482
0.372602025356896 2.28171426217821
0.375896166428856 2.21143147926947
0.374631387194954 2.24900726196663
0.387037313590289 1.97826384230472
0.381646690777277 2.09109842343005
0.379455176186001 2.1323391228378
0.373384755452347 2.27005434600383
0.377746085681553 2.17098429581739
0.377730793930861 2.17784630158722
0.373797663218369 2.25500577896427
0.374180713861991 2.24723648527118
0.377994761864376 2.16797542399934
0.383096737574419 2.0613361224779
0.385713789370042 2.01113782566073
0.383300999957837 2.0549542044678
0.375455146014081 2.22023858248488
0.389910138884273 1.92502021420636
0.379964241620674 2.13072461100406
0.37964619706791 2.13119566408379
0.380173403584601 2.12181643227127
0.381030558382448 2.10608087340881
0.384581899213184 2.02955795301084
0.379848440913826 2.12742039429299
0.371750190910691 2.30240927110722
0.376445640129435 2.19855098062153
0.382853768873492 2.07219010899181
0.372663910536044 2.28136997570518
0.377436022140005 2.18131859791621
0.377943679735195 2.17230580736322
0.377667537599308 2.17468268114453
0.376763466212232 2.19643517777904
0.380684583323196 2.10975850302735
0.38471464617201 2.02788972468175
0.382308916066545 2.07160133326283
0.377727769248258 2.16945830219754
0.376671859024222 2.19673573104503
0.377837712574022 2.1722215473321
0.378199815390181 2.16491816066308
0.374393821401527 2.24816037683279
0.375715464868542 2.21697723987486
0.369957103935893 2.33916878368113
0.371585681621846 2.30495883813613
0.379119256510351 2.14431508363686
0.378792676195222 2.14916382023625
0.384658232334344 2.02877187297001
0.377574814274126 2.18282509538068
0.380799627028801 2.1076010544629
0.383089456851034 2.06652912406833
0.376921534091026 2.19360105592557
0.368017547911432 2.38201288131301
0.376205501523682 2.20683055365405
0.364783334348903 2.45104231659723
0.374455222807413 2.24512267454903
0.374931309757456 2.23758377351849
0.379526395438035 2.13976914469189
0.377976681184173 2.16529163330491
0.377666819362656 2.17686063851812
0.377858433877719 2.16793413754157
0.376324397781412 2.19727104445151
0.380066275215513 2.12464976312876
0.374776342650546 2.23521273844333
0.372831068806293 2.27622878463959
0.37683254310934 2.19934076063225
0.382768860163755 2.07073368417834
0.378851239306477 2.14846324549003
0.376095048364439 2.20576924756826
0.377888239173334 2.17062134635099
0.376916624340175 2.19115975434629
0.374619219398183 2.23817159181841
0.379892757674899 2.12864410966359
0.371133326965862 2.31606795687214
0.366705420838743 2.4117256676331
0.385497251128143 2.01181391805287
0.380848304662043 2.11270090285401
0.371471562194565 2.30402874658561
0.380308860067829 2.12261702617643
0.381790831309655 2.09064063357934
0.375851375970666 2.21272535750114
0.386811843063602 1.98201657931081
0.379188499311688 2.1389092317332
0.380718539585689 2.11078214427004
0.375298419499819 2.22376572106414
0.376716027004005 2.19239641559297
0.374573291134924 2.23906557460184
0.382774171120443 2.06620306391573
0.375844506894414 2.21332650125446
0.375807551302056 2.21419293213598
0.38173196834304 2.09107255382792
0.370185314462286 2.3338379465865
0.376439524667813 2.20132075856992
0.376044442607321 2.21075018151864
0.376992492472112 2.18691457652982
0.36817009061739 2.37456106418321
0.373535706763479 2.25727772566116
0.376058530887743 2.21061913865539
0.379875613133988 2.12457055941488
0.375049287721923 2.22841665568611
0.380837343359199 2.10387030604247
0.374167459228424 2.245702667477
0.38264713898026 2.07332911665296
0.390755165996913 1.9006542832384
0.367191034495514 2.38976101661928
0.380285793459133 2.121109388232
0.374604239382836 2.24368161736104
0.369384133039034 2.35055775919926
0.380622380937073 2.11419443114697
0.377166615102554 2.18696341115288
0.373494662924899 2.26060067353852
0.37741922476589 2.17825702670395
0.375896492859202 2.21055887757957
0.373443426558206 2.2608105950215
0.375773292602647 2.21630063074087
0.37741111679057 2.18248536732943
0.375764794663931 2.21777607287367
0.379581954409086 2.13705573738605
0.377712454665182 2.16966500405827
0.382296482684468 2.07827630011093
0.381281312461115 2.09782202756114
0.379089555940738 2.14811501146928
0.383732337419791 2.04787250054975
0.375483667345681 2.21983197688299
0.380052876405982 2.12477024097119
0.382008326136877 2.08307226618463
0.378604453171112 2.15446862333326
0.380904761491313 2.1102122874355
0.381064990581263 2.09894763607659
0.376169038626605 2.21156823210265
0.370377902725771 2.32306658908344
0.376793721511144 2.19548483761506
0.374805793907347 2.23567553615693
0.378312426257047 2.16490772735158
0.374380131968709 2.23908158200737
0.378550012100087 2.15233610177868
0.370580226148183 2.32845302819486
0.376652136176615 2.18959014758142
0.378716407616935 2.15342588668935
0.373149160311725 2.27225645370856
0.375813151948519 2.21615872928185
0.378308523115395 2.16166830345529
0.381603968554907 2.09093471395222
0.383305592519217 2.05497957089303
0.374713790384867 2.23544948915978
0.375514857294038 2.21506919599003
0.377144951150796 2.18347009182701
0.382046390645583 2.08331376697959
0.380535760799168 2.11635157265135
0.381548980475964 2.09539528601441
0.377245486179158 2.1843418911519
0.377069302551229 2.1906287908552
0.377600222711026 2.17441226065214
0.374921415343874 2.23460030103086
0.384013596005648 2.04296324146009
0.376686277905926 2.19924526270193
0.380064403591786 2.12582804276749
0.370829218343086 2.31726301940527
0.378721049464927 2.15354795705724
0.380327992485618 2.12280296120889
0.372363538724869 2.28309383526624
0.37541465670002 2.22660946434222
0.378280803291228 2.16299021336851
0.381448275657955 2.10056223927091
0.379016689125194 2.14622724889074
0.371993437244208 2.29846335540458
0.374265888052526 2.24780539541861
0.379062508491061 2.14938114330191
0.373159323401504 2.26965693422903
0.379815152184683 2.12985927157658
0.379585278430435 2.13067118058498
0.376519102166276 2.2030667952982
0.375761091272704 2.2131529495954
0.375489020029565 2.22000009987966
0.3821699074459 2.0802171452747
0.378653157461754 2.16033115456854
0.376720105646983 2.19572226192772
0.387437113389656 1.9735272342564
0.378676972155893 2.15609570312565
0.379380526073088 2.13550187129703
0.383768363389836 2.05449122205299
0.378089855457364 2.16545502030193
0.370150868917604 2.33821611177746
0.377554240594019 2.17710776124567
0.37690964206616 2.19278191159834
0.376126043284952 2.20879864686823
0.374524758487713 2.23788494970202
0.378479831624666 2.15659164114662
0.375004487449266 2.22897537566617
0.381753885318743 2.09038047016294
0.383292710624706 2.05942312851673
0.378832644625097 2.15523189182347
0.380838627813926 2.10780551553099
0.380083581254151 2.12445833855343
0.376739953967963 2.19729148321845
0.38123514550354 2.10336670931005
0.375882730308259 2.21395695737425
0.384644707286204 2.03348211956383
0.379674681359986 2.13435214167541
0.36399588635159 2.4591194989638
0.376296093717567 2.20080102700757
0.379336773207328 2.14030669756649
0.375306879573117 2.22312372607413
0.375306092079619 2.22475522804873
0.375300455806814 2.23147819219228
0.379737613662789 2.13167510186956
0.383656079278864 2.05174288403502
0.37310235783658 2.26813534163276
0.372744243962324 2.27676856716977
0.376657219084073 2.19559390699873
0.381257275874598 2.10023281030271
0.380826921949116 2.10647011134557
0.377081402286862 2.18245053683627
0.382981928546346 2.06040860990027
0.371262342884559 2.30800719695866
0.374270817946738 2.24911565290855
0.380070052608136 2.12131002421751
0.374279913624779 2.24375467341333
0.380482292020212 2.11686380823434
0.376395689702575 2.1979338445504
0.379941461829444 2.12514445608523
0.386681288584959 1.98444904271086
0.375941982233792 2.21285388566786
0.372882948003292 2.28127603201833
0.373693188922556 2.26195838777943
0.376676511543281 2.20073890228404
0.378593585199167 2.15723336018982
0.376897939473095 2.1964665066229
0.381182851181988 2.10048512698467
0.376551095036163 2.20057735198976
0.376500794834926 2.20385661982144
0.376980726850591 2.18816908304101
0.375369484052647 2.22313226299046
0.3764239579294 2.2012524170962
0.377660153458758 2.17258012581738
0.37819564897096 2.16561286693746
0.37546832374659 2.22153482791458
0.380808394866327 2.11114177713527
0.377564472827512 2.17731413798765
0.378778557763987 2.15195170225029
0.377774576502692 2.17055481352122
0.369127969626254 2.35523422071408
0.379066469534425 2.14787949349543
0.377952311668011 2.16799173722601
0.371111249053964 2.31499501076244
0.376328728313001 2.20893303582262
0.381518493523832 2.09656360399046
0.375801226111493 2.21231560721044
0.384041420741477 2.04445636440484
0.379209816767925 2.14397360493481
0.375890700306935 2.21569473213019
0.381414185087404 2.0974821434296
0.377056727510371 2.19182087221735
0.375540572669709 2.21812658248105
0.380705410695721 2.1083869335965
0.371558545740978 2.3062976804892
0.381650696787774 2.09073631233734
0.381004288307519 2.10558049600956
0.376003216837999 2.21026793017356
0.382233344074148 2.08427552103097
0.37647584108479 2.19871491743022
0.379773381058546 2.12993871204139
0.376626834999204 2.19726877194423
0.377234664278992 2.18648675514233
0.379019757066171 2.14579411357671
0.376670066616757 2.20198773514099
0.379303406395147 2.13500936360829
0.377491134967121 2.17946357984814
0.374593899987701 2.23865070553347
0.38085651802404 2.11246271876391
0.377434928048702 2.17895646129394
0.373717109778016 2.2589009619151
0.370846710803378 2.31490294010539
0.383180612800152 2.05818348763636
0.379217337423831 2.14452904001788
0.382000362738831 2.08326242423011
0.380782619729519 2.11012501227166
0.385604254129959 2.00942786262869
0.375853817159059 2.2171642217105
0.374617373834429 2.2403354435981
0.376873540520898 2.19662968068267
0.375692833892109 2.21730075580061
0.380117036500786 2.12681736836002
0.376395291097409 2.19864880193793
0.379917102583041 2.1255469664844
0.373698055738409 2.264877543816
0.375325369588925 2.22294277390695
0.379113831814544 2.13909184906247
0.378037489726675 2.16721192689804
0.381564653277187 2.08882276796405
0.378315087877632 2.15887490187319
0.377255436565452 2.18351192424368
0.381556350453123 2.09144218960861
0.380646329842831 2.11355000822213
0.373756033730929 2.26118453464227
0.374324898832229 2.24479313759462
0.378165374194946 2.16679793022194
0.370335220275614 2.32929817794332
0.377391242810933 2.17933871301251
0.377603960113148 2.18049552152586
0.377784267055805 2.16922122951926
0.37695749068966 2.18765166175423
0.378602917423349 2.15468724306936
0.375811664671492 2.21722403533912
0.374880550086709 2.2345064230659
0.372790225772939 2.27630285909689
0.374940333447055 2.23079056710647
0.373339936963452 2.2699603116678
0.380638905027851 2.11222319025931
0.383705417160927 2.04891093231675
0.373063850601579 2.27002800224461
0.380219322351362 2.12028863554386
0.381215084939024 2.09791499012916
0.375521141868508 2.2223829710607
0.377264142556868 2.18392251158746
0.371940493290055 2.29537329916205
0.385951960093211 2.00265728863622
0.373127974160224 2.26692542637635
0.375843995755799 2.21271768086586
0.385377106721629 2.01106468682422
0.383143278468108 2.0596131719659
0.378696230760553 2.14767888793542
0.37883004544921 2.15202504869111
0.37601008466427 2.2098855608544
0.374211626284172 2.24940815689751
0.381667476117422 2.09207362026441
0.37846944991943 2.15537250315912
0.377982246570138 2.16710749732035
0.378341939541242 2.15843488241553
0.374442132778122 2.24369967373476
0.376866488838352 2.18790822022758
0.379547425407685 2.13485214568687
0.379730310979811 2.13158678549838
0.373576285235271 2.2595115341046
0.378197701036721 2.16135779059282
0.377039197809583 2.18587014570964
0.382886438364602 2.06232060448307
0.37713573488625 2.18687074480924
0.377870217319187 2.17430450164938
0.386923132271745 1.98441893791807
0.379453525944107 2.14192816857758
0.37437800150603 2.2412252154775
0.375710501384661 2.2094045314203
0.382725401418184 2.07303075935298
0.378953299229388 2.15267552921894
0.378992959108341 2.14702006581996
0.38318568061792 2.05899230864767
0.379012136874716 2.1445283444496
0.37563813238873 2.21748511021851
0.384786007821352 2.02139800762473
0.379249426327367 2.14308577103764
0.378205429150948 2.16421749048426
0.384955242603851 2.02374030027994
0.377392425745633 2.17954613129336
