0.404924609382892 2.04223707126249
0.408435060870912 1.98714928842424
0.404078852304161 2.04801434461444
0.402769768926815 2.07097989980195
0.402195344822676 2.07616169562952
0.402760100507145 2.07057661443048
0.407218158892085 2.00352517023268
0.404357250264937 2.04691281180444
0.399495408917796 2.1144860409834
0.401216887179921 2.08978034026417
0.404073733446753 2.05040955799517
0.402245901358287 2.07462700756103
0.403671750476252 2.05371311073649
0.403036643973243 2.06529181338267
0.406610098887217 2.01394203939686
0.403546470746065 2.05785352532365
0.405815601295795 2.02402933059317
0.406857014758802 2.01340079332682
0.405173233344982 2.03594165308511
0.406177891551334 2.02203393696883
0.401245543621679 2.08883106027505
0.405811601461376 2.02386874321898
0.406258088513971 2.02121353587119
0.402214180966843 2.07620776669764
0.401008748436219 2.09794583859203
0.402347034758007 2.07493620161197
0.404128119707802 2.04919628659237
0.400531039715163 2.09957883540559
0.405427544681789 2.02668558592223
0.404353028177599 2.04401938645667
0.405288964076645 2.03615800237481
0.400223040817222 2.1019621211623
0.400850406933015 2.09503414184646
0.406453277556451 2.01942042688307
0.403798995958331 2.05482543879262
0.405619088263546 2.0299231043362
0.40207361954487 2.07907658896092
0.400618915955792 2.09952313148633
0.403608763455828 2.05945892410549
0.402788556844526 2.07079951944734
0.401892950369333 2.08476528329072
0.403782489653648 2.05550147244336
0.406108665342916 2.02415895296901
0.400990434133666 2.09339361423491
0.401174684066447 2.09333675840499
0.403359609171872 2.05489435320597
0.403098932739701 2.06311356050368
0.405045007310023 2.03506640847825
0.400585750025763 2.09721239276205
0.402800366078273 2.06705838958443
0.403500906945367 2.06076204407008
0.402634297038085 2.07087490752462
0.401759878590894 2.08499684939529
0.405578465470039 2.02785848709139
0.402988995977971 2.06510713076337
0.404332793221423 2.0477162691618
0.404064673930847 2.05026748260088
0.404793948412953 2.03995208815767
0.400762084451753 2.097502127587
0.405332214067258 2.03409286580761
0.404322394353704 2.04593997001659
0.402635386177531 2.07208621755512
0.402966748908967 2.06955647399185
0.405518697826136 2.02986509015953
0.404053064116095 2.05014964598912
0.40120745826064 2.09133058392671
0.401902951478329 2.07949579234986
0.401525744751129 2.08749013866872
0.402290394253454 2.07639992624973
0.403793238663602 2.05354327308588
0.403201393471811 2.06095451984027
0.404482125571997 2.04612954933517
0.402837983980226 2.06628978504807
0.405693791631392 2.02840250710151
0.402692532128366 2.06563279030606
0.404441769798747 2.0457737560127
0.402657288083338 2.06987795834545
0.402755093640489 2.06845565952561
0.404818079678765 2.0377181591891
0.404699568918458 2.04012010172673
0.406768335227986 2.0128760255913
0.403930544032565 2.05292192101152
0.403284691284021 2.06302024190952
0.399321109981265 2.11569984217331
0.401790180102847 2.0833836335336
0.403893284581984 2.05460624063745
0.402056581656379 2.0774595655634
0.403830335542424 2.05308724664024
0.401342114313027 2.0880261899623
0.402109882840762 2.07891470395075
0.405879680664004 2.02262219232155
0.403668742697013 2.05539533680946
0.401702268959622 2.08350226849878
0.403814666210849 2.0552342797052
0.403283920154952 2.06011506893907
0.401624313809546 2.08267135142153
0.403076900693227 2.06537397869666
0.404154393268517 2.05010813060769
0.405420035875457 2.0308609838862
0.405002024264945 2.04108632975722
0.405366498288945 2.03504510337996
0.404880904690715 2.04176247803609
0.403815990105923 2.05572419232772
0.401161039996548 2.09017183209067
0.403988858439062 2.05412273498002
0.400603422731063 2.09691699852202
0.401177874156164 2.09312263048271
0.402578872851801 2.07090670412333
0.403521217590577 2.05674795635242
0.403867276610364 2.05125624832081
0.399558704923251 2.11403158148562
0.402055660624911 2.08037587099209
0.402107212029614 2.07952610701752
0.401944218794119 2.08113169711903
0.406068272749747 2.02325913557868
0.406014636371147 2.02358162294611
0.404567189109063 2.04232872044182
0.402890822277148 2.06702124910362
0.401670456254417 2.08265302581132
0.402981074864025 2.06649207392599
0.40279121526025 2.06857477958645
0.401742559952303 2.08367567565545
0.404906560302351 2.04010341811116
0.403047660996791 2.06529568288549
0.401619314506315 2.08403785729851
0.406439366011196 2.01828587690075
0.399881750511714 2.10782592511427
0.402309475137499 2.07795638558598
0.403877971860482 2.05270094800406
0.404027360009287 2.05495056042854
0.404534066451296 2.04230740252466
0.406597127998749 2.0152184479428
0.400986668606749 2.09516702439531
0.401446110733368 2.08680093974955
0.405415014160334 2.02991291925922
0.404768825232802 2.04305142063081
0.402869983945637 2.06777693335129
0.402588837942594 2.07087402263963
0.40293362222028 2.06538807893141
0.403439704949894 2.05832114791271
0.402434606908467 2.07546444505087
0.402076479110444 2.07696775313179
0.404035144981906 2.05310012368929
0.404019216881002 2.05279491085588
0.403264126379278 2.063663778419
0.405930936284451 2.0245968980428
0.403704144766044 2.05285900553941
0.403260785565689 2.06411748758255
0.404355381925906 2.04622528421414
0.405464603806033 2.03081863876563
0.404033630966163 2.05113005404794
0.402469279398279 2.07769550152245
0.403243794947457 2.05942857842087
0.402909018193966 2.06510711639884
0.403592399412361 2.05459885607276
0.401364371466225 2.08975996153851
0.403920434351031 2.05047121809325
0.405944230373199 2.02384563257454
0.406153022610971 2.02147402791968
0.401337887287935 2.08450451230807
0.401502981458855 2.08926874423361
0.401618727665781 2.08668700541546
0.405174065665376 2.03265433262351
0.401515495245663 2.08752719665934
0.402289447453915 2.07463208050941
0.401897451197183 2.08323308057551
0.402845923249077 2.06844636118325
0.403095871414009 2.06892560480149
0.396548270035196 2.15298148763037
0.402356044709308 2.07482731758512
0.405584557718047 2.02889649675294
0.403227679749978 2.06338897963065
0.403739292876991 2.05510597903221
0.403020673247693 2.06620079999655
0.401958551915107 2.08112140698041
0.401688741051679 2.08481050058412
0.401514310666315 2.08346786366431
0.40604724156666 2.02060501403788
0.39887850409026 2.12369719414336
0.400846544036224 2.09711985910179
0.405082193382602 2.03323889185514
0.403903612606637 2.05195756061622
0.400253343155969 2.10206493689655
0.404763192731938 2.03911830295698
0.400778248915363 2.0994609568328
0.404739918858542 2.03895902261232
0.402307743322369 2.0742954647252
0.404142273651676 2.0481951153689
0.404337739415919 2.04880421162169
0.404225318240718 2.04987966541214
0.399870834953549 2.11035611358038
0.40474790015332 2.04283185989221
0.401620814440189 2.08948040230647
0.400177909434706 2.10328759693803
0.403269747866966 2.05912164816294
0.40330678127163 2.06207476339545
0.407859373420205 2.00069866209849
0.403095142035494 2.06172288523886
0.405449575006181 2.02925564354468
0.401557283811462 2.08469337786211
0.403502039347616 2.06270822768752
0.406176326378368 2.01722820905597
0.401463232211919 2.08568083689244
0.405447674481426 2.02842024181493
0.407320730695072 2.00357873473458
0.407390815963831 2.00492268644862
0.402094707224155 2.07791681443021
0.403801234125981 2.05351092109698
0.403093169674724 2.06695570321566
0.404117050715649 2.04818925842465
0.40365314819961 2.05399150025326
0.400433383142924 2.1024077249914
0.399148500853714 2.1180238434418
0.402526282460638 2.07098427306273
0.404820851408211 2.03964773684662
0.407503615532019 2.00266733709637
0.402779228360467 2.06552919749988
0.404200285799874 2.04633568045285
0.406740046705605 2.01376784626807
0.40457364399915 2.04476737073264
0.398741294524063 2.12446015232611
0.401475668795745 2.09018171404383
0.404280507991407 2.04856724682046
0.403230516347047 2.06378947850787
0.403657330196917 2.05581226262555
0.402732700189542 2.07065475644425
0.404158689025252 2.04930299928287
0.403771384278248 2.05472536058474
0.405755835586738 2.0303966169749
0.404420049558145 2.04694595518835
0.402932201239954 2.06600771577213
0.402071428634735 2.07769658707769
0.404804160118403 2.03652045413934
0.402524408442582 2.07143192865678
0.407120786242432 2.00580620459129
0.405724154170255 2.02905983937739
0.40582436449121 2.02563284929821
0.403978555987092 2.05287015635578
0.404469554076199 2.04448213986795
0.402606070897912 2.07410762206033
0.405116796465558 2.03530276209317
0.403847368682305 2.05353257795704
0.403987110452946 2.05153451484307
0.402422056224749 2.07683488031674
0.404014629311054 2.05390497178309
0.403576967604301 2.05702937021795
0.406580753906673 2.01407395267174
0.401137191870313 2.08908627837679
0.404591062204129 2.04348932727436
0.401219126817935 2.09073748603717
0.40137173088222 2.0865336346416
0.407476022437997 2.00244417256129
0.400010552431778 2.11028361902904
0.401184873086365 2.09101359481452
0.405968773140303 2.02325765312796
0.402069002400787 2.0775814464749
0.404355785640941 2.04397963542898
0.402690235133423 2.06983283380885
0.406283383687799 2.01985265237161
0.404790629753973 2.04119858126377
0.402366032360397 2.07147176415894
0.406951148915384 2.01215386540597
0.400855191854131 2.09537879137514
0.400823103026616 2.09605934785158
0.406807980377646 2.01299349744608
0.398437552366537 2.1274385013434
0.403270779128306 2.06147450869001
0.403817761986541 2.05456909250264
0.404798530557542 2.04110412033111
0.401408542886763 2.08912043549435
0.407418758679854 2.00162877171939
0.400525113183591 2.09935594467496
0.406579763457691 2.0154984830696
0.403293872201991 2.06223531506783
0.399640910662292 2.11240510478286
0.401865585892879 2.08010848033261
0.405392547243692 2.03148226705163
0.401285758383432 2.08891915659705
0.40669459640731 2.01229966652617
0.401416125225986 2.08601539256789
0.400089443549016 2.10302749138257
0.405330626594447 2.02678550062411
0.404755485662562 2.0410331750412
0.404408190858222 2.04628661418849
0.402232867029023 2.07690398389488
0.402354566763567 2.07165467301032
0.402716607025058 2.0686139552563
0.404642716138719 2.04054674826112
0.401614565895296 2.08119526011153
0.402568311760113 2.07118339753617
0.399818452149503 2.11101910516388
0.403022155539387 2.06703542616427
0.404221295359047 2.04575130677649
0.405758913047665 2.02808709416161
0.400515690627391 2.10045991710779
0.400696350030777 2.09710468698731
0.3999751007432 2.10621566525342
0.398999536350747 2.11900620507522
0.408446515502467 1.98968069926335
0.401343595259171 2.09035810876531
0.402165325440724 2.07803148039647
0.402577297370543 2.07213085872973
0.40559827323691 2.03055191790963
0.401406491739621 2.08894895492863
0.403383489511429 2.05882899540695
0.405832977820794 2.02805941630135
0.404041066767466 2.05040523730512
0.405810665208765 2.02345402542249
0.402602559569045 2.07284097301961
0.402940655707787 2.06643245197995
0.402618279749019 2.07092851489715
0.406016315188598 2.02307451541429
0.404519937704422 2.041491296677
0.402089040062044 2.07875889363918
0.402221092736978 2.07627748154157
0.405276666561095 2.03302929984348
0.402722157018489 2.07150149403942
0.404338891796192 2.04592842007493
0.402599586453476 2.07131088712159
0.398740501468235 2.12509358292737
0.40716021779482 2.00736541569766
0.400134703833416 2.10674656967356
0.404710850163751 2.04054356486245
0.402947786157117 2.06561025025838
0.404358158797852 2.04462404787093
0.404981168489681 2.03941911825339
0.403352039068312 2.06030614284734
0.406373735586208 2.01989410780624
0.402628093843217 2.07286337003102
0.402678818477859 2.06888770241198
0.40207712877303 2.07794097981259
0.409543929370981 1.9707430781179
0.404128842004646 2.0482211283883
0.403685469373176 2.05643159511612
0.402626056632325 2.07108411074327
0.401384362219742 2.08802309828558
0.404014209598906 2.05086604635362
0.404317747629255 2.04983943491209
0.400884971804428 2.09301561588354
0.406335594973852 2.0156602786737
0.403077217877091 2.06450067641377
0.400950726961101 2.09441551851008
0.40003790429778 2.10669793057634
0.402915086373872 2.06658130906169
0.401926922541233 2.08235715785702
0.402711702541942 2.06722564536459
0.400399346568438 2.09912188575643
0.401780994156374 2.08168900170928
0.402947592989403 2.06769465929596
0.403074227921222 2.06272173165394
0.402125236017876 2.07584792367445
0.401469872271865 2.08550359385715
0.398857352326392 2.12576178500836
0.403319310256655 2.06198190806926
0.401811585478567 2.08312495581108
0.402853081606685 2.06722001733239
0.406292746137082 2.02121241866101
0.404995108180294 2.03635626649246
0.405378455661583 2.03132430837707
0.404494542024749 2.04225277084705
0.402622075765668 2.07065217923879
0.405256426166426 2.03808148902909
0.410009969942549 1.96579231375776
0.398835169524479 2.12122262922118
0.403916895649815 2.05427010911408
0.401427729409181 2.08873994926822
0.40548241341717 2.03111329202064
0.401830505102866 2.08116026643681
0.405498243761634 2.03069571719625
0.403166762297677 2.0619939224418
0.403325239501848 2.0640574185801
0.404414694058531 2.04623537595022
0.403353115375106 2.05978014087917
0.405675961963368 2.02932371350612
0.404685056110553 2.04073500226355
0.403373902131268 2.05964654239331
0.400333076038319 2.10183999197223
0.402043982972959 2.0775505541066
0.399750412607241 2.10995149289994
0.406972050997775 2.00568577205025
0.404082584512561 2.0498535080187
0.402689825864965 2.06924367451203
0.403314721958648 2.0595116757335
0.402876523564475 2.0672299325317
0.398564439776546 2.12873149396519
0.400797076521906 2.09715525173755
0.400653543682807 2.0953218095184
0.407071720072561 2.00459114112744
0.402555736928589 2.06967556247177
0.402271657540086 2.07549141765385
0.401898044925673 2.08244247712668
0.40430239119708 2.05051704502587
0.402241157142868 2.07544736106838
0.402989770730639 2.06709177764902
0.407174377768268 2.00815083683303
0.403031856709845 2.06262300180755
0.401143362949361 2.09174463839299
0.404167657480796 2.04739973425485
0.402277822636509 2.07375106790317
0.402532333644179 2.07265193009713
0.405028928560762 2.03487415789496
0.40315807182721 2.06331250766591
0.402223167525008 2.07496179447089
0.403225491619394 2.05993930958484
0.4022702237942 2.07744813640569
0.402793941409851 2.07014448378377
0.401640293799692 2.08588571059233
0.403908935383242 2.05314918378869
0.402271053360478 2.0749492328172
0.40465813902975 2.04101714133951
0.401137444165899 2.08910961277732
0.408882865764051 1.982509805469
0.403141160971717 2.0613003739294
0.401407658297759 2.08577682318311
0.405617332790975 2.02683136204569
0.403911595705712 2.05379252000534
0.404032700201917 2.05015700472906
0.401630488965788 2.08098443068728
0.401848613757654 2.08040481134985
0.403196866373284 2.06134683747283
0.401903627847903 2.08051041205049
0.404825021616602 2.04264990710603
0.406192832793747 2.02191234512982
0.399756356491639 2.10924190031487
0.401686121396579 2.08154840363501
0.402532053923766 2.07219329036312
0.399229922181019 2.12006258040648
0.401587182584678 2.08218099169928
0.403552396165543 2.05896714669439
0.405866819240481 2.02420196679897
0.403971652928898 2.05486092836382
0.404036472019419 2.05158232070371
0.40243881199189 2.07319314718927
0.404942801795793 2.03883339449109
0.4026092595837 2.06608114588692
0.401330678204242 2.08802042732534
0.407050907276357 2.00529354798485
0.402969676549778 2.06375429646854
0.401312356237907 2.08539792980164
0.405211314891971 2.03439580412898
0.403931110418183 2.05006168668558
0.404013719233184 2.05113022708948
0.401772778553507 2.07992954499093
0.405302920162169 2.03558223947964
0.400857537600218 2.09684418068213
0.405143579882163 2.03421937202566
0.402278089897142 2.07995970508998
0.402986332507858 2.06518055253308
0.404539740842365 2.0437202412812
0.401846909461866 2.08091160483266
0.403507699419256 2.0539467939216
0.402720857367972 2.07099018931719
0.402975838286923 2.06768868379949
0.406087770100524 2.02413121179689
0.402412939800106 2.07204889281567
0.403173854003167 2.06346565644845
0.403291888989971 2.06381350442536
0.40578432323924 2.02712559487885
0.402883194405179 2.06618858758734
0.401227219478898 2.09321186087661
0.407871587838286 1.99868593996557
0.403462683080273 2.05777000779807
0.405998214537225 2.02493532640209
0.403052759917098 2.06162236376881
0.403250602491225 2.06042419079082
0.404177930640363 2.04813423392695
0.405244898167808 2.03409884839156
0.40272095359052 2.0722790181999
0.403912698844895 2.05187463296112
0.403104247785106 2.0623682293334
0.403130254476396 2.06400919205275
0.40435287013153 2.04707954476015
0.401894465186119 2.0790941197242
0.400426735256551 2.10121256525191
0.401888510533404 2.08186850168472
0.404901087147623 2.03800853121694
0.402910090369893 2.06861114921368
0.400182953070274 2.10310371999254
0.403026804784277 2.06548077133983
0.405234836318404 2.03124039060897
0.402034754073925 2.0769816757928
0.402671269678955 2.06834443885351
0.407104213836478 2.00346477366389
0.402691051166357 2.06768286767418
0.402551909820155 2.07107367291251
0.403642045411345 2.05859864030143
0.402491227764782 2.0740369240502
0.405362501630784 2.03136446557753
0.404102945013375 2.05327442386332
0.401061447995213 2.09061877034155
0.402199364786292 2.07724058404645
0.403044504798077 2.06619998752664
0.403174558920253 2.06335146958051
0.399977251681362 2.10767865141937
0.39846980043759 2.1266239180899
0.404779385041776 2.03829146450791
0.403275663721813 2.06194969492796
0.407509866873086 2.00242722478961
0.401921404636164 2.08219117525655
0.406084253192352 2.02121009125996
0.406256417884778 2.02011580060342
0.403523496006053 2.0543940658785
0.406740528904645 2.01330142021295
0.398576968206821 2.12704007606233
0.404177081470752 2.0488093335103
0.404585994628978 2.04363079216565
0.401999281202437 2.08017464552126
0.405658676460562 2.02709572396645
0.405786728992192 2.02687952201299
0.407333829529913 2.0033387563977
0.402478250640397 2.07074975619358
0.402966417103415 2.06662769473768
0.401659202305483 2.08459867125331
0.403178844907819 2.0625878076886
0.403937660806184 2.05292474020504
0.403660012583077 2.05733555760808
0.400461252049574 2.1018234512459
0.401830102610882 2.08134721373369
0.401867743993882 2.08373256342984
0.397610395629105 2.14276137230618
0.405101949173397 2.03817601077509
0.40251728645473 2.07402436139695
0.400405885988387 2.09977463334728
0.403159301055751 2.0635542013049
0.402986279981839 2.06713705922455
0.406544528713299 2.0174538228852
0.402852832292656 2.06675292057452
0.404748684692998 2.04025142486251
0.399570330637878 2.11580911754852
0.402852337661939 2.0672902036592
0.40399080869246 2.05285582615715
0.404612737496845 2.04468558956722
0.40502163306478 2.03644743591662
0.402314009310799 2.07426243029619
0.405087885838592 2.03960463315799
0.403273645798784 2.06324280067283
0.406285309484191 2.01860615036331
0.406166319726417 2.0205168744498
0.402430432516588 2.06919497020718
0.404282312483633 2.04612510867939
0.405611365576207 2.0297648693206
0.403015270476984 2.06528074131594
0.400358931748314 2.10510065331571
0.403790496583292 2.05505397725471
0.403028658114354 2.06705651426023
0.402815066316871 2.06810627747028
0.400855837448817 2.09796173057983
0.406152272632809 2.02212738331908
0.406813053794458 2.00914056834541
0.405906603799558 2.02490957413057
0.402896131700168 2.06532917413704
0.403241264976054 2.05667371705465
0.40605355174064 2.0204294015335
0.404087784054834 2.05087381242188
0.399335131078368 2.11569752104579
0.404672346426355 2.04048254501825
0.406270615338247 2.02037788714236
0.404560052066956 2.04622228074839
0.402689165208893 2.06874868788764
0.402664180572136 2.07166524259545
0.401268862020193 2.08734920149809
0.400847561815657 2.09528243169091
0.40641695315868 2.01391958163451
0.407046926782252 2.01157035232273
0.404713905099147 2.04070623123324
0.404227808522855 2.05511195319427
0.406748533843189 2.01694860047106
0.403821099366914 2.0547354094076
0.40523994400056 2.03535326884329
0.39958954262336 2.11220831501519
0.405260496435974 2.03560562046679
0.405551106745573 2.02705739841313
0.405797322510667 2.02695668068851
0.400523561834795 2.09932691375371
0.404407845217664 2.04390377709608
0.402438729606665 2.07334706384091
0.402810422065556 2.06687318791918
0.405198286175787 2.0363437258669
0.401172007617122 2.0906510616042
0.401225075481555 2.09109647696243
0.402467094907228 2.07364309177511
0.403092964479434 2.06135241591672
0.404695682237895 2.04029622523791
0.40255943040155 2.07190294582744
0.402384692127451 2.07489542386419
0.404454974811249 2.04767897952377
0.40313310157101 2.06202155606401
0.404301053465755 2.04614153780366
0.402662691904111 2.06867517318607
0.405152663229773 2.03325283107099
0.405135876529776 2.03687885793546
0.401526790829249 2.08793455036327
0.402637741235674 2.07088596036477
0.405265670102854 2.03467359693724
0.405269932139015 2.03585116210951
0.403836906071485 2.05502252870806
0.407502989971181 2.00473488974048
0.401614265305199 2.08628861102757
0.404247597993425 2.04336489343458
0.403672773984447 2.05506725870279
0.403820882953861 2.05354433136876
0.40444996556499 2.04521408697449
0.402376475353224 2.07648295883331
0.403927909308337 2.04986466346196
0.399461425041821 2.11444560716195
0.40178920400944 2.07995557765816
0.403727177899157 2.054322781897
0.403170229328302 2.06368658477638
0.404037038678516 2.05187735320445
0.402717759525437 2.0701948498046
0.403002959152085 2.06522272395269
0.403282714285312 2.06220595624422
0.403149447081591 2.06485693964067
0.403959871949582 2.04794660077256
0.403969318720098 2.05011174297956
0.401596244820416 2.08907052008499
0.401973213949194 2.07996300752692
0.401188394317775 2.09175682275689
0.401149161733308 2.09240423640982
0.403072838704899 2.06287053670752
0.405546242426572 2.02936145250176
0.401645169316204 2.08327208666156
0.405800543289986 2.02635752549444
0.402413392000006 2.07401830934849
0.404185647709268 2.04867094943767
0.403563816159701 2.05905302357459
0.401753577750948 2.08378422004929
0.403582619325824 2.0573388364307
0.401391035704859 2.08692306389129
0.403404921193877 2.06038489898525
0.407670506077902 1.99986429549655
0.401313002131136 2.08363707686858
0.399184888314075 2.11786347862174
0.402025457974313 2.07922051640449
0.403497320389571 2.06049048372495
0.406574458627427 2.01222380865508
0.405203152724825 2.0384920494221
0.400424840956115 2.10249659035826
0.402726271970135 2.06881811721821
0.403481340321965 2.0589172952382
0.403356942426005 2.0601343013082
0.404419882905737 2.04453039054563
0.401766803974066 2.08090251562771
0.405019119239571 2.03862186294077
0.402138387071696 2.07968332970459
0.401927839766514 2.07903299405122
0.40364926585912 2.05490057681336
0.400897120520463 2.09509414928001
0.403849713525015 2.05419945966513
0.402168560910269 2.07757412245439
0.398043872212473 2.13694515842162
0.403943658726647 2.05195191240216
0.403654788765054 2.05674229932941
0.402489578654511 2.07481094411894
0.403900263119951 2.05380385389067
0.401722424034982 2.08285509332139
0.400990796940974 2.09600183935181
0.402263599797438 2.07561556613727
0.405358014469442 2.02986078357089
0.40374953798455 2.05329357381328
0.402248125278398 2.07664532935851
0.402608483733107 2.07098186574532
0.404103571633867 2.05005209473173
0.401772839265514 2.08116703614605
0.403151992312563 2.06498427999442
0.403013436777924 2.0640722842285
0.405970243504728 2.02481572142743
0.403530207661235 2.05751885076402
0.398895645706387 2.12119031412156
0.40086713365725 2.0952523654205
0.401886956120646 2.08083034346182
0.404275443816158 2.0459979618246
0.402298552363103 2.0768580972704
0.404772298485646 2.03860574634304
0.405019378392683 2.03608391622547
0.401530137897295 2.08697020428859
0.401713704642691 2.0838651271703
0.405741738885803 2.02987811512326
0.403448817418444 2.05784360463155
0.406534773353012 2.01546997837536
0.404305674847026 2.04516254330343
0.404005476240844 2.05275367010988
0.39926770668637 2.11685846787266
0.401475645243537 2.08464525206825
0.399870415897831 2.10951244820391
0.402414723467706 2.07166133824346
0.40207438298368 2.07788969645187
0.400159555257351 2.10727369994512
0.403154341202315 2.06309881511394
0.402720486951318 2.06826508617235
0.401760269668064 2.07778428454944
0.401635261167024 2.0831726415946
0.401466142682006 2.08571715445517
0.401466491454491 2.08554827915709
0.402670444818269 2.07035595165476
0.404283991193021 2.04810428004418
0.40328764922781 2.06096304343382
0.400575800438464 2.10006719017557
0.400271914731557 2.10348998249073
0.404978217823361 2.03544206278896
0.401754224505568 2.08329559565698
0.401056445557167 2.09303995734251
0.405786223575148 2.02686522884357
0.402891031303016 2.06509274237085
0.402645462663901 2.07077410790981
0.401838930314249 2.08107318707364
0.404616105592937 2.04328959911107
0.402955648210091 2.06758660368719
0.407460707320992 2.00188637744992
0.404336668360598 2.04789090701341
0.404914383326419 2.03863887271833
0.403867029245973 2.05322252522868
0.401396682519619 2.08771717773946
0.407482472388432 2.00201566818526
0.404782195910001 2.03885238232813
0.402521493122059 2.06964466559428
0.40326124085484 2.06222105437059
0.40344271563354 2.06159373168024
0.402482352815714 2.07117646551889
0.404986662422514 2.03972494813688
0.404738203367641 2.03963653003629
0.405492226854262 2.02955156222333
0.402385499256108 2.07756142165081
0.403483721598666 2.05990004547836
0.408016209034311 1.99674672705387
0.405787743962245 2.02530915287041
0.403391351243603 2.06121426088565
0.406419102035549 2.01698582652274
0.402696826659088 2.07088328160328
0.400676225001085 2.09598679313938
0.402117419258059 2.08086728539851
0.401005241245609 2.09311478618404
0.40455184758345 2.04804190811936
0.40405976704269 2.05114151887798
0.406122596264264 2.0234055806245
0.403009048839116 2.06336329153136
0.404577386777627 2.04502411905992
0.401298284921733 2.0878234457351
0.40227306157647 2.07442321212612
0.404889728848781 2.03692363830262
0.404525630691923 2.04330271571488
0.406064635959832 2.02288819991406
0.405809655019436 2.02535195755626
0.4031365636595 2.06233902619192
0.402438414064971 2.07433522172524
0.403931013984124 2.05172421989058
0.403810620810775 2.05361270614968
0.403494646728469 2.05740330779169
0.402467935956482 2.07015733295545
0.401183247038936 2.08805436329565
0.40358225719833 2.05878038406292
0.399000486892972 2.12140729697313
0.400452519618405 2.1040146629114
0.404567625304715 2.04286136825467
0.400853427181289 2.09459816923399
0.400927193563257 2.09220612449532
0.40174588213683 2.08296825348863
0.402188446812067 2.07600824031463
0.402703536240577 2.0698956256092
0.403364524070761 2.05715669705623
0.404024447532392 2.04767714507998
0.406846532109077 2.01291440219002
0.403834203984727 2.05310226511507
0.402001098500973 2.07984523636608
0.405030143462037 2.03459781320747
0.405536412538054 2.02834814727228
0.403503575847849 2.05874517773302
0.404704710744272 2.03946504456499
0.405146929409948 2.03633131865401
0.40255808796028 2.06867901151414
0.402014530798631 2.07673875460566
0.404149951553774 2.05234164187533
0.404421296891584 2.04407156255244
0.400186118242116 2.10617700376451
0.404957085237387 2.03810338523576
0.403135863700369 2.0658329660322
0.403063578722327 2.06139557311757
0.404519978454882 2.04379625771109
0.404305912798555 2.04941153993432
0.404190104325453 2.047786867891
0.403707211408797 2.06075820249107
0.402719713483464 2.07019165723279
0.404411954329491 2.04456806451368
0.402030227172926 2.07956962007469
0.40374290773791 2.05827305381079
0.405565512633653 2.03029221524352
0.403891587004452 2.05157325156223
0.405611391616161 2.02884307329528
0.405645788096572 2.02789786522977
0.403075304698515 2.0638348137632
0.404917017203398 2.0388479975371
0.403999220668966 2.0503401742858
0.403618230199184 2.05552719198287
0.402204294439345 2.07696007259251
0.408442028536693 1.99243299718044
0.40328074100886 2.06213135643048
0.404165544697749 2.05035544930836
0.401364689882721 2.08801961925691
0.403535694016751 2.05422353699388
0.409166518928924 1.9802734873298
0.401449203648721 2.08624147529002
0.405682688493411 2.02747860736295
0.404488406994484 2.04220652766882
0.40285586605732 2.06582173619888
0.40396345677946 2.0516452920488
0.40283263188483 2.0669884052004
0.402692061594036 2.0667463500472
0.403579566567571 2.05468842340742
0.403826059370195 2.05593729771183
0.405329213748633 2.02948544308711
0.402750177500066 2.07077575090798
0.404042760750941 2.0515914768184
0.403993628321219 2.04882184099557
0.406017161897788 2.02246348652845
0.402525048714304 2.07137277331622
0.402087866568206 2.07966614268705
0.405361726208295 2.02929856261484
0.405585519967882 2.03049555545575
0.403369521997439 2.06217014173997
0.405230312708171 2.03327307230247
0.401846749895258 2.08088516868316
0.402235888498765 2.07528266657242
0.407252505644235 2.00487030017767
0.403333038087688 2.06253597689882
0.403321465767172 2.0626595933159
0.405380617365678 2.03250393301533
0.403213534477215 2.06064767347861
0.403657444961647 2.05270017889037
0.404965154222668 2.04033700946339
0.406327912335521 2.01740269321609
0.402618930102351 2.07072408926586
0.404874391296182 2.038109397517
0.405989891589386 2.02027009545951
0.404112059516342 2.04989329842514
0.401276826843309 2.08647533779939
0.402593489502268 2.07133016513492
0.405619547556601 2.02913702398533
0.404615135099711 2.04441533880545
0.400167292459606 2.10691404109847
0.403441617565621 2.06214381583906
0.402494303910595 2.07183498318964
0.402807811485589 2.06680326893161
0.40402845072896 2.05236197573314
0.404883757897587 2.04198998642483
0.401068826343806 2.08550980884753
0.403567029010849 2.05506531731322
0.40207764625392 2.07870741177604
0.402404664488946 2.07424542223795
0.404563533173756 2.0449983890172
0.401959719459289 2.07617873588273
0.399244385288989 2.11883987749163
0.404778047622941 2.03861995021321
0.404666597710784 2.04383809123614
0.404468535031463 2.04148289519237
0.400960213551611 2.09432460461749
0.403173473316306 2.06432762079502
0.401570845923402 2.08604141292362
0.400241906831363 2.1035429402942
0.401402974040442 2.08749913228092
0.403978793187523 2.04969293012136
0.406199386889121 2.0192147251194
0.404098232283259 2.05211854197285
0.405252686700264 2.0315707519962
0.401799254751505 2.08179148325064
0.402781570257193 2.07282854699149
0.402597652952635 2.06878749574098
0.402496579714185 2.07193393048692
0.404432847307656 2.04312984377846
0.401061413683075 2.09048142871583
0.402206720602948 2.07509807942843
0.403412787095646 2.06361551285363
0.404162166351446 2.04802603429916
0.400044449437781 2.10420444228728
0.404041614170774 2.0494383794322
0.40191720994083 2.08039392417888
0.405074329452192 2.03596536237499
0.405317225566015 2.03593179632609
0.405422202194949 2.03165808453644
0.404089440434164 2.05080483687938
0.399723829364588 2.11003745446732
0.402837715929839 2.06961184921465
0.400612192875068 2.09800989602387
0.402705817008954 2.06662699940998
0.399843756469993 2.10914454147359
0.403603927091577 2.05846960145574
0.403162672828945 2.06383959364449
0.403274392171218 2.06154647898214
0.401526548031226 2.08583628609809
0.403382274507923 2.05986463653024
0.406712869371044 2.01609736465547
0.406797273202452 2.01024406055555
0.402265252731844 2.0760850026807
0.403571602902281 2.05561927377274
0.402920011706928 2.07086651131477
0.402726266039235 2.06817677453042
0.40270767684646 2.06809703952203
0.40466553215828 2.04334205323148
0.407274216483073 2.00217230122964
0.400679330621543 2.10009792475632
0.40724773019235 2.00640275813695
0.40430851099331 2.04774825622186
0.405613223315 2.03077576543492
0.403488932273804 2.05748643521775
0.404773417279572 2.03964305969726
0.400796847919147 2.09504899834374
0.403997381872158 2.05073974388546
0.402674986472348 2.07362484534093
0.404029796224237 2.04964690502239
0.40418134842009 2.04878219127887
0.401664182935843 2.08506846673679
0.402414765480391 2.0738803354693
0.405054115597601 2.03666193286678
0.401784387300983 2.08098567186828
0.405117297013978 2.03378831794397
0.401325757671683 2.08582755796613
0.403787770367306 2.05545272558232
0.403238312180108 2.06082787121575
0.405853969730705 2.02644494561177
0.404411041572859 2.04662379062842
0.404779268253512 2.04155581694175
0.402125565464477 2.07692023711822
0.403865337427976 2.05351617794654
0.403310208017195 2.05912192489438
0.406025429604593 2.0257764301161
0.40324425796437 2.06279827967454
0.405186543499771 2.03343089910458
0.40338445871812 2.06182710518577
0.403753730885343 2.05520862535306
0.404583068467734 2.04454231675175
0.401858898604254 2.08095215935259
0.404546669324051 2.04332052049156
0.402097345811758 2.07746092204698
0.401098936935355 2.08934114787063
0.406300428526341 2.02330221950295
0.401982802504847 2.07817334487204
0.407992681110718 1.99557563834371
0.404867826819126 2.03784427641437
0.404946001914693 2.03945752117149
0.40461182797635 2.04337632259584
0.402145829325887 2.07517360343114
0.403628436024462 2.05801811251211
0.405574228017687 2.02925310887866
0.403825219419334 2.05151353302508
0.404447758222704 2.04643646806314
0.40496806621633 2.03620072153571
0.405642261363759 2.02744963349192
0.401875488188283 2.0801283087907
0.406927068218606 2.00830490752887
0.404920599682238 2.04191715074546
0.40178855575056 2.08242479371093
0.404334083559536 2.04685370096671
0.401380204735086 2.08362031403388
0.402666451336539 2.06994876068809
0.404793280322332 2.04179180857877
0.405848486284433 2.0275871898303
0.401977115962116 2.0814433494856
0.405211132458599 2.03318191136501
0.403432459821238 2.06272232504678
0.400661546182131 2.09564675717704
0.404219409714859 2.04934412283866
0.407833802614171 1.99846780976048
0.401536703245287 2.08319914949422
0.406361999891547 2.01906371017735
0.40531553917587 2.0356517150503
0.401294003927473 2.09211391709198
0.405364564674124 2.03094804302446
0.405394268774213 2.03422986475287
0.402212931352389 2.07498062393102
0.401674043181364 2.08235248050762
0.401069008468614 2.09179278547445
0.404931632115973 2.03701218760692
0.400762589212735 2.09712077424208
0.406204866538488 2.01857038073106
0.402126118316842 2.07687387013882
0.4028130482882 2.06850599650329
0.403959100087494 2.05180765247873
0.400354349423484 2.10247859225705
0.402229728808687 2.07537722790973
0.402259900910705 2.07460613686992
0.403134975019116 2.06455926837504
0.404208955517553 2.04943758460369
0.403659893897064 2.05489766660759
0.404431826289169 2.04585794710405
0.399639964875188 2.11293952361477
0.40348496688271 2.05756610937029
0.403840176515429 2.05017694018209
0.401774465901407 2.08308708279781
0.40458170343395 2.04336669721808
0.401147015847565 2.08879344791851
0.404669884418695 2.04022028917857
0.402130418626657 2.07831452478559
0.404246421727896 2.04812363243515
0.402972785267137 2.06639693920086
0.407286208232473 2.00429788202075
0.400943218821993 2.0963085733273
0.405444504695531 2.03222803144071
0.402069652163115 2.07938043679348
0.406945526702396 2.01032564263661
0.40474650860695 2.04258224322609
0.402195957392421 2.07452321662875
0.403223141666807 2.06262177948517
0.403643072788177 2.05932181226955
0.402254826628679 2.07644902512292
0.406518506777508 2.02008621734839
0.401900997930342 2.07889425711854
0.402499166928458 2.07146701968596
0.404093629424209 2.04719350234298
0.403608096184676 2.0575152432565
0.403186288405774 2.06432136171314
0.402465855176112 2.0724257492048
0.405385499478897 2.03171058608271
0.402306782060564 2.07564396755128
0.402202313277466 2.07496316069697
0.403044708124857 2.0650788572723
0.405203930393342 2.03361558954104
0.404588833406307 2.04332396515323
0.402645289913666 2.07102009152021
0.403799995809901 2.05444597722348
0.402467870560061 2.07222195737798
0.404473303590747 2.04157312297579
0.402088194762479 2.07510887130151
0.40224347947566 2.07465344908098
0.403576162095535 2.05815553222943
0.401022819040874 2.09403799133111
0.400928775852571 2.0950565846922
0.404951873407647 2.0372211192069
0.404142627992741 2.04874200629121
0.403754622429547 2.05658779120825
0.400545533140445 2.10199376863767
0.403178748413785 2.06416635113131
0.402001317448042 2.07756559323116
0.403623358929487 2.05415623528199
0.402808436998458 2.06949724315566
0.401968468058769 2.08092183242639
0.401823696329095 2.08228293305587
0.404352115699213 2.04506046916285
0.403520067060439 2.05744809884291
0.402220750497403 2.0724794706595
0.402189030101636 2.075006751223
0.403244064421687 2.06506146305776
0.401690265128321 2.08366856469663
0.403135241295909 2.0619077546705
0.403709677826497 2.05899648587045
0.404460793628369 2.04064395834007
0.402024479329156 2.07835649259963
0.40403958207828 2.05357373088751
0.404683176654855 2.04519052739077
0.403385526014039 2.05952441687773
0.401644990378712 2.08079052533221
0.403017123485228 2.06750856785268
0.405697217212467 2.02731246476063
0.400432248849271 2.10170034814676
0.407891342107488 1.99629609574787
0.405011344605634 2.03910872912936
0.404584925533609 2.04424103172292
0.40361920041922 2.0582556418018
0.402103801514179 2.07807457249481
0.402518383566794 2.07208697535163
0.39960027035777 2.11296134262038
0.401048031020907 2.09295240636279
0.403107723115135 2.06634166577038
0.403774433323186 2.05284923439256
0.403128923016085 2.06290483343008
0.404971546534253 2.03737273376923
0.402640880562024 2.07046598254317
0.401469594947379 2.08606101951309
0.40284882187124 2.06631174424502
0.403165665740791 2.06437886460452
0.40269780542472 2.06835169647883
0.403511618786167 2.05955600935847
0.404320853124699 2.04746948996032
0.409684513874866 1.96915777491132
0.405187771705859 2.03658856114702
0.405967911221634 2.02423210402397
0.405739858261158 2.03089496120186
0.40514119838408 2.03498519044025
0.401749492489178 2.08352627154027
0.405238108741588 2.03551607337161
0.402634241049453 2.07087670975439
0.403818653994498 2.05594824415333
0.403205795174843 2.06137569565309
0.403566756198589 2.05338039075255
0.402246747017547 2.07599580411975
0.402934984249023 2.0677617607452
0.402836853512045 2.07035891313561
0.398791792226381 2.12713346848653
0.400419714755223 2.09843609399896
0.401524362219227 2.08521754419167
0.404984040297636 2.04082056906039
0.402406253056341 2.07030442258914
0.400110187115484 2.10392239159089
0.402320977049571 2.07777172961765
0.403476942650629 2.05797277728174
0.402339857011556 2.07321128564066
0.402505240565522 2.07084317415729
0.402035632733805 2.0794092657238
0.403212245701091 2.0614682108713
0.401573411730477 2.08710812997687
0.405422487981086 2.03245744787118
0.40446609584719 2.04448490407225
0.400624683284943 2.09895078523618
0.404127883243444 2.05226200085602
0.404405139899227 2.04418341219106
0.404531246524072 2.0450927289147
0.401214974168577 2.08991439674378
0.403621544337783 2.05463849670098
0.405032411989707 2.03951051073849
0.403684688398158 2.0573242727446
0.406093388200853 2.02335647132277
0.403008389804237 2.06422599804678
0.401613075631646 2.0842854777887
0.404283061684522 2.05128861390465
0.403588849134578 2.06109020628281
0.403108875988935 2.06319232334432
0.4037510302773 2.0577615786284
0.403075197038242 2.06503034593814
0.405582661921593 2.02910794072989
0.402464683698039 2.07253679369402
0.40094713393914 2.09287581383772
0.404357330626903 2.04404770879949
0.401357217798664 2.08935439841015
0.403379320638471 2.0586936541777
0.407605950339636 1.99881391073529
0.404349969482476 2.04910268881252
0.403893453807409 2.05508097629829
0.403933016250763 2.05209899264888
0.403793040552897 2.05178480707378
0.406645586058152 2.0157115415278
0.406376489259554 2.01913128632894
0.402657226302624 2.07074222911324
0.406285189823782 2.0188345912995
0.399753462699032 2.10671287642707
0.403675496356021 2.0547568368471
0.403000003807005 2.06423072680906
0.403524236993091 2.0597175213436
0.403675379658713 2.05866021021644
0.406209368498308 2.02025764305169
0.406801287838881 2.00964568372266
0.403566867399572 2.05505210658601
0.404865496198506 2.04029388325149
0.401564382731907 2.08573655164842
0.403567477643899 2.06077520268776
0.401419363126524 2.08909081874251
0.404216964929602 2.04779927963054
0.403808494688785 2.05583453949652
0.403208266796861 2.06271176141047
0.404803788516465 2.03889256029973
0.40157263482962 2.08646269085512
0.399725019221023 2.11249699692054
0.403033797547399 2.06559651782597
0.401521115405338 2.08505056662813
0.404596494323896 2.04547429870394
0.403601667360821 2.05506191560012
0.404331370163547 2.04650962469152
0.407026742656919 2.00965938200771
0.404150826668447 2.04710380847097
0.402955570439413 2.06618097610942
0.403644179149737 2.05503183740593
0.406488019495099 2.01805340960688
0.4038531775588 2.05473366020039
0.402214960448119 2.07636788905606
0.404395596062433 2.04244045776833
0.406147635231591 2.02086622661094
0.406583649184455 2.01085251776232
0.400808992763908 2.09429556468866
0.402760916097667 2.06748006466137
0.404436155916906 2.04442774579586
0.402643051507539 2.06755742004944
0.407114644573968 2.00731843540202
0.401015247859665 2.09396380264329
0.40332284230186 2.06449731283373
0.40569929255953 2.02461295950713
0.403998832712214 2.0515139980664
0.404071914375366 2.04929936007032
0.400727368957968 2.09809480163059
0.402716162531033 2.07076194863273
0.407372686933414 2.00713828151424
0.402551747019806 2.07175044155104
0.402746205290776 2.06850415740572
0.402328478687173 2.07194058882997
0.40531540319316 2.03299161620045
0.402768071339874 2.07046661063051
0.398742961207241 2.12547519895769
0.401051522562385 2.09108832800453
0.402765550647677 2.07236961478833
0.401291524486615 2.08977795511512
0.405839366150134 2.02453950973296
0.403390750931602 2.06010485090825
0.404204674895975 2.04739907797517
0.400972584258264 2.09114056548226
0.405379689509709 2.03305742947676
0.401776205889116 2.08132960242252
0.403768346771808 2.05756411389444
0.404821397344318 2.04085601236518
0.403646448963039 2.0564308296871
0.408150690597474 1.99350412396179
0.406524739693257 2.01571811162809
0.405509539943905 2.02906532784796
0.403648252247569 2.05809439929195
0.402171418633977 2.07692928084963
0.402674974059108 2.06891241491235
0.402095680407289 2.08073564048568
0.403225024964037 2.06225871463625
0.399540779757365 2.11192929989862
0.404045799033823 2.0514497449559
0.406027101006846 2.02248954265987
0.402668573319135 2.07494678828726
0.407885174672731 1.99869653946083
0.401094407062916 2.09491293268486
0.403916977820529 2.05594587942699
0.405534083323429 2.0296993781546
0.404111271722377 2.04921539391979
0.402488764324879 2.0744321357466
0.401208155074952 2.09048239846806
0.404913031596504 2.03830734368349
0.405881922290064 2.02507482061423
0.405981407697028 2.02968546431869
0.402534975429313 2.07246220598519
0.402704504286274 2.07293659344824
0.398149527812039 2.13140173392472
0.405547003351812 2.03035604330856
0.406934861435014 2.00699501117822
0.405160281941737 2.03636068992704
0.402793218329607 2.06722109037538
0.404029519696194 2.04926981906068
0.402886743813222 2.06501441450438
0.399878046744328 2.1069611673526
0.402116296954291 2.0781648929674
0.40355477951058 2.05780387163947
0.402276241544553 2.07640503245813
0.404893826574888 2.03956882147724
0.405797639845806 2.02165233945144
0.404741191319277 2.04383085574886
0.40169543742302 2.08289772649264
0.406247583276336 2.019173068263
0.401064786691609 2.0897590466112
0.405391640975678 2.0325762300723
0.40085244958425 2.09583301654514
0.403361393540052 2.06019089930921
0.406371057647218 2.01831137561567
0.400870658107365 2.09787553979996
0.404342205256875 2.04637402203423
0.400975852704635 2.09386890553457
0.40252095481545 2.0729754945452
0.40030716097723 2.10212129155877
0.401451246975652 2.08690806915289
0.404459024211679 2.04585570542043
0.40310348558184 2.06379920079089
0.403718963480847 2.05463077060846
0.408524432049709 1.98688451822664
0.400929067912402 2.09485601269249
0.405681952638228 2.03051901058596
0.400027213813182 2.10880957119511
0.405123453637321 2.03708111657915
0.402335651128084 2.07296426110391
0.404496490859577 2.04465611977675
0.40468595169506 2.04149612035947
0.403916199094529 2.05267400404344
0.405909582738478 2.02238731765214
0.404304089494393 2.04707956157577
0.404694288956275 2.04433614612632
0.40254099929519 2.07263334131815
0.404313980965528 2.04761164773298
0.400794783133783 2.09481625287875
0.401992016179995 2.08264234645976
0.402528554209687 2.07286675702348
0.400324641346045 2.10073643872668
0.403191224652959 2.06271297264511
0.405167609481432 2.03643758514198
0.402077409356354 2.07697611627843
0.402383843716941 2.07475363655037
0.405338139659203 2.03400189303335
0.404014764320839 2.05090995194066
0.40335993087288 2.06039582000733
0.403718481097403 2.05388537859541
0.40326287556866 2.05898630022461
0.406647111110318 2.01893832440543
0.407083607138098 2.00921151102254
0.403464637543957 2.05836128138846
0.404126732515263 2.04946346646933
0.402001460352557 2.07797716377742
0.399038712247356 2.11984535447979
0.407230075305929 2.00595881184293
0.405190245215827 2.03373408555476
0.401793718598748 2.08176406103634
0.405703066592427 2.0273652505896
0.402670834248422 2.06905437213908
0.405814653604248 2.02745849054045
0.402403523111839 2.07321414682442
0.405725728715795 2.02591112984155
0.400450898647036 2.09772110206506
0.405953903719755 2.02265834903605
0.403393895760379 2.0635096137145
0.402883144730385 2.06685406449512
0.406547429325522 2.0117347591837
0.402355730141469 2.0732249209374
0.401729684556539 2.0835879730004
0.405203633653888 2.03502847640583
0.399624107782247 2.11540105261714
0.40433780531927 2.04358244127515
0.403425941410398 2.0580473814354
0.401880191110242 2.08132736604898
0.400667585322142 2.09709927860854
0.401410201609568 2.08785577258178
0.406161734523257 2.02164485889654
0.398635775821707 2.12722703363486
0.405351671071084 2.03277683217129
0.402090183455721 2.08065471180144
0.399923308639708 2.10899649725779
0.401095985056682 2.09221154155483
0.406677527224369 2.01181392338927
0.400409897253853 2.09851224970615
0.404932508929277 2.03722294613726
0.403964297401821 2.04899770110887
0.401852920513691 2.07941017699579
0.405674470844103 2.02662234914763
0.400806000762063 2.09656969757275
0.404473506590113 2.04421689147719
0.402032320415248 2.07807352355005
0.404149738056232 2.05338980643378
0.400987213013145 2.09597017104568
0.402564854768733 2.06880252236125
0.402868399009811 2.06542962131754
0.40376238246488 2.05714696420976
0.40392376402519 2.05034333621534
0.403957718639453 2.05527507477969
0.401997088930876 2.08016349339047
0.400362782410958 2.10289897052095
0.404634593256634 2.04152922314304
0.402375928204616 2.07410290047802
0.403947745573275 2.0491574382105
0.399779905334981 2.11105452258909
0.403733889129565 2.05525459125323
0.400933730262723 2.0964835221108
0.402535555009068 2.07350094800214
0.40314810199542 2.06334086048262
0.403812436842017 2.05131594094045
0.403689601828739 2.05155583512216
0.406587153408787 2.01513280146319
0.405807567765875 2.02728130542248
0.401702191774513 2.0837236209037
0.406014391967641 2.02310301757718
0.404230578854732 2.04927707656398
0.400868299019772 2.09434349305377
0.403916923760053 2.05452980386591
0.403143739956105 2.06664817963316
0.403393795966284 2.06152326191875
0.401781717394931 2.08086260094194
0.406011821475085 2.02556935417752
0.401222067087814 2.09048095789515
0.40904065067591 1.98358524803859
0.405671313433447 2.02657135012365
0.400351297470982 2.10395823683237
0.405379716165591 2.02865309527989
0.402390616684276 2.07430801621375
0.40096165167983 2.09580778813217
0.405677336643494 2.02885379168836
0.405913911076405 2.0233794199383
0.405516948986409 2.02581142852329
0.404569149319582 2.04132784074728
0.40461939890426 2.04251684491457
0.403534665257423 2.05817310328256
0.403822553392019 2.052356172081
0.400111108871356 2.10485293298834
0.401328991311298 2.08670691750825
0.398637941490193 2.12673892559672
0.403448226150803 2.05907942963004
0.405648230264418 2.02919682185833
0.40350706126847 2.0586455313266
0.403248333956883 2.05982019843843
0.402935613193607 2.06643409751937
0.40758166758075 1.99981460224273
0.407562348318361 2.00256949831658
0.401345258640121 2.08674641174963
0.401045946653066 2.09329088775993
0.403388415170456 2.05818456541564
0.40028375941106 2.10336278686968
0.407172360148252 2.01011899290406
0.403701817895312 2.05253310478177
0.406142040491435 2.02464631852051
0.403942487219295 2.04899278910109
0.405452959636947 2.03081681525203
0.404777953943428 2.03962457227179
0.406253520784636 2.01762580172701
0.402844835764316 2.06454160973554
0.405020163015852 2.04008193645438
0.401712878255758 2.08500456854316
0.403575940336424 2.06010273478541
0.403369934066008 2.0576454259836
0.401227135287965 2.09019636003711
0.402236984260832 2.07639454132626
0.401770821189928 2.08242232647895
0.404621795488675 2.04087111580173
0.407635967302008 2.00309262121157
0.407279997742605 2.00638988799436
0.405269554999451 2.03331763137272
0.402175598767429 2.07813746811815
0.403030841750415 2.06664240690249
0.402757422752322 2.06555025312038
0.399762316239284 2.10797233745427
0.402896319916257 2.06668964287795
0.404971044665668 2.03997986111842
0.409590486710139 1.97600986558107
0.404031999493167 2.04996420542058
0.404974318201196 2.03727532944779
0.403624226955593 2.05756470410669
0.404220825722763 2.04608479944542
0.404777438752155 2.03986069019723
0.404438491687516 2.04735016252258
0.406364793621473 2.01744991863924
0.402084964424902 2.07853926447013
0.400188426098721 2.10431526000894
0.40424066007578 2.04810544491745
0.405436038728019 2.03366084135348
0.403299603047787 2.06185558736845
0.404193576092663 2.05262408874289
0.406321326508769 2.01958652474134
0.401285309769686 2.08886308068621
0.402430682826976 2.07194702274344
0.403085273926671 2.06485741757301
0.403333483049403 2.06268785374132
0.405167564002973 2.03571616912467
0.403777137036378 2.05423382058963
0.402722503399239 2.06789557571615
0.402954900571623 2.06522298388133
0.405452169898431 2.03347650142629
0.406844388993337 2.01090873478226
0.403759767879093 2.05586547943283
0.401743486872558 2.07934739326799
0.405174230275858 2.03113515503422
0.401492810328271 2.08763949978684
0.401313314594109 2.08982358031578
0.399499973661432 2.112795526517
0.405865445919866 2.0272267671433
0.400933557897284 2.09286772663024
0.406780556586182 2.01404879032186
0.404227870058048 2.04394845300069
0.400615185138352 2.0997701448689
0.400908364634036 2.09334552751778
0.4013732494187 2.08739894782223
0.40526048981435 2.03634143412111
0.403495914231206 2.06009605361039
0.401155476814833 2.0875319528861
0.402649152149451 2.07107636548802
0.401180049543662 2.09400041544583
0.399926560754501 2.10599488250824
0.403222575939478 2.06165785750293
0.404954434828398 2.0387543954788
0.401036834955666 2.09230529056265
0.406792684939551 2.0144003444793
0.407386615520049 2.00554243831168
0.403475278781828 2.06282322136284
0.404563891455388 2.04253879413759
0.404368355585299 2.04492081351709
0.405260559481887 2.03416216526597
0.403606173181606 2.05764423188797
0.404351661737438 2.04583276519071
0.404140495760238 2.05212547992984
0.401795250033467 2.0810603523507
0.404677103398481 2.04069103376258
0.402949185982092 2.06663677375348
0.404621632153776 2.04010748261461
0.404928099366526 2.03752950433869
0.404480897927769 2.04668479802674
0.400920154842467 2.09001396801009
0.40342748749695 2.05934071610236
0.401198758258447 2.09070249984816
0.401848886477842 2.07974840672474
0.402243590764775 2.07464736520374
0.40156246529239 2.08756292736765
0.408923648961793 1.98556530208962
0.405339039217202 2.03020583484849
0.402463624754984 2.07359634059516
0.400306326770041 2.10311044722905
0.40295855017974 2.06514030370268
0.405998948543779 2.02283137493742
0.404374680263556 2.04388633816836
0.405689942595888 2.02675121697678
0.403244995145319 2.06085100935058
0.401778895844474 2.08677563134476
0.405329560327662 2.03353155088441
0.405577410123065 2.02953422740283
0.402153620472628 2.07797320119056
0.401936596001741 2.07708753956529
0.40332079301555 2.0613120721269
0.403334996966357 2.06296102575622
0.404050857572585 2.04824739959055
0.401114667120241 2.09300232306435
0.40835107965351 1.99322515981463
0.402231193003666 2.07660445205171
0.403006363088883 2.06467932411124
0.404798252414861 2.03827373898083
0.403089721661318 2.0633840030496
0.404187915678428 2.04917383884302
0.403347223864197 2.06161074593235
0.404957058532004 2.03783662127678
0.402392361505518 2.07376882749052
0.406894821675862 2.01183969321651
0.402139983665974 2.0780905340878
0.401889979422032 2.08155712778871
