0.387718906845859 1.45300962173377
0.387585609673811 1.44929101760009
0.38895968798785 1.43219026331994
0.388126403075295 1.44663170221361
0.385942284637119 1.47084383696236
0.386167634335476 1.47020839822411
0.388753351929714 1.43431027629038
0.386456107457339 1.46551769034019
0.384697399718952 1.48654232027028
0.387248094063118 1.45469870058217
0.38413128230915 1.4936183165629
0.388081487131452 1.44379958793416
0.390710208412078 1.41068224178646
0.383366852451476 1.50332276878119
0.385473965745593 1.47631386609676
0.387160514759973 1.45646762581147
0.389272547360459 1.42870764446203
0.390388153149947 1.41865104363955
0.388515839676218 1.4406460188631
0.386599750603471 1.46434811376372
0.384030595681991 1.49372472162097
0.387053907454169 1.4557549815332
0.38891234506099 1.43622859872205
0.386666597553805 1.46223478644739
0.389474928103979 1.43215866876715
0.385774824932964 1.47370345985313
0.386090704557656 1.46915286652396
0.385178100957458 1.48028719271046
0.385366706751612 1.47413841061515
0.387685203560512 1.44772048400672
0.38505742176611 1.48480919000409
0.385866264903818 1.47005184480335
0.386001664494219 1.47012538177373
0.386614776837046 1.46530919422912
0.388080805891388 1.44564506431799
0.385924506438748 1.47268762674875
0.386814001823042 1.46122735034702
0.38636011230484 1.4668494719736
0.385203265951498 1.4827738029833
0.384648217064031 1.48942404394693
0.387026624888201 1.46150879345813
0.384682865767146 1.48778224141469
0.389388285841746 1.43116096569515
0.387926070984863 1.44678044105416
0.384585288044908 1.49012722552102
0.387543418885304 1.44667709782394
0.386753968765275 1.46052972003579
0.386910138161025 1.45793012171737
0.384074402535353 1.49238774150823
0.387114769859946 1.45586896031314
0.38201786161897 1.52170980322628
0.388314068311751 1.44250747003861
0.385051264756315 1.4842852547529
0.386874404866568 1.45860416569595
0.385148158748154 1.48067168989002
0.388414708952861 1.44188135501171
0.385449155330531 1.47719897075837
0.384669578621256 1.48669611545
0.387812766138615 1.44898275525645
0.38857564549833 1.44026086213634
0.386468242264816 1.46402794255155
0.385658537722971 1.47625173150969
0.386154475146214 1.47208563831218
0.387199674530123 1.45568619801041
0.386767369894106 1.46075272817771
0.386791118579838 1.46162034476566
0.38596424532813 1.46986886336386
0.384855486822673 1.48595391931266
0.388150603450122 1.44515551033758
0.390095841659488 1.41963985788082
0.386439192830405 1.46373881360622
0.388891320801296 1.436487345646
0.387033356139415 1.45666177288243
0.385393233579887 1.47878521227872
0.387072778747483 1.45370415937503
0.387654251714308 1.45082920601085
0.384049271267601 1.49427217520958
0.386533876358512 1.4636911261058
0.387897650943285 1.44530127531883
0.388189455530684 1.44239394982292
0.386983408014542 1.45884927171632
0.387565976996617 1.45190273339286
0.382926360139722 1.5098505000233
0.385055408149247 1.4810233061587
0.385425701946643 1.47858716620159
0.389386815726825 1.4306047600587
0.384462542562103 1.48840414941131
0.385669581709924 1.47406182018141
0.386268380484852 1.46673578681909
0.385298918233101 1.48016389644311
0.387470252554175 1.45036551525201
0.387086303995251 1.45670160292661
0.38730336134362 1.45450787955397
0.388954781961025 1.43547082339018
0.386459994866551 1.46377222886959
0.387247599757712 1.45343573057938
0.382351830776747 1.51638500318609
0.386542915959276 1.46477342351677
0.390317602413019 1.41705002077672
0.386978808068108 1.46202496571309
0.388730230029359 1.43968165846405
0.386837969180762 1.46282210874983
0.385653320033887 1.47648449151096
0.387109264289796 1.45605100289062
0.388042166984133 1.44789617281851
0.388225164332349 1.44136528487601
0.387592292249595 1.45303437202156
0.387638621302125 1.45011558752625
0.387604658101127 1.44967386724726
0.384613933196248 1.48583614594175
0.388572387538263 1.43933043336615
0.386809595465776 1.46224761460879
0.388199241074776 1.44506109854017
0.387210651295065 1.45657604831667
0.387653609566983 1.45113352608347
0.385589226073106 1.47609096737825
0.387450903453504 1.45178709319334
0.386271376560329 1.46736574125688
0.385475468475628 1.47577769061195
0.388515529513176 1.4404590812251
0.384868581194329 1.48474146980934
0.383098583977345 1.50682663090634
0.386192558961816 1.46956972387103
0.388434230738925 1.44123275665206
0.388002751023689 1.4453406519078
0.384891755611886 1.48525560274087
0.385700521842582 1.47308949410241
0.383980916855558 1.49802526531974
0.384522641574983 1.4884167827337
0.385378068255515 1.4818652057514
0.386076400158365 1.46824963310331
0.390502840664452 1.41554962934329
0.387756159592288 1.45043497423622
0.385499630468509 1.47638745008004
0.384304310865406 1.48997148923464
0.387335539523599 1.45645405944444
0.389739457825165 1.4251854893944
0.384741677265976 1.48578959954543
0.385717107902565 1.47322719574208
0.3871615714882 1.45551849345218
0.385710671495581 1.47611794886891
0.383619215753725 1.49858248373423
0.388628107370709 1.44035609406314
0.385187882893495 1.48213237853699
0.38864347505007 1.43994265940986
0.38731157133242 1.45477817487993
0.383416189907506 1.49989929581359
0.38689043339166 1.4618488296155
0.386599940877706 1.46309529371465
0.387580732676975 1.45119304634368
0.391326704984994 1.40538003628895
0.387053258296901 1.4621072983826
0.386862211343959 1.45767720973379
0.386077474064153 1.46822420170698
0.384941344661944 1.48132803745015
0.387376745054341 1.45501227789104
0.385558690555912 1.4741996211685
0.385791778455602 1.47293053165549
0.386135128423014 1.46922558518048
0.385005021213051 1.47898600942133
0.383268928261254 1.50678242301626
0.386031895788068 1.47196591003412
0.389586966278304 1.42449418459148
0.387156088074132 1.45761457051461
0.389411694497053 1.42802583304211
0.386232337084207 1.4699241823529
0.384231991835516 1.49314199521746
0.38831956679723 1.44656178592219
0.385258745523926 1.47705384208459
0.38440132766776 1.49060377743619
0.385789732734986 1.47296591717835
0.389353319733819 1.43050928195295
0.388639396974701 1.43826565833136
0.387316220217059 1.45543290618889
0.388283857504677 1.44357780459839
0.388533382014291 1.44041532733457
0.38492986319209 1.48121766129809
0.38350420849403 1.49938382956268
0.385383453628335 1.47862006046756
0.385009190925462 1.48416487493767
0.386626735316122 1.46021258038868
0.390203234976467 1.41828913820095
0.386588868110697 1.46167409314017
0.386975036758933 1.45722317570776
0.388019350218767 1.44845543595455
0.384829812534917 1.48311734681322
0.387075156049115 1.45665508219287
0.39078540623937 1.4107510494804
0.386894548437052 1.46159884782802
0.384651587968565 1.48869506034248
0.389983198386547 1.42265652786214
0.389033068357345 1.43513723273679
0.387443019606121 1.45721728233786
0.387520664353193 1.45038219239452
0.38585493673542 1.47011199817544
0.387490967424429 1.45318506557438
0.388189175640088 1.44687157264529
0.387805481689385 1.44629313305345
0.388576698526291 1.43733462961345
0.387388010915497 1.45270683356248
0.385508620750395 1.48063895496076
0.385620912485454 1.47195676100622
0.383573999454496 1.49924281602187
0.385328518798032 1.47644918811086
0.387985432160571 1.44512085388806
0.388611062909812 1.4395448142593
0.388537605039951 1.43927184761402
0.38702116053237 1.45747205903606
0.388073823680535 1.44774222991239
0.388003977636011 1.44457296177003
0.390071436539626 1.41854402684826
0.386223362895894 1.46878223484849
0.385637576573912 1.47377257173356
0.384511308510819 1.48791712398248
0.387534217075293 1.45158532451585
0.38416797816369 1.4935211067923
0.387602727075176 1.44821517681712
0.38911166461059 1.43034661231178
0.387429047908115 1.45381645560805
0.384975755344949 1.48451062820816
0.38855798174923 1.43858285336101
0.385427390955498 1.48076147102708
0.387461859081276 1.45369626726378
0.385209359518974 1.48180319001185
0.382340744991025 1.51522359552053
0.385738653299502 1.47518690424225
0.385908545041374 1.47187499743063
0.386534347863139 1.46418367576972
0.388382899830138 1.44468576088576
0.388195766524866 1.44497967890737
0.388188994379425 1.44341072880062
0.386142735639945 1.46819675242938
0.387983677989522 1.44297602415096
0.387079269806219 1.45676771401883
0.388622280072208 1.4367650644531
0.383987274072753 1.49704147381273
0.387670659908889 1.44993810483917
0.388361401482704 1.44269264027515
0.386814193032384 1.46033117853206
0.388259576086661 1.44575591758726
0.388541826171179 1.43901640360364
0.386067066878726 1.46979492709465
0.391143636141693 1.40741292458348
0.386280331772362 1.47020333516684
0.387251813710044 1.45774408584591
0.387332857050396 1.45399883284491
0.389164455220637 1.43073496783484
0.385955550749417 1.46892897018863
0.390895972499743 1.4108374934598
0.383895174622399 1.49679651370522
0.38444734200093 1.48810924433243
0.385487061472488 1.4767484205365
0.38725171566577 1.45794626555281
0.38270311706486 1.51124868355555
0.383842075884141 1.49666691520497
0.384750165872831 1.48516161447864
0.386008256051483 1.46830766269623
0.388616619458975 1.43855387900384
0.388642994798761 1.43860831533771
0.386208040104485 1.46889523738776
0.386520412131549 1.46163617748959
0.387016189831109 1.46012038933992
0.383343861188553 1.50313773064612
0.386266798735024 1.46743914774118
0.387355666678615 1.4548823080949
0.385196075701689 1.47869321993059
0.386844276022089 1.46012986338282
0.387571641398124 1.45188258033685
0.386044816652302 1.47091095485674
0.38551353401274 1.47787514064292
0.389098279767869 1.43092721669266
0.385642590963819 1.47430289688134
0.388456636125991 1.44072401892985
0.388293201496613 1.44331066304606
0.387263822181804 1.45498534866158
0.384132290713848 1.49245051913774
0.38923549216733 1.43054393106402
0.390138100342126 1.41929869184843
0.389095481053761 1.43142057849731
0.383004666239081 1.50593300691993
0.384518316043871 1.48589215191413
0.386202201288328 1.46270549806265
0.388530447199313 1.43976900302367
0.387374481099177 1.45432230881537
0.386449922127584 1.46576163663271
0.387111300251719 1.45440295975042
0.385844669378384 1.47182785123622
0.387378542207016 1.45201956081439
0.386401952962801 1.46235662578944
0.388078106025671 1.44483007662848
0.385143347968206 1.48204846324089
0.388119845338589 1.44634650173136
0.387382753246959 1.45132485130008
0.384122537031866 1.49494439858082
0.388435642590312 1.44088569695224
0.38920803736663 1.4306508697221
0.387778131864762 1.44729457033115
0.381167075762618 1.52768088571103
0.388015581754487 1.44647443651658
0.386617349714281 1.46459601104436
0.386077609003201 1.47048609198376
0.388693864339403 1.43825983238391
0.384836216217048 1.48636798441268
0.382721738741655 1.5119735240263
0.381446736202062 1.52545487211273
0.388174533166242 1.44608732774817
0.385798252951334 1.47272553033343
0.386793699064158 1.45857042319494
0.382469486292315 1.51568588547662
0.385003548315592 1.48303242750669
0.388721121121258 1.437343671786
0.383743289741957 1.49831277957016
0.388074241818491 1.44276779065376
0.387227326305351 1.45607163482049
0.388837453611311 1.43570261251711
0.386448184256889 1.46471565705424
0.390147288802366 1.42168709537855
0.388431392286551 1.44011832839547
0.389212664036806 1.43141926314569
0.388197405515177 1.44356180857293
0.388892169967851 1.43538570483232
0.385226815085103 1.48115739855501
0.388791777100626 1.43552999025335
0.385341404051044 1.47821787187018
0.385768950740974 1.47186645666464
0.386474411039472 1.46643614426194
0.38692252732407 1.45914034164173
0.387829722701655 1.44978757999632
0.383577651935065 1.50242189637915
0.387816310466554 1.44737508640413
0.38691159436343 1.45904267432196
0.387688997772188 1.44724625313977
0.386261176633171 1.46617639124223
0.385103714974196 1.48221866536758
0.386331500366714 1.46694559199797
0.386070109861336 1.4697106302594
0.387642479798359 1.45014942189549
0.383426821799431 1.5048905920802
0.384526814305347 1.486819575664
0.38668188995078 1.45954344223583
0.387826808935373 1.4483488550517
0.385051342051659 1.48250160865551
0.384477962132269 1.48909025621651
0.383721098915066 1.49858874277826
0.384062575318903 1.49616086887708
0.384489108730221 1.48713990464469
0.38622955795893 1.46527731857517
0.387257226872594 1.45443099831858
0.387616981207576 1.45217042708295
0.385228917315497 1.47857848215235
0.384257308862535 1.49035561806953
0.387962836836039 1.44525869595743
0.388655742451847 1.44003650723096
0.388378416743372 1.44237966597138
0.386091933351291 1.47044289703812
0.385058172829797 1.48196272482436
0.386369261685268 1.46790093037013
0.386028077074734 1.46930934675074
0.385304918700479 1.47848448306467
0.386014592283366 1.46844078517458
0.388681343845274 1.43764360977994
0.387009298688344 1.4621695343384
0.387214316085698 1.45453466467857
0.384229479887783 1.48999553298036
0.386719511608772 1.46334866160506
0.385160406442922 1.4820980921057
0.384306014844772 1.49190384823949
0.38850780567506 1.43921222909028
0.387820072982138 1.44855744471658
0.389044089293622 1.43225928368152
0.384938965159372 1.48658946516926
0.387160537007425 1.4569759704783
0.386471986668934 1.46420916946459
0.387501187868162 1.45351035916632
0.388658245554433 1.43701936457882
0.388544451545995 1.43888739187951
0.384640509171247 1.48641378810762
0.385729137966211 1.47278911156226
0.388312007017349 1.44127310352576
0.38874371228284 1.43324856077392
0.388342841515406 1.44149663225481
0.384930994388158 1.48327122668505
0.387966991396131 1.44511791218356
0.386821326600867 1.46061014032918
0.385669620104471 1.47567298653505
0.387111570128398 1.45775098559255
0.388247464035317 1.44026685817555
0.387830745319186 1.44474829707036
0.386521909850736 1.462409695335
0.389159243502415 1.43168219906162
0.384666874082798 1.48844372466606
0.387928648945702 1.45003463299032
0.383961198765293 1.49511172908554
0.384890936468266 1.48564352466279
0.386200536647155 1.46932875238881
0.387173098711527 1.45406497309566
0.383664206023642 1.49956521666832
0.387402393103396 1.45191388056009
0.385519126783167 1.47488495247306
0.391431488304846 1.40454272087889
0.385641403799962 1.47312167977872
0.38492568861829 1.48393893834695
0.387957030610515 1.44534637623508
0.389879278789003 1.42086313921291
0.385245691436039 1.48153567818872
0.385970931067936 1.47266584678956
0.386384546387194 1.46717322430079
0.383238842927518 1.50498121042484
0.386533190322511 1.46344692251365
0.385154699943328 1.47997284537762
0.388884085345093 1.43297302421213
0.385905663838843 1.47143483534055
0.385701653950049 1.47232741263442
0.38540873264054 1.47609300215562
0.384731669053733 1.48449736114768
0.38585233674173 1.47350356961518
0.385083912685874 1.48116515046399
0.38590217995518 1.46849484767457
0.384516788623095 1.48779055335234
0.389874613995601 1.42182006440267
0.384783923888697 1.48530308327547
0.388026299118865 1.44833054117109
0.389253442251434 1.43183608311802
0.384591933403493 1.48639613260964
0.383695693825588 1.49681533055152
0.383154975651442 1.5057702635833
0.390126682381677 1.42154695275961
0.387287222967509 1.45202824493711
0.38453992352731 1.48976127697468
0.386919504802387 1.45840641725432
0.388815229883773 1.43886664626168
0.382601669899353 1.51302966928153
0.388932185864989 1.43452201738756
0.386739808463628 1.46214114795049
0.387929582353821 1.44252264457319
0.386157288322566 1.46795520565052
0.388863674406442 1.43244694167385
0.384900485853067 1.4822177307438
0.385506767616272 1.4733029149393
0.389130313355419 1.43216933814526
0.384998869504207 1.48080882454558
0.390456877701447 1.41583412648194
0.384133622909472 1.49107459670611
0.38708106307957 1.45960458187763
0.389360399980717 1.43061398629953
0.38756278758663 1.45039211165363
0.386023786284373 1.47437876279546
0.388133455635041 1.44402321233273
0.385482341537436 1.47690408023889
0.387250550247667 1.45465056264306
0.386611666856048 1.45913933015574
0.384626979866826 1.48900836968041
0.387394771767735 1.45526422302617
0.38853980847873 1.44128356327705
0.385531926243799 1.47491086505856
0.389365838950496 1.4297271850663
0.386341092327099 1.46871398558002
0.388035509176532 1.44632158458705
0.384921355646099 1.48309659944742
0.387460229393763 1.45536494231792
0.384561598641103 1.48976349665651
0.387972992633256 1.44533880647889
0.390135074902384 1.42128420154831
0.390324764719082 1.41471207099263
0.388500600064171 1.43857123626655
0.38556942408068 1.47521644581503
0.388855613556059 1.43570902388047
0.388547547177203 1.44203057443113
0.388421156184246 1.44022189982694
0.384410116664216 1.48869743453613
0.387282192363881 1.455260151479
0.38771589711813 1.45012288101954
0.386943112322866 1.45737257451022
0.388084590295829 1.44473648447658
0.388680106909001 1.43847814259475
0.386771227641959 1.46047148535267
0.389039690320183 1.4350739942761
0.383593092025711 1.49852132765417
0.385759519523316 1.47397421949597
0.385283382078908 1.476836233703
0.384481893072826 1.48745678368506
0.382853738552739 1.50773671318738
0.389093015464778 1.42862646838469
0.388115165552258 1.44274536166084
0.387475881573867 1.45192419309344
0.384275727014096 1.49380741150086
0.386312416984076 1.46814468442481
0.389182349126059 1.43070484007952
0.386569456389118 1.46667234196679
0.383931777858682 1.49421973852564
0.382349511436713 1.51601364755018
0.38862026848059 1.43972522288599
0.387838673787331 1.44838720045147
0.385702511368412 1.47414864015037
0.384819752643786 1.48298630583292
0.381473557114865 1.52423316421823
0.386512970149252 1.46468933429696
0.387707801283542 1.449889027728
0.386461263189123 1.46646447210035
0.385887257751582 1.47114802922588
0.388992051791945 1.43422050840288
0.386669199132514 1.45905474920283
0.387721951648804 1.44979195803238
0.385672800019907 1.47426089225295
0.384020792478006 1.49484619880756
0.384346852499876 1.49135364449734
0.38705535613698 1.45832694112501
0.385379659380212 1.47731803008984
0.388798424972172 1.4367659938994
0.387371516470918 1.45260442590457
0.383388795972496 1.50088046571328
0.38869131559922 1.43825089968222
0.388903392306925 1.43530792870454
0.384325536595347 1.49091922978119
0.385995131281864 1.4712764092066
0.386639132104328 1.4638513202737
0.38551467138241 1.47732726018075
0.386242331269145 1.4672120453627
0.387075677440221 1.45964261266431
0.382916675802608 1.51009116104606
0.387944561448943 1.44879960662228
0.388096731363001 1.44655329249976
0.389049673503381 1.43130114872821
0.385871335702639 1.47256052843593
0.38663936199847 1.4641671113898
0.388668320091137 1.43945223863119
0.388591773959628 1.43812942929718
0.389248941734072 1.43013304373078
0.385329529573817 1.48095325536753
0.386924002380792 1.45910597918808
0.390550962791218 1.41596371976152
0.384977507281472 1.4849137091495
0.388646405546333 1.43755529797158
0.384089590149289 1.49338811530707
0.388025473006981 1.44893020697359
0.384911005443314 1.48553263395097
0.384912073037399 1.48333287487448
0.386240226151757 1.46722116473361
0.381513319244081 1.52189072274972
0.386220499814421 1.46671104790429
0.388263521662537 1.44371019444271
0.384004957210381 1.49520621164867
0.387248055135637 1.45770701734939
0.387071853103846 1.45812365830637
0.384286157982123 1.4935388724107
0.381246372232735 1.52909236961066
0.386887160125991 1.46198603574374
0.38634711061285 1.46721221808816
0.384717428614367 1.48383420602562
0.383077370468029 1.50678211270134
0.38361271832044 1.49853133945166
0.386179722964814 1.46351798382373
0.384836260402998 1.48295308560002
0.385561844815334 1.47666186163999
0.383951311936055 1.49475915706585
0.386905454276807 1.45815089914104
0.38426985240893 1.49264122931058
0.388145232167457 1.44673962582926
0.389584633734484 1.4256652924774
0.384553298685071 1.48981736947196
0.386009375498951 1.46836835095443
0.386038644129573 1.46985518414127
0.385522350654539 1.47323252964372
0.382721301473986 1.51357067889979
0.384913559722923 1.48335785583736
0.387637077205361 1.45683321488752
0.388462125123613 1.4441445140728
0.386707716470974 1.46268015343889
0.385335337171121 1.48003717986777
0.386712588076076 1.46091674660241
0.385023947458585 1.48434168660135
0.386041131352691 1.46777222351343
0.387439953013628 1.45364832904224
0.387692650232651 1.4490762820509
0.384973126631833 1.48162244129285
0.386693400764165 1.46216265064396
0.384786277553953 1.48443523106639
0.387029130473599 1.45960301268525
0.386970983332609 1.45832035458318
0.386866594637485 1.46070681600971
0.382557730844094 1.51359421498633
0.386796297436169 1.45830727552592
0.386163971289112 1.4673905905491
0.383815627362208 1.49774063391294
0.388761870930038 1.43747652862262
0.385481146534255 1.47943730788947
0.386313463281127 1.46538881999164
0.384144624167912 1.49247833886427
0.385283889047882 1.47806757077877
0.383656478448405 1.49761991216107
0.387133975601459 1.45800014384082
0.385272394641893 1.48125999128744
0.387819871504487 1.4486345644621
0.387175419778983 1.45713915634741
0.388531119209269 1.44161477862008
0.386215890049473 1.46919746873393
0.390518891083738 1.41738722874029
0.385388408859198 1.47944927444923
0.387143258789527 1.45240925512721
0.391016559099383 1.40817728261731
0.388273517214875 1.44236910849133
0.386885424678643 1.45987927367277
0.38716627605442 1.45841693826838
0.387251748464652 1.45291617381334
0.386329046080669 1.466030016459
0.389190130839742 1.42920020868378
0.385595994409678 1.47477936841682
0.388541518127885 1.4400179329213
0.386452176999882 1.46599515994893
0.383696712994736 1.49966691679613
0.390057757455882 1.42064447408842
0.389169471375318 1.43237469394449
0.382197833211522 1.51873079059579
0.384268984061103 1.48823382694536
0.387682068592956 1.44840971027748
0.38978463536235 1.42774362997367
0.386083745756445 1.46972786229226
0.385486173720391 1.47779500229607
0.384592910287244 1.48886295153433
0.387468413562563 1.4511873700007
0.387575759886669 1.45095270346377
0.386155030437239 1.46767170391751
0.388283644394362 1.44277745773668
0.387010685000127 1.45854731242106
0.38672632643474 1.46159974588017
0.38531606791654 1.48044503558054
0.38895634831263 1.43513195648009
0.384929583134403 1.48385785021155
0.386452410690099 1.46409180335979
0.387788078221395 1.44925364230449
0.385759979494744 1.47353502617665
0.381343309984512 1.52285992801775
0.386179132568229 1.46745542080961
0.385191307873246 1.48067796917064
0.389589544683033 1.42840910100181
0.384166834572044 1.49035159125214
0.386992650617081 1.4620625857876
0.383423999561061 1.50313794255045
0.390403770658035 1.41614143587047
0.387537014733644 1.45197444941927
0.39156495103298 1.4020192606867
0.385860822028696 1.47145789129984
0.387507825468284 1.45046531727071
0.388333405153462 1.44336286367664
0.385779366928084 1.47533503027778
0.386684946617787 1.46090925230791
0.387644999617736 1.44913230703346
0.388918461858557 1.43493421394568
0.38600063530209 1.47126728227864
0.389140133800681 1.4325010748717
0.38695163706805 1.46078444853349
0.383323743009893 1.5032835519421
0.386954075299038 1.45937092167422
0.38471968112575 1.4883981442889
0.39023891595855 1.41948518205093
0.386419427628497 1.46502860459259
0.387045384295986 1.4599937876982
0.385123415308031 1.48127472271332
0.386642869888795 1.46045738611107
0.385278717780132 1.47800755524454
0.385457851716329 1.47790417847968
0.386391387769999 1.46587472159635
0.386025407879543 1.47042493347558
0.387419367725328 1.45184463464386
0.38177425425667 1.52408108885068
0.385844824552751 1.47146410474336
0.386702935208548 1.46296549290128
0.387061369895467 1.45717179098134
0.384142597529778 1.49178783455222
0.385337180845759 1.47869485872356
0.38888345481242 1.43502310923524
0.386726966023883 1.46030303477117
0.384450390445377 1.49113105136542
0.386223506489212 1.4660904680723
0.385576465718871 1.47490654714031
0.387513749386156 1.45288826630877
0.389353784069417 1.4298062441812
0.384503399516384 1.49168487866318
0.387203455384856 1.45467740775097
0.387477120141244 1.45214711750944
0.389886709937345 1.42111033810976
0.386458879846318 1.46631461823982
0.385513053913579 1.47577702863891
0.386293854118549 1.46505706269653
0.386886075306343 1.45991976730781
0.38780690341355 1.44663372236293
0.389170466314356 1.43122472462362
0.387819716792213 1.45009967581483
0.386638895986106 1.46264397523497
0.386976524304958 1.45765351891056
0.385840811572753 1.46800119832122
0.38559660795624 1.47431499628425
0.38753447965696 1.45067048074471
0.387648456888305 1.44912615030351
0.385086212681991 1.48212516546036
0.387192991327693 1.45661021337788
0.381887441767468 1.52076283344396
0.38544040061741 1.47808630600679
0.384335518434518 1.49088403020916
0.387909213195658 1.44514172648681
0.388038946041437 1.44595934908894
0.387933952279767 1.44719656614395
0.386345463950799 1.46686836390686
0.387444596142913 1.45118962547849
0.387429423527558 1.4534310371095
0.385037256726448 1.48187360270067
0.389655929055284 1.42621109943351
0.385789386671458 1.47461265478608
0.386092560100696 1.46862217821677
0.38491357196315 1.48509319022122
0.383920643724106 1.49623385673811
0.388125821903431 1.44447888155302
0.388496490603624 1.43978171019711
0.386309927497389 1.46634165001625
0.386655659296375 1.46113494074893
0.387628642034158 1.44834292351063
0.386248395897725 1.46799946216416
0.381049069053216 1.53361780834841
0.385663052254621 1.47339182282468
0.385364536019043 1.48041868367121
0.387464923922556 1.45134531116017
0.386874183597017 1.4590561768193
0.387895803195247 1.45056633841974
0.384705707789888 1.48767302530865
0.390586341089764 1.41584579563032
0.38622170227487 1.46697959799408
0.384696834288455 1.48782501465188
0.389107638155678 1.4320378322566
0.387459789046237 1.45379603392165
0.385120075247457 1.47958402606456
0.382668279534985 1.5143535309878
0.385955527146536 1.47089771514036
0.387198578392584 1.45990572652849
0.386815233203675 1.46114485452342
0.385594359836827 1.47725309312951
0.387542955854256 1.44991591584202
0.386208933049994 1.46963909859967
0.385561971623464 1.47467534012868
0.3855901548789 1.47457831656566
0.386108464607912 1.46747294927386
0.388955314844798 1.4336779330816
0.384325685117943 1.49161007632398
0.389503684608263 1.42698768735753
0.385200287568083 1.47938794634718
0.387210560681437 1.45669297370999
0.386966254574772 1.45817538340349
0.386135820765187 1.46855734914263
0.389378101734863 1.42814784942615
0.38978774345915 1.4216066130612
0.383196570100134 1.50245143585282
0.38546366219127 1.47861707921414
0.386481435369021 1.46460982378071
0.388621768595855 1.44104666164569
0.392747172822453 1.38722581070013
0.385310382045073 1.47825333043868
0.390160498812481 1.41743221869125
0.385816189713093 1.4728495493857
0.385585665138495 1.4749898710981
0.383996411075084 1.49552354102522
0.38602573007131 1.46743315347067
0.386119113862291 1.46608192078975
0.389922961727057 1.42377494875899
0.386948946580156 1.45840685665712
0.386902285020981 1.45991890065601
0.389889900130536 1.42071410861924
0.384046145813333 1.49325879370932
0.384863895570921 1.48495159048385
0.384896744114892 1.48230979890597
0.389871501257372 1.42401628663783
0.385134461162932 1.47857193352042
0.388191395580069 1.44143556461876
0.386241223353607 1.47047344094436
0.38465271110999 1.48589110129652
0.386376235230199 1.46717590295827
0.388299100250317 1.44252161537634
0.38828014677745 1.44474239627785
0.388638363570587 1.43536194984601
0.390070028842256 1.42036719967545
0.387985662217144 1.44835618544081
0.387732178217906 1.4485007817552
0.388713917094817 1.44210067577115
0.385699271175383 1.47510011598866
0.388810803764575 1.43515031682581
0.390460652267244 1.41633298124744
0.387437973639572 1.45595323828549
0.382307480173078 1.51677440542259
0.387568913131742 1.4501290056367
0.385873282374345 1.47224100172406
0.386962423251206 1.45844386188789
0.386550414371014 1.4633803448801
0.38654142547249 1.46428045240445
0.385685326731112 1.47351361921031
0.387136603965342 1.45555592667937
0.388246260819098 1.44338621309992
0.384865734582002 1.48762904806532
0.389591871997363 1.42710509114097
0.390729590030762 1.41371293045222
0.388127844066583 1.444186661452
0.385069911273123 1.47869062047253
0.387384418014268 1.45487260881402
0.387790296970418 1.4477976331838
0.390219405733956 1.41851078232634
0.384562733538229 1.48615385938681
0.38508021942319 1.48044670329107
0.386948887928885 1.45872778974242
0.387484140341959 1.45168264424633
0.38696011730507 1.45610318442625
0.383626020553138 1.49740767193083
0.388528150662938 1.44150117396104
0.388811922403493 1.43310082096773
0.385392823055192 1.47977847635493
0.388217663597213 1.44411836700912
0.388973364609349 1.4316855618342
0.383148264390798 1.50508221846963
0.386649494116034 1.46202284323989
0.385845138293967 1.47385709780266
0.383909541178683 1.49356904025926
0.38787244882968 1.44885814877051
0.386332508714839 1.46832034233002
0.38633951546309 1.46567611271866
0.386874564284739 1.45925710444411
0.386890168894529 1.45891113763193
0.389511977053871 1.42667029424949
0.386667527148345 1.46405602717802
0.385495189302794 1.47843163467795
0.390765259194184 1.41253758800483
0.381158178292944 1.52848943842906
0.388536895264667 1.43628104975779
0.384743312078669 1.488337091891
0.38506866625076 1.48084689199586
0.38981264536808 1.42375196122224
0.38798244906293 1.44533562014111
0.384603258127262 1.48483842049199
0.386818307494177 1.4606534876451
0.38297993826462 1.50488615520351
0.387207767002252 1.45598813093241
0.388699581828603 1.43790184993575
0.38662131213531 1.464513908485
0.383478965998797 1.50320788159811
0.387181945202013 1.45877719833722
0.386401937093053 1.46506700985664
0.38470762424284 1.4852934920552
0.387110056443336 1.45823822149444
0.387515558943428 1.45476523897905
0.386205255348241 1.46169340030672
0.385308223300982 1.4769221510561
0.386945509641483 1.45933594526077
0.386527839196978 1.46457211757221
0.3872692983191 1.45642485022358
0.38651409041072 1.46080654859494
0.384841311932596 1.48552612502914
0.386314134011677 1.46507846604566
0.388400368105354 1.44278201513423
0.383869095736105 1.49375869367491
0.386981638887006 1.45883469221737
0.389270469299533 1.43168272181641
0.38798758774079 1.44674563236728
0.389292977967471 1.42965516816652
0.390070709908082 1.42033248614777
0.385866944931455 1.47044584836912
0.389197057536467 1.43013014957615
0.387640930103471 1.4523991233406
0.387075135084008 1.45536406656423
0.386729625287569 1.4612408130413
0.386902432717255 1.4635182496621
0.385039666781803 1.48035951687888
0.385130640546112 1.4808069244434
0.38581754781362 1.47086609564922
0.384228485380933 1.49044338760404
0.383446484590039 1.50067016951518
0.389753541664381 1.42815598601748
0.390444929963319 1.41503592312954
0.382642579312978 1.50942663929329
0.386145350367819 1.46758734512012
0.385603487832913 1.47530978322965
0.386947699684143 1.45865576892298
0.38620750245927 1.47083492232555
0.388725180189319 1.43734495071932
0.387766834685046 1.44954831132948
0.386665036621511 1.46125153447966
0.386537162272461 1.4657907934064
0.387304304770006 1.45376958293768
0.38536800635192 1.47572441992984
0.384408781256218 1.48966353296398
0.38592283702423 1.47296055972796
0.385018832353641 1.48331102945702
0.383849315309521 1.49702422362694
0.385876898656391 1.47191514061045
0.387334241717822 1.45406894417221
0.389847718070758 1.42587590873869
0.388855167505594 1.43380409751418
0.387457347872302 1.45307082143984
0.388718688650259 1.43561713364947
0.387186514063511 1.46002041077858
0.386952261885475 1.45794618086899
0.385815933680493 1.47159675012744
0.390843488533106 1.41231809620945
0.388838022727824 1.43275431575585
0.387955770923619 1.44854507439604
0.386597494744904 1.46381017978949
0.388935778477474 1.43519945255829
0.390370664476862 1.4187929368764
0.384375462321297 1.48959936265785
0.38857925906006 1.43812431183382
0.388279883791462 1.44145986663061
0.388364417472487 1.44094739958995
0.386917489614513 1.46270807839885
0.389677491990249 1.42424519948438
0.386200550520339 1.46811408188312
0.387766312578318 1.44977164758927
0.385925420177988 1.47177591703113
0.38762660065017 1.45069426720192
0.385436547819971 1.47619913323975
0.3890859351454 1.43095287635251
0.38656481238843 1.46087956678817
0.388745458834686 1.43788937298601
0.388821689983213 1.43484458207552
0.384189887568637 1.49383153389968
0.384073130687812 1.49520947347185
0.38925925549407 1.4316066779965
0.386714381100134 1.46115677759782
0.386678581476195 1.46251921585302
0.386896004039004 1.45784615735628
0.386014810371596 1.47299953334509
0.387586319700022 1.4518896461488
0.388892888432107 1.43387811562468
0.383344826821313 1.504891099714
0.389026633137738 1.43378873362999
0.386001868459932 1.47182026722296
0.388571551921978 1.4386124030666
0.386001276918141 1.47024385616862
0.385984712386435 1.47024882498929
0.385473120579916 1.47458238247225
0.387223822664405 1.45942416355737
0.3874333259995 1.45163578083676
0.389554378868585 1.427143195432
0.387721145982177 1.44823503430356
0.385351379895958 1.47982645499839
0.385640563522281 1.47556162915806
0.386716452728265 1.45979585369934
0.387961344723169 1.44783991877514
0.388057970200791 1.44530685034454
0.385791908475626 1.47105183098057
0.385229436421793 1.48129944420147
0.386453614345028 1.4635829292435
0.388417321012419 1.44010579550278
0.385361818696128 1.4774902717601
0.383283139176489 1.50214511451988
0.386343607565646 1.46954789834946
0.385824447604163 1.47279510715454
0.387079101761739 1.4574958306934
0.385569694819359 1.47177847636436
0.384813659371894 1.48506210855078
0.388587615329513 1.44024213179002
0.385883836136129 1.47400526513231
0.384428334472752 1.49145624091168
0.387497804669865 1.45111358062263
0.387513451824782 1.45511362424405
0.38840915222554 1.43868869203547
0.38649111665918 1.46554238442895
0.384288750314658 1.49243583299893
0.38708266470021 1.45482019230125
0.383765342492285 1.49880698207675
0.388689560547248 1.44007099160551
0.38662782790131 1.46544193526641
0.383765340527315 1.49689263148599
0.384713527590861 1.48862610940847
0.385834710732945 1.47130297842208
0.385568332930778 1.47440448151204
0.386374571114562 1.46537338838971
0.385675081463793 1.47341798056612
0.384069083486634 1.49463848984625
0.384782380245408 1.48385609026481
0.386814514659504 1.45987581216138
0.387995224764191 1.44653920465678
0.387872194866486 1.44748549336099
0.387502948449237 1.45211249008494
0.385828046320967 1.47197597424785
0.384792050385944 1.48437029076894
0.387701985365884 1.45066177888284
0.383966072010736 1.49650404570971
0.385978113584179 1.46973672084288
0.382910812683743 1.50906838290416
0.385304106755643 1.47953102000316
0.385283639064126 1.47848636560397
0.38425623089872 1.48890815196451
0.387160024401886 1.45682238500639
0.386605657799382 1.46330660137108
0.386126683810598 1.46666963239744
0.387343609074656 1.45249849508638
0.388818933586101 1.43663540228742
0.386859198106757 1.46024566417067
0.387133640786632 1.45725410978225
0.387810197920053 1.44747622754502
0.385703224732878 1.47614446182061
0.38788263271349 1.44850430893141
0.385032709201231 1.48334510157112
0.391223323998388 1.40669984120527
0.383456220554039 1.50338738132946
0.387253375892931 1.45325393984845
0.389441819974179 1.42866382923401
0.38543120017643 1.48029192720616
0.389038155333707 1.43384260380752
0.386095895559661 1.47312057800288
0.385088294073139 1.48006422764365
0.386602181203845 1.46233930408694
0.383760655455186 1.49550078555966
0.384450976948151 1.49022603497355
0.386859031634181 1.46146051100005
0.386612142988753 1.46265748291747
0.384349464860423 1.49068401477843
0.386531511314598 1.46455900654383
0.386978360141481 1.45710450322323
0.386001497286412 1.4708737481089
0.387467714063772 1.45179263932961
0.390945010896467 1.41005873397505
0.387606228619337 1.45147364059291
0.386189772883776 1.46851766994457
0.386278421463333 1.46659702344943
0.385825253238414 1.46987994004373
0.385747170722078 1.4709006089256
0.386478263139061 1.46347734031441
0.386887779583016 1.46046128233217
0.385773633657919 1.47421785261024
0.388103150735493 1.44531731899747
0.3858484243798 1.47175480160829
0.387815913164248 1.44773442694072
0.384945484935295 1.48520080686696
0.383788221430421 1.49975533833738
0.383818329297452 1.49858946769742
0.386111842214338 1.46754087981644
0.384327352271684 1.48886757309335
0.3855950038173 1.47687279599308
0.388449703388963 1.44149555316816
0.385237698918991 1.48033051240269
0.387903737442409 1.44597473277432
0.385933645070305 1.47082119468907
0.384760596493286 1.48231506817564
0.384461819543865 1.48788740497085
0.385717037196335 1.47690713018887
0.384625447710609 1.48741161838966
0.388178483858025 1.44238476870219
0.390579525180118 1.41759730613088
0.388198568486826 1.43969613797118
0.388510717504855 1.43909068414362
0.389590046088182 1.42903259212833
0.389287708495922 1.43333158714229
0.389053341572828 1.43269102575244
0.385241237995503 1.47662685572083
0.388056434060245 1.44749886878646
0.387619294832863 1.45048683658534
0.387728770121231 1.44964283358939
0.386490913468072 1.46413571491101
0.386861639075568 1.46177884858018
0.387622947730074 1.45167103419873
0.386794252903695 1.46226356468589
0.382884490736267 1.50897313207844
0.387809163896345 1.44833185048267
0.385846165949932 1.47239303764678
0.383697187530202 1.49905763804325
0.386390165598126 1.46806196708939
0.384595229907237 1.48633479056532
0.384755901250045 1.48526475286915
0.386767349162646 1.46085636252431
0.387667706011637 1.45016006959631
0.386796180440943 1.46009394077482
0.385987598692259 1.46966046992937
0.386231440150617 1.46896123019009
0.386950656035039 1.45773943279007
0.384826469229209 1.48624444757022
0.384490953892062 1.48969342128129
0.38776549183448 1.44665450103087
0.387585139701517 1.45284751607647
0.382944241069026 1.50857731342214
0.384781468618529 1.48918149993442
0.382207571650434 1.51685867675272
0.383632697825529 1.50022327668907
0.385140831842683 1.48253735439933
0.386860846819869 1.46035741125759
0.382824441840865 1.51146943670088
0.390024786899332 1.4201308908066
0.386528066561835 1.46040577422474
0.385742933054436 1.47379002593419
0.385123805884311 1.48269690921462
0.387298011675396 1.4571199746742
0.385662115785558 1.47724158860775
0.387274957489755 1.45206116603629
0.385067699222733 1.48125031539678
0.385194588976737 1.48347625136611
0.388644939223859 1.4350038055574
0.382072803324796 1.51700491430675
0.386774185135822 1.46370832251708
0.383463212515167 1.50109543059627
0.386228484172893 1.46647436661642
0.384650682818693 1.48582228649701
0.385570943561748 1.47632217781135
0.391418505288505 1.40318215061917
0.387556012318969 1.45305030399068
0.386476586608665 1.46568535231003
0.385894759757169 1.47158297113706
0.388176434991855 1.44409404571415
0.388283939581778 1.44500654011946
0.386057933073961 1.46852348026577
0.390011326924039 1.42239805179262
0.390340492393679 1.41682613920386
0.38874402181579 1.43504134772357
0.386815280281238 1.46297845251735
0.386699233434661 1.46342186986903
0.385771546972871 1.47464298615844
0.388613625580775 1.43754060570049
0.383147869371702 1.50512233904898
0.382317473874859 1.51940520048519
0.385273818200823 1.48314107169848
0.389480892536238 1.42723470316229
0.386127501860127 1.47168797313983
0.385832939498987 1.47327333930557
0.38722662602879 1.45548288718097
0.389202373891297 1.43094074701762
0.386127568659882 1.46784005662716
0.387790044941067 1.44651209147523
0.387432630200495 1.45384300013043
0.390698252503466 1.41163423102734
0.384102030267018 1.49211661768195
0.385133379639437 1.48365950649749
0.387337367868824 1.45620811435421
0.386236261144847 1.46750713876739
0.385294438241985 1.47700497194422
0.384817767533827 1.48646027166504
0.387252632456317 1.4562292072456
0.388780109038622 1.43696361389219
0.38413526889349 1.49307353258721
0.388054580337838 1.44150816381287
0.387142943593584 1.45550199889343
0.38863850160003 1.43712926609679
0.38381846874628 1.49894398326654
0.38633692749069 1.46896331186488
0.38839230574084 1.44111426616858
0.385653831967786 1.4726306941955
0.388361063684402 1.43942521794775
0.393619576415136 1.37797713432555
0.387035279825386 1.45807623615496
0.387194407537057 1.45898723608076
0.386286644858302 1.46848061792236
0.384417822808807 1.48956409497481
0.387362892481151 1.4555017950726
0.388778711415288 1.43668826982508
0.385707721885856 1.47310184979111
0.383659734320112 1.50032985403715
0.387785284937892 1.44974337472081
0.385244338125102 1.48049291304883
0.385205745354247 1.47936916452284
0.385182064026438 1.48291872061026
0.382998281405825 1.50574213140017
0.388801963126044 1.43599589859796
0.388120516283557 1.4452494189732
0.387457238612414 1.45074306898652
0.388020651860693 1.44594038067899
0.387321995886161 1.45315616800238
0.387426340267679 1.4545239205452
0.384591653152676 1.48909498196765
0.38522950356256 1.48003590962142
0.385375471826443 1.47518206013609
0.38901406228244 1.43324299349764
0.389494450827421 1.42377077601967
0.386863079247766 1.45831632608708
0.382480008967767 1.51268820647412
0.391203495100203 1.4059316231652
0.386867850705359 1.45735035415272
0.386950992888934 1.45858904887775
0.384874332203311 1.48510687345338
0.390005404830573 1.42473162083185
0.387517266471768 1.44930975260456
0.385760800477836 1.47366986746026
0.38812635724904 1.44351299698063
0.386518087698869 1.46498967352647
0.386308905215302 1.46807511780227
0.385908320108414 1.47455287805784
0.385986065484705 1.4708294337921
0.387275873437479 1.45453584623174
0.385506541075239 1.47403249242678
0.386838581110514 1.46037942748435
0.386671608010011 1.46401325777581
0.382972300337736 1.50812849289594
0.387076493181954 1.45589313011308
0.384649003651179 1.49056779144437
0.387984901189889 1.4466269827192
0.387501865704712 1.45122230173275
0.387097879958541 1.45729810186501
0.383089264506396 1.50535511815531
0.38474266951369 1.48358012705197
0.384955046204153 1.48440382224098
0.384968543844621 1.4821546720138
0.387922958055385 1.4496841837741
0.386656979750747 1.4634446328644
0.384296642696746 1.49162660131285
0.386327228022223 1.46691294988026
0.385782515354794 1.47307189838814
0.385905417132574 1.47073202032173
0.381513826592801 1.52734447349657
0.388025368514902 1.44563756167563
0.385587310591071 1.47471441852561
0.385166828820046 1.48326405141447
0.385222558942776 1.48018997987765
0.386140693002525 1.46705551558887
0.384018900222559 1.49560611208859
0.385048221285046 1.48188909280719
0.386025103892024 1.47477453677959
0.386743528823076 1.46314420605233
0.389513711473314 1.42999002584499
0.38577774747712 1.47644917278008
0.385672821146612 1.4745011484135
0.381375307946947 1.52686381015271
0.389116589713962 1.43403282328595
0.384071474450604 1.49425479438324
0.38528137870262 1.4792065731247
0.386534854590474 1.46414697302162
0.386487081700696 1.47021929740514
0.391225985385918 1.40691524826986
0.384553962372264 1.49147775403404
0.386851495691367 1.45828991439375
0.389551041490455 1.42762460399965
0.389432023645374 1.42552548420734
0.385299615235034 1.48037415428672
0.387736712238106 1.4483002151306
0.38985249885372 1.42174546668124
0.382329496945612 1.51388389446337
0.386607353266216 1.46111195670654
0.384113250383215 1.49411720525322
0.385793283904822 1.47331077517604
0.386030485186863 1.47101676811568
0.386572346895494 1.46425308660685
0.384881448071613 1.48023617430453
0.383429106892063 1.50480026857034
0.383728393576191 1.49777929943843
0.388934265620029 1.43396241697956
0.387199077982114 1.45332852423139
0.391093515215742 1.40870789064327
0.387889445415679 1.44768576907335
0.386119566177383 1.46901402470353
0.387118239788827 1.45705321192245
0.387670161622005 1.45248326036403
0.387544753208339 1.45144926270094
0.384910040672111 1.48406573333484
0.38512591269307 1.48213044319994
0.389238681374356 1.42986711334954
0.384026501393766 1.49465218891202
0.384896281888049 1.48500816348396
0.387087501998276 1.45711817397421
0.385607505400976 1.4748108718237
0.381216212125025 1.52844542767196
0.38864494838071 1.43850065983285
0.387283289313772 1.45735374310894
0.385123366378936 1.48293339176642
0.387505154467314 1.45345798143322
0.386324731020797 1.46503169615703
0.383723468674208 1.49881642129313
0.385991243022319 1.47048770352876
0.38778960081344 1.44874675733508
0.388958783525861 1.43225713644041
0.385704412832993 1.47423099611046
0.388836837726455 1.43822522737631
0.386317838484838 1.46743491865232
0.384394060530371 1.49093008102306
0.387797583016126 1.44714910751804
0.386378480730819 1.46880974400704
0.386742770934909 1.46226319229911
0.38638424036406 1.46388901603725
0.386296828560439 1.46695960455608
0.38391850464759 1.49750413615271
0.388653540817184 1.43676530301594
0.387535641293856 1.45240328916003
0.384377559912247 1.49181957667679
0.386136242416074 1.46871555641864
0.385671270740795 1.47469376079967
0.387378963665427 1.45237146794313
0.387508607274935 1.44959078412573
0.386520948282143 1.46850654407611
0.388655510062013 1.43899275496691
0.383671170140755 1.49873558305017
0.386854058446277 1.45999472028003
0.390359291865129 1.41577049446079
0.385121852193895 1.48038427450862
0.388835830434608 1.43567112140329
0.387587019882703 1.45024728583402
0.387443188134599 1.45239174883592
0.385362438608721 1.47833379793946
0.387418825874566 1.45230222848005
0.382948199471235 1.50950091795252
0.391820359871671 1.39860278556575
0.384613472019522 1.48650152407936
0.382408511492125 1.51157730155151
0.391783245422968 1.39836827997045
0.384632001698049 1.49073477081943
0.386347786573293 1.46616164724332
0.389381264913506 1.42551115831186
0.386892874175059 1.45852871666401
0.388078422144053 1.44540670404302
0.389218849039545 1.43156967127212
0.388405675207618 1.44348974248268
0.387676424463023 1.44722882253492
0.384360261080745 1.489483900276
0.389853347670949 1.42348966369355
0.387977537971348 1.44539548284389
0.387886232154585 1.44759245548776
0.386990384616646 1.45899702003168
0.385318175921086 1.47954018574081
0.387919459022098 1.44736357296875
0.387853953563155 1.4501140846173
0.387463887855087 1.45304483243932
0.385231423366905 1.48013987704721
0.389149324514267 1.43008886589965
0.386727484433809 1.45873242955466
0.38427290072572 1.49085492190383
0.387946320836018 1.44406202561775
0.385867800796719 1.47033346641383
0.386686682441103 1.46101868264796
0.385678234589187 1.47491893889423
0.385230888382932 1.47958044713608
0.386017278562695 1.46958230522642
0.389806264707674 1.42761883970684
0.383864435409582 1.49896855022984
0.387264711760816 1.45261284956767
0.388035486175864 1.44394748071037
0.386472415145704 1.46703683520401
0.384613711157239 1.4857397147097
0.383895585680328 1.49948479308393
0.387290293458757 1.45539564827075
0.384996430214475 1.48339864690903
0.385810130402362 1.4720758135231
0.386247838178173 1.46750898494162
0.386055129202692 1.46722605054568
0.385723091815825 1.47445742578888
0.386652694955502 1.46272660519248
0.386436364943413 1.46717189401595
0.386733132763984 1.46305690814359
0.38538135284903 1.47822814579349
0.386366984797096 1.46364234109696
0.388715216549106 1.43344266977194
0.387485561434681 1.45240611218278
0.387208920125859 1.45691014613146
0.383180896231032 1.50534177546797
0.39159611347879 1.40186150683936
0.387790275768218 1.44966927382548
0.382913371837706 1.50765029317793
0.385336157083061 1.48059682027705
0.387407328545411 1.45630144408735
0.386470269243809 1.46633830707379
0.388870902780277 1.433862663509
0.385914481370921 1.47388445777911
0.388373330968208 1.44159712210936
0.393318711121859 1.38337712785369
0.385402690171425 1.47670541569935
0.387880244448686 1.44878771908896
0.385380797004587 1.47514039054902
0.387493382251934 1.45260160515939
0.388981760827606 1.43565160052561
0.385121788056531 1.48232400237947
0.386725579964921 1.46063515110179
0.385474127146783 1.47314446320434
0.386055599033921 1.46804434434073
0.386596221398486 1.46312553825812
0.386074330101925 1.46995494301212
0.388266896996408 1.441378880803
0.383372172195292 1.50190756196159
0.384663294230428 1.48508994635639
0.386384636515856 1.46602791386451
0.384755846559344 1.48585694551448
0.386323015871626 1.46750431271571
0.38728042205389 1.45520854343433
0.388253393673987 1.4410114413694
0.387418085024542 1.45331486743866
0.385453523413859 1.476127289246
0.385254661863418 1.48084086860764
0.386214356218582 1.46627443221096
0.382306396209326 1.51642067448067
0.38566436277853 1.47311255873929
0.386148835705812 1.46865969011262
0.387754142368408 1.45201747783114
0.388030260537485 1.44290618775545
0.389448884914338 1.4312846287708
0.387312085481953 1.45157546746167
0.385422369486579 1.47755185060853
0.3868285183081 1.45967988448156
0.383982282045472 1.4934487495146
0.38754655982546 1.44884416247028
0.386132422793358 1.47174774032646
0.387197111252409 1.45732318102482
0.387040361124388 1.46039413460607
0.3894106402495 1.42637456409311
0.387445699654886 1.45278508577809
0.388545576539363 1.4396045390732
0.382906895879472 1.50840476731241
0.386092840207535 1.46783983312904
0.387756419773249 1.45151791356186
0.384944370190438 1.48452099723259
0.385624586622005 1.47499843250003
0.385916504175442 1.47271031961431
0.387604213141528 1.45244544185539
0.383284313651831 1.5009759442061
0.388577239111202 1.43634704608879
0.390138762354699 1.41960919785509
0.389067039709066 1.43497324780676
0.388535613776779 1.44226017408541
0.386982667175871 1.45766729265005
0.388299811171295 1.4419647544658
0.384316255766433 1.4921290777906
0.38826957986913 1.44072975328429
0.388309972494339 1.44167944461475
0.385955581241999 1.47311306352995
0.387802197856988 1.44778536743759
0.386492636269109 1.46482654529544
0.389569895966179 1.42630108714728
0.386266525173378 1.46743465476839
0.389582211605643 1.42883352550768
0.390799769208655 1.41224749894876
0.38536199537435 1.48208002098532
0.383143563228645 1.50640623444166
0.385101647779197 1.48111152622929
0.385816667613823 1.4715634691113
0.389206117264549 1.43183182723901
0.388575907284955 1.44076823806844
0.387986873463796 1.44687402451161
0.385835200379405 1.47239690061855
0.385250819088663 1.47852696035431
0.388095509331474 1.44413310671841
0.388736083456263 1.43927066170312
0.386306833531658 1.46631828912241
0.386004808535866 1.47157768464697
0.387956821776495 1.44319627688888
0.38711291558587 1.45349393886161
0.388292700511105 1.44344654429668
0.385060060064408 1.48285987296376
0.385211631015542 1.47874689816887
0.389171726539863 1.43349613207555
0.387133931160196 1.45529496347681
0.390255465952711 1.41988604116907
0.386147039473064 1.46494750991796
0.389212194885761 1.43199331395918
0.385318682500868 1.47769839555691
0.388383411966724 1.44058987293968
0.387837570237213 1.45045365313976
0.385055753800785 1.48372514941803
0.384902879606443 1.48066404945081
0.386570418575876 1.46429107019832
0.386587551610795 1.46620157951894
0.38902419278381 1.43116652333358
0.385149236371567 1.48049489275244
0.386551800041548 1.46453399975421
0.386694128242946 1.46151135171112
0.389074041842297 1.43486319772062
0.387140768840411 1.45812927593208
0.389536184758831 1.43091114063182
0.385572417341229 1.47501601400038
0.386744997918142 1.46028020547276
0.38704780665876 1.45816576257228
0.387059532375378 1.4582762684572
0.385808891357579 1.47240734762621
0.388087666150791 1.44745805151752
0.388510077934707 1.4386394507004
0.384450727582154 1.48855466155988
0.387908497795256 1.44764470665524
0.390165570654563 1.41711568693709
0.38768619652653 1.44915166605214
0.387451977703859 1.45466122281824
0.384998357895481 1.47872923050313
0.387495908760532 1.45218954021748
0.38378614774822 1.49785038317795
0.386849886351457 1.45851973598612
0.384888899236222 1.48300464242367
0.385007881637894 1.48462801594367
0.386870222436156 1.46289172065792
0.384716898905737 1.48419634734279
0.38593043088171 1.47206926642499
0.386275598528629 1.46714256029407
0.386041310103406 1.46933191458897
0.386797822137392 1.46036507182757
0.384919458919289 1.48184504071264
0.385509399871668 1.47579951493646
0.387552096022875 1.45052348882261
0.388810073666968 1.43998928494318
0.389741179985908 1.42538745305547
0.387091214503593 1.45748282235308
0.386643902139806 1.46333077000564
0.386955751216146 1.45591290804937
0.387295271678564 1.4550741278407
0.390879192986784 1.41276926019422
0.387245643254881 1.4531076056845
0.385899644014346 1.47289821700553
0.388365704655583 1.44419838433588
0.38481062120723 1.48561109702125
0.387064516427924 1.45696407971523
0.382163755399653 1.51599446304968
0.381911797256198 1.52013983642513
0.386257791768748 1.46784505185566
0.383939869358929 1.49690838720703
0.388309964421331 1.44213902443776
0.388906753508584 1.43476695406987
0.3860276780073 1.47125548730471
0.388625489227071 1.43892450110715
0.386935315071965 1.45966253145421
