0.414894062054452 2.25294461372113
0.417999693507696 2.2072853114221
0.414304119199652 2.25512666776052
0.415832737748573 2.23938847857864
0.416097588086108 2.23336548075895
0.419407953097777 2.19242329382362
0.416905805108881 2.22088398493667
0.416759253686391 2.22573040385826
0.413385775702936 2.26903297937305
0.415166111918956 2.24537864378654
0.41669764467188 2.22608845736227
0.415430960221837 2.24127347131296
0.416917968134412 2.22111799203767
0.416595783978343 2.22772042829451
0.418010176710963 2.20822002549885
0.415495242907678 2.24177976990133
0.416214788148701 2.23062969118983
0.41871149622929 2.20174709516839
0.418156527678621 2.20798617382038
0.418618755977857 2.20213623309043
0.415055904562216 2.24632242444819
0.415397830727415 2.2410616031337
0.417789072916319 2.21321154639386
0.414427426467862 2.25536811904593
0.417560921618306 2.21896679814711
0.416760882328935 2.22553645701948
0.414057960274663 2.26001968402395
0.413271265093948 2.27018758337649
0.415263257593286 2.24050961697265
0.412270823192676 2.28144451666249
0.415342847041987 2.24622433804546
0.414477247531354 2.25274686238232
0.417280546835253 2.21799687500363
0.416408949912591 2.23199910744217
0.417827924648349 2.21191474376504
0.417643999623591 2.21485937407456
0.41712118295909 2.22113030908739
0.416034737134824 2.23530660802246
0.416955535000554 2.22501387612442
0.420155084444925 2.1832471745565
0.416511981007935 2.23189865315614
0.417079034959047 2.22204870854634
0.415950552002669 2.23787987717004
0.414866996452502 2.24967855346967
0.416103795138613 2.2358573172294
0.416749749618465 2.22046296134418
0.416938125963409 2.22210102288163
0.416885140959219 2.22211313350921
0.41488902417213 2.24771024048079
0.417882102449014 2.20960820066292
0.417535993627554 2.21728682025003
0.416579213069474 2.22789071770186
0.417182696656096 2.22170966910212
0.415375996050884 2.24197006028594
0.414670514682054 2.25199530062438
0.417044854379605 2.22243210812037
0.415941641462387 2.23568840943174
0.420577169604221 2.17533410661681
0.414226458512857 2.25879568982634
0.416021841350349 2.23609129344259
0.416266304005313 2.23082017073291
0.418131946831783 2.20880171566566
0.414945690904516 2.25213763199645
0.418155516873939 2.20689205689118
0.413846239892054 2.26268878533082
0.416398832397586 2.23063316041902
0.414580156173426 2.25240186276373
0.414335849171618 2.25800814580889
0.410603119440626 2.30622659244317
0.416254128274682 2.23115419862384
0.415564527497449 2.23931347048765
0.418326111578753 2.20622795280898
0.41552244835953 2.24007519482402
0.417587487271841 2.21516956872516
0.413335110627516 2.26609000769129
0.416255535175466 2.23231249873237
0.414366696628855 2.256046549285
0.41771592552211 2.21244207758887
0.416069570016806 2.23223510885157
0.411967641891776 2.28624307301381
0.415352451700296 2.2438372938221
0.418207206528686 2.20692200684645
0.418520489736849 2.20378144089003
0.416844727348157 2.22295149024861
0.417657830074075 2.21444957357372
0.416886969732987 2.22513594975868
0.413130191271408 2.2713516130471
0.416243813299556 2.23133322086018
0.415844261498253 2.23656089080858
0.415608889602977 2.24111416796895
0.41819771463681 2.20437407840204
0.415595631777571 2.23980612471567
0.415228775050171 2.2450396911203
0.418203633355652 2.20758282254663
0.41640437540134 2.22867299251255
0.414551095175611 2.25212926134127
0.413133090911887 2.27333243932887
0.417627496285668 2.21476022864865
0.416348553536628 2.23005126772475
0.416972140668225 2.2258405493474
0.415415166592755 2.24527097340764
0.416990668173878 2.22468323597983
0.417094947030789 2.22245755529898
0.415235604532379 2.244129648648
0.418135715438073 2.20966484702696
0.418652215755689 2.19873293633818
0.416718362129667 2.22771229020344
0.416394632678406 2.22961128679624
0.417659176865544 2.21232049362717
0.416684953958952 2.22442627589103
0.412830916697115 2.27661957236554
0.418127521679292 2.20899580979732
0.417464795575572 2.21749731984451
0.415264891873412 2.24548441416488
0.418407175593665 2.20461702566766
0.418324946964687 2.20530401137908
0.415362635192847 2.24240120752877
0.414538606897797 2.25419585472562
0.417658278653005 2.21228753719389
0.417930396347009 2.21073854068795
0.415237975927007 2.24523753072741
0.414483215312985 2.25539505582251
0.416199735619 2.23381314382029
0.41295881392881 2.27515687229047
0.4156551668217 2.23892725200027
0.417403570256469 2.21787131572772
0.415493670774524 2.24050912334159
0.415035490177396 2.25022369776155
0.414140755890208 2.25893967423661
0.416124445728497 2.23704039501207
0.41486657563975 2.24844360369616
0.420529113325884 2.17646431969053
0.419155549325895 2.19544289708905
0.415853739792804 2.23664790068187
0.416273208569395 2.23011522639028
0.415163524147463 2.24819099223998
0.415773355377307 2.23854559272743
0.417184406596581 2.21943362829666
0.418365372822658 2.20349891770808
0.414850997592951 2.24923059653979
0.415260426475213 2.24663617170937
0.417753916687466 2.21105256146146
0.418839874106817 2.2001671367166
0.417485349471259 2.21731099391371
0.414311208755498 2.25883537640019
0.417933833616158 2.21022780926256
0.413730964585458 2.26220169933878
0.415393656480004 2.24512978095736
0.415528938395583 2.24108473117468
0.418400502096704 2.20388736360939
0.413781748969676 2.26414979950869
0.416806320816211 2.22897949763701
0.413085379463573 2.27070242956632
0.413521840931504 2.26591407630727
0.41650711779478 2.22626217670581
0.415641155511957 2.24105600887306
0.417627266113777 2.2121404655035
0.416862187129369 2.22365142777524
0.417157424487228 2.22032396158187
0.41306446709719 2.26949495082028
0.418049167664567 2.21103985922527
0.415211095309786 2.24708119076479
0.413790887177522 2.26180729424249
0.416149968450036 2.23434305945016
0.412919692002831 2.274498581854
0.419805482754253 2.18775359436776
0.415135012590391 2.24715293374359
0.414184740857645 2.26307764093375
0.415336718656207 2.24111406188289
0.412381060419056 2.28251222629358
0.416142900286741 2.23302859285995
0.413567152453665 2.26780754875242
0.416526754658271 2.22832888954033
0.415818627407817 2.23843276563138
0.414678784728136 2.25329607984772
0.414712119500375 2.25275273355909
0.413494375444217 2.26518652461074
0.415223573964144 2.24335317496912
0.414747743058704 2.25182077730853
0.413057870234696 2.27472130367272
0.418601883650999 2.19861982397972
0.418524737921043 2.2015935179687
0.414935458418817 2.24727988387164
0.415192648566434 2.24421055435059
0.418796702980702 2.20134763012388
0.420089097269285 2.18010012561202
0.416654535975658 2.22586276757529
0.412516546712874 2.27934430167183
0.416589962389558 2.22938046452973
0.415384407575116 2.2446135122828
0.414493256530679 2.25565840689217
0.417834081281257 2.2130059678126
0.417654379943631 2.21785425152941
0.41349919647248 2.26609739521364
0.416177574067194 2.23055405989966
0.414113226067454 2.26051418272282
0.416633076562785 2.22997721614818
0.41317808885736 2.26969555701938
0.419665968186435 2.18583924141919
0.4144288695927 2.25469455862301
0.416734305316262 2.22947972816025
0.417145242739363 2.21695753808527
0.416896212672281 2.22230462766595
0.41897264782045 2.19407659465428
0.415235392756105 2.24396402087244
0.415356689737617 2.24445924986435
0.416624971764993 2.22680864816939
0.414682953558783 2.25164876185502
0.416613221994444 2.22969659509987
0.415831418885008 2.23589640788704
0.415735078039929 2.23652453016734
0.414994668156676 2.24907626129424
0.416364725217277 2.2291011021132
0.418471932668446 2.20200001843801
0.417331795598035 2.21760733404065
0.41924872792185 2.19326332290236
0.415183736803562 2.24306206194084
0.414356545510623 2.25446905197613
0.418525525581594 2.20300675070382
0.419250651629436 2.194137813715
0.415378119202078 2.2425866930467
0.415109513719803 2.24974677173452
0.416495152151837 2.2296917651787
0.414495108425933 2.2561295825911
0.412569963535025 2.2793799631964
0.417227290143286 2.22048560110559
0.415671682431296 2.23951423975046
0.416476140776496 2.22904151866079
0.420119769891899 2.18481746109588
0.419531833044776 2.19049872602374
0.415849814856486 2.23674737028176
0.412946340348799 2.27416096993639
0.415636452838505 2.23662191742555
0.415344953671093 2.2430564610159
0.414408722958707 2.25418125248228
0.415969526954006 2.23717961767987
0.417388807555378 2.21689698611309
0.418598590552458 2.20238008942726
0.416289346962715 2.23106946502847
0.41691324045852 2.22608268447946
0.413139383504371 2.27193807832315
0.414419661794603 2.25566088729554
0.415525556054947 2.24124781076481
0.416567517312737 2.23071020341079
0.417717380825078 2.2152410639286
0.418222226458218 2.20597822463832
0.420339353613932 2.17768507333802
0.417505381610926 2.21333954292545
0.414266398727081 2.25800382570043
0.416120929906994 2.23385806735691
0.418657614128109 2.19900460405211
0.417112062614272 2.22048449190317
0.416385819387331 2.23274576691078
0.413021007489323 2.27398270332941
0.419775084233972 2.18557344499362
0.418686688522619 2.19937984702779
0.416887948524649 2.22139239396563
0.414977434163216 2.24847810097712
0.417227772183897 2.21959584690993
0.414867690264312 2.2506471349579
0.415194177747345 2.24304111531725
0.414752449014079 2.2532835693136
0.416330311694565 2.23072683823316
0.414496080663575 2.25477044863786
0.415265491062108 2.24556157382366
0.413089175809058 2.27119461454295
0.416253187049332 2.23170336328776
0.416208442089361 2.23295926088898
0.414911453706511 2.25009111902129
0.41933703062531 2.19298704533471
0.41702620460868 2.22016355804935
0.414774892064026 2.25035963815688
0.418102532696721 2.20804012642614
0.418121259150876 2.20837466312444
0.416097694167394 2.23373876411198
0.41545747824891 2.2410762564406
0.41925294384817 2.19248598967312
0.417662464646963 2.21300919517086
0.415549471643848 2.23981372137925
0.411671937621226 2.28994628210263
0.415840360885321 2.23431119678149
0.412637056500591 2.2734990355325
0.417098914061016 2.22105548978311
0.418902745712486 2.19794024919334
0.41684130937903 2.22482515429105
0.415407506588463 2.24029008273592
0.415427648791288 2.24187494183224
0.415223013200212 2.2435751072049
0.415158367987865 2.24279052546255
0.416623943003931 2.22673926044631
0.413716834950667 2.26569170651272
0.412734386447661 2.27931556498453
0.417183748159765 2.21744209083004
0.416585905900842 2.22874091748822
0.418465929535384 2.20322667837171
0.419435508763409 2.18988467310872
0.411352988288997 2.29408197722485
0.413945279822081 2.25956627901505
0.416769775525552 2.22571117724805
0.414450073390403 2.25680374129452
0.418633586062816 2.20167830423926
0.4147631507704 2.25191514171964
0.418969408616848 2.19792634011042
0.417021087185156 2.22290420160303
0.415583402672774 2.23945304999622
0.417441152488511 2.2185152712553
0.415979996119677 2.23501079257427
0.419022259529088 2.19355281516521
0.41470577935084 2.25361572979761
0.415517432007932 2.2415576369867
0.414148161559264 2.25933788289055
0.417079008371377 2.22106083857471
0.414361625988299 2.25408372559975
0.414123954133027 2.26002875392126
0.418089805127932 2.20787310445592
0.414535191215101 2.25377142858254
0.416007950058796 2.23697677266715
0.415241515839376 2.24434702507363
0.41312961741453 2.27269051351857
0.418436286145862 2.2033701318369
0.414905084717767 2.24963212852712
0.414583354825895 2.25455619404851
0.412866096343916 2.27508213481973
0.416071453374332 2.23369740935308
0.419021087274088 2.19426751198927
0.418359576973529 2.20604632032001
0.415048747650724 2.24733707248914
0.413554555551038 2.26852623474788
0.416645852462235 2.22872572848314
0.415071520295507 2.24626499603343
0.416033305320886 2.23431048805095
0.416339257601075 2.22811969806471
0.416574433961552 2.2264271094195
0.414108388297591 2.26029072640165
0.411627866465471 2.29235824271393
0.416451091740598 2.22920996705834
0.41813706148697 2.20703881136455
0.416552874236043 2.23054819884678
0.415714404383251 2.23696660830315
0.42034341677421 2.17598104880458
0.418834414451701 2.19842227960943
0.417473098288115 2.21618524454549
0.415499277862764 2.24140026054584
0.413428479409807 2.26852211550458
0.416255945515089 2.23350089051752
0.414952779188364 2.24671820980169
0.41309297732982 2.27043147927689
0.414487323854448 2.25405102935506
0.41672258771035 2.22710394396548
0.415575934858823 2.2391453661633
0.416323915732402 2.22926193450479
0.416420658967904 2.22841425491467
0.416804692659384 2.22665105699535
0.418507454700507 2.20346463067775
0.414760243900323 2.25217188985952
0.419398652768392 2.19069950304891
0.41408125238646 2.26185684402187
0.419984707848194 2.18234680050993
0.418270183296739 2.20493000844652
0.416151317357402 2.2311803968371
0.415498313624434 2.24159465286708
0.416866435323262 2.22773328506762
0.415940718979691 2.23473596054841
0.414468563694526 2.25269810148137
0.415828349054589 2.23888885738249
0.414766098555905 2.25230763427977
0.41929101719947 2.19279151751483
0.417073190332933 2.22056954750675
0.417181026979301 2.22004552815373
0.415050245262279 2.24651303269108
0.418178065428618 2.20967857866319
0.41554337313072 2.24165457847127
0.418700956164446 2.19938938383023
0.41869059676537 2.20143353395158
0.417027492107834 2.22081353345432
0.419293142022504 2.19181762272792
0.417127430976818 2.21955745007378
0.41630534657263 2.22999950155164
0.413688046244433 2.2642412019923
0.417026645165736 2.21815501478332
0.417664766527006 2.21312757413526
0.417633807403646 2.21339568049111
0.415599583272506 2.23900291058734
0.415293955720748 2.24437546889015
0.41674661401783 2.22638747988007
0.415760582701569 2.23899721999918
0.414039533013992 2.25790699006445
0.41523605459923 2.24172544633832
0.419463194954975 2.18830733484118
0.416904567691419 2.2232187827528
0.417058120540041 2.22278312222401
0.418971637580402 2.19952265588285
0.416384586395183 2.22956496992354
0.416571205952424 2.22906603023099
0.415863651068247 2.238039126159
0.416677720477645 2.22419189936653
0.419271279851717 2.19283144271146
0.414739307119672 2.25004939151811
0.416825970222862 2.22275905398052
0.418836561289657 2.19885115154774
0.41467197994272 2.25050759981487
0.418914520960137 2.19733328477516
0.416609007476846 2.22598224718183
0.41468744892044 2.25011071266288
0.418505395407003 2.20416441530116
0.415488868671598 2.24341389339432
0.412634687499936 2.28012911770724
0.415222183665323 2.2456641145752
0.414477721548201 2.25429890156212
0.417844786691607 2.21011648139461
0.418345012323935 2.2024367767097
0.416595182571391 2.22703678799468
0.412429472199524 2.27961580681659
0.414252184897126 2.256079448872
0.414720854256287 2.2500787595407
0.413870926537438 2.2638552502504
0.413698441767614 2.26434305104525
0.415156372895838 2.24280903975428
0.417034878012652 2.22062866921713
0.421048342083217 2.16828271126063
0.41269578391351 2.27782921838635
0.419586676903069 2.1910276970888
0.418115816347198 2.20875741047719
0.414008041736148 2.25951948514351
0.416884458522313 2.22154582127269
0.416923465312491 2.22330257342286
0.415870068405532 2.23838905509645
0.41432175838553 2.2542012444518
0.417237820586306 2.22020570741907
0.413398930040431 2.26803352153352
0.417990006555437 2.21201535347085
0.414335200668771 2.25741524445724
0.416618480885899 2.22699570649558
0.417170664057112 2.2204929689593
0.416492252402305 2.22438973173917
0.415168097349945 2.24521481676543
0.414227007653159 2.25522338289485
0.413856283910552 2.26111511823945
0.415904290879382 2.23303761654042
0.418502761039548 2.20257259635113
0.413472542473661 2.26590572996559
0.412183117698227 2.28470320700143
0.417325320858031 2.21545433841815
0.419610036164038 2.19039596260841
0.416197819306832 2.23378855767131
0.417080465626033 2.22004867835276
0.415744723879514 2.2424264465407
0.417040153926216 2.22119937611477
0.416711406459879 2.22579169775521
0.415630639819961 2.23931177752148
0.416509896255695 2.22457927353073
0.416818186787556 2.22597267245373
0.418330054371003 2.20656412250545
0.417659504291141 2.21536091654578
0.417801428734978 2.21025689792065
0.415645404425102 2.2401670254918
0.41314363262803 2.27450443691421
0.417848867779703 2.21176012877704
0.418361515343253 2.20364029760611
0.413448467694294 2.27092925964391
0.419665726356239 2.18889342474632
0.416295008094187 2.23024879728026
0.41507921944308 2.24851147674832
0.416224229797426 2.22946054225412
0.416127460363807 2.23214781477622
0.412583743493202 2.27886345833004
0.413972586653943 2.26163903824338
0.416562687411032 2.23045353369954
0.414265324579629 2.25702307372258
0.414634652387402 2.25144150967359
0.415881931074665 2.23702906620113
0.416788620025205 2.22543506929909
0.413914222582197 2.26060356875035
0.416836080954777 2.22396765227137
0.416498389649364 2.22940581928597
0.41715165014677 2.21947161784662
0.415044247581496 2.24930453645293
0.415198062252266 2.24391237730035
0.411970885658581 2.2878985144928
0.414456753991556 2.25263750548635
0.412717860362334 2.27601959447994
0.412966172148433 2.27305705958463
0.418702267067241 2.19604026134413
0.416942294729538 2.22099358870085
0.419523605543862 2.18873568706837
0.416060580583652 2.23630497093684
0.418328909454037 2.20617062801148
0.413184127829049 2.27092052702192
0.415554436686931 2.24390253419768
0.415322145001244 2.24215494929981
0.415400622344108 2.24344721536311
0.415714373457553 2.24009037172477
0.414112928987088 2.25999205529979
0.415531395450348 2.24108564631088
0.415841443194354 2.23508681862258
0.412057930035278 2.28441713093199
0.414561150278437 2.25418460789471
0.417447685528549 2.21652962686686
0.415153689319695 2.24759932813427
0.417465577951617 2.21521866802286
0.421151991099834 2.16846692558932
0.41708629110469 2.21769540664275
0.420764550488598 2.17348205377231
0.417657209909003 2.21319933933233
0.414869384687922 2.24972690876919
0.415160646894218 2.24644916820822
0.415927034863292 2.23672380022523
0.416874222551995 2.22284027860287
0.414397378897148 2.25646000329408
0.41750964230386 2.21433595209325
0.41395248506429 2.2599616765607
0.416031420965742 2.23537819518071
0.413272776605861 2.27092262642846
0.418342650774902 2.20438299273867
0.418256897914473 2.20635432122017
0.414628415099043 2.25401357390235
0.415472878700068 2.24270019434209
0.417019241424674 2.22143692691222
0.418065537956896 2.21045567519284
0.414942224723851 2.25044058899634
0.417101822650532 2.22281790390208
0.415360100517406 2.24509213193389
0.415302548141338 2.24235222163234
0.414803297323431 2.25102463195616
0.41858584205076 2.20286903385015
0.415924921944236 2.23767069929236
0.416507452148888 2.22787229329059
0.414079562962545 2.25951548518289
0.417823428820055 2.21346263579171
0.416000149133376 2.23495060245405
0.414834029241208 2.2514871546848
0.415586597891539 2.24219552584622
0.416001854574859 2.2345469411364
0.416053181604279 2.23373814413434
0.418365594730984 2.20748868257254
0.414058777879048 2.26186461608767
0.415134180457842 2.24573385743
0.416365093707132 2.22993267822906
0.413529399920221 2.26346354825349
0.415607481768608 2.23904318150861
0.415588079945768 2.24134439445266
0.414719857557318 2.25183953238592
0.414213158270294 2.26072722342793
0.41922272987755 2.19386428459153
0.414237697808974 2.25986359547699
0.414119946016275 2.25965095365599
0.413771210658748 2.26632335318356
0.419656513250065 2.18840509815567
0.415156206999383 2.24359209009011
0.417928221559972 2.2102902104427
0.417025692111352 2.22038500694715
0.415279953243889 2.23965547579133
0.42030225795009 2.17724466147782
0.416077272392767 2.23475373948388
0.418836496180088 2.19722564510877
0.41750929091321 2.21416571668414
0.419723664797448 2.18745378018292
0.420496394000699 2.1790729372629
0.414522510694186 2.25341645194802
0.416192485149089 2.23401589157984
0.416297192007135 2.22914574232452
0.416661712195849 2.22622187725202
0.41510202691875 2.24359197401697
0.41409161185874 2.26255987263191
0.415824942945968 2.23679750323105
0.418913446677732 2.2034465958814
0.4200951846549 2.18556428174541
0.415737866912702 2.23926018631456
0.414431510110084 2.25673947646992
0.415227970041913 2.2442218130926
0.414089429297956 2.26166090595683
0.418028392464537 2.20643801967489
0.416348771986456 2.23127809990888
0.416114124500799 2.23289182399478
0.412502014321793 2.27901338284246
0.413640504827139 2.26586133925037
0.41686934462052 2.22273730706253
0.416443342717852 2.23094747230301
0.414743124160481 2.25108623679658
0.415912036381613 2.23697343065515
0.415449466132806 2.2429520473928
0.415405767807297 2.24035230006756
0.415454577407841 2.24101470373613
0.415956184301165 2.23597215419677
0.417780042632706 2.21273436144044
0.417373524439777 2.21965665570944
0.41472004905432 2.25039922459066
0.418696516829688 2.19913867971813
0.416400972851229 2.22857855822586
0.413734143280413 2.26282033998283
0.41429757593231 2.25853867878129
0.415137315602257 2.24801230356994
0.414541596386784 2.25444491027648
0.415422032735937 2.2435722696726
0.417033435841273 2.22372648478168
0.416063034924159 2.23550612989058
0.420568015771633 2.17794929320414
0.414376135303007 2.2575275485396
0.416736382083998 2.22144307464745
0.416798922662346 2.22390506294392
0.415854147282209 2.23668996132913
0.419479115593413 2.19000479213623
0.414420228376808 2.25774024535708
0.416496684168116 2.22636751104471
0.410946732919492 2.30028810264189
0.41910451035305 2.19255515495753
0.416157646789091 2.23226816108695
0.415855688292505 2.23759483552554
0.413318768529446 2.27088755531527
0.413793010022723 2.26455292635765
0.417422587079394 2.21648811014273
0.417518663806053 2.2160419397622
0.418369965700807 2.2056833904644
0.416143369307049 2.22966455680926
0.417931802686155 2.20847170330934
0.414978312662426 2.2519568698648
0.416754025636503 2.22544294929135
0.415286140684519 2.24524245244661
0.417149103693769 2.22111228412908
0.416915941426057 2.22182870022021
0.415817806763433 2.23717927536158
0.41657349429679 2.22663113932459
0.416725747377306 2.22588027131681
0.415728356145079 2.23898464046065
0.414461567831679 2.25502602162215
0.418218785111822 2.20766696816091
0.416837375345376 2.22503612148586
0.415571285487558 2.24077346473989
0.415070311033248 2.24624230080154
0.417257713651865 2.21934451535925
0.415116628392589 2.24657136350506
0.416277518303862 2.22662308872593
0.414111910593576 2.2587239850374
0.416865100047143 2.22398674251504
0.416150156695184 2.2350122613388
0.417495118201016 2.21292965177985
0.417692452246994 2.21668368138765
0.414823546904379 2.25126647288127
0.417027335145653 2.22137631285948
0.413317656853957 2.27022948936379
0.414422756209776 2.25538133824993
0.41570648856963 2.23806533313011
0.41796494279378 2.20795864130351
0.41406020887854 2.26172107039642
0.418282756809763 2.20739787821806
0.41681187365075 2.22328523758238
0.416667879292575 2.2251718185696
0.416979717156232 2.22253377059856
0.417152321348007 2.22077728567595
0.417699414067696 2.21345801490524
0.415777097826187 2.23983826232671
0.415538255277179 2.24090714092319
0.416771692160006 2.22554269077641
0.415887819847352 2.23858577994871
0.414430928779519 2.25643254416154
0.415122869274096 2.24608639981292
0.417828869433499 2.21350578117597
0.412019537274708 2.28676550940275
0.415815034459056 2.23529004365517
0.419975776401734 2.18196923186764
0.416170878375296 2.23350242834075
0.413062714071507 2.27336941583739
0.416425408116158 2.22969788075002
0.413532862625179 2.26587388545138
0.414693897410562 2.25362771484
0.414669638456044 2.25137402393021
0.416028966584955 2.23570306578753
0.417930035200967 2.20961948432313
0.412859569513115 2.27433131540094
0.41527405722938 2.24448881731206
0.417648530906019 2.21349687965828
0.414293393305591 2.25593449414409
0.416314643148932 2.23247378592993
0.415412110707838 2.24100586203887
0.415496430057655 2.24075792069764
0.415174015276354 2.24669946916068
0.417107730319279 2.22108132366391
0.417048850570848 2.22411070762981
0.415912652374291 2.2351042201336
0.416123541901574 2.23318595091206
0.418045791204045 2.20677253221273
0.416917807180344 2.22448377167538
0.416006098547626 2.23422223181506
0.413088422392065 2.27105148812071
0.418720227673264 2.1999226845632
0.415350909413329 2.24178987622413
0.415597909505053 2.23989337187804
0.416506555816058 2.23033366237113
0.418512559501352 2.20231890229423
0.416108047995969 2.23275102189091
0.414399550414791 2.25142315183966
0.416989520796821 2.22100748447516
0.416189661548268 2.2315663782939
0.413832233212868 2.26207645055289
0.413230623321439 2.27140735979619
0.420835100574943 2.17287558957389
0.417672187983013 2.21300173558171
0.411562131133502 2.29340048671649
0.41543166189727 2.24232999781822
0.416973322022898 2.22046728015182
0.416454030087659 2.22958603422034
0.417995625144159 2.20948689331691
0.414931792936393 2.24948842318648
0.415495729678902 2.240009991781
0.414536478278246 2.25451119860207
0.413980256632929 2.26081548497937
0.417907716129342 2.21079427575351
0.415281664751084 2.245838892563
0.418488453773844 2.20190902000527
0.413955792784862 2.26281032338435
0.417360191128655 2.2175009700195
0.4158854388674 2.23656901975571
0.414013430806063 2.26077877586894
0.416162734864765 2.23253603524321
0.414242913066596 2.25655576712885
0.412950815155223 2.27252946667315
0.415125009643187 2.24691761712167
0.418024140845705 2.21094462226602
0.417373148232066 2.21591120016841
0.416023877825222 2.23676148413821
0.414280038691237 2.25622269036113
0.41663604114071 2.22602738960311
0.412689196259232 2.28134198593954
0.418067734122503 2.20936772926697
0.417443290270956 2.21787699742073
0.4159620997581 2.23470231632896
0.414395378968167 2.25715520528082
0.414671001553431 2.25199177097584
0.415025751990462 2.24886689463198
0.413348759748423 2.26777378870004
0.416184478507844 2.2354801900576
0.41277037969351 2.27685360115802
0.418173030046459 2.2108027336723
0.416432456715631 2.23002299817325
0.418736880105864 2.20114544962272
0.41622070199746 2.23052362803127
0.418306844407129 2.20667354187999
0.413937674076694 2.26063092525324
0.415170975686769 2.24483908758796
0.414640546535697 2.25100129570836
0.418724280835477 2.19905832692739
0.416476263632877 2.22933667373631
0.415920301813869 2.23556601734264
0.417850286517345 2.21001595507592
0.416203631694007 2.23339014500664
0.41519278770104 2.24504914418641
0.419383438752501 2.19073539647396
0.417049121662238 2.2204977266352
0.416053079035227 2.23197966622078
0.413993823610811 2.25864034876095
0.416905399217433 2.22472460128633
0.415770119938745 2.23800821763894
0.418966114654099 2.19912785945715
0.416551093718754 2.22743873230795
0.415625088782403 2.23916147158619
0.413999892800637 2.2590726569067
0.418507318394573 2.2024805385996
0.416842459128317 2.22345059252574
0.415561808696301 2.24109464759571
0.415004755259671 2.24523568183592
0.415112761981876 2.2436228494501
0.418296428507533 2.20657011911233
0.414412109335802 2.25521316230369
0.414179207616083 2.25916621896958
0.418450386457893 2.20116050753014
0.416309391924923 2.2297529627641
0.415540366678953 2.24145605227182
0.415426475436558 2.24074294667357
0.418625017757598 2.20190921060415
0.415499836497958 2.23898430078325
0.415035737269393 2.24542363265747
0.416843219453848 2.22690959052431
0.416945417764314 2.2215675317327
0.414070376101849 2.26136986637347
0.418506951887875 2.20265006127387
0.418043778283951 2.21063522598001
0.416090518448394 2.23113186343621
0.416447207012077 2.22904341137129
0.415844075368394 2.23923602074143
0.417212621573528 2.21852259834338
0.417439457021925 2.22112659405403
0.414819573419164 2.25123503974745
0.416319028330744 2.23003871673032
0.416251279866992 2.23235170272135
0.417813172976376 2.21448950282921
0.41806611890389 2.20903397544154
0.411807272460454 2.28843609430535
0.417436203476695 2.21650478884547
0.415915962625073 2.2358582355456
0.414855515912444 2.24952392116604
0.418619397281491 2.2013575574069
0.41699127353585 2.22127020550237
0.416292446889468 2.23023085002212
0.41318546789369 2.27206491521546
0.41803108578647 2.21173254585637
0.419030809599675 2.19630219586304
0.416391718512196 2.23118332708678
0.416151754202 2.23284677411954
0.417437237396259 2.21313254610003
0.420745868393458 2.17464070589738
0.415865317731823 2.23604972002919
0.416812433842694 2.22427435483886
0.414943072915554 2.24677043760446
0.41624535684964 2.23047509223615
0.416118441830793 2.2333402160432
0.415094241173852 2.24619430466853
0.415720353682564 2.23607458500205
0.41441500286619 2.25338840136317
0.418533735831115 2.204069717091
0.415846343203828 2.23417402939239
0.414032592059457 2.26237129613963
0.417625246761839 2.21470846288645
0.416854390809221 2.2216282481329
0.417047913371887 2.2209287636087
0.413117605939753 2.27198535660861
0.415607748480448 2.24152708435409
0.41451131149754 2.25178376955712
0.416478776079963 2.23010997566713
0.415212505172769 2.24710586054205
0.418307951452847 2.20434249524707
0.418709189369027 2.19927961456556
0.419246211897108 2.19214042990781
0.417351354984903 2.21674710532777
0.41407962992821 2.26169690031823
0.414990355642281 2.249831554883
0.413728098052876 2.26510726786821
0.415175640318156 2.24425810258185
0.417000524803087 2.21897883999899
0.416752702492554 2.22756539317407
0.417306212295824 2.21693487546472
0.417554863970993 2.21486268325575
0.415852842151223 2.23610829652277
0.419176796061036 2.1909172462981
0.418504595156632 2.20262023394823
0.414948256013153 2.24600788373373
0.416798187275915 2.22493626781493
0.417523597555086 2.21573757790132
0.416707512032579 2.22741021856891
0.41441100877268 2.25737468864915
0.419016152224323 2.1985251355975
0.412313384162143 2.28244865509646
0.414673151471773 2.251187429046
0.416274195200479 2.23278109807184
0.416618899809084 2.22978444190785
0.412673689700491 2.27206333612817
0.414197725384266 2.25639514181508
0.417718428934673 2.21309111150544
0.415350796769528 2.24398326753589
0.41753360426363 2.21653886273517
0.414627956948209 2.24951824876264
0.417103459473883 2.22143733882383
0.418818531307455 2.19680791000229
0.417345560855315 2.21923641634771
0.417219564406633 2.21627533976811
0.41422982125381 2.25840278620664
0.41536800435999 2.24454247568286
0.4142772658269 2.25804639226924
0.416460942241119 2.22861150900175
0.42020733372373 2.18011924329507
0.414593335454544 2.25162208170688
0.415577389217226 2.23940783991206
0.416231848937714 2.23399967074135
0.413935872904072 2.25993443367848
0.416264341889104 2.23126414584398
0.418184163689208 2.21063317762441
0.415559745063549 2.23881478284031
0.417131757973498 2.21991815513325
0.414198733587217 2.25657593075744
0.41499131305372 2.24631846855999
0.417593128518821 2.21310386023974
0.415102523478026 2.25036498512554
0.414828020051129 2.2493887626559
0.414508069316973 2.25212539530873
0.416246205431188 2.23068644237228
0.416967205445508 2.22235700330048
0.41584154355678 2.2368631440611
0.416791925071428 2.2275288925837
0.418901006711577 2.19759209239801
0.418408517179432 2.20441243862357
0.417593644981642 2.21321462924441
0.416182760601176 2.23447261305352
0.41521583337444 2.24448480894008
0.41647844301498 2.22628237852292
0.414822631438469 2.24992855621144
0.41650558925785 2.22990809580846
0.416494385126793 2.22931124966768
0.419506767617239 2.1895001765555
0.415050090192779 2.24725461208355
0.416708001928676 2.22574159938895
0.41495009623907 2.25125136732943
0.417723625110852 2.21097970229426
0.417951584434758 2.2100851473075
0.415261734448556 2.24313253878205
0.416274080636354 2.23545863912777
0.413219915352417 2.2703000263177
0.415261759385931 2.24344929815885
0.42036244325799 2.17955698443246
0.417803776055613 2.20870816582395
0.416390337250767 2.23195475822393
0.416487644467782 2.22929224473059
0.415705879803408 2.23956763278932
0.41661729051138 2.22891632030488
0.415893311129788 2.23554168411741
0.417516947394827 2.21459030145304
0.415050083221172 2.24633241827538
0.414157891192696 2.25845139635712
0.418476238688148 2.2062134495321
0.415987953849474 2.23408521978009
0.418111148324039 2.20761973388544
0.416774829720773 2.22587068573301
0.413784041660084 2.26416313943053
0.413940603968081 2.26194341872953
0.418726337829939 2.19834202264023
0.419929886715415 2.18227773061938
0.415599342494189 2.23756751845108
0.415826761122998 2.23834503929206
0.416387183178442 2.22897718482939
0.416463490915495 2.23005250837555
0.41704717685857 2.22240304398884
0.415153074622918 2.24712748103207
0.417425092220622 2.21590597022972
0.41807668957573 2.20834531393927
0.41672020199482 2.22400887301896
0.412652016688688 2.28116345516871
0.420268205824971 2.18035288254015
0.414132507872014 2.25820703769621
0.415555003431659 2.24252943598406
0.416323698890453 2.23123832685996
0.415971607199015 2.23667769950044
0.416565492326525 2.22734808436569
0.415267112128234 2.24429102382658
0.413907965549227 2.26177277155522
0.415278721031968 2.24202088911633
0.41784021280428 2.21495752303555
0.41440150750728 2.25454111355074
0.417014520705017 2.22209921626283
0.415105692067952 2.24551370526918
0.416339920209288 2.23191364714761
0.417076240413156 2.22164038093441
0.417168196045581 2.21792798704611
0.416062863044878 2.23558136182102
0.417019196339642 2.22182010425153
0.417057294594633 2.21927507108076
0.415117836170305 2.24777570287667
0.414953501651316 2.24727999975896
0.415143795247518 2.24544041514761
0.420180941023606 2.17978815210916
0.419499635370729 2.18778705006708
0.415217220215553 2.24838401099623
0.416181765392315 2.23276437915564
0.41500323137219 2.24820181551345
0.413425760379393 2.26452929700265
0.419900288286174 2.18426614448883
0.416796361228711 2.22613917591763
0.418080281170804 2.20998557662335
0.41533480960978 2.24527149922907
0.414609225321695 2.25210517446535
0.417463424963771 2.21911534427798
0.416788795636576 2.22256194151245
0.415765835777425 2.23909711444282
0.416871639333851 2.22455945116818
0.414129742495406 2.25697230743019
0.416427042196043 2.23028129895994
0.414336532328336 2.25919268487839
0.416136774974461 2.2358267084061
0.417832215141896 2.21013042287088
0.417613198637446 2.21629697632633
0.415543837925075 2.23972404056757
0.417394879145539 2.21548502190234
0.412748925859731 2.27675224047498
0.415813263729021 2.23636211633943
0.416029206673618 2.23502680136517
0.415883525785071 2.23493798379516
0.417229192795102 2.21840504267277
0.416015198082608 2.23533632023073
0.418164686631671 2.20682761658547
0.413442678522657 2.26832620690643
0.416230560406827 2.23137731990457
0.415089107415749 2.2458911640783
0.417646320844193 2.21463774026483
0.420082859112437 2.18290347319784
0.413179997916965 2.27064890044426
0.419109470495479 2.19516817632804
0.416757245412196 2.22562503015546
0.414293785882516 2.25637729628138
0.415495988478433 2.23858483406095
0.415832692557655 2.23773564580431
0.414602056249856 2.25341342242941
0.414298529195106 2.25488325775907
0.417992542807713 2.20761052265824
0.416278784932672 2.23211828322927
0.417416926800949 2.21686932993484
0.416639736480884 2.22734516892169
0.421670323054015 2.16048743661366
0.413580999208936 2.26842034459089
0.419503556113704 2.19055078960721
0.418128238698856 2.20827463623241
0.418786941103909 2.19911276395043
0.414393927977423 2.25749289105601
0.418401821070752 2.20193629614688
0.416763476893225 2.22550023522502
0.414682108295508 2.2548914418529
0.417952762973244 2.21025050936049
0.417796942443983 2.2153606051089
0.416275843395253 2.2297958035729
0.4177864845638 2.21101851235522
0.41635691426486 2.22788579635117
0.415007493443388 2.24860004286097
0.417269476962185 2.21997653899447
0.419756285760149 2.1858374987616
0.414776440210926 2.25081898213746
0.416407839475086 2.23026906161201
0.416057317508503 2.23289487909317
0.41560361568459 2.24053812244648
0.413593956172006 2.26561534649751
0.41418185442688 2.25893052716878
0.415024667127001 2.24836996431828
0.41493628938551 2.2491731974767
0.414262390161822 2.25711366076727
0.414765151871725 2.24832962684454
0.412996790714942 2.27138731895131
0.415283725024787 2.24318232592071
0.416579211157595 2.22831094032332
0.415734006928878 2.23937029509204
0.414571469941685 2.25421749259713
0.412524182834801 2.27958963027789
0.417442289626797 2.215789507148
0.419570533711694 2.19028779366188
0.414908847152728 2.25124046274984
0.417594709857962 2.21552906033298
0.415558021028712 2.23918482133201
0.415540144201641 2.23883795239788
0.418819968262374 2.19970479743851
0.415020578714263 2.24880140547406
0.414684820496576 2.25255659775242
0.417546041234297 2.21376532801326
0.416668157717252 2.2258244614156
0.41584187903852 2.23370559934134
0.415665725911257 2.237853751273
0.419271004235522 2.19534999183286
0.416409281396938 2.22969901200056
0.414155385363011 2.25765458146892
0.415764803481705 2.24134994621738
0.413867998916397 2.2589838777849
0.415452582213968 2.24156978558047
0.418484035431854 2.20527717565245
0.417446451001767 2.21935361464788
0.417568048200466 2.2143095424423
0.416092185398539 2.230655517075
0.415800331104716 2.2398153210789
0.417165252813862 2.21972322287742
0.420075706615932 2.1823699409183
0.415954733701284 2.23526344821438
0.4168451500255 2.22583500722266
0.415621066200255 2.24100656071147
0.418242670503822 2.20732960575408
0.415668348088626 2.23951019463732
0.418230218655355 2.20604171489577
0.416460945091683 2.22900295615367
0.416379250324149 2.23033604703448
0.415167050937728 2.24814483961087
0.418856206287236 2.19645454125043
0.414927550027031 2.24843215869494
0.415672190646338 2.23903923703942
0.416823121041733 2.22443511999158
0.417243631153883 2.21820514601332
0.418728525478198 2.19853517456008
0.415545180296076 2.24218987111364
0.417597127375588 2.21316301826436
0.413334617448794 2.2709575173695
0.416275291868297 2.23206708212793
0.416048413460497 2.23224521034772
0.416476099241032 2.23059882778814
0.413432771315278 2.26891750922593
0.413925576124551 2.26562622190552
0.416059608772358 2.23400250486297
0.418193037084508 2.20711215005974
0.415567816046285 2.24207380113051
0.414387464812667 2.25638494231659
0.414857742434906 2.25178250145233
0.415670212914283 2.23836855867945
0.414516150638061 2.25074464167521
0.414250839470566 2.25787157358029
0.412265426681656 2.28496300087132
0.415876436385735 2.23912618276748
0.41618773708414 2.23509890150744
0.415308298084397 2.24125438562787
0.415720092661166 2.2379437483856
0.415353352205119 2.2464363410575
0.415878497990311 2.23361085948625
0.415423090462541 2.24079822023625
0.419009313196435 2.19854104973806
0.4166519653679 2.22596212413887
0.414159321597526 2.25773562686317
0.412802356352134 2.27534830910016
0.412821059619537 2.27687269129688
0.416943116590462 2.2219867952436
0.41579700176661 2.23927711709558
0.415836580178872 2.2381499875149
0.41245854607405 2.28084073848055
0.412101654813153 2.28601722687679
0.420370050921768 2.18069517507751
0.415654352042818 2.2382480871345
0.419006509711074 2.19705478134302
0.413840385968568 2.26272443885667
0.416441702262038 2.22753320267258
0.416052140823795 2.2367734857489
0.416373356916072 2.2316213157362
0.41341276739589 2.26994920469551
0.415419058120468 2.24169800183218
0.415465456119596 2.24154297902658
0.415759072591311 2.24174039925862
0.416503117178877 2.23211064781897
0.416372597288789 2.22964770872583
0.417746727228498 2.2149955676925
0.415550398226468 2.24154985695818
0.415421335212268 2.24256946120734
0.418028376812083 2.20840058424413
0.417337027652005 2.21653274179616
0.416984247488396 2.22023068184091
0.416608785375661 2.22800319560037
0.41811545743083 2.2063504332994
0.418981805774774 2.19455355755213
0.415566073210408 2.24311064937869
0.414854782124967 2.25198587224255
0.414653671790129 2.25240929907345
0.414233572541547 2.25584133141166
0.417725913989937 2.21396966880252
0.41824913400438 2.20685453034702
0.416859175452675 2.22442081808869
0.416737470620274 2.22507531870505
0.416145703542995 2.22941004834079
0.415552064353377 2.23987366853782
0.417077345855542 2.22003511228791
0.417057476500096 2.2228676854088
0.415782758176496 2.24038331829112
0.416541383111618 2.22794939654551
0.416792997434872 2.22259447791847
0.41578227408228 2.23578434229997
0.418948315678094 2.19770919389512
0.413438435200823 2.26858471798385
0.414624196277006 2.25598972841479
0.415588112899544 2.24182897924239
0.414916771860249 2.24871223067529
0.418508987601409 2.20408341067982
0.414491513069474 2.254924377896
0.416557539809018 2.22677814598364
0.417235924414776 2.21998823804641
0.414465202523803 2.25610830411317
0.413872508943864 2.26335977991674
0.417656076115877 2.21259088170344
0.41772127992716 2.21494059320906
0.41712721308462 2.21874137242931
0.419214470388555 2.19311391794095
0.417097379272333 2.22150207229633
0.418691694285195 2.19816814509268
0.418632278315848 2.20102689268148
0.418065358428412 2.20704705591641
0.417672021988078 2.21477477007948
0.416404059838647 2.23102139474924
0.416606875938325 2.2271740090079
0.417374394673137 2.21418517678783
0.417846083618344 2.21075890161487
0.417672901724521 2.20949921439681
0.418137313540161 2.20564956388035
0.41786270472034 2.20974079693491
0.417041278780973 2.2208105376098
0.416548645682168 2.22541381560263
0.418396517220145 2.20360532366719
0.414637606269339 2.2534839031624
0.417186194724537 2.22294072069754
0.419070301184969 2.19255101101218
0.41669788412762 2.22614162434789
0.415994379923787 2.23421440459474
0.416232938678548 2.23281942738584
0.415543831011845 2.24227341542841
0.414607377117405 2.25598401213778
0.416035979129354 2.23468133344619
0.416609558361688 2.22678032211756
0.417313606347892 2.2154286064592
0.415239276272022 2.24506165414492
0.41818222667455 2.20835070214831
0.41678362095514 2.22523797177252
0.415513123259695 2.2399670970074
0.41748368389591 2.21911773362916
0.411864303890211 2.28926946671116
0.415754118182642 2.23737373713955
0.415679942128375 2.23943519025653
0.41605445446191 2.23340163902458
0.416814447149385 2.22207870919157
0.41755036617238 2.21587984960483
0.41471343332479 2.25072331865208
0.415170896273389 2.24853398031653
0.415684752511955 2.2400890830496
0.417522617232511 2.2153936365275
0.415309986938478 2.24439988818175
0.418716774515821 2.19957523971095
0.41558762394608 2.23944132633454
0.420738224860593 2.17508844399042
0.415936435973841 2.23583431868042
0.414882889725179 2.24868163036926
0.417866179911804 2.21322424669139
0.416504493907171 2.22857341784526
0.415773778929915 2.2362561736146
0.412578983450394 2.28024137543246
0.41806860175844 2.20780316114782
0.415556829816647 2.24526602917227
0.417069786259528 2.22283107756465
0.414668578820518 2.25492050972278
0.412239882234171 2.28705672445937
0.417429397807454 2.21638699882663
0.413604699464515 2.26570666478805
0.414219712308356 2.25992751575625
0.417627613411167 2.21389854831577
0.415757936365477 2.23802317663249
0.413353703387591 2.26961646859512
0.416996516496246 2.22764249189689
0.415214055120283 2.2458125951436
0.411301333675787 2.2992537981573
0.417010476831804 2.22013535276311
0.417058559602974 2.22196170917424
0.420529598559511 2.17332128737203
0.416626705286356 2.22809670345323
0.417241054863654 2.21800585664446
0.415598278387803 2.23880636047311
0.41702752882658 2.2199629115891
0.409891755513059 2.31252506031827
0.413301168766616 2.27052592992764
0.415478780481592 2.24204827757832
0.415493545478141 2.24246332149572
0.415790700540631 2.23849435618845
0.417572191467611 2.21061001739145
0.417275536892278 2.22108944964706
0.416332716510158 2.23005876317324
0.419061399413523 2.19469967316108
0.416944229968158 2.22032180334092
0.417869832399677 2.21144388315601
0.413467602673759 2.26831117787863
0.415745808926231 2.2382856199843
0.415808581391677 2.23777109090632
0.415140329508893 2.24864028632147
0.418754139932737 2.19910954283916
0.414683230880917 2.25229510350185
0.415595639309182 2.24113397142229
0.417237150062463 2.2180724925388
0.415993782847113 2.23499029043259
0.416592832392712 2.22822126396708
0.418345076980159 2.20448473835914
0.414927367043886 2.24844406464577
0.417578568788942 2.21367582018736
0.415913387417185 2.23660295844455
0.418224791444027 2.20863896331769
0.414516811807509 2.25592096006502
0.415029917574561 2.2490336291158
0.41509453076762 2.24531453174155
0.415004234271965 2.24829392778516
0.417561453907853 2.2145751108315
0.418293354964305 2.20539576239313
0.416162844532471 2.23100906536818
0.415862016822305 2.23688579385598
0.415335299662345 2.2461658216629
0.41423042645707 2.25882672579762
0.414024460433516 2.26137729080145
0.416080902400382 2.23269437991784
0.41400280880283 2.26386912158981
0.416789202034799 2.22561001957227
0.41779017992098 2.20985836686845
0.413276321361504 2.27051160255919
0.416255714553794 2.233081129227
0.416748464100135 2.22413805050288
0.416490812705864 2.22937019966377
0.415310043502388 2.2453394172046
0.418930779828897 2.19677734064782
0.420580765374686 2.17558692157288
0.415748146337452 2.23709966437686
0.417893255242486 2.20803686230798
0.418004184345884 2.21326590167522
0.41558270506605 2.24151056826874
0.416085534021979 2.2335269511609
0.419843100847692 2.18501051495334
0.414143726148986 2.25796543116623
0.413194419474536 2.27058064241904
0.418346434227612 2.20449077591138
0.41712645035728 2.21960443622165
0.415437564024455 2.24193981317648
0.415458479221152 2.24203586893588
0.415872314958453 2.235895189111
0.417484708775681 2.21718085338549
0.417123480067598 2.2199932987922
0.416952680597912 2.22159502071799
0.416778579984913 2.22188203296478
0.416202924991454 2.23127486674841
0.416973543363881 2.22571491679268
0.415535589562855 2.24097809343656
0.417359490479449 2.21391496673936
0.416397338307933 2.22883577768261
0.415018040620148 2.24819095876101
0.418798495300317 2.19920159109712
0.414588296206832 2.25584747878302
0.415618406157562 2.2373214995107
0.413348306337228 2.26833568710115
0.41732286393023 2.21811597382353
0.414089412847744 2.25903365610607
0.415104188675758 2.24689255264716
0.417435348048034 2.2169796842411
0.416052271285051 2.23497686422983
0.413811876927934 2.26387866968583
0.4122012301165 2.28673980118023
0.414612256503424 2.25356208887573
0.413927879316768 2.26213502240911
0.415891095049213 2.23470816667659
0.418459482035561 2.20023351459082
0.41375364096668 2.26335820785919
0.412624334228737 2.27640167182574
0.416893850168219 2.22161823090941
0.417286229529395 2.217239512393
0.416548711359684 2.22831748202894
0.41699828638747 2.22165342152887
0.415329083085647 2.24303233956971
0.417132810451464 2.22406980844048
0.413486804873267 2.26987260997296
0.416272860071678 2.22912853637962
0.417730098315289 2.21097376019641
0.419235642726243 2.19522181444448
0.41651203477206 2.22657252325468
0.417310909203699 2.22103459369111
0.41654311627773 2.2286604994589
0.413516011041769 2.26786108817123
0.419794777236909 2.18490980923502
0.416015441992246 2.23485307921906
0.416165995980101 2.23028734576461
0.413412808335658 2.26918016042124
0.415646253774151 2.23983180285244
0.416327187953272 2.23273742220731
0.417856869322417 2.21238062976848
0.414376228780013 2.25624087629197
0.415390775816171 2.24060484618094
0.416776087964143 2.22125662241748
0.417826495135538 2.2113966409653
0.419691594441538 2.18823178656795
0.417765018018958 2.21224881458002
0.418229890573834 2.2060826759349
0.416290175235761 2.23236200491122
0.411826589378117 2.28851486572168
0.421089579747949 2.17072675935249
0.418010172123859 2.2118862090875
0.417073849330465 2.22261711171767
0.41711543631021 2.21914274840358
0.420560229931424 2.17799582534997
0.415624953390974 2.24011645129213
0.418479036760322 2.20548508380674
0.415850757492234 2.23582692972079
0.416287547853406 2.23262379165555
0.413834485337175 2.26023823799075
0.416937186978659 2.22324227715962
0.414315164782543 2.2586506899717
0.414401203150359 2.2568057298137
0.416772376107853 2.22401296007908
0.415358647997434 2.23958188578472
0.417530023301347 2.21335437706987
0.415791964569726 2.23765286696014
0.416313359660408 2.23127906475605
0.415342530902432 2.24229087421341
0.415200904368506 2.24453225802464
0.414486413974902 2.25287400012227
0.41540491428669 2.2429808666568
0.414373144815406 2.25622457269659
0.416980225874689 2.22320705037566
0.415339691987025 2.24401444371325
0.41733014628242 2.21592442958904
0.412237603308656 2.28414708697114
0.418354880650361 2.20331125004333
0.415439357454136 2.24344710802222
0.414878875938209 2.24800699977965
0.419505568886352 2.18995344184305
0.416981253396829 2.22074998173555
0.414915207486237 2.24908794685772
0.417887650219378 2.21347324592417
0.418432140858347 2.20075753813345
0.418354799454379 2.20747053139218
0.414271447513464 2.25472333844284
0.417117222337945 2.22042308161654
0.415570850632403 2.23994473682009
0.416517300971236 2.22645922162886
0.415228815034687 2.24240995122537
0.415810526964919 2.24028112972947
0.414712375983901 2.25324296700696
0.416395616241455 2.23248048100645
0.415614927273128 2.23780117028543
0.414148749718336 2.25910560046784
0.414197010881335 2.25880544692321
0.414595001912051 2.25317965859401
0.417307685128892 2.21649718011736
0.416706018656627 2.22836371875738
0.416244580643211 2.232849507439
0.417465773715759 2.21582298328008
0.415605381927975 2.24128648596575
0.417510618396157 2.21698211454572
0.41544083806578 2.23943577346914
0.416074856903004 2.23156254690287
0.416690133741788 2.22597576120938
0.413047872897927 2.27549361264407
0.417039761866665 2.22433251741291
0.414329422369311 2.25596020614589
0.4156557761345 2.23918988480158
0.417385229106983 2.21790799768767
0.414472945969082 2.25299051716822
0.418055534633967 2.20782690344353
0.414891986793096 2.25143314843896
0.414831221272482 2.24962334416011
0.414584748626785 2.25377681839476
0.415431149808449 2.24204821996695
0.414088133976544 2.26006287127307
0.416928498239518 2.22521923804125
0.417776656456034 2.21259134242624
0.415600587098714 2.24386679784987
0.416009081805956 2.23568348022153
0.41398344201206 2.26080770454622
0.414817735435395 2.24919693395941
0.418557109349227 2.20244594589581
0.416869389753565 2.2255653950718
0.416729232833924 2.22627371994137
0.417720801180936 2.21249614379762
0.412427709930502 2.28029387262552
0.41775924514701 2.2115069076721
0.41789853037956 2.21265320049566
0.415532162249676 2.24067425169377
0.415260812141447 2.24572328497637
0.416048167405335 2.23115534985036
0.415768740324774 2.2347208831396
0.417447824071607 2.21726011042629
0.415435747557504 2.24312910136852
0.413290177686958 2.26882474730538
0.415634311709909 2.24167049843355
0.417491744057649 2.21434694743852
0.414945745048794 2.25033394017982
0.414354096841466 2.25270507902466
0.417066929200623 2.22206051427253
0.415515622452783 2.24015217620097
0.417221026855426 2.21849095208461
0.41746891380001 2.21837798830404
0.418593840127305 2.20285839174871
0.418050297836404 2.2050709943872
0.416780925485323 2.22562804173444
0.415102169827078 2.24953711720027
0.415025428162569 2.24551818038752
0.417907590430238 2.20974832305806
0.414782167228441 2.25163357827176
0.417321263387296 2.21736231306854
0.417585795789395 2.21645871080898
0.418500718329697 2.20408903835988
0.416659499429364 2.2302068696534
0.415078081002395 2.24626555621377
0.41384643973236 2.26195399292335
0.41780398646108 2.2120670910506
0.414130616476104 2.26008803372363
0.41545578964086 2.24163940423439
0.415444145867842 2.24477961190681
0.415541932514748 2.23994263566286
0.415823131624126 2.23633154094642
0.416666616130053 2.22690885969259
0.41888391225565 2.19531035719002
0.417272392223797 2.217823376043
0.41685651818183 2.22581940170119
0.412460766056685 2.27701531090611
0.416787131877347 2.22482606806021
0.414506499335673 2.25456571603666
0.416436074052909 2.22781129308758
0.417215089451266 2.21807800518673
0.418666902796471 2.20223161026204
0.419802344241201 2.18858437416824
0.417861696277491 2.20875671111103
0.416035138926472 2.23524199546063
0.414933215730194 2.24890280162573
0.417105156268277 2.21998039703097
0.415211902854024 2.2449144250511
0.418128359367548 2.20542426987017
0.413081244016965 2.272234630088
0.415750968177781 2.23734080603269
0.415366091864491 2.24717981080924
0.419114117341654 2.19532721793375
0.415523539158471 2.24156392558419
0.419504601860174 2.19015866769115
0.414973760697721 2.24553579425899
0.414019940025547 2.26121627603313
0.418604061600872 2.20329672150185
0.416608594588254 2.22502089157739
0.416354516244151 2.23153442661229
0.414657828984168 2.25516056767982
0.415839480240507 2.23757214249699
0.414608716600549 2.25262886525144
0.415346183287999 2.24189712120023
0.414315525726104 2.25632786728454
0.417695838111067 2.21344314191839
0.417653557750401 2.21457740154696
0.415165599148106 2.24586520456959
0.412554120701586 2.27977666482594
0.417478425508031 2.21684897710471
0.415257430195438 2.24531171935501
0.416065486207848 2.23478419786449
