0.308063156715875 0.130979910522794
0.310116458221129 0.110379803224001
0.30613874302868 0.141721335539122
0.308673051540272 0.125044453794929
0.306983291154583 0.136318822840948
0.311136176269304 0.1051172668579
0.308583344792514 0.122012303266619
0.310994465867732 0.105305491172112
0.308462055655035 0.124912498305036
0.309311707550154 0.117769187934846
0.305873955355191 0.145537801061584
0.308169247689508 0.126287676981326
0.307926902656746 0.127538370280767
0.307871582948738 0.129954937597754
0.307803924691693 0.129586425285209
0.306167164608961 0.143248622572387
0.307046416050765 0.134812558203051
0.310236377025963 0.112472465662304
0.309125092366424 0.120489820644784
0.309304931346969 0.119183346872394
0.30943299119929 0.116403781663523
0.312327347424156 0.0927959725161656
0.309670955549974 0.116523737928615
0.309485619955234 0.116715399602352
0.308963916791893 0.124394405051268
0.30886189269046 0.122076635639495
0.307629905111653 0.131309641016457
0.306749684552525 0.13821493249811
0.312516615362003 0.0894006809234753
0.308103202225344 0.126032055266149
0.310094994041086 0.114145064468922
0.308574703227921 0.122293275798053
0.30679828095121 0.137784627647304
0.306141603205113 0.145202331945385
0.308732536256157 0.123325050324757
0.310316824560542 0.111208128863266
0.309029726837439 0.120972155316073
0.305937645134974 0.145526334583319
0.308499949478762 0.126595731351504
0.307146068683213 0.137191526093959
0.308086626416148 0.130774888272582
0.309284207171943 0.119261877593935
0.307170841624415 0.136971997973731
0.308898523209856 0.121374841117344
0.309667054309577 0.117144721234667
0.306374921635372 0.13750375400216
0.309166524815987 0.118723056268024
0.309176246383245 0.118088571376225
0.309649014437184 0.114047583526687
0.309283705683182 0.117612938645096
0.308286838142326 0.128135105215879
0.309510015148145 0.116938955994126
0.310013045557708 0.114313905769692
0.309381488940303 0.116672928665448
0.308582414138226 0.123696606668553
0.309313760323977 0.118988178909106
0.30771704488215 0.130729318640112
0.308280591187713 0.126215397648257
0.310117848639351 0.112361740821619
0.311249694334588 0.103915761041184
0.311678120510456 0.0987934974044152
0.308908615062054 0.122611196328999
0.308991953496603 0.123499335479783
0.308602978552017 0.123712102962571
0.310228691772062 0.110593874930827
0.310435073505249 0.109922496375476
0.307332722553575 0.132975381547139
0.304947804687519 0.153872930377147
0.306587366658327 0.140606293345553
0.30932222573225 0.117607267714948
0.306510795019261 0.139240857177357
0.306834371396777 0.138999816587712
0.306871532016689 0.136562892474603
0.308922389165025 0.121899948190858
0.304758870164268 0.151331817664295
0.310096052587185 0.112469768014108
0.310304210263727 0.110131286802204
0.307848356982482 0.129546634075202
0.30815800902212 0.125773471106162
0.308720169559109 0.121868930262256
0.310325400797741 0.110446238922068
0.310558287984593 0.108793943325673
0.311039607206811 0.105739185752308
0.30663771023489 0.138494409467163
0.308606547269198 0.124567331812659
0.307998617839751 0.129958698119099
0.308357628154342 0.124930297286295
0.307669277780695 0.130768368374733
0.309119685103303 0.119301160710042
0.307503389217852 0.133356933880891
0.307713479578056 0.129168895458335
0.310048723788146 0.111929247247809
0.309292940221833 0.118306383496364
0.307284209378392 0.135237730266405
0.307925298074836 0.128271083360119
0.31124142024212 0.101442498993767
0.308323360525951 0.126844398719587
0.313222069806987 0.0879047206690474
0.308688460092474 0.1227489553344
0.309521281784431 0.119373834164485
0.310829214666608 0.108329193917896
0.309094395242801 0.121982663588549
0.308798069270767 0.123633587834703
0.309570604430344 0.115437294249733
0.306681174620033 0.141013721689953
0.309154379510805 0.117932118245293
0.307811430041945 0.131733315633866
0.307351122977587 0.1334796864792
0.307170358397102 0.13423184308051
0.309770951404287 0.113135891332956
0.307791694095359 0.130539224070635
0.312204634458025 0.096591189589672
0.311071127434232 0.105465631411074
0.310785405249808 0.107235080169886
0.308606573295569 0.124503712376686
0.307654771768084 0.131745363275903
0.30918293127632 0.118458361380962
0.306731214728255 0.138767007960971
0.309409945935382 0.116426486454373
0.308080250952006 0.128601294194502
0.309378374746108 0.117896796946576
0.308059266371567 0.128637890653181
0.310197940942531 0.112282138759483
0.310139706296893 0.112086171370073
0.308199247477944 0.126531401626643
0.305477812716247 0.14945630688443
0.306135380063261 0.142470961172553
0.309747447046982 0.116894028718581
0.30765704665085 0.131072396958902
0.31070697324988 0.11008956121864
0.307642124549837 0.130325910165472
0.308904599776254 0.121685252991929
0.308300731486553 0.127371529248705
0.311275590485002 0.102369116697619
0.310220230165888 0.109853296012858
0.311105579455166 0.105834525823619
0.306604284872415 0.140130608837406
0.30884121052749 0.121745542663247
0.309933665487764 0.112603819379835
0.307840533301073 0.129236223215158
0.309728947943249 0.116497468124141
0.310961662367131 0.104134296369611
0.30772690143089 0.132453561459916
0.308312155142784 0.127425713337771
0.309598848621414 0.117421434734956
0.309009386546014 0.120858835058495
0.30801856728432 0.126521026332418
0.307148705191553 0.13715065000368
0.3102245192176 0.110880669242833
0.310927771948999 0.105426851053126
0.309480817863725 0.117064669298091
0.307945520015631 0.132663638625704
0.307359087046829 0.131830421944579
0.307601016184142 0.130645296576241
0.308869361049301 0.119897950047731
0.309246486761031 0.11983040791036
0.309324061707158 0.116654239705269
0.308392887463065 0.125330260710599
0.307468646575498 0.133077126334596
0.310359219731046 0.106814065338598
0.307733145691052 0.132875560402969
0.31061465844339 0.109319203663696
0.307822352341728 0.128386230923077
0.308107194773434 0.128757882778809
0.308351569296867 0.125301320289638
0.310793272854491 0.108257098320127
0.30548828859287 0.149223196239972
0.305801649948428 0.149651147799019
0.308257261861461 0.124453271059422
0.306356740611969 0.141960649871022
0.311679580551647 0.0992884631649579
0.309133901089946 0.120524727938682
0.311388839333165 0.101817766832618
0.307531754029321 0.133167273376839
0.310312509052223 0.111121924745845
0.308099496142631 0.128611448222357
0.30896504824676 0.118947796438089
0.308358844605877 0.124268227150327
0.307773987069444 0.130787357127349
0.308397451630011 0.126594096308935
0.306568540673372 0.137795272917048
0.308984299209694 0.120287039077094
0.308039848480435 0.126957641053235
0.305331246037826 0.148655374994035
0.308903897334343 0.123602707373112
0.308379543196602 0.124110861728257
0.309136417420083 0.119020851373049
0.309143706544417 0.118719040933945
0.305442795325879 0.150516279124628
0.3092894018029 0.11963918245738
0.30826565022912 0.127305611357398
0.309210619041098 0.120473903189856
0.307381241804471 0.137043296644755
0.306313001855382 0.14076431447761
0.308835033957836 0.12016997618507
0.30946074303881 0.117770624516317
0.312516967942501 0.0953681964896847
0.309032557375263 0.118734992071422
0.30946917493055 0.115687995928002
0.309799176653816 0.11368937390859
0.309489577427803 0.12005082018395
0.307510698726481 0.129847515524124
0.308512742361755 0.123640191705669
0.306801129728296 0.136203139935377
0.31065992435572 0.106653161861227
0.307513026932204 0.133324099937409
0.3070076222066 0.136358350505935
0.307991456731716 0.128212685226344
0.309441214131092 0.119337907705482
0.309695775669908 0.114051507678946
0.309955775072624 0.111458301932815
0.307563892375693 0.132838612980994
0.307407737275305 0.132302085521802
0.307055057406567 0.135334113153272
0.309895743026475 0.11348199564836
0.308835493146338 0.122353528619756
0.310152319946189 0.109376988232039
0.307765126842634 0.12885223493485
0.308025038131271 0.129052732882074
0.308234888499967 0.127851322242946
0.309041964334236 0.119887601285626
0.307021631295425 0.138927707340455
0.309239174461998 0.119666114090044
0.311920592642573 0.0987543784112996
0.308577292958044 0.123784765953632
0.307842077967205 0.13099183611085
0.307933218189874 0.129264088235747
0.308943645677985 0.121277979983452
0.311508353997142 0.103545506373572
0.308765048938445 0.123662117709789
0.307726335260591 0.130541731028919
0.309797231376821 0.113852130560987
0.308062384387882 0.125500180127192
0.307240699476694 0.134166844219843
0.307777369510652 0.129080658312953
0.307554673511055 0.133557829443957
0.308021937069194 0.12834705158466
0.306190243104751 0.143889092104151
0.31025051762718 0.110588903366905
0.307010910876389 0.138824997839726
0.308860556766565 0.121508948087804
0.309651510278273 0.115544936573884
0.309454296523744 0.11708811914264
0.309092045391639 0.122437857557564
0.309606638527874 0.117940242012232
0.309256996008678 0.118479595039809
0.308214582672434 0.126135209920282
0.306519234446546 0.138572310425684
0.309849794725028 0.11427378556844
0.31010962196268 0.112189743946087
0.307072748057264 0.13472767070757
0.309926238201424 0.11324235407298
0.310860395424671 0.108137770841369
0.309231711062353 0.11898886261291
0.308010493081496 0.128200587635644
0.308765049725518 0.121923338067821
0.308206624252597 0.125224267015016
0.308480804411271 0.124874951615182
0.308681433120921 0.123594577517134
0.307597326067832 0.1325212621778
0.308082857598867 0.125881851849913
0.30673314712465 0.140302065083701
0.310028524833861 0.112480306284512
0.306784415549327 0.13835575177717
0.31019878390894 0.111946401747457
0.306771313755838 0.136921050561795
0.308170878034221 0.127205570919264
0.30877790373877 0.122954427293172
0.308231182362271 0.127487152093206
0.308094313654961 0.12891693818725
0.310095323928523 0.110706417782186
0.309334914636025 0.117480248766417
0.307068753020259 0.136250670119701
0.310039363308877 0.113174085391005
0.306333429108812 0.141762971031146
0.310910841062561 0.104655679625271
0.307086308244689 0.13561611423921
0.30879380422823 0.1219516162768
0.305457255715389 0.147846153402499
0.308568295474506 0.122944664374002
0.307751966400475 0.128259400260707
0.307886944688919 0.12516307109273
0.310189884907635 0.111463195258938
0.308714455795212 0.123463583477026
0.307941049419853 0.129657424298116
0.309598904303087 0.113899671135453
0.311347112668799 0.10154720589876
0.309127786045284 0.118358310402681
0.307670604356134 0.128572822542429
0.307670643931308 0.131035432958117
0.310064919616961 0.112990447050746
0.307089113264066 0.137300208776024
0.309349757984259 0.116074230282952
0.309698827365634 0.116208797345805
0.309538908584749 0.116586487426383
0.305420963150782 0.148625168794489
0.309954766902392 0.111955734046048
0.307706470839556 0.129099499102013
0.306532931661919 0.140767636860259
0.309000552345913 0.121961369631055
0.305571003766603 0.148579096004803
0.309156335158014 0.120074565427925
0.306687918374556 0.140211137758765
0.307225895275105 0.135666489572079
0.306364276682912 0.140725982602575
0.310535912371269 0.110313757831397
0.307812241161615 0.129838020714885
0.308069271503138 0.126242556229239
0.310816184024471 0.107685273184195
0.306072031312291 0.144057480938586
0.310572779752881 0.108366897623841
0.309858698150325 0.113903067589093
0.309718181559377 0.113111585485936
0.308231609816827 0.127222739730578
0.309109594436066 0.119803925420265
0.310159351267122 0.111183041730662
0.308467444053653 0.126572430540659
0.308651025714428 0.122978791786522
0.307911627487739 0.129540169074252
0.309434653096078 0.117219553407916
0.307158401035058 0.135561699267276
0.307128255864077 0.136398560698844
0.307101537955591 0.135139950246071
0.309378451826993 0.117322459412504
0.307884763869233 0.128267520184208
0.310187900253128 0.112623686174495
0.30730142127849 0.134082416599767
0.309617738965082 0.117164409398992
0.308272704252885 0.128133841724993
0.309260196172005 0.117893423234996
0.309573028774716 0.115859854056529
0.309781172531378 0.112407427177868
0.308471591448918 0.12390186133864
0.307419267970453 0.133733182073268
0.307511980026508 0.132838562296471
0.308684680707205 0.123179114053586
0.307687685678165 0.130888260899756
0.307489067834367 0.134863649465199
0.307946647734223 0.127537509543564
0.309171407152425 0.117173055477998
0.30887135321524 0.121869927457881
0.309312054173096 0.118442849364255
0.305013153463637 0.1521419489342
0.306897069490358 0.13737459765489
0.308330672454903 0.127445913387383
0.309478327459809 0.11525351006357
0.308950216458563 0.119082444077394
0.308319331041414 0.12551071229638
0.30704454812181 0.137351480956179
0.306841677909279 0.136605267615623
0.309662665698814 0.114123557509034
0.309381013123172 0.116687364766484
0.309363840487389 0.119476232745103
0.307779118719624 0.131189040569232
0.307908309431292 0.130157832190872
0.309395701072157 0.117382562598262
0.308931139014386 0.122717316273333
0.309760636285871 0.113908381797661
0.309984659776888 0.112357055370336
0.308428180869064 0.123620123998395
0.309059274225678 0.120230349736648
0.307839896004091 0.133109697556016
0.306792095209359 0.137269090344281
0.309026986655128 0.118585944795079
0.308424702105661 0.126535356787747
0.307760016236676 0.13149286117503
0.31158267945864 0.100611947292101
0.310496966946358 0.108367674676534
0.3104378206301 0.109553602883106
0.309195800397484 0.11837712136071
0.307961842958252 0.131335396209838
0.309679433694454 0.11583324672131
0.309199064003572 0.118643776724327
0.309923720879313 0.114459087856058
0.30911342565542 0.119043671747076
0.308267532559493 0.126147960002265
0.30923214009634 0.118159742317381
0.308664357714686 0.122446872479972
0.308248891901261 0.12590931084253
0.306373461547683 0.138579156335911
0.306996767558318 0.136324144023349
0.309288946107467 0.118049130746558
0.308531841100386 0.123332369030591
0.307961167049074 0.129018444552402
0.306922640021015 0.137996570049642
0.306914793106505 0.137896858099443
0.308807906817675 0.120025855929247
0.308957758165248 0.118306891143662
0.308862346164706 0.120354295680179
0.310104805560967 0.111862673109929
0.309051282833275 0.121489547507279
0.308033055941225 0.130882919236861
0.307333417833476 0.133494441154703
0.310061361370318 0.113423938032296
0.309260570765629 0.11961129373383
0.307741518323949 0.128968766189591
0.306909730816357 0.137490418824748
0.311410643645783 0.100407827489404
0.307463763603603 0.131568522502052
0.309042235533737 0.12088576634615
0.308674736265226 0.121754300513417
0.310743326674552 0.106993343972789
0.307283460052425 0.13333529471263
0.310658710502634 0.105847656735138
0.309598673967398 0.117306355304702
0.307502085091313 0.133958975040846
0.307456224555577 0.133997565520609
0.308156559825192 0.127762882506633
0.310802384824375 0.105931984823046
0.31040344958931 0.108742875778373
0.30860341819583 0.122048888309126
0.309821696300742 0.113920823299109
0.308261976153557 0.124987984093139
0.307903738203957 0.127973745096703
0.30660151589895 0.138355627322015
0.307824470898577 0.130905295722354
0.307456080799902 0.13239387252472
0.309028684719598 0.117796106844621
0.308169150916907 0.126440456996192
0.310478245725909 0.108040888608645
0.307495631739288 0.132431145794695
0.309371884587651 0.11987735708343
0.308768900606972 0.123495775510401
0.309333641683021 0.116828903236124
0.308828036211422 0.120373811985582
0.309775966592396 0.114713627119728
0.308477738271584 0.126160225562186
0.305200747588458 0.148595263264738
0.308178552393798 0.128199837791139
0.308149354923073 0.126715838202491
0.309522853300145 0.118862673996697
0.309766793545898 0.115183631149182
0.308972556839315 0.120866550278674
0.306679591780877 0.139615302585258
0.308687388528009 0.11964697523346
0.309540364403323 0.115834193777927
0.308618183486015 0.121329831656624
0.308422898275351 0.123765178347751
0.308741612589664 0.120050312602061
0.309656393626946 0.115529145584648
0.307196012091327 0.133323693868277
0.310256887874108 0.11070149318221
0.310005440624453 0.110747820687315
0.309136116301741 0.121464870146889
0.309736675497865 0.115902086867905
0.309081648466616 0.119222220752742
0.309973114980314 0.116283929277536
0.308322581860456 0.125744690521266
0.30997085749109 0.112957965850918
0.307081246642117 0.135441366974567
0.307655675693929 0.128169861429022
0.308990120581175 0.122022748028688
0.308245056728581 0.128142182295818
0.30954360174885 0.117924172206238
0.305687679631173 0.145810407711978
0.308066207466733 0.128489378860695
0.310050918296924 0.11423167857232
0.308288147857275 0.126928299818066
0.308604972733146 0.123224584695312
0.310578352837397 0.110376301613142
0.307696675646529 0.132250534932823
0.306638610625026 0.138584483348946
0.309145820027056 0.120716921181062
0.307647020957324 0.129183741053133
0.308065903764956 0.127038275377027
0.307112200318731 0.135132426801106
0.308319578498315 0.126243595773569
0.310442187776286 0.111468448807772
0.309751798539591 0.114207602036003
0.308271509971866 0.125317615217168
0.30844856091672 0.125394648038345
0.30622131398707 0.143223930815422
0.30831063187963 0.124832015194321
0.309625592513628 0.115532931349003
0.306991739706754 0.137268956786932
0.307428117068059 0.1326527826863
0.309673527444692 0.116815996577573
0.309411234613539 0.1161069548083
0.307647142373193 0.131769619348219
0.310746056431473 0.104796579526123
0.306763509113082 0.136973251687371
0.308775934788632 0.121267217516404
0.308689622847884 0.119945988924785
0.305328588969218 0.148302297342849
0.308980989939505 0.120394311230133
0.308878879603246 0.123302389499725
0.308332947794657 0.127098669691367
0.310666514796812 0.106841114460076
0.308405276495338 0.127899024778984
0.307471917468323 0.131354664354914
0.307371701445854 0.134082008381861
0.308464123882513 0.12600458719334
0.309118289001641 0.120051124115625
0.30708557960965 0.1357980085765
0.306729212215002 0.136997875762447
0.309271588040254 0.116947291747387
0.310113199206822 0.11220438274162
0.309026144219732 0.120711619547228
0.307291010401993 0.135487762262562
0.307169870986624 0.134537469991821
0.310021341922242 0.112902919213428
0.306983393866345 0.134019840140463
0.30938601002733 0.117911263743431
0.308869650289731 0.121441047205296
0.30802006979088 0.128415573891976
0.310917374961361 0.105860583227606
0.307845686343223 0.130400443455741
0.311134406094422 0.103059575427824
0.310717589692132 0.107517285455713
0.309091654362255 0.119049271455961
0.307597206967144 0.130374920126609
0.308362964145495 0.126323679517146
0.308876196488207 0.121973495785505
0.309514209834644 0.116411282527491
0.309071021341169 0.120638709395468
0.31030617947574 0.111228498350578
0.309453573278462 0.117718518232846
0.308583071489715 0.123666726127676
0.306218249621107 0.144575983144966
0.307463593142871 0.134188090378877
0.30831722472836 0.127784567797696
0.308019275326642 0.129833078254457
0.304504331267554 0.154858193961135
0.308985337970597 0.121109529052719
0.30854157980407 0.125491889100509
0.305982898563881 0.145929659186047
0.309660644248813 0.11495305969097
0.308131171384747 0.127127207626976
0.30850278250589 0.126361606887282
0.308059089820048 0.128049846026452
0.30943193353874 0.118301070949342
0.307714438564192 0.132318483760162
0.308730707880615 0.122408962380446
0.305762491791096 0.14581478439956
0.309043961517523 0.122952750727764
0.308009508595219 0.12980460915867
0.3078875555839 0.129001592811197
0.308305491021284 0.125861906623406
0.310151289674829 0.108486273881874
0.308141327319835 0.126569260994611
0.308410874052546 0.126106942977803
0.308519965020734 0.124568848901674
0.309472587358224 0.118913040077331
0.309973469858787 0.113554462834888
0.306882637984118 0.139015455986329
0.309298954498374 0.118411235523232
0.310499229933348 0.11065950267293
0.309015913414211 0.121289776122277
0.307636958142312 0.129461214833187
0.308448796352748 0.125296527287137
0.307780604269796 0.129241834211332
0.308731153142391 0.118904324235754
0.308465611024315 0.123350875707782
0.307293659827592 0.134787348460371
0.310883862842969 0.104952050017754
0.309058505743275 0.119158136321092
0.308132983806825 0.128215502168001
0.309710364949536 0.117079106605142
0.306630992598297 0.138742226164619
0.309118399446818 0.120936879733722
0.30645945532199 0.139135524243202
0.309518865975076 0.116389328160019
0.30962858461277 0.113095253166531
0.306430809762749 0.14324743262801
0.310842711428859 0.105632475709147
0.307167712844037 0.140361048562792
0.308663395561787 0.126448335397497
0.309430274848572 0.117917800691346
0.309237637834284 0.119848367117438
0.30971812427871 0.11425240087669
0.307972823195263 0.130263060336998
0.309361076087734 0.115980063755039
0.311204929925605 0.103817633611883
0.310818628830404 0.105687917854974
0.306110844581341 0.142321089420283
0.307042740437388 0.136275060912603
0.310459975413496 0.108256902781031
0.307779544078665 0.13171248519071
0.306498362768533 0.140262247816846
0.30998298490471 0.113517801790284
0.307642383947014 0.132037216595357
0.307987347566383 0.126710880138622
0.309557741615168 0.115304801222028
0.307426080796655 0.133427023693587
0.307497303381141 0.133281716426058
0.30821930802983 0.128882639156946
0.306878926733921 0.136411288789803
0.307273239817388 0.133666806144511
0.307147435842054 0.134320593400039
0.310808842954702 0.104939458686812
0.307072991692916 0.137056820749885
0.310661562617289 0.108903898186723
0.309210318209931 0.119346396440139
0.308696653805089 0.123903221371125
0.309153329985175 0.121197800319023
0.311173167407191 0.104480727370638
0.309523119580768 0.118401091266252
0.305375050979222 0.150529697937964
0.308117796716008 0.124347039184904
0.307696908124823 0.130377842546717
0.310487976106256 0.108662182953552
0.307361437232671 0.133815432060286
0.309251773590131 0.120430054265134
0.310712018098112 0.105262266850622
0.305121578046043 0.151014186197663
0.309385960169028 0.115860196989629
0.309689189339091 0.114600921218184
0.306573841313539 0.140459223162693
0.307664055124631 0.132055592765271
0.30861242962271 0.124424221511076
0.308213412201171 0.126843629757035
0.310806078192047 0.106943921512541
0.308077784087371 0.12917793758403
0.309321227443775 0.115231311855289
0.308433513578778 0.123943470302676
0.306524935221638 0.143264634919249
0.309267223050355 0.118718266653659
0.308859357003512 0.122516653483822
0.30916340451093 0.120189891831216
0.312631827377423 0.0907910356108609
0.310702674977301 0.106970335736632
0.307635039411766 0.130691809943805
0.308980190539195 0.121028635652816
0.306226290431168 0.142977892569519
0.308055919818486 0.128117480650089
0.30713722579597 0.136636873631899
0.307191457506577 0.135732228080642
0.308868351035775 0.121827821874326
0.309010144899767 0.119843258383398
0.30728865728087 0.134773663738699
0.310299405955339 0.110385553476906
0.308996723145858 0.116743428222391
0.308918263030127 0.120584538753858
0.309497802245357 0.116866240579647
0.309018741816476 0.122083658620873
0.308751472441203 0.120437445116632
0.307922559673515 0.132203058625981
0.307718500804837 0.131577163183105
0.307430128746322 0.132838979765829
0.308322871203495 0.126297140428656
0.30749548905305 0.132426000291951
0.308156448061946 0.126697235486639
0.308772847808725 0.121183674926212
0.308328882111746 0.127178524079969
0.307115080868742 0.137288531594383
0.308132799667192 0.126552149706321
0.308748623093648 0.121674387440046
0.306588473849805 0.139973431805727
0.30913337130198 0.120179355462686
0.30674501952037 0.138957039310495
0.307923885195682 0.130751903765341
0.307984068392052 0.128594036764489
0.307312407669718 0.134482361901875
0.308868269378213 0.123420285500144
0.310135742060077 0.112471220898325
0.309984816366089 0.112552601178874
0.308841679532664 0.123769494351466
0.306728834191281 0.13865604059267
0.309899379679026 0.111750804529064
0.308360168711155 0.124611797372766
0.308064500103406 0.128648075070049
0.307692874005511 0.131123595101667
0.309355291813029 0.117985399194066
0.305424907107233 0.147981691480403
0.310817128670398 0.107562668592748
0.30749483291821 0.131782466998766
0.310009855837212 0.113492320919715
0.309566522572616 0.115898186630348
0.307690503687239 0.129761647061972
0.308624289485113 0.123640951243412
0.31081204310198 0.106207345303321
0.306397260476037 0.140249776912734
0.30542024598561 0.150300758286597
0.30928263529182 0.117051271859914
0.307328896809257 0.133208529270002
0.307622680936216 0.13233438284273
0.305945530762121 0.145230134204138
0.308547273296851 0.126467166312127
0.30881152537508 0.121255252931543
0.3096126444225 0.115589625826972
0.310678485075883 0.105978807140145
0.307680448709005 0.132270849208481
0.306495196092169 0.139908215516261
0.310286116348282 0.108933142076473
0.307167358708404 0.135384086596313
0.30789893683064 0.127994408347968
0.309201647326389 0.118751521648662
0.308813334859444 0.123675638678305
0.307453947662793 0.132867005908481
0.305147853704501 0.150478263937783
0.307328891173451 0.130272256004499
0.30793318147829 0.128146482506339
0.309525379325635 0.115655042754259
0.30970124259793 0.114153948246903
0.307913877761454 0.12954876952444
0.31116199712978 0.104112623896942
0.30969619502682 0.114906711730365
0.311000092187182 0.105334774599989
0.309451752777527 0.116984939787833
0.307882566275071 0.127935475347257
0.308963521246278 0.121319757547654
0.306795614565408 0.138471245887601
0.308359236894208 0.126202198967112
0.308287127917287 0.12500997344629
0.310744407094718 0.107194286602582
0.309909548009944 0.113040782748954
0.308235864308992 0.127179498329478
0.308790767501992 0.123520660747475
0.306482526858236 0.139982380329732
0.307756439455866 0.131488630393694
0.30803280594767 0.128439268740758
0.30785528607976 0.129777257877842
0.307791160912481 0.130151294090653
0.311440308563525 0.100977814416888
0.311110413611368 0.102833204542579
0.307413805497747 0.131450353959561
0.306644401914589 0.1397430234974
0.309612533571371 0.117621229093273
0.311021663114596 0.103582381061667
0.30944857553785 0.118772086621813
0.309502488157297 0.115698086700187
0.308774142762107 0.121831277676578
0.307259614965712 0.137130262507814
0.309563764191457 0.117182162576646
0.309063232608299 0.121471622879741
0.307827040433696 0.129268884378145
0.3084987926667 0.12567995064815
0.309392333750343 0.117273564363435
0.311714637604076 0.100090901760842
0.307208837782297 0.133420991861867
0.31024799282562 0.113092242199985
0.307588628390523 0.131696062187298
0.307607949702676 0.13500685894959
0.309894193665062 0.114069928514028
0.307735647598075 0.132065275675983
0.309932564433111 0.111886484159307
0.30737338246025 0.134889469258396
0.305614184893902 0.146483268067443
0.307354144009885 0.132896524000507
0.307144949542691 0.133971117510483
0.307988937291906 0.12821075620798
0.311341729297097 0.102502800476654
0.307089045516456 0.135377197918135
0.307868949404634 0.128842196704741
0.307742050962798 0.131471731558881
0.307337596070973 0.133437509293834
0.309840433352428 0.113739371568374
0.309591158806283 0.115246192761569
0.307582363739766 0.129960340823977
0.307765187761586 0.128418070001282
0.310483889228794 0.110101565412439
0.309727916972552 0.114877846753073
0.306438657803478 0.143149546092213
0.309620803879947 0.115376706019309
0.308805995382626 0.121571060931061
0.309508631160478 0.11498855950649
0.309688560611328 0.115243923840499
0.30964357751643 0.115030044623568
0.307373217682964 0.133845590315544
0.30584339150788 0.143433064525812
0.307965078351955 0.126450626361348
0.309967099980686 0.114136597999338
0.307676137569646 0.130759898660081
0.308342466378946 0.126240069637424
0.308100489482608 0.126121413533533
0.307734255036964 0.129643200081071
0.309019442009804 0.120868332849128
0.3059115068247 0.143693128103373
0.31199404654893 0.0977407277406427
0.309313561877061 0.116043926055548
0.310621539499975 0.106054435036251
0.305690651601819 0.149228395569657
0.307246157562137 0.133597467012779
0.308567495253182 0.125108419644147
0.311377921025901 0.101980773221328
0.309771172279477 0.116339925969984
0.306955094730641 0.134629519504843
0.310606709354331 0.107760419946168
0.310274864676316 0.112330114383614
0.309152787093055 0.118837578817248
0.310099662939829 0.115888545262903
0.308354870837876 0.126472590470774
0.308439538129209 0.124400001193788
0.311892166403658 0.0982049271665059
0.30927674088764 0.120949519325835
0.306565895317759 0.140652285925004
0.308922005435861 0.12034701924882
0.308837925158302 0.122057800400018
0.312737667629839 0.0907921175804795
0.308531173256696 0.124054780781789
0.309246750899495 0.119010067298766
0.308264388365048 0.125769402877436
0.307270374111612 0.133531521214368
0.30648041456711 0.140980156126736
0.310129006257402 0.11425702688053
0.307752737243308 0.131098342756048
0.310479176368744 0.109962555580744
0.311190516517053 0.103112397613004
0.307919863382153 0.126576320928034
0.307883374878808 0.130596355427616
0.307660934196828 0.13067831407892
0.309023085030275 0.120313357472398
0.306949949517432 0.135268865753862
0.30863572238665 0.122430510994899
0.311642542526869 0.0995664120315468
0.308128393907135 0.127056418338366
0.308119285171688 0.125497520941662
0.309205080834358 0.11716486731615
0.308867720903192 0.123321223299251
0.304907618871141 0.150751463594281
0.308418399889993 0.126695508793378
0.307921505609296 0.129863849167547
0.307247540805468 0.132661764846723
0.309303531197512 0.117853413383387
0.311307590520162 0.101926623484893
0.309913527573989 0.114554954088636
0.309426765640395 0.11512290564044
0.309963007394875 0.114074776456056
0.308404517430948 0.126876967773243
0.310595189168096 0.107459592085417
0.307886554036241 0.129050698882243
0.308616100167786 0.123160088994041
0.31045570023771 0.10852240097552
0.308363098664785 0.127095308800868
0.308464290458806 0.126269491513453
0.309366832463218 0.118183482258055
0.310093673334933 0.110750000103272
0.307744988919847 0.128113070874354
0.308074605804161 0.129900912818016
0.30531830412146 0.148920063207903
0.308801969120235 0.122250972725719
0.306096127519756 0.142971400821293
0.310291982349994 0.1081150151933
0.310717097022518 0.107180616873402
0.306485428882939 0.138377765032735
0.309761148371484 0.114836367950296
0.307733556447866 0.131113898840554
0.308085887938834 0.129208184239131
0.308711089995689 0.124312513277735
0.30626374605123 0.144572856371596
0.309229034822665 0.118397896237091
0.307880245759713 0.128607316748996
0.308968488944242 0.121980363234509
0.309094666324544 0.122199933039813
0.306306839535312 0.136887669006251
0.30798026479827 0.127028213635392
0.308693064602953 0.123421252158593
0.308187848585111 0.12750641926514
0.309760789267923 0.115817409271215
0.308791030007476 0.119552542219368
0.3084210847247 0.125843134692945
0.30805437068123 0.126847166924773
0.309553905122174 0.117668929239795
0.304911427581708 0.150684565167434
0.306452064237252 0.141136176389238
0.309363660565339 0.118833982080939
0.310085977424313 0.112538596886695
0.307463007831497 0.132503041171041
0.309689846055648 0.115000934054861
0.311841072877501 0.0967317665873722
0.309372374536787 0.116782225051447
0.309766087141532 0.116203237967975
0.309421591523878 0.115712383181573
0.310826180492971 0.105911051384363
0.310515696391278 0.111921990115029
0.310091937389635 0.110403248261795
0.30628381124343 0.141865740245143
0.306139965193134 0.141767779053269
0.307820132892226 0.128498135630293
0.309454967932604 0.116044523746031
0.30957065373153 0.119133276588339
0.308301855427864 0.125449897061839
0.309899651633814 0.11161352454618
0.308357054535248 0.124810203400853
0.309195065522922 0.119025103899676
0.308086209563688 0.127689635276509
0.307495393060397 0.134891082745798
0.307784460877647 0.130505326459815
0.309179424133904 0.119814220623697
0.30887806551362 0.120711530790991
0.305676891852181 0.148501969725478
0.307665447762722 0.130631477230365
0.308243296317828 0.12455915096558
0.306563135662485 0.139639928428831
0.30763483478808 0.132671473147272
0.30857217152614 0.124629639454218
0.309868428923799 0.113816987478235
0.308814963828104 0.122002102667558
0.307999473327981 0.12852233242351
0.307106171539429 0.137766372191081
0.308413161546012 0.123963115517337
0.308642805629582 0.123837459324288
0.308540779020903 0.123053300760096
0.309502352212636 0.119964571442651
0.305476651705467 0.14784715015819
0.30967600146161 0.114321207055345
0.311003207364867 0.105779353958354
0.308969578242631 0.11852037454987
0.308128101653881 0.129199259420527
0.30940130256915 0.117976707455205
0.308019991020388 0.128992504511656
0.309996245702915 0.114322376706426
0.307875991345714 0.128841943090175
0.307788873949013 0.129656670889159
0.309952501307557 0.112223537157871
0.307449197146606 0.132491546593337
0.309957504635139 0.115839535499571
0.308307733513773 0.125220165114322
0.309420016761465 0.117355390040252
0.307693500154308 0.131758060531229
0.309059140166918 0.120440147334255
0.30636922136176 0.141616994251389
0.309550720281633 0.115268227015092
0.310874233752256 0.104432136552783
0.307542287695947 0.130028988306384
0.310353692309866 0.110782036112982
0.307140758324463 0.134561829161975
0.310609045935953 0.108730354595587
0.309285449663895 0.119210296956611
0.308060029967136 0.128998452616102
0.307340761477773 0.133316919603502
0.310133520444661 0.111923267959897
0.312032737139829 0.0952479151985234
0.308106958174636 0.129874049902609
0.308504517316091 0.12525567969478
0.309294137596724 0.117412783140102
0.30665442986913 0.140652006423795
0.309939896305125 0.11355754413845
0.30921526359404 0.120004117419109
0.30762576989776 0.13126286596641
0.308738130642796 0.122511804429504
0.309759800978087 0.114243335874253
0.307605833361166 0.12974083285771
0.309797620580685 0.117498110975789
0.307095460360273 0.134715859117446
0.307931182370189 0.129340726017879
0.30828639686129 0.125394208636435
0.308420943580003 0.126301451180503
0.308506546754329 0.125055573362014
0.308354551465165 0.124213126990264
0.307505986088903 0.133626721094034
0.308403528139988 0.125413583173218
0.308409125806564 0.123672968446372
0.307666890888156 0.132282825136756
0.308307307473122 0.125023442147507
0.308535785001875 0.123742283113956
0.306033037808762 0.143450071092199
0.309830243376183 0.112638562268851
0.309416779488033 0.119952937091415
0.309887531769423 0.113686153555256
0.309210985908189 0.119148980689477
0.306797844704802 0.134834845414041
0.306697571986117 0.138863661900629
0.30754153905652 0.133441747863433
0.309046795897757 0.12193445671133
0.309929473537996 0.114597404200685
0.307035163150424 0.135403593120165
0.307007876888624 0.139002197413708
0.307061106641434 0.134211303350027
0.308290470569707 0.127103679261878
0.308755444669498 0.123313854696468
0.306049691253847 0.142094712315698
0.307531959231009 0.132964596349361
0.311690980803347 0.101386582346207
0.308510383758463 0.12664275491298
0.308637304578824 0.122650182680696
0.309494667490522 0.118563370796668
0.308842447053889 0.120881746547125
0.309128844930928 0.118463741046419
0.308230485138363 0.126284703027615
0.307432834898932 0.132179736775445
0.308715794652458 0.12321547691577
0.306340830663971 0.140415159888357
0.310172917154477 0.110810019881322
0.30782531138933 0.130373645211074
0.309431256680639 0.117197703228497
0.309102435852084 0.1198656822885
0.308582838852684 0.123409952697568
0.307778345242186 0.129536294346267
0.309140345848929 0.120381998330612
0.30570633395088 0.147563253566162
0.306802660112963 0.137218149753864
0.309709567561094 0.115502464893297
0.309845572319671 0.114305412293995
0.305586175348792 0.14703319317421
0.308530480948874 0.121908088982758
0.30966676943637 0.115792863116595
0.30907882726492 0.120190131376786
0.308084810741098 0.126044698081255
0.30954155440813 0.115119342511325
0.306983533473188 0.137216318473334
0.308810474193417 0.122351375322497
0.31018769442642 0.111763967842805
0.308556139487601 0.123505333970889
0.309813835787404 0.115786175302255
0.308529832146213 0.125267887494356
0.310440909489239 0.109962190631489
0.306344449657799 0.141952117069595
0.308081780322412 0.129232767975398
0.30848114356226 0.12322991047876
0.307176369075311 0.135433996684087
0.308232132097936 0.128973413121685
0.309659924893004 0.115922802329378
0.31007367904197 0.115181993473835
0.308765712676614 0.121155391391854
0.309252976646864 0.118003333233943
0.306451632270817 0.138803534453853
0.310836932105977 0.106634022254949
0.307738795017747 0.131845962556644
0.308437465044605 0.124834326262416
0.308880390397091 0.121497730413082
0.309446295707296 0.11754908155701
0.309776224356541 0.113357895079608
0.309289374563924 0.118648134558458
0.306729896627857 0.138071644108426
0.308660079229399 0.12356236572797
0.306971712181346 0.137262877259347
0.309001092999251 0.12088993848655
0.309445267933228 0.1166945837396
0.309629996403105 0.113396409588379
0.308160844304633 0.125083828419578
0.30915246557597 0.118490384887635
0.306472663809746 0.141378153859489
0.308995336352216 0.121413606300593
0.308352567744491 0.126282434321693
0.309341624284701 0.117420800185165
0.307901416201408 0.128966251419267
0.309491339461189 0.118134933564445
0.310199708597691 0.112801308161539
0.310925539123832 0.106411825769204
0.306912480887315 0.135903046021418
0.309233416334097 0.117015289400808
0.31054853064977 0.109476826979837
0.310859793624738 0.106750750113157
0.308355980709844 0.126085876877276
0.308021249892651 0.127469756808228
0.310022316512436 0.112119110872743
0.306626654991189 0.136694484922879
0.307872474451718 0.128345098259717
0.308559194573854 0.126488630766716
0.309572751129231 0.116093594595624
0.308664357627193 0.12217319823362
0.311002833136918 0.107447031266644
0.309066894267852 0.117006776899529
0.308513009466017 0.124036795322854
0.307864268523834 0.131745975864569
0.309569583358737 0.118700737302263
0.307671155664248 0.130912703540365
0.307507648808848 0.129876145737141
0.31008928644195 0.113804388905541
0.307377738173996 0.13337061853569
0.30892567535675 0.121531594745534
0.309646723105456 0.115234397509107
0.311734957853509 0.100442585347317
0.309902798354414 0.114351847829068
0.310668282451424 0.108624533387165
0.310471363814098 0.109129489519921
0.304123053210854 0.159344816946298
0.308621977725079 0.123613214401558
0.308899984952156 0.12164115956435
0.30721046466903 0.136705648921221
0.30915723778803 0.118229609010719
0.309400096889964 0.11701197486782
0.308062151250127 0.127878902664995
0.306920314977701 0.137243594031778
0.306235241052899 0.142029285104525
0.309244966961751 0.117867342015919
0.307470124115371 0.133808732180511
0.308758510370147 0.121675194305815
0.309076870895975 0.121077351206252
0.306884885640525 0.137920872407207
0.307213226403578 0.133055471653169
0.306510761140277 0.141827648029144
0.310170234348133 0.111777803270386
0.310425850917636 0.112317029949448
0.306204025151866 0.142610977208091
0.308880182006795 0.12209475559983
0.309215822293274 0.120105511925294
0.307625065827469 0.131883734362769
0.307522736050567 0.133912423539879
0.311321836942337 0.101455633278826
0.307229779600623 0.131750569786041
0.30708240362797 0.135936227832327
0.308037300462999 0.129401043487386
0.308418827484896 0.127300995427907
0.308494638921868 0.12672286619475
0.309128478365364 0.117359425869695
0.309687803374961 0.114622098530369
0.310005450824703 0.115135243310403
0.307235731235601 0.13217295227119
0.307959771761078 0.12747424129694
0.310036953640092 0.114608216649696
0.309661758161813 0.11490919736446
0.309531272459479 0.115423958753416
0.309204482831787 0.117996359894879
0.306147896600388 0.143698647673802
0.309256779853559 0.11796979027233
0.310639705645764 0.108955064430924
0.307783661596611 0.131106263799865
0.308341125089609 0.125677970217792
0.306137139285373 0.14357626591347
0.310823438994883 0.108234091499281
0.308988304934455 0.11967536268308
0.307895254246785 0.130331921655519
0.308921567980304 0.120962441503808
0.307684646114556 0.129619034906855
0.309944635236409 0.115144615738804
0.309566076020021 0.117355096786901
0.306863452645595 0.138648538660181
0.310345512349623 0.109260856570741
0.308478689917692 0.124426085808759
0.308558965379171 0.127086924254874
0.309164396312247 0.122328271015003
0.309984606483992 0.112394526728765
0.312026261336897 0.0988616213652856
0.307569445964145 0.13253767223337
0.309501983337551 0.116688289511897
0.308745278718796 0.122457688030609
0.309334427184385 0.117097638090055
0.308458421585508 0.123285802842164
0.309279922530261 0.119154794844654
0.308437434027675 0.124145305032362
0.309189345635198 0.117756122431736
0.308457842102596 0.126954752343889
0.309283059774907 0.12009628721561
0.307247805232823 0.134439290155943
0.310488988824416 0.107047563831485
0.308473778183899 0.125953197451164
0.308363867849499 0.126549487553476
0.310614938499118 0.10831481390653
0.309075896338091 0.11973484960603
0.306459187468057 0.13773456544695
0.309389199224114 0.116755529287971
0.307572976743608 0.131156755998973
0.307937531732579 0.130385374481933
0.306604838746727 0.14170325477319
0.310081132330512 0.112035541597046
0.307172342407288 0.133399530858704
0.310693801098544 0.105514088379272
0.309250001634329 0.1195152486335
0.308384222342087 0.125731555663724
0.310338884322534 0.112551493928196
0.308527389305313 0.125557163480015
0.308826465167247 0.121697622258566
0.310885890028254 0.107088219425376
0.307088812736098 0.136044738231889
0.307253313198486 0.133658611477701
0.307754486306755 0.131364274296039
0.306613944429167 0.140480418618181
0.307708605990687 0.131437264081102
0.309363952611719 0.117010404439505
0.31123650397651 0.104800531111479
0.308233151704689 0.125388519870284
0.308935303196184 0.121067343343369
0.30987435395844 0.114332362608428
0.307619599157555 0.130050971186079
0.310402898697627 0.109713195195846
0.306628414851546 0.13853731469112
0.309072137050156 0.121304622622915
0.30780498594463 0.131149333888781
0.307170408353895 0.135183780272869
0.307219941615003 0.132315087451786
0.306528331058517 0.140034451213287
0.308255085308848 0.123468535002966
0.308750610677077 0.121319685424731
0.306541844568351 0.139262407439326
0.308666420088001 0.122740426494563
0.306475297219506 0.138624896735459
0.310844826116168 0.105808212023378
0.308564073072488 0.124707245544418
0.30885262965406 0.124565736927416
0.309365829341139 0.115660085370479
0.307246112368314 0.134724708816979
0.307397159204282 0.132639711188088
0.310381420911411 0.110349810820511
0.307200839517404 0.135999472146417
0.308695241828826 0.125410080983904
0.31026231228408 0.110725513415615
0.304419936084378 0.15669664911238
0.308030423160253 0.126279218620021
0.308696852581213 0.123169838467343
0.307753430425112 0.131935396134696
0.307955061711058 0.129258018979262
0.307900668458675 0.1282154332741
0.307553040510611 0.134895279867255
0.307476778441392 0.133115151274391
0.30733815924121 0.133130822108146
0.311293427157856 0.102674103628948
0.307786580224068 0.129510498814335
0.310691995605136 0.105309855175847
0.308849322313406 0.122691794887212
0.31023573551274 0.110003231986071
0.310487821579574 0.111094039937364
0.308249314226192 0.127386745706995
0.30972433315849 0.115046342265233
0.310037474222802 0.112737622434482
0.30869456757713 0.122946234835639
0.30693424519993 0.136250305535725
0.307017686424862 0.137753406937064
0.307402944335926 0.133292971753887
0.310500859831968 0.108054813912145
0.304562264617958 0.15785558600649
0.309125075324557 0.119743304091337
0.309326001577901 0.116647871260575
0.310820494848299 0.106814673422487
0.310622586323994 0.107525031496033
0.310578071391906 0.111797869539094
0.308311172827758 0.127524075885301
0.306726419499788 0.140793089544886
0.310797915992039 0.108979459336346
0.30797984082274 0.128693240560718
0.30699921640259 0.136127462246914
0.309670165177938 0.116780093826046
0.310313224422972 0.110262035784783
0.308790226231758 0.122165300063899
0.309863903116011 0.113956316319705
0.307816108448741 0.13461708703843
0.30872787491435 0.123257993279455
0.307024251873896 0.13888363132689
0.305898278244611 0.143816224151432
0.306790210405867 0.138747190592438
0.310607817358712 0.10558453842076
0.30977650504508 0.115490188050333
0.307353523347632 0.132990918752944
0.309776562485259 0.113306787773315
0.311469560448389 0.099663178715803
0.308147279109562 0.125817939720922
0.309943250207334 0.113488073195795
0.306686333434263 0.139196703606604
0.309793117163783 0.115074963320722
0.306891233975897 0.137980649328823
0.309282069299828 0.115141859043555
0.309961532661708 0.115195437107414
0.307326781212266 0.133391183679388
0.310111695947436 0.111407985487631
0.310184244144446 0.10923828346074
0.308864405691056 0.122325069065676
0.306853686728765 0.137965726165496
0.3080039142601 0.128511224728108
0.308184883047097 0.127304688578117
0.30936867068765 0.119711372308429
0.309260889773522 0.118499803444499
0.306828163805375 0.137968288146807
0.308744725474603 0.123371597077621
0.310659048272455 0.106783985643873
0.307708136227971 0.130797634178409
0.308542159848457 0.125021827874131
0.309975215586161 0.112874678802269
0.308569567872261 0.123614635431549
0.308984164642966 0.120081393794491
0.307184184485856 0.135408262937179
0.307156299882122 0.137349543797781
0.308788921619736 0.123645508593158
0.310473981527294 0.110101461523171
0.310372080144922 0.108547675313561
0.306963810867863 0.137044977768972
0.306792970895234 0.138019069890467
0.305965749006228 0.144863809618979
0.30766534584343 0.129665652696494
0.309510155505559 0.116655222239795
0.308018513501869 0.130474761807234
0.308771335255381 0.123104061569882
0.309225801684383 0.119395335435613
0.30986785679135 0.112717736401684
0.308422941147324 0.127580385290601
0.308745817849232 0.123348279274071
0.309917739320465 0.111824477409889
0.309284588337748 0.118461897178034
0.305155051390452 0.15226092387453
0.310119958210104 0.110808096312339
0.30899811052088 0.121259263137869
0.307219700988222 0.135857234464002
0.309514467244827 0.116451014611441
0.307783816782596 0.130398579550992
0.309526906976853 0.115481388887137
0.309206329451714 0.117060806399131
0.306797600977324 0.141652707313124
0.308051270237771 0.129034695975533
0.310658881413918 0.107150689828624
0.308636618876637 0.123489672923765
0.306526860786449 0.139250772406921
0.30943068892615 0.116481476837428
0.308424538391026 0.125190306730985
0.310206907745339 0.110438828385608
0.309001601753388 0.1203038424745
0.309571142223993 0.116084535092078
0.30672171573191 0.138059487569759
0.308434157334153 0.126322846805203
0.311371813733849 0.101479759674252
0.3071695934722 0.134293695720455
0.310114293450728 0.109336984504381
0.306867730787583 0.136654216896746
0.311268620478447 0.105414382746329
0.307026279517202 0.136219315429526
0.30797540067175 0.125948718391408
0.309048912194391 0.119428118789857
0.305874140267767 0.145757979305024
0.308260047742726 0.126972866859864
0.309691942196869 0.117187402594363
0.30857038692025 0.121853525699539
0.308616674911258 0.12270933297872
0.305941926710074 0.145120731883206
0.306322004502899 0.141206413754453
0.308685695316237 0.123320681481106
0.307103612522214 0.136191792813731
0.308905789987394 0.121915219333057
0.306920723499433 0.137471526854912
0.309052531173213 0.122121824689204
0.311141962097816 0.104062122504555
0.309402315267957 0.117605987594604
0.310476813843923 0.107527228907201
0.306521358411612 0.137996464953675
0.307707486185039 0.130175564540394
0.30639785793172 0.139191165491797
0.307682286615203 0.129628438531844
0.309371433268733 0.116822917728765
0.307407685861901 0.133629295204056
0.30664922114048 0.138973124377595
0.309019252369257 0.119914362758012
0.307486691186645 0.135736278284712
0.308489627581532 0.126489588379686
0.30977616216527 0.112572156894424
0.308381826978328 0.124269150143743
0.307979446883787 0.130597433307415
0.308961661460171 0.119466927543059
0.305715594883843 0.14919143649667
0.306064345285955 0.144489332322168
0.308200420666892 0.12743095826506
0.311767316747622 0.0980769700625943
0.306781915305079 0.138244407749483
0.309767633014575 0.112437379930755
0.305975196108436 0.145056320947717
0.310432263006769 0.109459792921019
0.308368267539978 0.127269092754384
0.306755251394255 0.139675619271229
0.31099914973582 0.104871742050144
0.310085818225372 0.110105678119262
0.309612418805905 0.112772338738546
0.311553627110683 0.100497603030004
0.308873956862311 0.122636530475757
0.309813268351374 0.11434573265528
0.308913639297933 0.121400713789997
0.309105675619033 0.120726071116198
0.307793560478761 0.129576938015052
0.308681459804346 0.124736297378645
0.309254092092255 0.121111527144505
0.30938605663338 0.118871827404416
0.308492510125949 0.123543281207717
0.307868911569274 0.131485492474257
0.309302766969353 0.118433318510292
0.309777341419451 0.116709249860763
0.307744726125114 0.129662808074859
0.309197473957416 0.120192471381743
0.308768382284881 0.120067671350697
0.307186124855641 0.135354219583124
0.309149769330902 0.120881490473897
0.307775487649053 0.131172868384895
0.307768786586103 0.129631148245431
0.309389664583729 0.114459901875993
0.306712876387331 0.137317946035635
0.306696705018187 0.138825208734602
0.310785567926941 0.106758477082677
0.306780381052395 0.137186916861982
0.309563847848266 0.115444902651407
0.306714633509255 0.137273592911019
0.30897080991268 0.121055806038869
0.306909440119354 0.137266847459601
0.309509060566909 0.117361636412822
0.30915656958634 0.119726257533357
0.308591946064024 0.122393367632431
0.309975608132188 0.113074945736876
0.307642945657168 0.13050301053324
0.309488492175569 0.117693994984695
0.307234467187369 0.133347539946266
0.307610321385944 0.132082474818144
0.309298548386509 0.117027221702151
0.307514029353439 0.132383436077493
0.310141456621205 0.114052531694276
0.309563712354532 0.114008616493692
0.310791830857072 0.108957702931703
0.308296867848475 0.123910587982951
0.306302515843456 0.141973283342045
0.308208921597329 0.126364949073666
0.311709968733798 0.0976629468914112
0.306178036787991 0.14083258831352
0.310985494208215 0.107196966927713
0.307627948857509 0.132731575753514
0.307403162585061 0.135432277010252
0.304647909275325 0.153307682745811
0.309954139946614 0.113096719742936
0.310701072255274 0.107425027765839
0.305067554051462 0.151717997023367
0.308083676540254 0.126641196565143
0.307896220051531 0.131481227813261
0.310028575008335 0.113310436172131
0.308974969119483 0.120744130910049
0.308101233685506 0.128700942267967
0.309158521141016 0.120692202046931
0.306347456528509 0.139331494311185
0.307230685996093 0.132620332052406
0.30873043158057 0.122724694821436
0.308761785084373 0.124235684064876
0.308792860046245 0.12461942043196
0.308527190176499 0.123730561154751
0.310229437673458 0.110633238642594
0.307161127875933 0.13596294216786
0.306990436896879 0.135004039576333
0.308058312960135 0.127714499235649
0.309560455992695 0.117858442281903
0.308951147502209 0.120547266663759
0.306260367717558 0.142645254830671
0.308975359598948 0.120530956517449
0.308603236052224 0.123927163391671
0.307449765102668 0.134812065447437
0.309855523089881 0.114405053026054
0.308085334648225 0.130893865987535
0.30865762804885 0.124006946796717
0.307221796536544 0.134379226435494
0.307130747892198 0.134492263682306
0.306642707935734 0.139883922441096
0.31127539825635 0.104111127333081
0.306638856553313 0.139962910243801
0.305825672328286 0.145710542934879
0.308766144661107 0.121528704324747
0.307255645155444 0.133936869944919
0.307513239770185 0.134351426290616
0.309462544159359 0.116622295927623
0.307703113946101 0.13181241854513
0.306943475119246 0.134283861178871
0.310198666012216 0.108432829404166
0.305921316374048 0.14592820824506
0.308796449090679 0.122888161368476
0.309497711527726 0.115512023624489
0.307091206031956 0.137328508453652
0.308782845308072 0.121302127932695
0.306364628355913 0.142861447820311
0.308849760792905 0.118775163660735
0.308029282444093 0.129071126874186
0.308637058727067 0.12255999475594
0.309425165945356 0.116743857023566
0.309152653174402 0.12146272406954
0.30693492820712 0.138316094015595
0.308478268526021 0.122091236065048
0.308896636067108 0.122091226527556
0.307013215837696 0.138725806017956
0.306093221599989 0.141901133366763
0.306617890662536 0.139132266291107
0.31198338319001 0.0976194585981491
0.307640784723636 0.131032442857052
0.307946059025949 0.130689238878644
0.309581797429987 0.117343467974848
0.308764166488318 0.125589445847994
0.309540970252171 0.115735631423643
0.309683710528909 0.114324051997058
0.306427470087912 0.141448658121381
0.308909378581419 0.121972397857147
0.310503276140022 0.108360938816282
0.309210664764626 0.121052194241014
0.307022691605374 0.135468293192256
0.308620656266893 0.122821444802529
0.308758040672731 0.123027560974015
0.308814145755424 0.120305554616592
0.310470539278811 0.108439731898533
0.309747458338165 0.116308353708567
0.306618170856373 0.136211793843442
0.308969472696199 0.120919091961344
0.308394717317518 0.125547015642331
0.307732203353904 0.129426466278392
0.307498028777684 0.131603413690422
0.308689673056169 0.124636305378887
0.30888846469661 0.124001814644337
0.309368789154667 0.116009868956452
0.306704772082684 0.139410504844058
0.307655225436875 0.13131059347914
0.307549997673113 0.131568812348484
0.308163266205413 0.126978604892916
0.309279570672826 0.116858979716599
0.307738531639145 0.130041500350966
0.309699567815005 0.11432893153295
0.308991420774595 0.123925946613061
0.307968823078227 0.129477649192023
0.309476122412201 0.117174816621079
0.309480271333951 0.11741079630335
0.309496717781562 0.114370594886104
0.306884723593936 0.137778223856269
0.307365140276344 0.135372478249842
0.308150758654741 0.125656555589006
0.309692818218867 0.116065837198291
0.310135668027875 0.113840041205401
0.309784014690787 0.114808406068328
0.305844058468988 0.145272756354952
0.307845558859744 0.12845800271392
0.308443857201011 0.124569112992762
0.308307028089042 0.126532906255784
0.307790194643008 0.131107059804209
0.31034514693497 0.109965520620142
0.307906787700069 0.129269080010405
0.308506832832358 0.125420301877864
0.309086925789005 0.120468121221652
0.308101809687814 0.128269938358486
