0.535517407574825 2.88518080405245
0.523167491692765 3.20050985061369
0.526269982410771 3.11801472069068
0.523296461501484 3.19994585249811
0.525820490292901 3.13650610889734
0.531532012658779 2.98818539599056
0.537217663216512 2.83633002158747
0.527985406044437 3.07942820979108
0.531826103212398 2.9745465562094
0.53537645689188 2.87896944940527
0.526429142633023 3.1223742250377
0.527603998446352 3.08360175359432
0.531197321291634 2.98970591759701
0.526967106532641 3.09952279914937
0.534038959715543 2.91697583970318
0.523812883325087 3.18639554304837
0.526673348386753 3.11256261857516
0.525007034959496 3.15803284830416
0.524746736462088 3.1613591208196
0.529414509831528 3.04229304215981
0.518455495744951 3.32188512906951
0.524774533865249 3.15002867369323
0.535306485361658 2.88577439036368
0.522541834147188 3.21530459300253
0.528808916175599 3.05936847703078
0.523566549869096 3.1914177625597
0.532965719682651 2.95139498430064
0.530168481842367 3.01635238684586
0.523201211067782 3.19645387876163
0.528986363853248 3.04291821285026
0.520540579392502 3.27726291236775
0.52610129139167 3.12282612343583
0.522432255804552 3.22531786191924
0.523421690010128 3.19944881661707
0.532356977426885 2.96985897542521
0.527524995167354 3.09264395116875
0.529842908832531 3.02237119121429
0.520581862180984 3.26955408506488
0.521778526240103 3.24464807989177
0.529381731901872 3.04812385114349
0.52454511707961 3.17543324369884
0.528210237893095 3.07301230859508
0.532948461175639 2.95063592650825
0.527465210822483 3.08570194801769
0.528613615394772 3.06590195260236
0.528366488760182 3.06193983875635
0.526861736762816 3.10678883206379
0.537534707134209 2.82218047328944
0.529297992490069 3.04049685727582
0.521325368725211 3.25031444304486
0.529694583784114 3.03498253459565
0.524293418251274 3.17289591994921
0.523244092475146 3.19976858870164
0.519515970010002 3.28903178333684
0.528094292610986 3.0694205846746
0.532301895057555 2.96445798600267
0.526269452739531 3.12464600073079
0.535512904438106 2.87950749699163
0.521618542169159 3.24105268083864
0.524735617072031 3.15757468491707
0.530527850258576 3.00833671714439
0.528175258975475 3.08052157509328
0.522195750567695 3.24149277145172
0.527081845745468 3.09630310756147
0.532890307816717 2.94982009639872
0.524253686533227 3.16858189183959
0.525966007223681 3.13082661329695
0.53993316635945 2.76562376543702
0.525721960867794 3.13550094167523
0.522505635007607 3.21730886927834
0.5210797127251 3.25536310063609
0.535230746059491 2.88446630623332
0.531044258337964 2.99824029341793
0.525490551029628 3.1434567574078
0.522316811108756 3.2205265484975
0.525026115690493 3.15771604555465
0.5254599478087 3.14262486657373
0.522407462005767 3.22287585670629
0.517295681402851 3.35088061582541
0.525296844002439 3.13932713456982
0.518085351387468 3.33511956848589
0.530879395713229 2.99947090607284
0.52265666922304 3.2166530174219
0.520852561749602 3.26436989019702
0.531246165713582 2.99313768594189
0.524559643174646 3.16627470801546
0.53181098785262 2.97536552360884
0.524777107509097 3.15964234989304
0.535275225299223 2.88125692623506
0.525271115909378 3.1484233911315
0.530752118997619 2.99657285480135
0.519599121588476 3.29431082639293
0.532967559974089 2.9491504184315
0.526197295013602 3.12477162319718
0.527605638736185 3.08593956230263
0.524624154088511 3.15639764238195
0.533439558805229 2.9356196926952
0.531422896795581 2.98761929241165
0.535516427355045 2.88017532725363
0.526500703431447 3.12207648270092
0.52933409596827 3.04406031967602
0.528190147008331 3.07572876583312
0.533358991584198 2.93721702800657
0.527847043422288 3.07960606823431
0.525726720871834 3.14066577810783
0.527101134288247 3.09296186784308
0.526155133205172 3.1307891107767
0.530273353001189 3.01744544928944
0.531443772527712 2.98265302518476
0.523585554268577 3.19116941390228
0.522006818773262 3.23623967725896
0.537229741985317 2.8400556379489
0.528903110038262 3.05477124032062
0.527657406606078 3.08231450262899
0.530885495570703 2.99882218655715
0.532959408323334 2.94207407289532
0.528457417343021 3.06018416796127
0.529548618316955 3.03213212781842
0.527871561745345 3.07367519395934
0.531119254257691 2.99129027894384
0.521095794012677 3.25348251022292
0.534984705453892 2.88889769435145
0.531530051889566 2.98447714422963
0.532034561556259 2.96823585960059
0.537879439530066 2.81538073785213
0.523891220961783 3.18929806190606
0.531542889232026 2.98209514528666
0.525698233766523 3.13659361694738
0.522875968612238 3.21084554858116
0.518664988108399 3.31964044625807
0.527028010197134 3.10460447896339
0.531736677110574 2.97719991261311
0.531856351221434 2.98246598870084
0.52319574229599 3.19872859779408
0.526291317041071 3.12161608005528
0.531287530628221 2.99314176522369
0.530414117768723 3.00968167324615
0.534381249931609 2.91065809413451
0.532535621795814 2.95899448323312
0.520810380554326 3.26852354175574
0.529625384424324 3.03943433751806
0.532132823376436 2.9635877992796
0.526843282044231 3.10618563449988
0.518608582756438 3.32502340272432
0.521341052897788 3.24804997769862
0.524443932446626 3.17217727535966
0.520382285894674 3.27059516810257
0.530731244578184 3.00414577941729
0.523414369782917 3.20050600556777
0.521356109227535 3.24750201459595
0.532116947476151 2.96850827191012
0.534062789149168 2.9239866681519
0.526304707638312 3.11455297522088
0.530168501441536 3.01915058867545
0.528237583883168 3.0693049589451
0.530038508073976 3.02882257479864
0.524771491592589 3.16182232817357
0.533225838634059 2.94308029425123
0.525266300816694 3.148371295431
0.530182125216898 3.01231605783229
0.535995573809591 2.87385802934089
0.528113037206054 3.08058836984641
0.535587726688534 2.87867115952042
0.528477904703474 3.06617937587582
0.523328468668888 3.19751997885463
0.529306060620475 3.04624972241711
0.526386474172973 3.11622550047456
0.532227018976835 2.97318344000711
0.527025457298786 3.10006795337661
0.533460444399444 2.93145623101771
0.530357674991932 3.01360269244246
0.522963298671493 3.20863365537694
0.525778982819934 3.13490346433678
0.526077348002495 3.1245044686129
0.532341359935457 2.97272287982928
0.531878633203935 2.97280556030421
0.521198011192321 3.24998414385449
0.52208785842415 3.22900927432311
0.531486142358821 2.98160598196583
0.528048210401991 3.07219850736613
0.529229006575438 3.03606324645433
0.529376821634566 3.0461188581695
0.517262076865852 3.35311612302523
0.523630047011484 3.19617833234584
0.535914068326155 2.8702822140479
0.533118886694834 2.9402886444729
0.519960794730661 3.28680352855404
0.523633671107235 3.19369055755378
0.53693801760751 2.84679408291234
0.536602558025093 2.85183033929719
0.530884045839079 2.99720520688076
0.524365635487934 3.172985672655
0.522534822496946 3.22312598073658
0.519685981373908 3.29051019704097
0.516744883452168 3.36901405895731
0.528287839000146 3.07244912296436
0.527814314243796 3.08652523186475
0.524457088655553 3.16613868073675
0.52195388881267 3.22773051737122
0.526989503666921 3.09916830469177
0.518281846860064 3.33235059243414
0.522178511047532 3.21948152787372
0.524800501363536 3.15461624610682
0.526537628714684 3.11494623564564
0.522856639423922 3.20743527428244
0.526899738028208 3.10906393850071
0.52427188266615 3.17620107389391
0.528920504786479 3.05143138676638
0.523508172572022 3.19876986379228
0.531144844405428 2.99489189447972
0.524383005087568 3.16644382152344
0.517762973025582 3.34166163723906
0.531705689669304 2.98317138691214
0.521268474590036 3.25267275803478
0.532601781912194 2.95810386403802
0.52121306761816 3.25535375709717
0.523314881491971 3.19574320595164
0.529265351218362 3.04907009822399
0.517544831720742 3.34951463760294
0.525511573527703 3.1471961613736
0.5283732245839 3.06772675105324
0.529339035891088 3.04732405166289
0.529854461714386 3.03151545002457
0.527653128788893 3.08878880993298
0.531498911965582 2.97954184522913
0.517289056744246 3.35588051557885
0.528265945912866 3.06430257115288
0.525948880758187 3.12803600477705
0.528675067098616 3.06444939577036
0.538317415765423 2.80804654280277
0.523247490541907 3.20205898652054
0.530455941806866 3.01105673534088
0.52631132432041 3.12184413135984
0.528320499676251 3.07187610576053
0.522385636672231 3.21554727478253
0.530671512289181 3.01400950525764
0.534186343682201 2.91630058649772
0.531053760763032 3.00224100232371
0.521612860699026 3.23985019094705
0.528140663847718 3.07863539439811
0.528477146211905 3.06151261825534
0.526777109344663 3.11102145820453
0.519345368238677 3.30735610960555
0.524635094003678 3.17249551979716
0.523696656820595 3.199475383389
0.529656605060254 3.03420376863829
0.514846552373013 3.41990317920177
0.518705259288589 3.31235155030265
0.525923741441591 3.13214741208346
0.52998818508687 3.02654354134069
0.521948384735 3.23403644737389
0.516692328311522 3.36610075953071
0.518255446451226 3.33556743199601
0.533344364777433 2.9356736988993
0.532605304169563 2.95219380457802
0.528549966798162 3.05806245890454
0.529767756039934 3.04080262235805
0.523506016609306 3.18942438866486
0.531215355896037 2.99295157057667
0.524289624429814 3.17899672100461
0.529251362796939 3.03972875251428
0.522242406316193 3.23690406864133
0.528218872168728 3.06714367066923
0.537898770830446 2.82074313283628
0.529633431636797 3.04121911856553
0.527439749531016 3.08876896245038
0.530955370989361 2.99812699270659
0.529061898264442 3.05162261767865
0.521973757095616 3.2338765241904
0.525369589818855 3.15308493934707
0.535998201931946 2.860631273513
0.525385966825585 3.14734224197748
0.524412186175918 3.17424105016658
0.529647788721296 3.04001194306812
0.524977609202904 3.15642971217307
0.518810559652424 3.314367749078
0.527083058266524 3.10078121040357
0.533062402493595 2.94060024863497
0.529251364040626 3.04030992204916
0.528792134959357 3.05416223638101
0.527870881591786 3.07157637608705
0.527349632426283 3.08123622694378
0.526820888035616 3.10551171822561
0.52142894802159 3.25462597527065
0.525087390690837 3.14679804364682
0.534040429795587 2.91547612517533
0.531432034073252 2.98294070501492
0.522387696948129 3.22106704224019
0.520977657965944 3.26444588341357
0.526591613314193 3.11805616171949
0.531690210032221 2.98936333184025
0.520396268588492 3.27712528544907
0.521062810712675 3.2550427727031
0.528805756256685 3.0585121223443
0.530165706798861 3.01438070840863
0.524355026280194 3.17196996988726
0.525384894260893 3.14436168637398
0.529650904965624 3.0296729264302
0.529305651883703 3.04080725976024
0.537407308626958 2.83735588643192
0.520546796420094 3.27611690282281
0.528419782040732 3.06844934094355
0.528890283535956 3.05734793870475
0.529411424364212 3.04035530086357
0.534344028505006 2.90775106501664
0.530332728213182 3.01942157890594
0.528469258846776 3.06733399408558
0.525084053929625 3.14799705229399
0.525612281367238 3.14650335338138
0.536452476615266 2.85382194869287
0.527529529686545 3.0937717612343
0.525736996811744 3.1330204908579
0.524301004561441 3.1689532104466
0.531548082864731 2.98033506970898
0.52162296064741 3.24315645071109
0.521645379242477 3.24037370640659
0.533508130295746 2.93695526195504
0.52763955426636 3.08397806777035
0.51980051897357 3.29503810403786
0.532743265059491 2.95590310201777
0.521826312610016 3.23903933251066
0.519955873541606 3.28721374998803
0.52638772630313 3.11378310794805
0.534873196524085 2.89611647613722
0.537134747718604 2.83795832558895
0.528236588183103 3.07454627546769
0.518974839102428 3.3080895685432
0.522984206107009 3.20767857145988
0.524254753372247 3.17665774985224
0.524876128155249 3.16079494151081
0.529806593953087 3.02563008250169
0.530084933242467 3.01498906724332
0.530237321903923 3.01439998218803
0.518280418456056 3.33110140028857
0.539065852394618 2.78459428527738
0.5276730118092 3.08751681653598
0.522077464083132 3.22721410345001
0.531571238810012 2.99040419805616
0.521565759360591 3.24392091966412
0.524513695997332 3.16460785020141
0.524678957939989 3.16757855988088
0.528748205427781 3.0633498742636
0.519825079151235 3.2876865023621
0.522391279060129 3.22610333722698
0.5321562195225 2.97310856732083
0.515902238831398 3.3927926462662
0.527756480337104 3.07978278213865
0.523616400082439 3.19195062516404
0.520054802135713 3.28635035033151
0.529802155293428 3.02920606257721
0.533494437498895 2.92668570796683
0.525666877298157 3.13228623727573
0.521957883045066 3.23674045099192
0.528507041736119 3.06457277971162
0.519924398150302 3.29136635386804
0.528822511682877 3.0543292570187
0.526170458965239 3.12644212957706
0.528905648826859 3.04963727332856
0.532922381091997 2.95297613964529
0.529312337668459 3.03832644598283
0.531954081476749 2.97407284524603
0.53161557964935 2.98330545499988
0.527859851966378 3.07970973353332
0.532017512899114 2.96558709383543
0.530014021691239 3.02642248976909
0.528682541059557 3.061812730624
0.521685766201215 3.2406725927804
0.530479345708977 3.01232984532292
0.532119782375889 2.96582701515391
0.534003742423659 2.91633679243231
0.528048508061173 3.07739485717832
0.530709470028593 3.00177615075338
0.527942807126913 3.07835454483219
0.530291498981861 3.01497543846351
0.522024776010113 3.23160343179609
0.527334300331948 3.09684158869807
0.520772193754111 3.26260719170859
0.533584016881594 2.92993502348568
0.529848219274196 3.0287454670271
0.522836717190496 3.20997318708251
0.52269266598111 3.21643690070849
0.531796462390203 2.97563905128458
0.530028300875202 3.0230906209092
0.534326882692852 2.91015078834901
0.51937208614857 3.30460641391539
0.517246611594378 3.35953989682852
0.528443157051083 3.06376355278333
0.525542696044357 3.13151861994333
0.526537908579888 3.11182618635123
0.529497618901312 3.03664110707645
0.532047662191107 2.97732330294625
0.529721909913328 3.03614128167717
0.52789540793402 3.07663605588673
0.529116953782988 3.0458929479067
0.523278188534503 3.2004681966997
0.523624264191763 3.18613669251349
0.521713305514952 3.24406285006808
0.527029728166782 3.10230278389583
0.532872300446306 2.93539837990902
0.5273322275911 3.09115307373163
0.526379226465986 3.11673053087915
0.526296257621117 3.12462092066947
0.529153520246116 3.04863644657577
0.524011730513002 3.17966768642636
0.52240635041568 3.22420642505752
0.535057138460542 2.89819211299845
0.53039456043042 3.01296644666185
0.516865157344715 3.36889506926474
0.524428666278022 3.17263739581746
0.525059740032935 3.15317447110754
0.527549597381681 3.0862247675515
0.522545025272285 3.2213616525535
0.530521667467343 3.00682077641834
0.528768125031789 3.05822562756909
0.533363929886014 2.93076673322174
0.534306796124058 2.91574461268631
0.519127452907979 3.30066814650327
0.526863147110302 3.1004969330075
0.524238950878613 3.17602191020925
0.519124434873591 3.31057073632777
0.532473809682671 2.9583195162021
0.522806986414376 3.21775346208373
0.532632483228604 2.95895548995617
0.528487799758811 3.06754464305501
0.520246591843916 3.27461194300776
0.526901622526903 3.10929212258433
0.52358499684633 3.19305285293619
0.530379296440095 3.00674602517856
0.526140822432723 3.1289448724782
0.527167556442945 3.09542079174412
0.525994337198415 3.1313311645932
0.529493762412995 3.04648676654893
0.531692205353465 2.9770328037317
0.525192547869982 3.14729712967136
0.530353632894334 3.00580506683118
0.532934507803556 2.9461747788185
0.533508318318521 2.93391360797402
0.533770182860656 2.92392160572833
0.524516207932037 3.16138356581498
0.529686700179536 3.03322141732091
0.526770247025995 3.10668710152004
0.528906244766522 3.0524954711709
0.526893494188184 3.09604620883967
0.52955393337672 3.04284849787441
0.524661908031385 3.16389552346814
0.514673581040866 3.42619361972667
0.535615401526257 2.88425282166549
0.521079363588592 3.24698652684547
0.527282526312018 3.09240940767904
0.528216843067675 3.07215883275092
0.522266311330302 3.22195939475144
0.527621662540343 3.087588593584
0.522600865406763 3.21523291436153
0.52914823069197 3.04715251578778
0.527521729995589 3.08912252982887
0.526776459204886 3.11268984617978
0.530844548241617 3.00558036509626
0.529657990397286 3.03808372992579
0.526722666718779 3.11297901946244
0.531363196946619 2.99461342927553
0.526278413872994 3.12438359149258
0.527177977169294 3.09099264438393
0.518814649444819 3.32399263010932
0.522285253977488 3.21854662642185
0.534798285309955 2.89667555200482
0.525230743943758 3.15042948002324
0.528409384583728 3.06751918187412
0.521545268457108 3.25062407071069
0.520348644949095 3.27306178729012
0.532484480711859 2.95269220687444
0.528469637121138 3.06572486496909
0.530079061453326 3.02423517135052
0.52603656299898 3.1271825390954
0.521720540423585 3.23960028808247
0.526063956373591 3.13447202815879
0.51697831596391 3.36405742849245
0.523077269905198 3.20348680599
0.523526398264607 3.19318944736324
0.535824378145369 2.87213233595987
0.530089657786874 3.01820968615683
0.52176052098027 3.23118521524051
0.525118718428823 3.15288852511828
0.530704525416364 2.99439514691807
0.520539827276493 3.27437468985755
0.529345606267952 3.0357485532832
0.525803242926317 3.13506237191532
0.529704823996515 3.03153143244923
0.529687678737892 3.02901185630242
0.532951167758667 2.94909459773914
0.53556133184594 2.87590890673011
0.529282740866154 3.05051154366167
0.528242716359175 3.08124636979118
0.517073403680955 3.36673715084475
0.534377695773209 2.90627501625123
0.528375067125366 3.06127421699458
0.522511436981128 3.21345341491479
0.526598948608995 3.11807277893635
0.526700383881739 3.10491467502632
0.52441903783369 3.17339444205459
0.52537829978425 3.14672553791031
0.52498255127179 3.15853117383191
0.526465345618832 3.10990522342697
0.525553516303888 3.14007955087454
0.528435014221163 3.06341699573323
0.532896450675022 2.94499014406443
0.534637537063003 2.89996674943895
0.529950119183656 3.01806209493422
0.532057888899687 2.97001653889027
0.523664928110072 3.19167237726255
0.521275635624957 3.24806613722724
0.526695085017577 3.10618527456904
0.528377010812743 3.06503528932814
0.514625236245839 3.42767357435864
0.528161999028338 3.07296440646296
0.523186398031946 3.20620624337275
0.532588747436943 2.96001306047593
0.528109600442446 3.07181501003916
0.529066611127793 3.04435525520786
0.522472439637577 3.22829370085625
0.532064626142742 2.97044012705796
0.528791202073422 3.06204400159081
0.528442713213371 3.07022748213736
0.52159198931486 3.23806148096317
0.53120949368324 2.99309573464989
0.526832816800121 3.11207512971322
0.52664424769515 3.10886404870455
0.53242076483877 2.95998140104001
0.530510323030819 3.01369910810585
0.532445722968281 2.96220283730278
0.528983471570608 3.04948076469327
0.532767516735174 2.95102032350689
0.527834819793678 3.08321776944254
0.527003978923984 3.10173986881004
0.526018832466533 3.12626011139731
0.530534334639425 3.0210024810369
0.53001000153131 3.02729004134884
0.522058264483232 3.22961816456866
0.531525412323138 2.97675328422994
0.528265858475566 3.06182721308795
0.530613241546943 3.00384173391351
0.531656131913425 2.9811429969711
0.519309291195253 3.30279420256397
0.534403131535495 2.90701955137156
0.524252932720021 3.1780583274495
0.532988187474446 2.95037943418799
0.531371405585288 2.98762704813769
0.525180771793441 3.1492109977262
0.523277124080369 3.20452641771126
0.519960556513475 3.27899138140957
0.5319260598183 2.97611851134072
0.523236868924926 3.19517732702815
0.51817664045554 3.32197926714342
0.532392278863241 2.95445846825769
0.523987952770506 3.18596721144091
0.532266856828408 2.96025738419451
0.525153079569492 3.14647571559393
0.520614314160155 3.2743940969656
0.52841785873357 3.07454395284284
0.521419893470508 3.24184915178727
0.533148026795846 2.94645322836812
0.524605713586167 3.1696961786449
0.513784391820056 3.44894388581864
0.532635968886435 2.95132290148368
0.530769397556823 3.00853268265134
0.530225103431536 3.01259318598295
0.51781025187996 3.35366961571196
0.529815144844364 3.03357951557851
0.528973869870571 3.05405095193939
0.520915949635901 3.2666929402854
0.515759116720647 3.39717732287027
0.525314979433567 3.14820127008988
0.523997680438977 3.17666718248431
0.52602511814589 3.1264585979498
0.52645178939761 3.11003373622631
0.53033433688881 3.01694929222999
0.529226604082126 3.04437197038772
0.529912487506193 3.03131803327145
0.523230735220675 3.20687662245114
0.520876475964119 3.261675229142
0.53407871591474 2.91767650681759
0.533860708077115 2.92666224832285
0.526813175798625 3.10473074081171
0.534635757011948 2.89937075508868
0.523598127853154 3.19560437581372
0.520998042503485 3.26237979202143
0.524475804010828 3.17761422001734
0.529285438164014 3.03915929334032
0.519934612757116 3.27949325249957
0.522016505217428 3.23469553116407
0.525621392968584 3.13074164971972
0.526478368283865 3.12117192319726
0.531375205926821 2.98837266857968
0.530154147583688 3.02226646966733
0.531501413274016 2.99074726749074
0.527480211654552 3.09221995322618
0.532954361377927 2.95171668390359
0.527814423139867 3.08940815910589
0.532537632347994 2.95884867384333
0.527859670148713 3.07090513789555
0.532896486863708 2.95346117247727
0.532002167172622 2.97607461557151
0.528804808643391 3.05368928662547
0.534604499940765 2.90033657311694
0.526926897910172 3.10452706874608
0.528229018682935 3.06620239065082
0.526894761547833 3.10209238217951
0.529207111324086 3.04633559967667
0.528308541803176 3.06837793428464
0.529884929728672 3.02557464406716
0.536667042620665 2.85656463234527
0.522959783439395 3.21186312521733
0.52658282622308 3.11428814101236
0.531076760099148 2.99412320096543
0.523602600303313 3.18192730749065
0.522230752173332 3.21922612763101
0.528131680055918 3.07912994192165
0.52218577039834 3.22543905632078
0.527725943749001 3.07933950085756
0.531027222468494 3.00322414602013
0.527250103490059 3.09276941594892
0.532554702009459 2.95530175621036
0.525982924924581 3.12556695370734
0.531161334990519 2.99565879253544
0.512732733887001 3.48169411659972
0.523352154240434 3.19553229813833
0.526898177245906 3.10661828845651
0.5288019963997 3.05358260453827
0.533424732198572 2.93376409913611
0.529150481143052 3.04951080067399
0.528497977269964 3.06897129775995
0.524014661485078 3.17956796004543
0.535092405174587 2.88067563365783
0.527637557701709 3.08166033682992
0.530131061376833 3.02299814903255
0.527454952761448 3.09723370346349
0.52896337486409 3.04912003263242
0.534681796108326 2.90140366710815
0.531682118732383 2.97858344966299
0.531527521381684 2.97826073885521
0.530275869117644 3.01154562058539
0.530731697721267 3.00317596880328
0.525110081472925 3.1485456116643
0.530022440184414 3.02531406700387
0.518559778183998 3.33213056172659
0.527366010677319 3.09816923652475
0.53467443319885 2.90187337250932
0.533201675561838 2.93536109603645
0.528645548121678 3.05616178401215
0.530851021936112 2.99725106166839
0.531645342478589 2.97868657150623
0.5260799620547 3.12553351595485
0.530375973804207 3.01052873968605
0.522379524527507 3.23214532117612
0.526105201148017 3.12987603708253
0.531730032703481 2.98099195506069
0.518672079042594 3.31589130781212
0.538184965948967 2.8175599215526
0.523655564706808 3.18753545187409
0.525334951524703 3.13917352216006
0.525685270698561 3.1390562275172
0.531072342741055 2.99492909118051
0.52782287961466 3.08117563551747
0.538444476111241 2.80405477407909
0.526273132773117 3.12248039349188
0.525168489793421 3.15173149147071
0.52305054740996 3.19964848317016
0.522013673455543 3.2392859983581
0.524927571084704 3.15773041869136
0.524337222007659 3.17174588937118
0.533790493027256 2.92595123649495
0.526048867571711 3.12095064102653
0.525532036630679 3.13535976841933
0.521213447951131 3.26421094985126
0.522982929840001 3.20208573548858
0.536769335110984 2.8522129933186
0.522725440339825 3.2211254750262
0.525809363926711 3.13319890649199
0.531999741801858 2.97360935868121
0.520834842381538 3.2692562020663
0.527970799814198 3.07350761713489
0.525932501437934 3.12799525886131
0.532681005331869 2.95984904605267
0.528387847680259 3.07189672043007
0.528328069137258 3.06619683979652
0.531743777563447 2.97869147227747
0.532230211743795 2.95718816542385
0.526301275439606 3.12150034170154
0.519891256413318 3.30044711444084
0.520033295411034 3.28338085403592
0.520410389565805 3.27260995538454
0.525046238833537 3.15233455411327
0.527068908967449 3.10157778543996
0.521324108330829 3.2431065916601
0.528171293759225 3.06917705802001
0.530465862754724 3.00910609598968
0.533939591461091 2.91806561791336
0.531215308188479 2.99282380181247
0.529017353569864 3.04695084417754
0.52039369187107 3.27224616554339
0.523123707191504 3.19986107711698
0.532755273162621 2.94990895935516
0.525044388269998 3.15552601112073
0.52790150986587 3.07090050948114
0.515278693342076 3.40264796717719
0.524226133822242 3.1698023552388
0.530949956807818 2.99240511164318
0.527837681619079 3.0758506993705
0.52290941974939 3.21351418450753
0.523814481163768 3.18726076379469
0.528672372712518 3.06776867565155
0.528935551264833 3.05576152348521
0.516137791787089 3.3903794278661
0.529543769943759 3.03406708292203
0.527596822101171 3.08888299987238
0.528321178082466 3.06424968321845
0.520327443158971 3.27461618959293
0.527121784063294 3.0969129596663
0.52593039781386 3.13716316602952
0.528884295473618 3.05082728613524
0.531411059230054 2.98693139129815
0.528643415155188 3.05772380720853
0.531280896600036 2.98980009678977
0.5298489072674 3.03249581877684
0.529689949447166 3.03170441268509
0.528500687318785 3.06733141026256
0.525817689939297 3.13406290689972
0.537048154862028 2.83296110477827
0.521167079757603 3.25341491319559
0.517987164619042 3.33785738424748
0.528736162273034 3.0520478864244
0.523477493212092 3.19901915980788
0.532826942399093 2.94770678483092
0.521374539763551 3.2531436833213
0.528199917710638 3.07364305430173
0.536916921847416 2.84232131626688
0.529832066322465 3.01982048647131
0.5304448772923 3.01670266373851
0.526950002146497 3.10137186712169
0.52315874796741 3.20308803892592
0.529443538741162 3.04391542066095
0.524379086422558 3.16845989895161
0.526911776824748 3.10059811867718
0.52310599642459 3.20814622030752
0.529919525543199 3.02550244850055
0.519111371702025 3.30775792268363
0.523422748889387 3.19763924729153
0.526060851857366 3.12771826737373
0.526151665668769 3.12671787228418
0.532255658575849 2.95843617512969
0.532248689843358 2.95999365760765
0.527621428948069 3.08881803845245
0.524471457657051 3.16970699592578
0.527121837615714 3.10528025330108
0.522933608982423 3.21039880773506
0.534136252454608 2.91428400641357
0.534925022980419 2.88988969207605
0.530674789024495 3.00913410966529
0.518020806880997 3.33816881293086
0.529725002830003 3.03364051331075
0.527811632420592 3.07527129527155
0.526555413852617 3.1046808802948
0.532379266512123 2.96585143144782
0.525198690356847 3.14466468153803
0.52503443555638 3.16545062945006
0.526425322227753 3.10277218118955
0.52975001129885 3.03109844181424
0.533402878740707 2.93693341732717
0.542429304566856 2.69952616911196
0.522993760819962 3.21278308236468
0.527491244731841 3.08006262338757
0.527623474524662 3.08301236534753
0.517235905763256 3.36960248817689
0.524976709732985 3.14939603655781
0.528308912479432 3.07018799173653
0.520678924339966 3.27148338942483
0.525792495116366 3.13658711711553
0.529984575882174 3.02043031865609
0.536375034404144 2.86032482282977
0.518460541297944 3.32394177918059
0.518166618395659 3.33077651724198
0.526367951986032 3.13050592183229
0.520990167136204 3.26354361898179
0.528877146052211 3.04730589670855
0.519883908966761 3.29448348124359
0.529152606218025 3.05221699089132
0.527471611072303 3.09649883777371
0.528639649395093 3.06055025182466
0.526647562497309 3.10726462534589
0.518827499977753 3.31591626807829
0.531624763294605 2.98313685166963
0.523066954967368 3.21020433878182
0.52671743917186 3.11207570546464
0.526480832048945 3.10914174388303
0.52468835633276 3.16635336605894
0.51861917640007 3.32805447869798
0.523338342780168 3.19731529921905
0.525450119035224 3.14871115831944
0.536036926276897 2.8593416187169
0.527675845324926 3.07786845345546
0.533300887631687 2.94238958200689
0.531395712560287 2.98806530246716
0.51531219679961 3.41572465907116
0.540108599954596 2.75336357300885
0.531526007081804 2.9808228296726
0.524949010290087 3.15632782803781
0.525280191945254 3.14279556245613
0.536479897280486 2.85118798213695
0.523107978790868 3.2059222551305
0.531956861369361 2.97485015753747
0.529172490971445 3.03878337720696
0.526457036312476 3.1224485990204
0.518405453694921 3.32837203952118
0.517473325385915 3.3523172162881
0.529539380337471 3.03387190149056
0.522450876780757 3.21811528459891
0.521351719375726 3.25186317069406
0.525130251201686 3.14443342448328
0.518125654940074 3.34497339269626
0.519928089989775 3.28575898728459
0.520778931300113 3.26363554896295
0.526345980612693 3.12594876534696
0.524165905097391 3.16819285322225
0.534997268447996 2.88828180177134
0.523704344720519 3.18976196176724
0.531499139502038 2.98683403974875
0.522154734974536 3.22690616386927
0.522342930477456 3.21760174823084
0.536454290723627 2.85138752115413
0.526681188641785 3.11599731216073
0.528471019012021 3.05753706875411
0.530548296232453 3.00800652760279
0.5320048323582 2.96603657255025
0.527854586709048 3.07830137595282
0.52906448425284 3.05133685105997
0.534684873909251 2.8959859365357
0.530350332535553 3.01832492971178
0.518469662454315 3.32856239453624
0.521854513525155 3.24091077130992
0.523195816759175 3.20919806037366
0.525794857996391 3.14051792069901
0.521026559428374 3.2568938443745
0.530285432285763 3.0122774818086
0.526916548267711 3.1015831732122
0.529532321785839 3.03398246957993
0.542526145411013 2.68399247761338
0.527753520876056 3.08002295139376
0.531124413685908 2.99171119526644
0.528703955095509 3.05998627783172
0.525007945345628 3.15569260635272
0.530017508550835 3.01965699905664
0.52311237762988 3.20987739964262
0.529736534693658 3.02900049459286
0.528952029701142 3.05622275415217
0.528217521220827 3.06913103799641
0.524078380381294 3.1803962396331
0.526286168262272 3.11772893853609
0.535541075722532 2.88015504141589
0.530670102441151 3.00385730310516
0.527106136420247 3.09937697238616
0.530083196546315 3.01531093742491
0.51946017141317 3.30318391687738
0.527980176964139 3.07693567122519
0.532026228816488 2.96539231655158
0.530159394286264 3.02351293531286
0.535515780020387 2.88114708923916
0.528129818291066 3.06942301261315
0.525275287257359 3.14511452109134
0.528023129239845 3.074229254495
0.527753425892017 3.07683970382311
0.540104990600464 2.75644888919662
0.530218697929255 3.0240812393406
0.528706942866904 3.05675186095388
0.530937462294626 2.99737964895224
0.539165229411333 2.78529593988491
0.526554179810228 3.11726248626192
0.526069561800548 3.12143405115081
0.533791933161215 2.9273442488064
0.523564498080684 3.19254614289311
0.532243425591656 2.96729622506995
0.534370348377119 2.9039141928679
0.521306095970979 3.26268444744034
0.528136342393565 3.071919841926
0.528711450408629 3.05197974381307
0.524052621394918 3.17995549657162
0.526740472863337 3.10780301326788
0.523893418778243 3.18575743496124
0.531071204759981 2.99765433928111
0.53840131383526 2.80282230995135
0.528926491493819 3.04832295060418
0.521161053375695 3.25940998920052
0.523222802455045 3.19598193903263
0.533107626298519 2.94248096340007
0.532920514219095 2.95049884381923
0.535927283243595 2.87195222160497
0.527374491143403 3.08454266351182
0.524436903399995 3.17216903483961
0.526211203393021 3.12068038456314
0.520409191231785 3.26598886130783
0.526967213277182 3.10691335660941
0.515878844544767 3.39030149048896
0.522136429762612 3.23396120887572
0.522301847452053 3.22727369403422
0.527106170520685 3.093700975954
0.538039609796061 2.81421910301497
0.528164499559789 3.06542054839149
0.530928469980783 3.00126755692329
0.53430597952337 2.92047737593341
0.520411211181174 3.27805323394833
0.522592299297493 3.22135159412734
0.529277595709543 3.04303867774769
0.526522626167773 3.11454286567403
0.530361461785259 3.01335295555767
0.527073349763555 3.09988206380616
0.525395362773884 3.14436625451628
0.52693855982835 3.09984657599567
0.529148668485262 3.0483278226854
0.534247861642573 2.9095318948924
0.52198819032541 3.23146756995839
0.521104901826167 3.26086908168128
0.527178973148966 3.09637622107847
0.529766918882807 3.02970661733243
0.53408670836111 2.91826258275776
0.51564811131702 3.39543360350937
0.518868614462879 3.31711640388326
0.53498341767497 2.89413488949124
0.523159494930236 3.20211151790514
0.523904954973001 3.18243984544873
0.533658911211584 2.92962945359672
0.526987283467866 3.10550811969387
0.527496704233054 3.09306253736498
0.538171861708532 2.80948531849309
0.51733377955514 3.35158036967235
0.527614714184167 3.08366433869966
0.526285480923625 3.12924757336281
0.517359867073878 3.34552753044082
0.531422497094744 2.98690355495028
0.530632091265698 3.00700750939081
0.525113864344341 3.16055406682496
0.521974210263247 3.23529685514761
0.523088150038743 3.20356856884962
0.534209302180232 2.91661876960722
0.517292447582826 3.35152760636455
0.52682506211167 3.10515843921528
0.528092696215857 3.07281334308502
0.521963592656198 3.22993133297324
0.535044292846567 2.89041882354083
0.525847613629944 3.13515855895451
0.52185149161861 3.23336319760325
0.534172512424555 2.92102260628234
0.527552720444241 3.08415942632592
0.523276013514379 3.19788030598269
0.524731622425667 3.15712560360762
0.529101944262375 3.05139167939833
0.538297222201806 2.80970225490624
0.528017045385516 3.07760760713084
0.528527119254662 3.06559387970985
0.526150328062486 3.12021777677532
0.529469455667307 3.04254910060148
0.528377060191562 3.06073177125535
0.537386057283487 2.83503436949213
0.522013247202582 3.24008517025522
0.536479511641399 2.85408161788956
0.528975487485421 3.05751142264205
0.516404411214519 3.3847577246338
0.519737100426426 3.29522474795219
0.532878109721534 2.9540123566807
0.535048242358841 2.89861399961302
0.517830156313137 3.3412575636311
0.519216451670158 3.30458009101497
0.532282151439448 2.96805739404691
0.522359938056623 3.22862250596836
0.530779880327679 3.00231390647354
0.524443929562414 3.16425389333989
0.524542731703366 3.16769664710484
0.529541923166704 3.03448974257948
0.522119820718013 3.22927980629088
0.522508227306792 3.21844188544268
0.532322896382058 2.96211959618516
0.519245175312274 3.29679038077719
0.53030709176366 3.02451851377973
0.527286295829063 3.09919417979787
0.525057521536432 3.15386131047581
0.521680298394021 3.24131092724423
0.517353434681736 3.36094001357192
0.532309012084686 2.96437662777911
0.535763814444613 2.86381719443904
0.536037777762715 2.86656218097472
0.520186743944481 3.2790558413923
0.529905842397061 3.01861214223354
0.529396509936084 3.03450694801154
0.528022336668076 3.07706593932712
0.531820289189965 2.97123113120122
0.524889727802158 3.15839641921524
0.52796038435537 3.07966191665074
0.532886216320794 2.94828002739382
0.526528586906646 3.11667402430225
0.528826232270791 3.05702149671868
0.536450780960131 2.85642634255593
0.521848704483373 3.2393802953005
0.524817428627121 3.15474625422653
0.535143471706896 2.88934203046848
0.52435318586033 3.18033479810788
0.528629542791549 3.06822835837919
0.524891690821101 3.16442004444458
0.523827039270497 3.18418354317439
0.525209200829132 3.14542205148741
0.533680623104007 2.91969150085342
0.533038272092428 2.94495572650078
0.529678563806285 3.03283233154325
0.527977014146618 3.07758677036281
0.525115427051096 3.15618065946161
0.528272161215072 3.0680626147489
0.522912326990925 3.21465064267426
0.520532137863367 3.27058622488471
0.52427806588814 3.16931179890322
0.527355945608148 3.09350881903836
0.524119761154522 3.17816511470605
0.527168329005487 3.098592121535
0.529983754864233 3.01923384897861
0.520757557318728 3.26206432989918
0.520902520668038 3.25607106612467
0.515794995126712 3.3914275543217
0.526340851051861 3.11860529171739
0.52626613593347 3.12261316210202
0.526320203938527 3.12715991232959
0.534772458437107 2.89889721201682
0.531602899240393 2.98503417294431
0.534429276201715 2.90813387133493
0.533858470780031 2.9253859345886
0.521636453867184 3.24013676159633
0.531672502869103 2.9803321852416
0.530232214800348 3.01313029982729
0.532882154762812 2.95338613524679
0.52882896291271 3.05256364960021
0.517584898040212 3.35177838921176
0.535146728622305 2.88932720469485
0.526836605625937 3.10552298824206
0.529920223087349 3.01616269275142
0.535842263230746 2.8718621674921
0.520813303165242 3.26961247119353
0.529281171513009 3.04896697462838
0.532808857391904 2.94210752641981
0.525307731369642 3.14910488364383
0.519056921912948 3.30234378318194
0.525491240727427 3.13895621959978
0.526800896865798 3.10726380613066
0.525190989485347 3.15489474999947
0.534758842105238 2.90010111430632
0.525779497226391 3.13151219005152
0.51641480513019 3.38220522610733
0.528291104707575 3.07091633185293
0.524080672736457 3.18252197521353
0.527251309158737 3.09554681955728
0.526651530604356 3.10692605365195
0.52312757785808 3.20256122149422
0.524583574845739 3.17041360533813
0.53400050824755 2.91660991054058
0.51988379631694 3.28710883585953
0.532229299790069 2.96285146849938
0.527208695504287 3.09712158073842
0.528151552747735 3.07355596198242
0.524170415271998 3.17437902066612
0.527005638062699 3.10162277192685
0.52832848363865 3.06800297984203
0.523877021907659 3.18496554283988
0.527971957495077 3.07794467295145
0.524705485916762 3.16433287195386
0.532725142282324 2.95485132228278
0.524970584772425 3.15554404893423
0.527176164247169 3.10372144879512
0.524000299040506 3.18295901155796
0.526596565354792 3.10981560479275
0.526310695349367 3.12368788064741
0.529703250331445 3.03435710088597
0.527994359426416 3.07819531066414
0.530042606121717 3.02752030699465
0.52523351832385 3.15985615941631
0.525406357930078 3.1506012941507
0.520770076097363 3.26757612294231
0.528566208370681 3.06470353589416
0.522273213714913 3.22666171825486
0.522935319768642 3.20084760857127
0.522557715430731 3.21512595830326
0.540363566398997 2.7493049979026
0.532916153517585 2.9516129741756
0.522897140918057 3.21435820807637
0.528266833901254 3.06318668102235
0.527183990172204 3.0933208962786
0.529106209739513 3.05264312113471
0.525620313301228 3.13199692598731
0.523437143592201 3.19172433698614
0.524341923829564 3.17682779634009
0.528431688721565 3.05912265847848
0.533128476949417 2.94125291352414
0.524304544682477 3.17282249370674
0.522354122945708 3.22199719528918
0.528354666757941 3.06981141419352
0.532324475125344 2.96122750067884
0.531523695147324 2.98642263728642
0.520329803000533 3.27845647458671
0.529737096500453 3.03119593192867
0.524144087529706 3.17808151077889
0.528283258608054 3.06526866510268
0.522287140972382 3.2272687440836
0.532029581530097 2.96455800858846
0.540530868869126 2.74348085362599
0.526007650813593 3.13236076592872
0.531449633463977 2.9858294801768
0.525635212907572 3.14268675595902
0.524716247342226 3.16236363081827
0.523891945623697 3.18424181554093
0.528999722184542 3.05515708610643
0.521672202426746 3.24991034075063
0.531074937577524 2.99539160880256
0.525471994518731 3.14703269596952
0.526452365564469 3.11999033345237
0.526660450198632 3.11279712299779
0.53592628706567 2.87592760919485
0.528401941351379 3.06327413669558
0.517949126171034 3.33409627783817
0.52747484094267 3.08836280007192
0.526965090050941 3.10193824423019
0.528174475661492 3.06447463660485
0.533555738982764 2.93116762638849
0.531616088695858 2.98700037936703
0.518861495423875 3.31774279639361
0.522233051164925 3.21798667128237
0.52941813329346 3.04102564973906
0.520137810093441 3.2874514078411
0.535996399313979 2.8674606533246
0.531582224258971 2.98923997984248
0.51993948220547 3.28940726837525
0.516977374383545 3.3635989828526
0.521693654309572 3.24049855431705
0.525875543731036 3.13409854116749
0.526308205275445 3.12034800713995
0.525101342921372 3.1484111459093
0.529415731476634 3.03669652554063
0.531828900920384 2.96462644318939
0.528801568200935 3.0574906089554
0.525090721023091 3.15573549216975
0.517388311099277 3.3567445781801
0.532850957925307 2.95426853927201
0.524356317294406 3.17216770649333
0.525753761079659 3.13414297805836
0.534048033396175 2.91835667156017
0.5331386599265 2.94116654696654
0.515570833178063 3.39799476280981
0.525114653222715 3.15763857751365
0.529891145835339 3.02353716361082
0.526086216859105 3.12361144291159
0.527458983678965 3.09310938268244
0.52723112392306 3.09354552541755
0.529385834931417 3.03986383591077
0.531301624937142 2.99127841470393
0.534914758924395 2.89111659510999
0.517143885307537 3.36575081065724
0.51931283823511 3.3020576802765
0.521574480272413 3.24804065343447
0.524671119247232 3.16451761429505
0.526006350830289 3.12605115010875
0.526052626131163 3.12881673181981
0.532187551559424 2.96785966260934
0.52374500280366 3.18160627049692
0.529671149449865 3.03061281723269
0.532871807844568 2.94172387710702
0.5262940800761 3.1172641680374
0.534439354057964 2.90927401802482
0.526299571263153 3.11443494163696
0.530497268657234 3.01103566347682
0.530711731529806 3.00910373657009
0.52428656945523 3.17154131304031
0.532156916943777 2.96785853488054
0.531033206455611 2.99700347424163
0.527537309969197 3.08507421334503
0.52568030551626 3.14380696076517
0.535224698232772 2.88989155648931
0.526060146245601 3.12443062698905
0.522916968235191 3.20769218045836
0.531431134637006 2.98757064728294
0.519508889175806 3.29940281180707
0.52373345754931 3.19036724482211
0.52646985496122 3.1183410771384
0.532361025984838 2.95603947070354
0.528465965545074 3.06782070657701
0.530939916999303 2.99992095028002
0.526261057247901 3.12015602572498
0.528047355533474 3.07612944966848
0.530936135362953 2.99847770676247
0.534990488803061 2.88671711092734
0.529153784795316 3.04960613872271
0.529925178372783 3.02296110220209
0.531280315589072 3.00252566356578
0.527311065801038 3.10160004222957
0.528813218268802 3.05569240184516
0.526299079245811 3.11472490103265
0.527415043199666 3.09198579831233
0.519485758263763 3.30912540857789
0.534439114694939 2.90574390690905
0.520045851050171 3.29076294189727
0.523350649432171 3.19659941990192
0.524570537948847 3.17638807458369
0.528990426203809 3.0511212115559
0.523979783765032 3.17809996636907
0.53380965911922 2.92181574021548
0.529394272902832 3.04227783942081
0.529747941566823 3.03771291237076
0.528916341391731 3.0575661792721
0.528004181878806 3.08230757066574
0.525335506491774 3.14875068347971
0.535783604786122 2.86990678178202
0.51645787522085 3.38197898586145
0.526033883969851 3.12914463554455
0.523172879584701 3.20445656707175
0.5250913105075 3.15674856682802
0.523077618651518 3.20430406285802
0.52713234286788 3.10767603404969
0.526099481562032 3.12392874278625
0.531819133550625 2.98253109855604
0.527514771072867 3.08252702901431
0.532701689778481 2.95466387349426
0.526684404655513 3.10781819402115
0.524057541824064 3.1799361116441
0.527764128194921 3.08295623338014
0.526812916977197 3.10470034044955
0.529929457460778 3.01710013232006
0.528544052100517 3.05381323753201
0.526838141919535 3.1001153902453
0.525619238227335 3.13604078450612
0.530059781995206 3.02209896562653
0.528008075445915 3.08146546373414
0.525707895205266 3.12906066607821
0.521928061959315 3.24176650698102
0.52315437609463 3.19736348256606
0.531336254750815 2.99019226467415
0.528318164726035 3.06323458159819
0.535169808824627 2.89327581872757
0.524292117889083 3.1716822855923
0.531749294903356 2.9743716354624
0.524554728510737 3.17175528169682
0.528479619104165 3.0663565510797
0.532328775350904 2.95963560122076
0.51869117900333 3.3204785694793
0.528949003856085 3.05207516232912
0.53196529991547 2.97210853831017
0.53525701871546 2.88783305367513
0.522460222155669 3.22488506165074
0.520156618380683 3.27567056066152
0.525298178765572 3.14667771278383
0.52580183505916 3.12955867333984
0.529316158393294 3.03888809651673
0.53030683627722 3.01537986871302
0.535550278016235 2.88070797293692
0.529919847726168 3.02671280028338
0.531314411176134 2.98570467118271
0.528680115617392 3.05486556434744
0.53431975303558 2.90947866046393
0.52444861047749 3.16889264301415
0.515769326208681 3.38559097148042
0.525924072462631 3.12674179413682
0.52382119288642 3.1894412604259
0.524324775541397 3.1694783359183
0.530012905092156 3.02099889617705
0.530379970163552 3.00988058159157
0.522940518031812 3.21558048926651
0.534725588680758 2.90589682007103
0.520516963271544 3.26775123035086
0.527198387765522 3.08976998035648
0.525536580050434 3.14236732847058
0.541987984587938 2.70719386973324
0.527335852074343 3.0911164353052
0.534895231316562 2.90025334320988
0.527942278197007 3.07903470643588
0.528868235027246 3.05333618593359
0.518837242653763 3.31710259880265
0.532619101151881 2.95062977361918
0.529864032626218 3.03664049480018
0.522216748310269 3.23044640053496
0.532716309413349 2.95312604680979
0.518852160483752 3.31376224222838
0.528959475019446 3.04947261321132
0.522843712500344 3.20231101682869
0.51989698263766 3.28686670691455
0.530890350671915 3.00374844228007
0.525324029298919 3.14586112389065
0.531216331685964 2.98901485969309
0.532220121854772 2.96769948648664
0.527044298183217 3.10010950889544
0.523675986294597 3.19237438210546
0.531616535446556 2.97385500855784
0.522048505174911 3.22804743702094
0.527601895666702 3.08539719606738
0.533105399408616 2.95148787256247
0.541625067365002 2.72477316955571
0.533670438013308 2.91634649217403
0.530318917547314 3.00181311715422
0.51572982227059 3.39528891907464
0.527940889149507 3.08281885850244
0.528529021467216 3.05996545526373
0.527974005182162 3.06966021819387
0.522131341264947 3.22992780401777
0.525017152363693 3.1472221453463
0.517119694544611 3.3580845018504
0.530525098982842 3.01242972233045
0.528125247918788 3.06405500725344
0.531127688164473 3.00086556098001
0.522618590669022 3.21907039279497
0.528176030950036 3.0740855424316
0.527306839209264 3.10252255109526
0.520735441057857 3.27036535728925
0.531927195842185 2.96620952999026
0.53586778918325 2.8646821037732
0.527958247585296 3.07499159577788
0.521776688733618 3.23150507857105
0.517986411025075 3.33302447612279
0.532208533378947 2.96597256482508
0.53203494186563 2.96422778316232
0.531746660422933 2.98088358268559
0.530297219924145 3.0161420500336
0.525801758601434 3.14052848823304
0.523782099496976 3.19692770189183
0.529553110181094 3.02992563370682
0.518082125497625 3.32965004238435
0.530326377658672 3.01967596739951
0.5328629656241 2.94061189780426
0.518111652174554 3.34738437487805
0.527522461469092 3.09016161655905
0.532641182744349 2.95317810252214
0.542417456421084 2.69606066126979
0.523573286522406 3.18642569230133
0.523801229063257 3.18321275506727
0.534890364404444 2.89965047352998
0.52608664931268 3.1201134267682
0.530118894060742 3.02450323365966
0.525803244388353 3.13140267645137
0.518570533774095 3.32343770780856
0.523479347958785 3.18676224502763
0.519388310900801 3.29559105467801
0.523621355319444 3.19261497263475
0.526820337774194 3.1129511708827
0.527709013252681 3.07908042126083
0.525090474987481 3.1506505892984
0.517067807004411 3.36119857521148
0.529530399979353 3.03833524168369
0.52905264920078 3.05764458802102
0.517959035193284 3.35155325057498
0.52347148622525 3.19899952704275
0.526012691764535 3.12744767510339
0.525697906321513 3.14068123339307
0.525720683334537 3.13441325756479
0.524247589600488 3.17930874752448
0.527203828742004 3.09420041821533
0.526200609044224 3.12815070010403
0.529288952788629 3.04040442192492
0.533292369961522 2.93836430263841
0.524333696280459 3.17540762131059
0.528363475018378 3.06824670402108
0.527128813907019 3.099400125226
0.528489815546859 3.06421919798568
0.526399540233264 3.11531462245297
0.524768626721848 3.1553613609566
0.522320295284655 3.22679557418948
0.534113040612633 2.91159432514584
0.531460747311924 2.98583935239012
0.524647944008989 3.16454510264622
0.523918585184074 3.18178156131847
0.532254578857155 2.96558297716506
0.530015824260522 3.02641301169241
0.526548033432796 3.11340694401874
0.532510721717564 2.95150345871534
0.52318600851862 3.20674334202681
0.519196928006987 3.30088315368326
0.532894936771029 2.94559266709965
0.519483596250356 3.29936505606427
0.538405864426145 2.80901779534049
0.514801907064535 3.42230901988533
0.527771048298415 3.0805735408007
0.532200348133018 2.96973847075279
0.534441379471561 2.90109687013325
0.522517962936994 3.22373778650756
0.523600488901189 3.1884343506597
0.531514375354543 2.9868473368942
0.536481904961033 2.85091690092713
0.52338148895965 3.19971391672494
0.525697220097575 3.13489453961339
0.52839109186147 3.07128403784718
0.524366962069583 3.17628156101402
0.526917448597145 3.10436591707854
0.523466773449177 3.18813999119963
0.527021444032286 3.10097163960164
0.524762351584987 3.15998920421368
0.535363967670517 2.88771581166672
0.523252567561317 3.19566916685306
0.528072030061119 3.07774821969402
0.524104700296524 3.17598863073059
0.522435786375787 3.21876385963795
0.521709286995866 3.2420442926839
0.537601622710262 2.82848663843902
0.526075699725514 3.1235093844662
0.530023815562077 3.02103296414694
0.519727321349426 3.29487840064035
0.524596993430481 3.16416557318369
0.525601018506246 3.14420552853197
0.529527470544458 3.03367808582747
0.525870098473859 3.13616210729266
0.532753346070405 2.9483227614605
0.525219807078339 3.1465897026133
0.535941546106461 2.86653350230651
0.529380256885239 3.0462991275945
0.526761893448336 3.10875877670441
0.528661722963124 3.05955934566148
0.526228090987957 3.1252122920559
0.533281945139444 2.93859490054781
0.522579878677256 3.22651142523167
0.526582734382452 3.11702947769473
0.523131512071924 3.20492571251288
0.527136338762745 3.09834135379718
0.530404348802687 3.01500507680993
0.526082263253491 3.12233421053138
0.528088764260106 3.0734049451324
0.524944230479612 3.16253050400841
0.52814230134725 3.07348391564867
0.52337291469465 3.19347315667193
0.522510129770954 3.21597821467985
0.530546823464545 3.00973143250867
0.526844801804276 3.11242275638172
0.529673064266862 3.03281143914526
0.527908838664918 3.07994642643048
0.536465741172333 2.84391329545693
0.531063291991048 2.9920832691859
0.525858516516554 3.13351213337233
0.527418873915335 3.09360125335867
0.521361534326875 3.24926960665482
0.526345301781649 3.12718150536763
0.536011973422034 2.86018571199615
0.529761661427656 3.03114701205392
0.529027030336534 3.04144623834286
0.526751362278091 3.10965929938575
0.522995102716369 3.20671247770382
0.531721169415373 2.97496462278839
0.533889016541669 2.92850965800959
0.522898799207018 3.21734787462012
0.523480009767217 3.1943536163007
0.524352758067475 3.1699012635294
0.525312966062273 3.15573646326744
0.527986622104043 3.06880031672454
0.528510159216568 3.06195586173852
0.522855909972969 3.20863820790092
0.528096651748185 3.07288884715317
0.526407366086182 3.12195902717859
0.532406632476826 2.96087557788215
0.528581256590698 3.06688038795674
0.539087375251603 2.78020740758143
0.534458763502395 2.90601726260082
0.527819297114417 3.08374851888096
0.523277504858015 3.19953336504393
0.530639136814683 3.00691217101589
0.526285990973327 3.11849062628876
0.526534981280847 3.10772381735328
0.529561621098019 3.03630926583336
0.522774685453685 3.21750570135468
0.529863005718962 3.02995550390594
0.518213784745853 3.32858018238573
0.529516618326625 3.03349546451822
0.521609656455271 3.24529353030523
0.533652126545288 2.92972029944654
0.52173294611003 3.24426601398936
0.532331985710795 2.95959458727485
0.525997467523884 3.13197181146174
0.515054273508758 3.41314744675077
0.531404604028176 2.9916020975026
0.522719962884665 3.20924443989795
0.513747912288666 3.45795067364428
0.520222741946548 3.2812782296895
0.529659239438857 3.02931476116225
0.526950442717911 3.10204876147073
0.526735112905766 3.11134591234667
0.531148647505605 2.99024540942943
0.529221297147993 3.04319529211902
0.52655938840613 3.12358775851478
0.523663309697786 3.18939685975767
0.525926636222153 3.12967560381107
0.526431143668221 3.12200144172204
0.526095674160979 3.11877762978579
0.525762599962097 3.13297843764935
0.529208927305968 3.04563715733399
0.516596767025904 3.371627237054
0.525507884688596 3.13960599982596
0.521629941236361 3.24588394875732
0.527677060197156 3.0819831825244
0.527052520957032 3.09887955849815
0.529251474277959 3.04079917434054
0.528202261566989 3.06501451852835
0.527034867726715 3.10077155680182
0.52639347452421 3.11708575746575
0.527220075434679 3.09583196487659
0.535961686504522 2.8652265127641
0.534148591078395 2.92091163085337
0.530022150825737 3.01870447013101
0.527713654525938 3.07671635376695
