0.427401233516839 2.39375764359637
0.41569039946827 2.54942134406501
0.415883067935993 2.54651626839438
0.423729954937873 2.44287074113599
0.418507516092983 2.51203832620074
0.416309933297453 2.54450999196782
0.417163671970718 2.52846435115196
0.415705627825336 2.55162269344137
0.418100289877396 2.51807123241046
0.416521134492021 2.5392774541672
0.418001543910966 2.51956680087395
0.422721180397608 2.45323970248291
0.423777460388367 2.43784635200283
0.419622305638326 2.49757589375162
0.422632371885748 2.45497276340038
0.410305030598451 2.62555674177889
0.420051703363806 2.48951628377211
0.414154976905672 2.57447611781227
0.414586572182006 2.56747733144625
0.416011302670584 2.54804576029476
0.417768573334526 2.5215898167344
0.428315002072414 2.37554570141564
0.416897010684124 2.53614882288432
0.419130367365231 2.50375335044334
0.419630438059158 2.50147343275409
0.418847146510628 2.50820513162658
0.415875582931746 2.54840728707872
0.417252825056058 2.52937401905841
0.417642102677745 2.52003751365995
0.414789509144873 2.56144737483208
0.426722795929342 2.40217063583535
0.42004297910907 2.48911980864331
0.415474959857167 2.55380132736354
0.417967683087737 2.52229612828459
0.41310913602442 2.58746085819235
0.417603930950102 2.52616737705025
0.411703770047624 2.60683881103156
0.417040436815411 2.53341102813459
0.419247082751606 2.50480489439399
0.41508804819385 2.56190485964339
0.412198622039106 2.60301272334729
0.422001279682729 2.46547093863535
0.42331137982159 2.44866195531921
0.41380653637369 2.57707041463051
0.417114351829058 2.53394081423634
0.414576490430059 2.5614844113773
0.420712314499466 2.48133483028817
0.413952018417554 2.57368894112671
0.419321665449579 2.49937228126128
0.415127414483017 2.55797550028231
0.417294007728177 2.53150423987602
0.419068356365427 2.5051438228267
0.419330134408057 2.50330611578024
0.427780524946704 2.38357350379426
0.424472946585888 2.4300012943149
0.421285317512489 2.47526131930998
0.412602291097739 2.59362510699056
0.425250669778801 2.41945997893432
0.416198051971611 2.5449900065063
0.416776620603257 2.53770615643783
0.424653364618306 2.42708853864425
0.415621980344735 2.55375155122635
0.420599630039448 2.48722994751929
0.411001325919931 2.61566209670927
0.418114832172196 2.51749675287328
0.420943915184523 2.4797512011037
0.413793964839149 2.57619623617663
0.415980032385938 2.54864317526526
0.411937822736237 2.60396471725481
0.418275017974546 2.51504517968529
0.409917612461144 2.6292461759619
0.412977562600372 2.59009107323015
0.421193034539423 2.47426027041678
0.414482711779615 2.56869098325254
0.414643115467224 2.56185696952471
0.423154922676056 2.44913128860041
0.421898047809389 2.46556176765629
0.418200913464088 2.51638351871637
0.417101422240848 2.52981640306003
0.420953617693362 2.47748565330394
0.420153635613924 2.49020797368246
0.419554168342646 2.49868433216927
0.417277986296585 2.53101428339948
0.412566026856433 2.59308284313617
0.410776663609606 2.61991997294421
0.410979500337634 2.61781827259405
0.421273994513102 2.47333134886587
0.414379208802777 2.56874117000948
0.423112825190111 2.44853324673736
0.416913041029317 2.535458683092
0.419508564256117 2.49648645706003
0.415379850733233 2.55500257883819
0.422792152825386 2.45346066454943
0.413255252409178 2.58603611404334
0.417231750567604 2.52885971019719
0.415930192941836 2.54608734875653
0.423328737924603 2.447173730527
0.419425405860038 2.50076102003138
0.410988017628027 2.6155036944872
0.420846850788026 2.48389498384134
0.413957946938568 2.57788230862375
0.41829995502364 2.51799948572575
0.413126099208146 2.58828911931763
0.412051579180346 2.60043407905494
0.410829436969357 2.62069327804436
0.417630169809193 2.52262739030384
0.418109231463472 2.52007837729103
0.418001290449854 2.51911804422239
0.414514478138104 2.56624048258671
0.416407789818037 2.53957518032544
0.417192759677855 2.53096585978145
0.416902262329442 2.53627618563507
0.409638654707037 2.63613196225828
0.42051329325563 2.48579203581582
0.414272503594971 2.57169489748714
0.421616911553195 2.47018027902871
0.417721425701422 2.52231936681057
0.420846610964309 2.48041735286333
0.416967184646598 2.5324093260242
0.424045122526411 2.43709119007391
0.416801966176381 2.53625356691516
0.413529858271697 2.581649256228
0.415903260825832 2.54976711774257
0.421756366640556 2.46835136815735
0.411322555871187 2.61074158144774
0.418908147831299 2.50809898327834
0.412027421986532 2.60049476012531
0.419833040027836 2.4970054177638
0.4179121530332 2.52037024793601
0.425073224318044 2.42591268297422
0.418178593976474 2.51559298884311
0.416183165725285 2.54477816890542
0.414375646776336 2.57085014364593
0.41591494095151 2.54782801843651
0.416464431736753 2.53912975983267
0.417864637181229 2.52372230035824
0.419067274593464 2.50536761849262
0.41419614092408 2.57159019412582
0.416503144654977 2.53923989312296
0.4163002605288 2.54206268844422
0.415841916828363 2.55125439532895
0.419395721197229 2.49900050834292
0.417429495229422 2.52948092754473
0.420318537823545 2.48921695976432
0.418438010844213 2.51536872040507
0.408923959599215 2.64473355274967
0.417152964001912 2.52864195959128
0.42347201286266 2.4464653023854
0.418256564112988 2.51582726993929
0.415683579786305 2.55139599234206
0.417203048470027 2.53070324810695
0.412742150628056 2.59649499603742
0.416373063880651 2.53948876348204
0.417145628394063 2.52979052116378
0.416789739776919 2.53380486641433
0.419558076715672 2.49943233397715
0.416284696429891 2.541238545941
0.414588563221225 2.56624517916043
0.41970531393073 2.49632549611492
0.41619023193983 2.54044070250242
0.419114980973809 2.5068855951848
0.411500584840863 2.61080160445806
0.415124792702841 2.55697626035782
0.419709400749566 2.49724262607366
0.413535351233457 2.58027842547985
0.414526340342055 2.56958120620048
0.413029507714768 2.58878510886182
0.414508723001806 2.57219783500953
0.414470046919877 2.56534444381735
0.413951107290811 2.57562285872415
0.421421469525549 2.47219550469283
0.4142665517538 2.57203411962395
0.4142006288513 2.57190460883587
0.41411612868742 2.5740117315781
0.42302592057741 2.45140580348862
0.414679457836923 2.56618930232606
0.422937429142518 2.44892881318322
0.417486047930336 2.52464537525873
0.417677407052831 2.52441505379484
0.420139395724075 2.49150395569299
0.423112884624543 2.44635363890126
0.415902452659601 2.54767748570361
0.41165438216208 2.60509771288305
0.419803345021328 2.49323984965089
0.412800767224489 2.59382637444684
0.423640235799825 2.43993746121301
0.415513694079165 2.55297188373744
0.414167599129886 2.57114796724483
0.413114514613176 2.58882910432295
0.418595416836934 2.51290969358963
0.411582631466783 2.60886784300598
0.420511569104279 2.48680372743005
0.414131418258284 2.57727775388034
0.413739521710235 2.57654638675839
0.418667784135104 2.50796334393951
0.423483812214853 2.44495591453494
0.418673616691473 2.51351521683203
0.41943131586777 2.4975888811929
0.417364047072485 2.5265887294609
0.413864926816878 2.57554538760093
0.414944108614098 2.56573979193488
0.416249112984471 2.54018810891959
0.414480194342214 2.56676044612113
0.419114913606069 2.5016755196814
0.421150568911186 2.47500584218765
0.424328852786925 2.43344675543292
0.415951136797265 2.54755306546702
0.412770026573498 2.5908891163514
0.410793182668436 2.62143500735855
0.422145330351499 2.460985893331
0.424499991869411 2.42791296827219
0.416494490721559 2.54119199042423
0.423929947677529 2.43654888050561
0.41833819371504 2.51385813759305
0.413189108081504 2.58556055369706
0.425490350819607 2.41684097820715
0.419059834333818 2.50212707027189
0.415185065234647 2.55615424462694
0.411133642924496 2.61482447971482
0.416316743376061 2.54406165643431
0.409446301239618 2.63663782732043
0.415372671525459 2.55892226123657
0.417571581553917 2.52650950143694
0.409381976503986 2.63969181318517
0.42147638365196 2.47132691475794
0.426100939228754 2.40942295443082
0.420032936982634 2.49167946903155
0.41447504101228 2.56819185483652
0.413678683349654 2.58248037142809
0.413254029513647 2.58624917374844
0.418340303180835 2.51450865005611
0.410531667506582 2.62164190612319
0.410039182092378 2.62570530582588
0.417610518460682 2.52428707282613
0.422654593590415 2.45375308715708
0.411518683931371 2.61051171989879
0.414068594166891 2.57348148336718
0.414533108838595 2.56837761871631
0.420819578193332 2.48042261308353
0.418829369458518 2.51112196048052
0.417099508439836 2.53153269533136
0.415738528511695 2.55065865450776
0.421122145124552 2.47651645907184
0.417921473258354 2.52374295771133
0.417303994616567 2.53170762068585
0.419488282691054 2.49879393696995
0.42145790552318 2.47087943327622
0.406894128638111 2.67009438137095
0.422060918294002 2.46399917939373
0.419895168079255 2.49378466990751
0.424817696045011 2.42404377380739
0.42327566866178 2.44673435019434
0.423992708937078 2.43983941680274
0.412985333072682 2.58870188860338
0.421781063019759 2.46700811535152
0.414279210935168 2.5699025362597
0.41766115609806 2.52189921246622
0.413647579354625 2.5795255259643
0.410798892990742 2.61912427155846
0.42045832769525 2.48655320683509
0.415486674968032 2.55143714424558
0.409988449505752 2.63187713601191
0.417806388196661 2.52208636983686
0.406447068228735 2.67866398915549
0.421494556411185 2.47238273788553
0.415790442954163 2.54807843990817
0.418829522649733 2.5079916650834
0.418159106334084 2.51792564963699
0.419429482250694 2.50071919563204
0.41590999887722 2.54962656334964
0.414692099823558 2.56337797833251
0.413148084512419 2.58557376977317
0.423481539581251 2.44437949497128
0.418303850743531 2.51623712354738
0.412680406416878 2.59263944611209
0.421778757707719 2.46635627172471
0.418123511166325 2.51750071876398
0.411618800603996 2.60686346964748
0.418441019604749 2.51224758346962
0.418601777824177 2.50971317068267
0.416644133533911 2.5351661781682
0.420535806740047 2.47899684722996
0.412633856442276 2.59363355908497
0.420048708410411 2.49192619676475
0.425344672171337 2.41912378824879
0.416063344394128 2.54352328433915
0.411520573902877 2.60799555939258
0.418989897261478 2.5041752827277
0.419133519188689 2.50047267098323
0.414209750515718 2.57143009451563
0.420271558462671 2.48919723285262
0.416221458004706 2.54585208133023
0.418690323815417 2.50762335498225
0.415891410845061 2.54987022099647
0.410928889752312 2.61705949419361
0.412299058622024 2.59741507766809
0.411326946917835 2.60983670980451
0.414371846847628 2.56708651438133
0.417552637350863 2.5263264005596
0.412484677187491 2.59707287431842
0.418666971954523 2.51121200811323
0.422423191852254 2.45941064257041
0.415348400077599 2.55754997776577
0.411793975933897 2.60608740743097
0.420997149107059 2.47714467428956
0.421953794728965 2.4673661813186
0.413822958107188 2.57664914354358
0.41225112053234 2.59628346897
0.41875567072432 2.51089546478176
0.414878981138315 2.56267282516929
0.414338227425224 2.57008885918177
0.418787675692892 2.50865610681601
0.41506979773029 2.55740681170733
0.420283777448787 2.48862699585945
0.419884445736848 2.49352564313074
0.413584220519323 2.57991301649513
0.423688540049823 2.44331739917886
0.419752192680542 2.4947621937484
0.420682681033556 2.48287242708047
0.417570069952169 2.5253791067561
0.415015169459926 2.56092432594701
0.415670248524932 2.55267595690751
0.414974619980947 2.56034391842628
0.421807044981631 2.46662182411628
0.418434897738809 2.51189872579845
0.419335064372633 2.50286850203129
0.416410987373209 2.54125738156592
0.415562362783398 2.55479855889867
0.416470309442543 2.54271547295077
0.4183672056292 2.51349906915461
0.420165345822498 2.48932629867001
0.421820302128031 2.46422222171218
0.412127780403038 2.5990806298333
0.421567707352961 2.47103681997786
0.419322378453049 2.50174646572914
0.417360741295433 2.52828938663304
0.420284060034557 2.48779426035601
0.411795618862685 2.60769797344083
0.417345400422222 2.52657899238625
0.420923624355065 2.47647998978009
0.419766549398828 2.49538578660619
0.417686230973431 2.52407679955341
0.408794146890552 2.64602499091793
0.419775945442144 2.49504984937092
0.409120377671844 2.64356128436719
0.417676552779433 2.52186454644417
0.419348776143583 2.49834370571705
0.421407713055095 2.47184931581069
0.413851606720512 2.57809577677109
0.422141436464759 2.46096402455454
0.417897920714085 2.51920314562807
0.41480866918238 2.56215455016785
0.412848779869361 2.59257215042928
0.422053490050895 2.46474317408261
0.415652597947447 2.55283423056681
0.427029247829279 2.39501136010706
0.4242661506348 2.43516270434433
0.41512414150861 2.55811515507699
0.427308437795665 2.3907003026042
0.411196528612694 2.61110233408056
0.416269527532622 2.54330405039072
0.412696859519368 2.59662728923153
0.412003242966131 2.60086291641823
0.420717301603913 2.47965998253846
0.415427739807395 2.55656405854347
0.415318575533507 2.55764759571464
0.414874229277004 2.56305394953388
0.420733105064207 2.48128477014138
0.421380095235001 2.47330849122512
0.419472946417582 2.49825625629583
0.410533520428225 2.62534504331759
0.419006092135892 2.50631384831455
0.412341546452103 2.59679176356698
0.420341178812788 2.48868724022244
0.41506918386538 2.55889968675441
0.414226435689668 2.57096859771919
0.421501732401716 2.47038984128818
0.416233123673435 2.54264394037362
0.416681331348069 2.53668517266594
0.417545202460746 2.5219814352143
0.411570258357602 2.60768429129934
0.419579891796007 2.49729534035274
0.414901159831663 2.56080606464048
0.413635382496081 2.5796966160972
0.416749212830117 2.5377790153539
0.41127482610914 2.61290300798521
0.415247976821664 2.55456137048522
0.416178536478262 2.54109862356167
0.412035742706024 2.59976414355912
0.418250058023429 2.5159452972667
0.414643568949962 2.56724354361435
0.412692610489023 2.59581830760657
0.42170587929265 2.46795110433444
0.41831375127167 2.51667297218723
0.417459978480711 2.52818663377724
0.409229037416 2.63804021789722
0.421821621121167 2.46718368069535
0.417140791682215 2.529815674701
0.422611009859727 2.45435814695391
0.415579819180744 2.55349617158409
0.413651088690678 2.57742348993743
0.418365519180163 2.51463268389013
0.419132039370973 2.5026700391969
0.422782542243741 2.45151516721402
0.419466019837422 2.50107726540955
0.409713538348195 2.63534587292995
0.417921651371174 2.52193487930594
0.418875897606891 2.50793621308536
0.417575789347969 2.52472911401277
0.424579767089166 2.42788743588911
0.414901347489235 2.55987866232254
0.410456082401233 2.62302153802173
0.420846950499142 2.47831052746777
0.413112652539268 2.58495368639219
0.41621453560856 2.54233836087582
0.415289607988218 2.55795628181417
0.419605983410505 2.49669303834154
0.410378966500123 2.62098224079852
0.416871896039404 2.53397310867853
0.42486188708906 2.42382135056307
0.41600877908727 2.54668364148806
0.418220469457604 2.51919687156881
0.421792436414401 2.46854627383955
0.407142544240056 2.66742279909054
0.413405061084665 2.58057887833838
0.416268998132127 2.5435563543255
0.412378637814762 2.5985885144637
0.4111919980518 2.6103653522457
0.417009878384578 2.53441362890078
0.426619054496647 2.39994231182553
0.421059221576415 2.4803606707385
0.412621348766439 2.59427511325725
0.412275966136941 2.59823067402661
0.420245881073096 2.48924741058605
0.413407538702334 2.57818560072142
0.416934054132031 2.53344099717182
0.411237293197513 2.60951146428539
0.409892846359673 2.62915685049325
0.417582636652798 2.52178518674475
0.415383475520628 2.55555049705454
0.418001726760321 2.51732393097478
0.413141092875881 2.58637415309511
0.416429076556713 2.53858860587359
0.420854757562674 2.48258321787857
0.414971748024755 2.56253358330824
0.417908331964495 2.51972661300828
0.415191267544782 2.56239036733779
0.413405211072892 2.58237186198001
0.424351718678958 2.43202360457405
0.415714512908349 2.55035451366305
0.417677538624344 2.51985009782321
0.419513540809656 2.50027560940921
0.4147515967036 2.56608604285646
0.417561705226749 2.52749207234203
0.419597325969068 2.49603043600364
0.420457277904427 2.48616985689784
0.42148840179217 2.47388354771777
0.413925247724864 2.57635650076467
0.419193260179134 2.50230076712296
0.415519164844479 2.55645725989244
0.419033699840659 2.50682943219783
0.408838421764791 2.64456696521288
0.415659348372691 2.55326785660396
0.414772074707802 2.56107723410332
0.418247420346456 2.51474430300285
0.41721591978223 2.52960431842058
0.41527801247072 2.55716201673943
0.420291475348106 2.49078381592872
0.41076160670169 2.61848902543939
0.418326113895539 2.51353043936411
0.426774021517829 2.39916720293513
0.409565521917502 2.6362333715551
0.415532566563111 2.55177118424278
0.416029489705222 2.54635768585504
0.418470131777231 2.51385326007691
0.420463987382092 2.48491683292525
0.409615351333038 2.6368174730319
0.419447624508026 2.49787800183997
0.413405125913068 2.5831952528596
0.420360118026124 2.4843696962536
0.41728957293742 2.52742256813065
0.420485016358007 2.48373415436326
0.419126047043691 2.4998831656647
0.410525411222503 2.62045812042022
0.419909438822658 2.4926666811874
0.41416974111173 2.57433662982164
0.406659604650895 2.67703979327958
0.420440737327879 2.48507838119122
0.421439400727923 2.47535141003512
0.414662279111809 2.5635927118055
0.41130856774828 2.61222472736072
0.417679777417852 2.52527470682222
0.415620073568113 2.55265109420823
0.418781181418883 2.50865809137927
0.410949487146624 2.6143591492654
0.417950170136559 2.51815138405505
0.428803407858804 2.37120239126402
0.423280907318748 2.44709624552128
0.416168224242035 2.54632115685608
0.413234593379432 2.58424757028542
0.41476094469449 2.56448808764226
0.414516003342513 2.56401915686513
0.415906325484617 2.54869604475475
0.411394149601514 2.61007717188158
0.417084274610659 2.53205616180556
0.417847678040819 2.52208502491133
0.414430897423299 2.56936402042128
0.417673459820478 2.52305744271504
0.416414589524735 2.54189341405026
0.421889180918271 2.46478123474066
0.421556536867814 2.46868784981777
0.417665482037606 2.52484814399648
0.414628246675282 2.5663079277154
0.420666188901803 2.48254740999454
0.417087869914575 2.53269721359698
0.419438428532563 2.50084682471583
0.413000102643579 2.58912720400167
0.417558944220256 2.52515527347026
0.417304954710823 2.53141984774167
0.411858379660236 2.60572788084579
0.420844642209085 2.48252108248325
0.42469760752587 2.42908992988992
0.409751029555125 2.63115252206451
0.42240353040463 2.45928721846732
0.415023307946448 2.56195530309673
0.420163168531746 2.4914235654942
0.415307333276606 2.55591787827969
0.41973442659927 2.49506479219502
0.409732008363337 2.63551665794248
0.419614357085271 2.49713096775407
0.420981261899784 2.47978106393329
0.412963467960105 2.59065696453108
0.421651780686076 2.46868861948264
0.415649553851452 2.55116791086318
0.424830998032558 2.42880364882837
0.417601654267887 2.52659943796752
0.414126178455958 2.5721851548611
0.422588812668537 2.45590401076362
0.418688869149904 2.50606466196665
0.418801890913831 2.50725015981501
0.419045612903761 2.50606911083669
0.41793351132468 2.52052481248354
0.415799863824289 2.55231850505748
0.424815474856816 2.42640654483553
0.420642073744262 2.48510687336728
0.41580436546116 2.54983871261044
0.420166433531857 2.49206048832238
0.423793447176665 2.44066858987132
0.417508879540081 2.52365968596676
0.416123010608035 2.54564123843482
0.421775523968697 2.46608886030594
0.412543799278912 2.58955606092134
0.42134080046458 2.47149937456269
0.425194848964482 2.42118006618303
0.409827684152913 2.63095276757746
0.415806552443254 2.54832752460583
0.420103103505024 2.49138677091227
0.414904241344703 2.56472106067037
0.420557951678974 2.48335364201544
0.417966908116279 2.52146181342179
0.414504701623746 2.56542439424706
0.417586978698581 2.52490867890428
0.414494419245699 2.5644109525229
0.428980430552581 2.37116341980098
0.413629557403617 2.57905541671863
0.418785566146678 2.51528057228181
0.416618009518993 2.54246967871518
0.421638189582659 2.47023503435359
0.419711855567131 2.49726755900905
0.41674485189178 2.53582794063592
0.417829719468912 2.52368472183862
0.41374601965968 2.57565534031772
0.416889743709202 2.53555695425017
0.418068270126345 2.51781923949609
0.410703805412649 2.61829883720102
0.416164295788003 2.54486681404408
0.415503109808185 2.55276662578799
0.42321775714865 2.44939416171336
0.414899189737431 2.56183654494698
0.414572377498036 2.56747722868642
0.421940944904297 2.46600836025648
0.412902408346232 2.58707371066294
0.41919692139244 2.50178986149306
0.41494340554405 2.56190995057631
0.412662759177376 2.59380746925077
0.412694160644763 2.59510162150579
0.411247527763698 2.61104819734482
0.423271184280999 2.44599439206681
0.414989418819261 2.55956641886839
0.42768512076852 2.38435734970184
0.411614431049191 2.60878706789776
0.415604621941645 2.55427083214251
0.417741318543593 2.52347200172924
0.415663820459599 2.55268633484769
0.418207826977769 2.51884997217322
0.4185696434402 2.51297002969461
0.424433296114754 2.43333148799985
0.407856176361787 2.6605313798094
0.41851835555922 2.5080812219319
0.413214400259034 2.58455380108985
0.416579978120653 2.53874416448699
0.414183949779938 2.57220438984536
0.420476608492355 2.48765246494209
0.412938879997605 2.5867717851607
0.407518270927449 2.66324568929331
0.41572781895155 2.54850056155914
0.423772174516252 2.43924435551557
0.417113012572112 2.53238601777723
0.419701045917289 2.49708281143481
0.420825777848098 2.48141102225538
0.418353111580135 2.51453597095755
0.407720688923154 2.66173447162383
0.415726105410613 2.55229015154449
0.41704316059048 2.52891238546723
0.411468144487933 2.60784206249816
0.408090060617339 2.65969272366376
0.422329721507254 2.46006502706127
0.417699892327293 2.52455721625859
0.421999497467392 2.46548032250792
0.41578396531608 2.54859501566894
0.417204302322082 2.53015955288591
0.415678977715153 2.55039945890819
0.428542021519499 2.37464162319875
0.407011876152772 2.67115184790148
0.412686457403039 2.59257819100768
0.414857256579784 2.56427919238016
0.412276677848761 2.59916731599227
0.418656497161726 2.51059387477199
0.417967355822495 2.51898330668645
0.416364356527244 2.5426738972062
0.41272110992966 2.59217297898779
0.415249154659874 2.55224944591069
0.420876691730671 2.47891522838649
0.411250166551908 2.61256796730984
0.419115150705616 2.50614014525608
0.418672283256685 2.5073972100661
0.413144180300717 2.59015230482204
0.423157246386115 2.4494586234974
0.414495814734485 2.56737998875968
0.413123927077353 2.58689384073357
0.414320902372344 2.56992904124217
0.416705975092071 2.53643155833183
0.419579971853439 2.49608717901122
0.4164143239806 2.54281506166278
0.41231179141339 2.59991222362557
0.424395166542718 2.43015071169691
0.414743808352573 2.56301823225686
0.412222703628173 2.59922684476258
0.419352571182466 2.50159328471734
0.420103216476166 2.49104372742796
0.417816048402967 2.52397826184218
0.418761423039811 2.50883244675462
0.415343253311905 2.55659022562361
0.414619474079056 2.56818899133813
0.414461142103419 2.56920942677029
0.418843786141618 2.50746323676148
0.417311890277977 2.53130362024575
0.416401027284104 2.54142543406758
0.420355608158716 2.48474548121996
0.420430200189183 2.48454164015767
0.421140157114625 2.47695181045869
0.413275181736223 2.58463642409215
0.419361945081265 2.50090157776383
0.415945111969847 2.5464307151102
0.41564755414271 2.55352597979296
0.416798182892576 2.53498144404367
0.417144101424099 2.53232171392425
0.424177862140519 2.43407053856064
0.421282309057353 2.47264382717597
0.412337248430779 2.5974080634142
0.412857096281219 2.59014007954202
0.413448233420115 2.58073874360773
0.411859832764493 2.60558348823282
0.415281332522167 2.55510980980219
0.417306913992564 2.52812877468834
0.412626103244487 2.59440745010073
0.413787467090491 2.57792018205865
0.418182933510127 2.51980020858594
0.415427805565925 2.55374148208284
0.425408501548873 2.41720833842708
0.416115875985809 2.54363581313325
0.422729665100609 2.45580849642136
0.413564737329701 2.57973223868956
0.418634257655532 2.50876671440696
0.417868994230672 2.52153124324457
0.421138843013891 2.47446044942639
0.420193293014595 2.4888739304609
0.413826120268009 2.57890064302237
0.415207683482476 2.55783730038969
0.419995091890014 2.49106864042195
0.416875147688569 2.53025594858539
0.415204619694076 2.55670667719063
0.417513894462429 2.52508657996054
0.418625288029347 2.50962877948158
0.414921527825456 2.56220879566061
0.417626598473593 2.52534781126044
0.422843891949636 2.45247037291777
0.420126551706693 2.49087969223434
0.410617854423464 2.62096301495296
0.418187452747022 2.5148444791933
0.418209592057881 2.51705459115893
0.418561288577966 2.51215311299304
0.412119300434173 2.60100438410635
0.416438444116793 2.53927584288071
0.420858351095019 2.48057283980335
0.414424735392452 2.5681490414112
0.426388389400345 2.40458508592892
0.423313178865977 2.4478593040621
0.418318148276186 2.51425456176242
0.42426419916956 2.43447532472466
0.425525522769376 2.41602575539045
0.424235083066138 2.43368228725657
0.413352194263828 2.58332899247726
0.423767069960068 2.43965526653013
0.417018471955792 2.53155921334834
0.418248812216065 2.51374881218799
0.415481019444118 2.55466064234753
0.420107976850711 2.49277680320597
0.414017858984643 2.57292785720884
0.414665288732231 2.56751153315063
0.414083681081515 2.57211478137394
0.417667042279356 2.52326176438279
0.415689647059896 2.55468224021589
0.419600857389774 2.49870557046747
0.415566611262164 2.55465570995132
0.422887628953154 2.4512966649363
0.416853685111025 2.5365482961477
0.419583218591675 2.49730649297886
0.421975201617735 2.46596026550157
0.413747051923338 2.57614931387313
0.424122320950562 2.43817366664692
0.410105970461474 2.6279237192445
0.421351661089548 2.4775527423676
0.422104996892854 2.46358662110561
0.419894690475708 2.49516624676591
0.418998926634822 2.50395761590352
0.417527882849056 2.52767680541087
0.417867605294947 2.51998217895073
0.422740695751855 2.45316456677064
0.419243047149693 2.50054152471878
0.417856798869893 2.52083829261363
0.418706961609054 2.5102371081971
0.420163918303793 2.48912118018256
0.415658070150269 2.55067788475587
0.419290698440666 2.50274103489545
0.413348240661111 2.58296221874085
0.423037823648644 2.44979157841371
0.416363157239624 2.54105386122002
0.420668876512793 2.48020993084962
0.417084402462784 2.52942688643951
0.420286102942655 2.48952185298011
0.415932228188019 2.54789859484556
0.418664806184896 2.51310160043895
0.413275989824321 2.58403038427029
0.406797046947034 2.67286396401976
0.415430980391794 2.55272966173027
0.423340785867567 2.44599235288888
0.413513192689827 2.58055019603561
0.418783743340586 2.50905246990681
0.417781587718085 2.51955691154183
0.414174185247866 2.56900079833375
0.420625700456387 2.48478479647397
0.414355406151137 2.56912161226522
0.415696391990353 2.55164730380238
0.416926123922242 2.53210903059406
0.419116066354209 2.50275093249348
0.416050949580561 2.54674864831315
0.416745532966485 2.53486308593389
0.416818271825606 2.53678940173361
0.419607159077848 2.49462831117046
0.409532105682454 2.6337375926488
0.411422085136289 2.61300103362146
0.420279896187623 2.48680644999925
0.413465000297451 2.58317870416023
0.423859001916742 2.43902324523591
0.418123236873064 2.5200413430737
0.420327909543807 2.48452281796747
0.411591139682585 2.60747757207121
0.425954172747241 2.4122309785707
0.417259591981409 2.52883752298197
0.417141302022013 2.5363424574014
0.413264301725493 2.58553256836409
0.417037447142627 2.5317945076555
0.408510938291717 2.65067950219502
0.414374136249665 2.57255374472845
0.422525671531733 2.45806810223408
0.413289861502253 2.58310248585826
0.421971506530724 2.46492591061544
0.414404135601802 2.56866333119118
0.421008940148593 2.47761837541126
0.418277405294255 2.51603819544807
0.411722519102105 2.60492695950042
0.4245817757433 2.42779047757192
0.419721164918143 2.4962034828341
0.416043011617597 2.54965492735
0.411999784377183 2.60275520877689
0.418625462152451 2.51214871752404
0.420134578126031 2.48983910704212
0.418292471404258 2.51202018211956
0.41466598328805 2.56674731043524
0.413730149786506 2.57744667717952
0.416821965718269 2.53545631176502
0.411841278944547 2.60211652442787
0.417347398124916 2.52698593884615
0.42080065982129 2.48073331286315
0.423577319953226 2.44201780091931
0.41650435469358 2.53729648771736
0.41913041031934 2.50150875913517
0.416387106584384 2.54372509762331
0.419264788217448 2.49903194052005
0.417054594137414 2.53432730097835
0.421324383509484 2.47454041699985
0.416959188860767 2.53137064976269
0.423379018769604 2.44490092630847
0.418203561635121 2.51608257975379
0.4136999400364 2.58011246487358
0.420815388171583 2.47793651093914
0.423942682452689 2.43900908934052
0.411471587761116 2.61124861269397
0.42075469717402 2.48080997849982
0.413946520118885 2.57470318288665
0.41671842581693 2.53638176536945
0.422705267011383 2.45391651155873
0.417754411681855 2.52461408127286
0.413912937679133 2.57746218900356
0.416636793183183 2.53875833298705
0.419241587271494 2.50078946543932
0.409723893356788 2.63014958284277
0.425155048186795 2.42339894513523
0.411593092330865 2.60647769993085
0.418038381554356 2.51896018487548
0.414812690569912 2.56243453341378
0.425771680932574 2.40950011757207
0.411376351189502 2.61079120289342
0.412975028650391 2.58576644120747
0.419122620664038 2.50428741332204
0.417087422588592 2.5325575068795
0.412350209189233 2.59888978032433
0.418840527262457 2.50963547663542
0.404328108231644 2.71050453202693
0.418186751784661 2.51633041441227
0.411898011079314 2.60228242129453
0.419027362543062 2.50669152771758
0.40643018717309 2.68166401779517
0.411305633794124 2.60505008515007
0.419927732908617 2.49071333550179
0.415047725904698 2.56051745488912
0.415418188171603 2.55553433474879
0.419055564484053 2.50645372377499
0.421032152980284 2.47416533646485
0.416257860304234 2.54420144832599
0.412111979691143 2.59883877424647
0.413351460594615 2.58522657430518
0.41545752081719 2.5513841999362
0.419503918770746 2.49911314093779
0.415563239808483 2.55435896918475
0.409898224063762 2.63161325804911
0.412084836546114 2.60042812831264
0.413992564877705 2.57439301723355
0.418552247479363 2.51005677086658
0.428470315837606 2.37413328135431
0.420230534709578 2.49084124856847
0.418269630379774 2.51370532017271
0.426571828824874 2.4010933665039
0.416550612033995 2.54361860518193
0.419491763855851 2.49686612596179
0.417497090924507 2.52594082747379
0.407973464096887 2.65548393815162
0.421696430464812 2.46663425992713
0.422318544036082 2.45871792511678
0.422766244978578 2.45770943660215
0.415726413493708 2.5498174210789
0.420217197962067 2.48648903049627
0.419916512723458 2.49185211316554
0.418005794640092 2.51925679121577
0.417745339594917 2.52270007014399
0.418233190175019 2.51919999180391
0.417735985525759 2.52338050670662
0.418347487787683 2.51540552974051
0.412025840178649 2.60051700573819
0.41796218469848 2.5218829872417
0.42247692345395 2.4570319177093
0.415370577903311 2.55296923918662
0.409451058666148 2.63667058066298
0.416158405621635 2.54632827145788
0.422155348420935 2.46299022923575
0.419575029144496 2.49783660140636
0.416964131934652 2.53355307198565
0.417981096111426 2.51962022769827
0.416452937079614 2.54344681183945
0.420972294744921 2.47681450134257
0.411982781404982 2.60273077903766
0.416676986505444 2.53606987715903
0.418168625686563 2.52134171737561
0.411663025036229 2.60574966218179
0.41795217442288 2.51886219108159
0.415034768940316 2.56158454448155
0.419502147413444 2.49574867548365
0.417633836804099 2.52658490699837
0.418671059717483 2.51085033960394
0.41692254695015 2.53502071978751
0.406196360660229 2.68393648615563
0.41580021041937 2.5487996451767
0.413018915223804 2.58725084905898
0.423482136389813 2.44286962343456
0.426281111690533 2.40488167240447
0.419764268241595 2.49872342824405
0.417505630969467 2.52508825402315
0.417439483802711 2.52719906868227
0.420326629323874 2.48837336920586
0.420786250816552 2.4814244381786
0.41942657841778 2.49995240145169
0.419434269549519 2.49839130258856
0.416054489630693 2.54449215282504
0.415256845635424 2.55438206012045
0.420160390320129 2.49082360707453
0.417489813153054 2.52538330726853
0.414662048095088 2.56649711422875
0.414806211643608 2.56444376270813
0.413951961525464 2.57631757126644
0.418823859322027 2.50747378271959
0.422013710730648 2.46453130727119
0.415234450435853 2.55576789158589
0.405556368776342 2.69348242795974
0.410815898377499 2.61920607944272
0.416501658897115 2.53891391762586
0.42276893552643 2.45559915889001
0.420786802599875 2.4815285794348
0.415950485939147 2.54901456166386
0.410810877188978 2.61805297708597
0.416120832352108 2.54502825241142
0.417306236338202 2.52850201195456
0.415230022047925 2.55505143792428
0.421524480593638 2.4749977413408
0.415999589486922 2.54564557753443
0.415483570218246 2.55437272852023
0.419644605812951 2.49560680829663
0.413991721564993 2.5759944352946
0.418902896240274 2.50765971774547
0.420214026125948 2.48695249097736
0.423859835220139 2.44022006968804
0.420054160009428 2.49121294262385
0.424853925252328 2.42298085763037
0.421388766524683 2.47414400709318
0.420486165997954 2.48378162059239
0.414617496323893 2.5652398445678
0.417885334041802 2.52010291459165
0.422541045050552 2.4551063078014
0.42795316434315 2.38578936771238
0.417907161773546 2.52082178442417
0.421914591363461 2.46578415619318
0.418321233461442 2.51082150939462
0.411226646593529 2.61262731025646
0.41945851294271 2.50091240766474
0.420735660639679 2.4838987277476
0.41504707432472 2.5617687664842
0.418440687407335 2.51231602781706
0.414423152848759 2.57196191382211
0.412150535998731 2.59761915540931
0.417341523660644 2.52958456635588
0.42906791285701 2.36799731024172
0.414080503060745 2.57088713347618
0.422425760421457 2.45937748612829
0.422642073466164 2.45821646062162
0.418984843758802 2.50860321113439
0.412717113662273 2.59102832421509
0.417806324388042 2.52449443830376
0.416341998941439 2.54095847346861
0.419425699451459 2.49832264737157
0.415648370156842 2.55122926541327
0.425112587921192 2.42039297839844
0.426684838966674 2.40029008965879
0.414277075011047 2.56898645803803
0.421141563670412 2.47552235770867
0.417082276641838 2.53260831217987
0.421650821955091 2.46913994392206
0.414920434991442 2.5618711695666
0.413831704518445 2.57613047035498
0.417814239649983 2.52096475190171
0.413552251246504 2.58173585087837
0.415613133276472 2.55332684183676
0.414177481321975 2.57095572088924
0.415279293808322 2.55750575969529
0.418992571168725 2.50624954359579
0.415738171316324 2.54970176047663
0.416931864924122 2.5309878869418
0.414892130280771 2.56278296832457
0.426531368022398 2.40222839283311
0.428754656077169 2.3690080743305
0.421888491216196 2.46433462191636
0.41699881985758 2.53398044168983
0.414314062764468 2.57046339813558
0.40928864226039 2.64003972143651
0.41880646633839 2.50749203084658
0.413801504134356 2.5792747277022
0.421129395392873 2.47750215053704
0.409457841378683 2.63800312108881
0.421176393108693 2.47606412200584
0.412739870978161 2.5935155840551
0.424947006377103 2.42186192688404
0.412376562259432 2.5972835000199
0.415087161393403 2.56241518063126
0.414980865651199 2.56164559336768
0.414764045407903 2.56789173071165
0.421607864781789 2.46804164310089
0.422712210503314 2.45375338420063
0.415109648803188 2.55658623527133
0.413875974449288 2.57690449759304
0.416131203010158 2.54669837536851
0.417881782243355 2.52068860427168
0.411249984454739 2.61223346927375
0.412586552821712 2.59452161423512
0.419200833529463 2.50143898200362
0.412436849037063 2.59638294174915
0.410047989751525 2.6281721159356
0.421502631349885 2.47150402638066
0.413321402729276 2.5845360184025
0.420656471890408 2.48320319755788
0.418099192327956 2.51753250681287
0.421980462913983 2.46174097984643
0.409447881514951 2.63432240154749
0.414755769646332 2.56288607415835
0.41584559423307 2.54996686386146
0.415710660950818 2.55188799990446
0.420118362113228 2.49092165809257
0.415880181443393 2.54795320038942
0.418147453457195 2.51689947901974
0.418884358381232 2.50904283837192
0.420150699848152 2.49197536646944
0.42156121369546 2.47171471842357
0.422390557264137 2.45732856944124
0.412231315988076 2.59655403773971
0.422558565640606 2.45811580954368
0.41512897614472 2.5600389282006
0.418366497626471 2.5148437394709
0.421958522456384 2.4637388810346
0.420659349992894 2.48229123067449
0.417886750826461 2.51743074504655
0.416259035708307 2.54181101382606
0.41524956849464 2.56031535604166
0.421511264369282 2.47109410012288
0.413045686714353 2.5861979405251
0.418891368413656 2.51060252282159
0.418187843261734 2.51287595243333
0.418826776198232 2.50742591289361
0.41465702145199 2.56815298837203
0.425488304546478 2.41966473707121
0.409919666041537 2.6303191490628
0.412933588225466 2.58583295539394
0.417106551865009 2.53405200240553
0.418134687168229 2.5174258167337
0.41694591259655 2.53430802689765
0.418214146689089 2.51611280842665
0.424449988926921 2.43255988975823
0.417272260360729 2.53057648477686
0.410341276646572 2.62642056459562
0.41795430309904 2.52024307095566
0.413404027424814 2.58273558740968
0.405401016231982 2.69283718754344
0.41906808523273 2.50499261743588
0.416572475779448 2.54148631137477
0.417510304966253 2.5246784989643
0.412031800199531 2.60102645041941
0.423257396549583 2.44680265799708
0.411503326082068 2.60898111984663
0.420373229249945 2.48609768419257
0.418390682166382 2.51300922393803
0.418551801913756 2.51316642823518
0.415530566422262 2.55227507133743
0.420399456351172 2.4877572598698
0.418820840647996 2.50877988955866
0.418454287698774 2.51091084760427
0.414752694201749 2.56599722406079
0.419570065255729 2.49836165962623
0.422529571353432 2.46091336063018
0.410979615335217 2.61582346583575
0.417716080839235 2.52399288775546
0.415294395678667 2.55818009146325
0.417699238186076 2.52399597922775
0.410195266985105 2.62887500566617
0.417863384551209 2.52031878133886
0.410448971058977 2.61960485564774
0.410673154291066 2.62040472292088
0.410468510899983 2.62458213424147
0.41288637960794 2.59246441713981
0.418499022966247 2.51522585109447
0.421098924248111 2.47385620658937
0.416016343254875 2.54598130564602
0.409786683145684 2.63566389010071
0.408691751402085 2.6444129392726
0.413293026510825 2.58239735460828
0.420814302345189 2.48348673671127
0.413142632976274 2.58568917245818
0.412815107815704 2.58951778137395
0.422385051055265 2.45775171142386
0.410958525839642 2.61690861925209
0.413546917952565 2.57991995824843
0.421263463561453 2.47621038702637
0.410139901658364 2.62869262272181
0.419456842380308 2.49913481244389
0.408229401926814 2.65423933624613
0.419599255792689 2.50004868454443
0.414933594189012 2.56029880024307
0.420312289229687 2.48879158968633
0.416776419355565 2.53588102702469
0.416359504840859 2.54016298556627
0.415593891342257 2.55512084065869
0.415371397811683 2.55714969128219
0.42008350292577 2.49211913491792
0.419162042548039 2.50253317198267
0.412574442683867 2.5936682198606
0.42131243513192 2.47762814373
0.424450141801833 2.43447246759339
0.420430666325745 2.48541993982276
0.416023501200976 2.54947334862563
0.412349202207071 2.59794184513018
0.415103074558828 2.55934790209855
0.416332917977269 2.54212208440268
0.420090462945799 2.48949139613769
0.418276961916265 2.51351489964364
0.421864621753128 2.46718311713323
0.422123175532008 2.46145559405473
0.423103659703028 2.44739146849403
0.414768253680944 2.56650131859211
0.415910096105026 2.55039074146536
0.41922380499348 2.50246151659369
0.412011681997422 2.59958624852889
0.419171325681384 2.50477605133475
0.410442233483097 2.62460866427493
0.408422530029431 2.6518787799556
0.42206611829027 2.46308627209001
0.415330816776227 2.55226553110025
0.416692190660761 2.53642281198983
0.415181792692434 2.55719872124439
0.420422535126207 2.48777195452684
0.411443432263874 2.61236065341455
0.428626690679891 2.37313075274525
0.419767178757515 2.49287921197594
0.416017215613729 2.54456177813332
0.418429115109755 2.514613753031
0.423410919651106 2.44522738689075
0.416630836584993 2.54152766075296
0.418016415955744 2.52074326064126
0.418690046414456 2.50952029005997
0.419263547244683 2.50381160147003
0.416124522905697 2.54555757728239
0.403695084988819 2.71529871296458
0.410984413766963 2.61711101851473
0.415489594605026 2.55517598916585
0.411739648830063 2.60632655487255
0.417698063734252 2.52264853930935
0.417936318196057 2.52273775905685
0.422438425809326 2.45662528309224
0.418422903579688 2.51349016747092
0.422914852243393 2.45258389081397
0.414667493020737 2.56336299639138
0.409802863322291 2.63252420610995
0.416050908439624 2.54508694591791
0.422524703860543 2.45871824699927
0.417235016100219 2.53127827164512
0.418822696104664 2.50814775723925
0.413949813989638 2.57206101496682
0.416129447351064 2.54491473966302
0.40952090422479 2.6321667102198
0.420230815803906 2.48705205006701
0.418911237830984 2.5057828062504
0.420122994460897 2.48950108660018
0.413809578447409 2.57451538141854
0.423743315797845 2.44011911693705
0.42233026022071 2.46060360728431
0.422071071841621 2.46692772891982
0.431534665258643 2.33044354885651
0.421550814967092 2.47076128353519
0.417317798487885 2.52790165263103
0.4199967754721 2.49280631252942
0.413443338777148 2.58354805180867
0.4176649817707 2.52706366173608
0.417325023288299 2.52886248289002
0.410707441952197 2.61948467119811
0.421800846329701 2.46447194374241
0.418667563644159 2.51040713408256
0.414095224163488 2.57499228610462
0.419428862345768 2.50021212372081
0.419084460018899 2.50303935418096
0.414002364093147 2.57804851918388
0.408110686754098 2.65606356458522
0.414641555290739 2.56478009053123
0.414698250632886 2.56514822664364
0.415357986723515 2.55484692070321
0.412313564036961 2.59523000979304
0.418914393585959 2.507933956419
0.416815743188269 2.53467185965388
0.421392733268194 2.47560655658238
0.417837979175631 2.52269098633023
0.420527559311722 2.48481821425493
0.417519842082612 2.52646573453032
0.421412977657433 2.47231586451155
0.421856738065554 2.46536504887666
0.41912408688124 2.50573721053433
0.413912788293011 2.57568689717367
0.42481590508047 2.42469284764993
0.41966270721913 2.49914678444751
0.412727536228364 2.59213043387421
0.411741774419755 2.60377375491264
0.425699126286622 2.41422588031208
0.423816888056128 2.43901872468143
0.411346825082466 2.61574866711361
0.416737909392129 2.53861621492909
0.414904504715335 2.56476661497461
0.424124762792919 2.43843105461892
0.42443020928391 2.43087499991647
0.407058522591953 2.66955870567294
0.415910808795792 2.55006330489768
0.411109600039862 2.61432355751863
0.408691547333479 2.64742713725501
0.422788663698913 2.45372010277529
0.418543567306062 2.51784917006892
0.413760377169333 2.57839075428493
0.420747876049985 2.48491721333777
0.414485213275187 2.56596427022079
0.41117072798715 2.6141903841206
0.419036929967065 2.50222122388832
0.418491936824097 2.51394744273731
0.419133230742926 2.50290291561168
0.410740213854019 2.61785583767405
0.409579488472059 2.63356274682966
0.418356909674703 2.51248903330793
0.420643663327482 2.48347384500738
0.414192338172283 2.57209927800743
0.418318529537863 2.5159471728874
0.414892506816855 2.56299494852822
0.419968328503443 2.48816195295324
0.414415625785517 2.57156711461723
0.422321644933018 2.45926845623941
0.40987868318179 2.63068831074599
0.418003691075212 2.51681383737778
0.425102438388928 2.42244785370496
0.417477817577613 2.52700468952998
0.417201865432364 2.53037498040761
0.421062297956604 2.47755972421083
0.41969067365569 2.49872711466358
0.42601732408106 2.40896848393222
0.418105297068057 2.51813886272708
0.409213721169572 2.64127910258366
0.415339359210128 2.55514496512269
0.410361298525579 2.62446094061364
0.414267301327502 2.57177660999813
0.415314758950838 2.55635341548121
0.418163521725704 2.51663081756861
0.420547420382766 2.48348987573139
0.417287384489547 2.5297287228207
0.412972267330794 2.59132011271379
0.412220116534413 2.60070122068941
0.415936364505061 2.5493135615771
0.417734847875514 2.52151270653964
0.41165871662434 2.60706441277156
0.414437935321463 2.56831315352843
0.410383674014256 2.62448549073038
0.418067504677477 2.51650373960653
0.418715173192182 2.50965900575267
0.417302238807519 2.53168506003324
0.420494319371787 2.48594165337222
0.423427539966765 2.44542609382254
0.413949573491013 2.57384666425552
0.414773801323645 2.56689088247702
0.415602436179632 2.553335508306
0.414149529555976 2.57045236842433
0.413480909389769 2.58171485724924
0.418337488185886 2.51626364579873
0.421159246658097 2.47473675986453
0.417200530372282 2.53120845847948
0.41082491440005 2.61961998132078
0.419459092733683 2.4992086189673
0.421868021872809 2.46632056190591
0.413334504792006 2.58239012187409
0.415702668211948 2.54854917002679
0.413224425651613 2.58972074219334
0.423908058623931 2.43923425779771
0.420165746581723 2.48921436071395
0.41310738767681 2.58674290835485
0.421762359394145 2.46638475257561
0.417547345272951 2.52470256052887
0.418086451339102 2.51821607296402
0.410723259033067 2.61878703105815
0.417698179830102 2.52316194524402
0.413711754347037 2.57843295724453
0.406548056409084 2.67624606334066
0.423276942154514 2.44833140736626
0.421139577925092 2.47576646786856
0.417793275532714 2.52117894258296
0.417006636903483 2.52991839680966
0.417591835707609 2.52389142307576
0.420524608224667 2.4882213283343
0.412706183564586 2.59221486984161
0.419260512996634 2.49847395139693
0.4160147770292 2.54568801263129
0.414733243978166 2.56483755480606
0.41847608013171 2.51348701080618
0.412262401294372 2.60102641422335
0.419510188071642 2.49584030147217
0.41112562856235 2.61282592282744
0.413502871110556 2.58164612696815
0.414438247814256 2.56758958863079
0.413854921507469 2.57675049096135
0.413962387500306 2.57567094234758
0.417298330611311 2.52975092875406
0.412321616824311 2.598029053491
0.410855830888846 2.62022363389523
0.416877969257366 2.53540190156886
0.420998118849326 2.47834627222754
0.414532046054329 2.56535990168598
0.421275813539842 2.47137812849186
0.410429570719987 2.62271653218799
0.423207641723053 2.4451068778757
0.416900029520035 2.53268783245917
0.421253522922545 2.47352713201678
0.415047700930667 2.56052994251513
0.421087550830206 2.47652901666703
0.419955329482881 2.49176329588321
0.405293591158914 2.69833682519599
0.419304976894722 2.50375867695732
0.424050555120452 2.43367824732152
0.42034868578299 2.48546080002358
0.420337240056602 2.48967049087684
0.419623104509857 2.49520334779052
0.414801889985365 2.56667827144172
0.421127645769233 2.47713324116076
0.412198056055088 2.59987932495802
0.416930450399341 2.53334755305788
0.415904757497084 2.54830613250456
0.418449540203152 2.51052601944713
0.413590707786589 2.58066978938334
0.418813537112231 2.5084532245883
0.415919583352245 2.55014999131641
0.412645820787986 2.59472551497461
0.412875476992989 2.59007408750119
0.422619614864586 2.45338219594535
0.41988436723888 2.4896216657229
0.417386147506627 2.52800793743964
0.42067866372621 2.48383654762565
0.416734861948143 2.5370451078213
0.417307002767913 2.52904269919131
0.420335160137075 2.4884765465646
0.415307119588553 2.55569009151606
0.416159617371444 2.54676284030721
0.422476936135867 2.46097304996345
0.422835073827524 2.45452698577051
0.418515857064129 2.51088249007377
0.412321550630449 2.59998773639734
0.418323063444002 2.51521046881315
0.42385228928856 2.44173054547162
0.414779589997282 2.56255478169327
0.412783445027158 2.59264196211997
0.425142517348786 2.41801179276685
0.411433450573944 2.61025548087228
0.419550203375822 2.49991057149481
0.41749736073738 2.5274133668944
0.413602642813153 2.57895593749552
0.422308344407647 2.45614494478906
0.413853117589518 2.57464477258878
0.417683585052339 2.52369403904447
0.418931991606384 2.50696383295107
0.420571107388653 2.482694487567
0.416893624637963 2.53372971129536
0.420917919402521 2.47733081597105
0.415208149048587 2.55808935295447
0.414337939320949 2.56989878159242
0.419949706184934 2.49357447148891
0.416902360927402 2.53496596030389
0.414717192713977 2.56272306732351
0.420323940725909 2.48765832954647
0.41057823987223 2.62044332698176
0.414290404934396 2.57170157862427
0.415038478036419 2.55851287767355
0.422890123029165 2.45267027885628
0.412025122649875 2.60009161445657
0.412272319848278 2.59822564399201
0.413453133518558 2.58517713392642
0.410933266258135 2.61393760207906
0.424795129526285 2.42913626797824
0.415587781832139 2.54969985491949
0.423493574373955 2.44374887223208
0.412134157943288 2.59947605074776
0.414440813643983 2.56649504604595
0.41168921125392 2.60353667681714
0.412130129706899 2.60318301281161
0.426739003529735 2.40069918877786
0.412195137586719 2.6020834041806
0.417801650192576 2.51982462051532
0.418236756832327 2.51619433218327
0.414686115699348 2.56539305415535
0.414285420661752 2.57044577557107
0.422480023598211 2.45616607679991
0.419941483606605 2.49537139791611
0.417108156906536 2.53278438823279
0.416584779878534 2.5387821786848
0.419089327382988 2.50564835493309
0.417231900434874 2.53168116390382
0.413517825333061 2.57810896780811
0.408337273783582 2.64981532046023
0.417707290467641 2.52338104454629
0.413597914338035 2.58223055528831
0.410931569761857 2.61971738842108
0.418787368964021 2.50778120479421
0.424644167876253 2.42765430543787
0.423375184380218 2.44639482582814
0.417070860348834 2.53023009999207
0.422925945532303 2.4511371709355
0.416217579643046 2.54608167702231
0.421459975221015 2.47118095073988
0.418631292278411 2.51111207086992
0.406328302323344 2.67971425327368
0.420891871652253 2.47981559549403
0.412054689839187 2.60368660707202
0.414401725790123 2.56967574912453
0.422915657874866 2.45562536732014
0.418873710580873 2.50823058817192
0.413953929155349 2.57466824192013
0.421248105941031 2.47346886093076
0.406435662701077 2.67932493835307
0.416644707658066 2.54002282273039
0.416117756113116 2.54612124431456
0.417341344987693 2.52835376072623
0.410544450013167 2.6208237840499
0.42352808098905 2.44266790824029
0.41654089425541 2.54195325402476
0.418328786090195 2.51445973510509
0.40946124641697 2.638133405496
0.426146352817805 2.4038781173608
0.420315974286599 2.48406496990287
0.417131076944766 2.53251933873275
0.412579937875475 2.59485336796146
0.415380189482382 2.55397381506157
0.418206211733386 2.5185995330785
0.414566421415601 2.56534110604789
0.413847286636643 2.57827661272211
0.415311580290996 2.55252917667947
0.410028857932964 2.63012355101397
0.410431743287502 2.62237631793142
0.420200058222003 2.48845647904287
0.415950350006289 2.55023657085019
0.418086054607394 2.51990995066248
0.419567841495021 2.49438234866864
0.42012956499773 2.49092434029888
0.412327400447096 2.6005310033926
0.409704983642102 2.63132176392453
0.412358931686681 2.59658516975504
0.412482255721406 2.59620312343356
0.414192851586252 2.57134002544432
0.418145971367414 2.51961391587024
0.41772789674696 2.52485411851126
0.413691925602623 2.58270253543637
0.421905358972811 2.4648903626436
0.416895545167689 2.5335011797366
0.410541956134896 2.62262178940119
0.411388502676083 2.61124084703213
0.415761609235223 2.54975140796809
0.410758701434502 2.62178502804832
0.413979097877968 2.5736809629198
0.416107788581574 2.54443837271531
0.416342195102439 2.542827673947
0.424443278778752 2.42841491549393
0.419181181689011 2.50248521966916
0.417030338518674 2.5348275937836
0.419629822675064 2.49273938596417
0.415144659849109 2.5587847175463
0.416871941662224 2.53510697829752
0.412092496634221 2.59912722944017
0.415794621816286 2.54858807592951
0.409527863846075 2.63803649375277
0.412634274945926 2.5964704756788
0.422318494882248 2.45781579050231
0.421302242884405 2.47469707618289
0.415317516548098 2.5563626390471
0.417471698908326 2.52598628274234
0.417874092726661 2.52079490756984
0.419832112747637 2.49219349943457
0.415353772560108 2.55508106663282
0.418465940062431 2.5120428949069
0.411581521478185 2.61191502611214
0.42246299429819 2.45884357591533
0.417696774331741 2.52398989220003
0.414111711941458 2.57370009554412
0.421598748037522 2.46690750275374
0.415721211362113 2.55127969989853
0.414752123168291 2.5663993199798
0.423654963649603 2.43939673223116
0.417200111636367 2.53162670826965
0.427356459079521 2.39347235435171
0.415418577890336 2.55546707102082
0.426396513802994 2.40334827781724
0.416171125009513 2.54290611936577
0.410887540927006 2.61670622228708
0.418007863208887 2.51983991893117
0.415314459108781 2.55751959470418
0.416815267138863 2.53572610888087
0.414556674830352 2.5667783726302
0.418872340683398 2.50854495289905
0.411169059798746 2.61413118192427
0.414288910636407 2.57116836590869
