0.474741907547918 2.86165721742854
0.455122887924118 3.40309063314242
0.480135839331966 2.7007977064692
0.474807668803096 2.85599900218453
0.484746587916876 2.5704404880962
0.472324290182084 2.92711635147988
0.468511586916482 3.02609277503769
0.472254018884639 2.92455001148786
0.456984683676915 3.35345666036888
0.484468452762212 2.57887404074955
0.466770976639572 3.07835922755826
0.454876422914761 3.41222553943608
0.468855493490175 3.01741228947401
0.474255701728926 2.86818024415707
0.47725143395037 2.78269405462569
0.460038408087873 3.26921146967274
0.459462307984517 3.28174481523957
0.465557238634422 3.11659622104224
0.461000091848955 3.24258305970065
0.467413099760451 3.0615468346353
0.48055837371248 2.68681478676108
0.478293349860114 2.75208323305391
0.466941304701109 3.07618420035742
0.468360974632487 3.03148653612599
0.444718461438586 3.70704682743984
0.472078234874989 2.9310581299432
0.472376233846643 2.92086702935086
0.471983909289967 2.93289650918685
0.447276841943857 3.61936441877604
0.451296846767817 3.50915489095241
0.461452705124472 3.23314927989468
0.466941673983297 3.07189074130075
0.460604745067574 3.25069628620455
0.471619194566199 2.94531953836434
0.472118643105567 2.92905090381266
0.487190258247608 2.50707738142636
0.477432131212387 2.77956333736206
0.457308790483429 3.34677036218197
0.472584821778177 2.91904828827307
0.472393414165532 2.92425808325941
0.456914240216022 3.36343272640185
0.472421987503345 2.92313744020861
0.452056637672178 3.49701442360243
0.4613448840306 3.231955882991
0.468137340111099 3.04345934885788
0.472841674623283 2.89910620041108
0.480057163348414 2.70256180156912
0.476437254147963 2.80449555654297
0.465537129012528 3.11178562488601
0.463283193704606 3.17513691301684
0.469348325130964 3.01136515550057
0.457012970631725 3.35404435280955
0.456845330986842 3.36171204011357
0.474798764864176 2.85052274682003
0.488411112361842 2.46997773962328
0.476303486270485 2.81203314934437
0.46523724381163 3.12278330919515
0.458083131991644 3.32379030374634
0.460950859957593 3.24288253245543
0.479498439330602 2.72395537006164
0.480111316042014 2.70251021982942
0.464324010921394 3.15188713756193
0.469603102935748 3.00491337664636
0.462670167490965 3.19404372564815
0.466420092223546 3.08831149152887
0.455731544324577 3.39028160950852
0.456070141984429 3.37691179174268
0.486193412937423 2.53462785583939
0.463795812239351 3.16397601965553
0.477316112669038 2.7806919464068
0.466151512457989 3.09516398234968
0.471088192673058 2.9603369093448
0.467703573029199 3.04958502405735
0.482047498419379 2.6504319049868
0.471267511940486 2.94487653626995
0.462164678224289 3.21131391370686
0.463843627702696 3.16134583804974
0.465447369357658 3.11574841698549
0.463630075221011 3.164674423322
0.469919821902331 2.98754701421553
0.447747332490237 3.61575989139766
0.469288541222107 3.00757140810679
0.46608650319056 3.09834098345239
0.455908378142245 3.38158184228412
0.470346031626395 2.98051695016811
0.458238983044899 3.32327427629701
0.457387491142743 3.33901060294803
0.461274910191728 3.2336424794729
0.475429370830955 2.83277613875286
0.463206243564166 3.1817026655206
0.468579592067253 3.02271156197323
0.467122975130888 3.06700335821986
0.472626378617582 2.91398035401392
0.473493679296537 2.89347939020525
0.479575698147811 2.71611794639389
0.474352331537805 2.86187687531026
0.464996137887709 3.13027393547891
0.461615213304307 3.22578983820577
0.470710125448854 2.96806361681468
0.472971579326587 2.91064120705616
0.446004226695226 3.66856523197374
0.4846841121542 2.58049885544045
0.470271055837934 2.9843891670023
0.469878856527397 2.9897833975449
0.461653109582724 3.22668656577011
0.472541221417907 2.91075711302233
0.46179182481912 3.22202682806508
0.47337931720133 2.89412535255476
0.46845811209336 3.03037446285038
0.470208384386023 2.98076586044936
0.464498055243576 3.14312267391024
0.472339430326618 2.92397253205949
0.480045411410164 2.70764291279014
0.478014279591091 2.76441137472065
0.48410769935746 2.59268224682697
0.470814382005866 2.96609537202139
0.480328635046301 2.69604681562112
0.46517437812107 3.12584362320001
0.467380574423712 3.05934398360803
0.460078854521776 3.26799207487325
0.469345514043714 3.00922523458489
0.471948877915285 2.93497161831323
0.484114280244519 2.59676112182797
0.465241205754956 3.12262802384374
0.477741546848216 2.76981433554748
0.472702942545534 2.91313393364634
0.466862409877036 3.07320075791652
0.472432572442324 2.9248186541102
0.46452221577993 3.14143424981823
0.458529414157724 3.31860854478318
0.474178834780887 2.86662289726258
0.467741612073109 3.05338685519424
0.47545997083277 2.83832540900442
0.457609044678393 3.33477023664988
0.470520279674616 2.97091384923518
0.459255648901922 3.29383728229204
0.474890074559696 2.85047249646523
0.465388458293726 3.11859022019422
0.481523261057547 2.66284649223155
0.446915930309886 3.6354166491892
0.485461427255698 2.55697201952869
0.480556952078502 2.69006353222321
0.481520961295735 2.66673878723573
0.468783175177876 3.0235267011245
0.457158375831852 3.35413390005033
0.468434882656865 3.03393185741656
0.471922802244899 2.93007954190517
0.46397542275796 3.1604672833807
0.473732473318131 2.88295755859878
0.476576202632862 2.80308239482565
0.458945421503563 3.29916574041623
0.455575752424369 3.40085262141137
0.456394752614186 3.36729649840982
0.477298121241396 2.77935876096026
0.473605891196556 2.88272668163599
0.475115455535237 2.84647647926002
0.473565978141728 2.88561506507369
0.460134877803067 3.266385692769
0.474670332162441 2.85889825005669
0.465163555522888 3.11760071533893
0.47875039445608 2.74613976367164
0.46826793822613 3.03995807488543
0.447112045599397 3.62797585847859
0.456191990960298 3.37759229452496
0.481901779780232 2.6522042757754
0.464030759343867 3.15757327733195
0.464807309463301 3.13725117228821
0.453605318318212 3.45902744913006
0.479010256757717 2.72809250398169
0.464800789623761 3.13611109581325
0.46961656840952 2.99837234802586
0.462967448732442 3.18750393033618
0.463752372504262 3.16303568954535
0.477297458898361 2.78517048678381
0.452309292668504 3.48702084396581
0.476540313945023 2.80623614136105
0.474535921945136 2.85629144636505
0.471031652426372 2.95487327299594
0.449731555949903 3.5601905547405
0.461648669185412 3.22537750889909
0.466860702046515 3.07192433142629
0.474018739482777 2.87307211428718
0.464500759386607 3.13943582206791
0.471369140397809 2.94831961740565
0.477395786239438 2.78623183659406
0.472920505693202 2.90269582455783
0.485727567102911 2.54436462549537
0.457578199428058 3.335618963234
0.470037794150929 2.99055493193636
0.475340006485785 2.84087570692043
0.463864186945424 3.16177401096741
0.475209511991619 2.84455684780636
0.461751917650264 3.2281038085566
0.480965294340985 2.67708944500731
0.44661822731672 3.64093627278634
0.473580605183141 2.88796433929437
0.468850839135075 3.02612810371529
0.484428059374103 2.5776699173784
0.457909184871251 3.32512981107984
0.478339869542372 2.75302860019561
0.463517128736793 3.17683818834832
0.46867732594322 3.01865161366501
0.456927636277217 3.35395008514695
0.469299527804105 3.00296644331767
0.466336081673261 3.09108195389618
0.459899566804342 3.27275703660152
0.457902511668763 3.32926441674084
0.4567857829492 3.35832913250601
0.470818858127391 2.97046979894249
0.463796955717577 3.15993767315882
0.479637619233789 2.7131470838204
0.453215669124033 3.46259842880703
0.47317491687292 2.89569240434061
0.483590486911586 2.60469961577225
0.476364161166312 2.80667204567217
0.458029711112879 3.32621954323622
0.468679956453463 3.02140040020696
0.468443266155662 3.02902190875794
0.462294491169188 3.20744145967005
0.469532630203844 3.00460856686175
0.471915735706003 2.93132150104211
0.473336567231509 2.90000641371494
0.454586506535481 3.42209623997267
0.46908958261823 3.01598232417463
0.481086158098341 2.67678575251667
0.472218067516976 2.92754059281151
0.465840509249142 3.10670303322407
0.479766907273453 2.71342847931724
0.466599283026187 3.08973549795883
0.471366039502763 2.9525716102768
0.465933692439963 3.10119268553718
0.469958916001381 2.98955329658023
0.456591807762605 3.359492477897
0.466363682586844 3.09071276191725
0.473761027152066 2.8799070842695
0.463100168136682 3.18368413354166
0.488661838478439 2.46274053941685
0.47209886206768 2.9319904884452
0.482395986776117 2.63987200888065
0.458667397855752 3.31231981529619
0.466885908841277 3.07421449237021
0.47242930347411 2.9187112146924
0.466665381658455 3.08298065481108
0.470971682710156 2.96746450515883
0.475398303496565 2.84064447422106
0.4725569506962 2.91645384027591
0.466351100044077 3.08866261660064
0.461501920050906 3.22346854129211
0.477633276112816 2.77458681690398
0.467883805046203 3.04836807213165
0.478010379602588 2.76293074962623
0.447335670214815 3.62651988816973
0.45911221958671 3.29918572766606
0.472255998309984 2.92489166133953
0.47831276970019 2.7537317963329
0.45751536999374 3.33827947071283
0.463805361281038 3.16007483127055
0.450602408424703 3.53488038809215
0.471644504566126 2.94343770986302
0.458862905743118 3.30241192738321
0.460456467887935 3.25237421792086
0.482028473410006 2.65431601984011
0.487494481046127 2.49758038331273
0.470362888524784 2.97785214870505
0.455034583463225 3.40917012604049
0.465801079945012 3.10133015410739
0.476362110951625 2.80843960204615
0.470606862116964 2.97209398695643
0.455965916972241 3.38267812538117
0.479082001257375 2.73375503625525
0.464457923919128 3.14009074693083
0.46157762695807 3.2230721218726
0.465137178500852 3.12434857828895
0.470062402340497 2.98848594725097
0.468094631854564 3.04019770565732
0.465463014007226 3.11436036875169
0.464242959828255 3.14876083283713
0.468172120640519 3.03800100101013
0.467130120796445 3.06574493114611
0.478302602024732 2.75118447938318
0.470261052076597 2.97640151768755
0.458782942018282 3.29430684074337
0.4708968531681 2.96453303972963
0.471348233858404 2.95151437260885
0.4586839331806 3.30854471272429
0.477888321447933 2.76082314965974
0.471577072184353 2.94353844326433
0.475866349194554 2.81953355472116
0.467567766838123 3.04896159246005
0.461501335905902 3.22663308501504
0.467079085590176 3.0723875867479
0.466597379056689 3.08519554184428
0.465522593210021 3.11163123144953
0.474636810994428 2.85992271353402
0.478277205682484 2.75688308846953
0.458657076432638 3.30505431637001
0.476296693797317 2.80803812056838
0.47908957434317 2.72725301106505
0.460226195858421 3.26495441966688
0.472950870152572 2.9099879842365
0.481162722343861 2.67626134323256
0.471269500984587 2.95390135864892
0.472303196280572 2.92541581920083
0.460395172548356 3.26092678239045
0.474431464195655 2.8624874882879
0.468370995496298 3.03795818772893
0.467457360964269 3.058866493526
0.459493906046329 3.28054655177357
0.470615372696821 2.97463450426742
0.468111594173299 3.04234474978702
0.463870146183485 3.15878664069112
0.477586941630349 2.77407501555691
0.475621357718108 2.82635988651465
0.468464927357121 3.03232192523261
0.468889429211927 3.01968334444085
0.480167102117363 2.70213387862607
0.460556142518959 3.25446741519215
0.477744717944495 2.76983286570069
0.459804092397678 3.27528644648231
0.481676908615831 2.65919374251281
0.476025786402004 2.81767901915782
0.475806732980829 2.82627318382082
0.468596079241685 3.02777553281166
0.464873356920263 3.13156870943877
0.47824552699652 2.75444903181137
0.467009053192544 3.07649359889253
0.461138381018807 3.23718975880176
0.460315614891029 3.26605939161399
0.471800946058088 2.94102424617897
0.482984711360281 2.62047085828805
0.486828487388041 2.51354871304168
0.467279792766775 3.06058748141498
0.473956958281191 2.87431676096617
0.480571950518407 2.69300654884727
0.451064969680948 3.52106134546035
0.457034839242445 3.35346826747365
0.484650657406778 2.57572015745264
0.449126085074601 3.57881877417002
0.473622009479039 2.88208321987689
0.480344360682742 2.69244471168196
0.468481470217697 3.03079878248222
0.476142179041916 2.81570445487761
0.445540998227144 3.67641067782455
0.462772562473625 3.19043693400563
0.470134608143608 2.98742820098479
0.464577084805747 3.13671261530123
0.465683630166123 3.1040600255326
0.463910626104575 3.15691300387256
0.472042605530674 2.93338417770814
0.464738040502005 3.13259826224723
0.474086871859296 2.8707374231687
0.472216072283416 2.92327307696614
0.458046214490167 3.32790962250634
0.453067770265689 3.46411457942771
0.475670839022758 2.83022804738361
0.470404135820815 2.97691080645914
0.466336648418865 3.09513084151564
0.465599877957218 3.11014406515338
0.477778051086754 2.76838233183323
0.484617872734628 2.57402436022683
0.460474681368958 3.25700290930742
0.468848475930207 3.03006907490067
0.47368819668688 2.88165566316888
0.470567457148526 2.96724774407563
0.474985776096062 2.85149904852856
0.464192586521482 3.15312431395726
0.478764183962314 2.74415930582733
0.474806229688682 2.85022569186687
0.456559725144159 3.36607581448724
0.446807382153085 3.63865805107568
0.474643597865177 2.86462316357487
0.47140393720475 2.94922454433111
0.473435367500179 2.89177999629441
0.483151123303353 2.62137626629535
0.481656841634933 2.65792765004761
0.476205229494175 2.81196574050206
0.466429279595568 3.0861086419248
0.476777014057292 2.79677578471824
0.468573588146109 3.02510700442562
0.46039050693 3.2501246590621
0.47897605620234 2.73615287845427
0.477662860436344 2.77242085989048
0.469292135343442 3.00412432881955
0.458460301750743 3.31379515183524
0.458216444432033 3.32264935033501
0.466705498319831 3.08088668771556
0.472673137191399 2.90914391324569
0.474032871714309 2.8684652099072
0.472791630497951 2.9066637157969
0.470541011124823 2.97294429195719
0.475009530160539 2.8502253554645
0.463581700244178 3.17306304993829
0.46581909686269 3.10400069537521
0.466672223092373 3.08532953070264
0.478973393616176 2.73869167530633
0.463228338449317 3.17561214745929
0.476742575956427 2.79907439922067
0.451582099975573 3.50371257359612
0.465563395404774 3.10925705337468
0.467327598695325 3.06406259888031
0.460591441062114 3.25022145000059
0.470072706607008 2.98627360334108
0.457049654477555 3.34993210420652
0.46670521617273 3.07617500099735
0.478588141827273 2.74969108351449
0.468318412121868 3.03851864229983
0.471561601335666 2.94686201931265
0.468370461297069 3.03464137907145
0.472612965500065 2.91286475662311
0.461145185815331 3.23539216977587
0.471780722609497 2.93455511573336
0.475600447116148 2.83017758012343
0.471501224856624 2.94284329972285
0.472013068522126 2.93008007283004
0.475214120554871 2.83780166439121
0.465128154686668 3.12811292715306
0.466104337886231 3.09858841059804
0.474523744161815 2.8542987890002
0.468824414311101 3.01950219479508
0.481474345179861 2.66259191877876
0.453133041554123 3.46150036137113
0.46983897093752 2.99859956064081
0.464363001234524 3.14676918095834
0.469875282717353 2.98928028610085
0.47667925255171 2.79578337363027
0.476228280327323 2.81493564788814
0.467879518352484 3.0486198483726
0.482114222381455 2.64212991601298
0.478804812798489 2.74229711053037
0.469524534819111 3.00172813496649
0.45473093413611 3.4239311033175
0.46781857112886 3.05012598979839
0.469528782703685 2.99974538096914
0.466657474049811 3.08371388267154
0.467445475747793 3.05064731852652
0.456035612515419 3.38109043346366
0.484185220125561 2.58329877680912
0.481204978806083 2.67111935390678
0.484898017368021 2.56247576080321
0.471446299590459 2.94760695934164
0.46131330985149 3.22895179758743
0.472232972611394 2.92414887906947
0.462308344495792 3.19968711778515
0.472615796517103 2.91842259767156
0.457487119964277 3.34304882120902
0.467152874095373 3.06758976446176
0.473743788382666 2.8907930144648
0.462388962548558 3.20196297765929
0.470236312878188 2.98075087490213
0.471932702282144 2.93181271459964
0.458072388757848 3.31679068540576
0.472661734235703 2.91477850571999
0.465330854925438 3.12338047726591
0.455921874540722 3.38690618363615
0.48467167172101 2.57217046407744
0.478307538971764 2.75462844928267
0.470400543546619 2.98039434343968
0.458063688573306 3.32614290315017
0.469902229783316 2.98959515319005
0.443270460323994 3.7440601242595
0.486186377223793 2.53608604445059
0.46629098574786 3.08986264096985
0.477705145206131 2.77453030252003
0.456832657191806 3.3537526295159
0.473838190338814 2.87697230349305
0.469748010805002 2.99426521626941
0.481204927330654 2.67293361481992
0.460537540867134 3.25920108785584
0.46404816866353 3.15468929852501
0.474852003091595 2.85002981452792
0.482206248228792 2.645708390508
0.472350232834168 2.92232019128559
0.454277326178222 3.42712529261232
0.472719558659205 2.91093323146642
0.45974936584214 3.27796164939512
0.467460051762743 3.05876589690717
0.455437427058916 3.40024322556423
0.468921373809402 3.01541446895021
0.474384247015971 2.86477637561472
0.47169000160824 2.9357788861172
0.464645690549739 3.13553488982477
0.472468475390246 2.91756765706007
0.478389889645011 2.74452305450005
0.489098696902839 2.44707164820509
0.462711899531919 3.19262270260827
0.470791546219945 2.96909081834421
0.459992068626723 3.27352669420965
0.477573575749581 2.77360589876886
0.47967297947749 2.72336643359572
0.471156034284053 2.95350108243798
0.472516211766815 2.91884589251893
0.468657358583778 3.02835469697724
0.469464236239535 3.00418936260098
0.455761149258472 3.38672432811726
0.483077886800042 2.61648083447985
0.467277957089675 3.06185589635713
0.471639971200376 2.94268695734346
0.465804700062192 3.10686580957041
0.461464062920717 3.23141842832163
0.472734578547474 2.91131611463432
0.468753351189596 3.02529016218789
0.461089558500089 3.23272170114886
0.467176769759676 3.07016131589768
0.464862903583274 3.13137811454449
0.46444459669059 3.14508568543627
0.462537118247614 3.19698097259855
0.467566602780961 3.05655356906835
0.47284142927007 2.90653446179483
0.462683340139352 3.19538432630517
0.477272988224653 2.78209684220965
0.475375239752556 2.83336844933432
0.460591316560795 3.25365224440754
0.467717536698246 3.05380676497029
0.462778855369379 3.19218744056414
0.476414199395218 2.80817900040223
0.465361626068043 3.12187137850789
0.482977195425957 2.62614019379872
0.467574410490545 3.05563333103332
0.455630019649144 3.39663358935004
0.473943679295695 2.88129680379861
0.470668800686948 2.97307284091329
0.470395525766678 2.98085514208016
0.461997749940453 3.21016278420777
0.458309557405351 3.31740490674739
0.462502344170121 3.20034094276134
0.46528271485159 3.12379550077174
0.466614709636266 3.0832611460687
0.471033273028906 2.95735821095753
0.451616074221729 3.51012046639153
0.47129868336829 2.95151590474973
0.472435875860962 2.92132118989305
0.467453019794982 3.06362034663038
0.470263965521289 2.98043557141636
0.479340502994208 2.72360229712236
0.464046618986042 3.16268068978543
0.463854174626959 3.16476330639864
0.473819592805814 2.88123198901068
0.476013977130507 2.81919847288854
0.462509572948956 3.19131491459426
0.472341305516497 2.9203669665516
0.462300675706667 3.20589704525441
0.451260769376257 3.51690324633413
0.458827790119557 3.30788357932023
0.463501606121679 3.17391633969103
0.482906131463801 2.62943132370639
0.483768389353504 2.60105016375334
0.464819565604611 3.13661604815506
0.47112283605024 2.95917679394602
0.466083982504031 3.09344834013009
0.461151871911777 3.23794419344869
0.463826978448698 3.16118961699787
0.470366103951808 2.9695590669861
0.474501300089406 2.85784011661366
0.479775085728222 2.71401219166172
0.456330643187243 3.37155579834717
0.472991764941909 2.90243346630282
0.478814591374147 2.74380247115673
0.471630444103338 2.94884771811357
0.471739929545736 2.93836007946375
0.469382570330884 3.00924680129414
0.465821844355769 3.1012428700464
0.471695585903008 2.93763387589513
0.476065052483954 2.81396926095117
0.474012237698392 2.87878360146808
0.477721030470441 2.76951122298027
0.478154282145273 2.77043358030947
0.489625632747843 2.44351030541855
0.474055621433537 2.87586230995225
0.457385507770487 3.34310852140964
0.470689677870132 2.96741303525257
0.465752246251527 3.11065897568538
0.462126583811372 3.20489521296697
0.47973976027622 2.71538924171882
0.467758757255307 3.04830124608955
0.470344817414461 2.97716870058993
0.466518047550263 3.08676583868082
0.467360514683231 3.06106917696534
0.459380739484904 3.28826384960686
0.467083317501363 3.07119432373635
0.464489450123503 3.14378217445092
0.471548319992476 2.94620673893304
0.468710143753026 3.02009388783239
0.45906775658003 3.29381981270727
0.457555594587314 3.33847815383054
0.476164454089451 2.81554712327282
0.472427852523413 2.92614284747425
0.461108958636117 3.23574213381311
0.470321411212624 2.97836938111584
0.475388712629354 2.83432407968632
0.466070948039566 3.09505527254262
0.466904397353723 3.07604417922299
0.467816667780991 3.05229809397969
0.461744385114894 3.22004605480964
0.484353840234841 2.5870774158022
0.475682571191209 2.83164425634588
0.470212890729431 2.98623820827083
0.477216422164521 2.78945333253943
0.455974104436667 3.38576958147142
0.473928997058631 2.86945577471186
0.467017091194084 3.06801248812335
0.462115943132226 3.21075854491936
0.457844763021332 3.33048842261914
0.475631697211859 2.83340886354496
0.466077838706756 3.09518181829949
0.457728533911472 3.33168974643598
0.472277016690215 2.91983254690318
0.464611833342286 3.13738282699329
0.461993419404511 3.21548119178526
0.468669698810897 3.02797629612264
0.475694050236613 2.83059960012236
0.458084576777403 3.32183350642785
0.469501901180202 3.00287650355435
0.479364799905832 2.72791593969585
0.481146016901259 2.66844592198684
0.466784668871633 3.07596863556302
0.463768281209374 3.17088340092855
0.470981264891331 2.96072621264944
0.470755681511042 2.9670425831521
0.47139824860402 2.95260581655358
0.478100747670744 2.75735789093864
0.46706083410913 3.07184007617493
0.454716184328028 3.41741911956922
0.464463362658969 3.14350800475015
0.480968682348397 2.67950731814244
0.455441053643197 3.39823466492678
0.467085598641007 3.0704838448186
0.477286546890095 2.7857761092496
0.468376036602172 3.0347929228487
0.479299718652338 2.72364826473698
0.479212820652767 2.73114221728169
0.471584788699152 2.94325535385044
0.472970801020944 2.89480638202902
0.48457441566844 2.57572831704559
0.472065478744896 2.93142322909844
0.471475015944988 2.94829253525895
0.46762494617364 3.0493329840988
0.46057916092271 3.25897382306635
0.474487125856543 2.86259374376051
0.463846528447141 3.158021517986
0.45543871628773 3.39828993940621
0.462882639572841 3.18761780938258
0.469845797271439 2.99204736485998
0.473632755128383 2.88235779978953
0.468631377037154 3.02968979948814
0.467436435292147 3.06451558022169
0.463949411366672 3.15485068739494
0.470487421815799 2.97317084989533
0.460779272708165 3.24761621416047
0.472904518709182 2.90689146344348
0.449854952087696 3.55629519102898
0.456566955036623 3.37040941627169
0.465518148119274 3.1139898747247
0.467553167329621 3.05958283392986
0.470593073272152 2.97580683737533
0.473446556106919 2.89397501782607
0.46920340030766 3.00968566945461
0.445836238092122 3.67248114628155
0.472314207666235 2.92294702834539
0.483301738182271 2.60953563245297
0.468425202241826 3.03044814019552
0.466417139214552 3.09039075766747
0.465889999212404 3.10381505793305
0.4840709575551 2.59321340742152
0.467673834263178 3.05152379003574
0.473784384357569 2.88352170459752
0.465362661734495 3.11682255531701
0.471718897979419 2.94173061195474
0.472402277943338 2.92013294103187
0.470472744951262 2.97330385837157
0.465868112657067 3.10449081132629
0.455106859580794 3.40807557428395
0.463819441213125 3.16070698365722
0.487614604536595 2.49516382422161
0.481245393400317 2.66945470541022
0.453370813480498 3.45456097318549
0.469553536682957 3.00270389739207
0.455642210697201 3.39233374438035
0.483752553628589 2.6075776775434
0.462592970137536 3.19276466134911
0.465716974859433 3.10753961859189
0.473948937210088 2.87310434540025
0.462115211889206 3.21290235710604
0.472299603927352 2.92112064467953
0.481133987121424 2.67241396445555
0.46519016718966 3.1231687038539
0.485988566966229 2.538327689094
0.470726402587677 2.96800923658868
0.467399334990948 3.06564082650663
0.46006724044364 3.26796839993347
0.472518765002998 2.91669369910556
0.465443299717755 3.10913433710254
0.47749442260043 2.77517126857402
0.447404560805832 3.62106815961716
0.481241473181502 2.66914551263463
0.465867154655456 3.10251616374442
0.478523456757798 2.75065238104039
0.463023377834204 3.18313540093697
0.455742936127782 3.38950862719619
0.476853886708873 2.79467521453481
0.474498080375702 2.85778938054781
0.474772968039343 2.85405625923421
0.477975910678677 2.76597159092275
0.466685294227685 3.08357748547078
0.467292169018063 3.06064367890527
0.469295084804043 3.00908073152532
0.460511368604493 3.25535787076501
0.47274116389821 2.91215722154366
0.456023583152517 3.3831718919722
0.477788027250421 2.76867813214908
0.468169215868231 3.0418758828094
0.468418635966789 3.03186978882423
0.468832824817653 3.02102134507854
0.478396986033424 2.75273429943321
0.445161781352199 3.68674212518886
0.47219652767041 2.92336571045207
0.471889414109742 2.93115555372703
0.477403234578665 2.78141421303158
0.471855210845713 2.9394700554265
0.47151133019477 2.94249768615362
0.467834315163735 3.05315695230198
0.475178040936566 2.84141589976884
0.479593947885095 2.71731639943018
0.472316466392323 2.92738560732633
0.466449872551183 3.09100700672256
0.468416454202734 3.03559316781098
0.474117566471412 2.86970899360198
0.469966340176482 2.99185758337851
0.465713142786825 3.10809412875197
0.477085288548721 2.79113901984727
0.462303583851905 3.20149489436965
0.468257869756634 3.0430251478657
0.449309300797543 3.5691235144024
0.469211068720279 3.01676999314386
0.459794704264849 3.27503866788069
0.473626108310016 2.8899255450345
0.464503630543885 3.13894719086662
0.483966956952554 2.60040317691771
0.47179823621718 2.93471975233283
0.48473355404542 2.57046918727328
0.46902881783454 3.01204871615543
0.463084744288551 3.18227676522124
0.47960714381073 2.72017535470326
0.459757093611992 3.27442538922161
0.482515344781428 2.63423397434203
0.458755538359952 3.30606585365468
0.465990212865026 3.09917751787393
0.47670905209045 2.79782536040542
0.459197287650603 3.29039991659937
0.473086999443549 2.89898018698454
0.477941283385662 2.75985471843032
0.460239287063785 3.2652223314312
0.467088208001685 3.0693013958898
0.465758971706414 3.11291133816139
0.464948538166941 3.12898797541644
0.487451801506119 2.495204305762
0.451308979051973 3.50863808915113
0.487574827171514 2.49361039112326
0.471389348863969 2.94872064586123
0.470565190957325 2.97318584393246
0.465781185852935 3.10194483077809
0.467775767566635 3.04639627273285
0.470726294871605 2.97031772529905
0.474913729993646 2.85107569997758
0.48418802923297 2.58988246508826
0.464962954325821 3.12706104800656
0.472690193145427 2.90990413598785
0.466655256030436 3.08318905719989
0.48761838930325 2.48937275665878
0.465888836376733 3.1054475683658
0.470620364798281 2.96717516425594
0.478780788115724 2.73661835967131
0.47901039143306 2.73938429260525
0.478318066242024 2.75402161506407
0.471856477509677 2.93729185911618
0.475604115982114 2.83026838610999
0.469152964390261 3.01611486897587
0.489023062727273 2.44496913179221
0.482476433122663 2.63686796381193
0.468890120842923 3.02380376476267
0.461635299255331 3.22262735837554
0.474499021006687 2.86955931290177
0.46654137837471 3.08761585652062
0.474314738943448 2.86611332771652
0.467820832721669 3.05113053234136
0.477250777421115 2.79000387959177
0.467022544490717 3.07308157836782
0.477302307085891 2.78144832366144
0.463150873374768 3.1821890408279
0.479457199615927 2.72311266727079
0.460175367848491 3.26379550752741
0.470493142228582 2.97422055685501
0.462938579317529 3.18729263133886
0.465570390172205 3.11134853326409
0.469981493271971 2.9893659350521
0.466551341633566 3.08994721827191
0.480718952875388 2.68847465092969
0.447203480978136 3.63162413667942
0.475935704403147 2.82035687071287
0.468370932783364 3.02541921338042
0.482502955508356 2.63907531730711
0.467096003904221 3.06757792366998
0.463279379163274 3.17890557394977
0.466878716525591 3.07403816766131
0.473929019297926 2.87582579567318
0.455858328716701 3.38642744493306
0.474707215948669 2.85530752692247
0.46057950569878 3.24778029770831
0.469117400711557 3.00740417980937
0.470797565760659 2.96929310692885
0.461746223266924 3.21475262096617
0.465199559854284 3.12743753948902
0.464555201495918 3.14297267999459
0.473907577000729 2.87646832665087
0.459293066933459 3.28922697788308
0.460496451811396 3.2545581279029
0.466979844377397 3.07595539805831
0.476832837732286 2.79174548539219
0.479655179262691 2.72064750843315
0.460794956937441 3.25104363491011
0.48015337835165 2.70305999485122
0.47073997416885 2.96667105167428
0.482580926374333 2.6317195309326
0.472597757719165 2.91310460178418
0.470305797523451 2.9830183850561
0.459686770717256 3.28227319565648
0.468526755531268 3.0295703840937
0.473878732628606 2.87574908167732
0.46690139111428 3.06981655754859
0.471275516839316 2.95641060950458
0.478068967348182 2.75997377426583
0.47105626460277 2.95777186455184
0.464830671823385 3.1317120037961
0.48798983046814 2.47676379311947
0.471937187533955 2.93289535854684
0.477527182590151 2.76896193552114
0.478461506339615 2.75144639392578
0.470986166826831 2.96141277368163
0.477609174433296 2.77711710039358
0.487020394968644 2.51320452073541
0.474738715772379 2.86026010697625
0.460746790913532 3.24776839463388
0.469612105766353 2.99721697009784
0.483052283805186 2.62306352262814
0.461629181930895 3.2282550558432
0.468864682801884 3.00643694884435
0.468365503733242 3.02994947198844
0.472871108394699 2.9078325304777
0.474912398113924 2.85099322255727
0.469254285291735 3.0109643896554
0.490179616147914 2.41376808484943
0.464600677897138 3.14116084410772
0.455745348145489 3.38511433729719
0.468904475113983 3.02355083149382
0.471133499858129 2.9496493550914
0.468518067487643 3.03032762354006
0.477945731449206 2.76497375305159
0.460872876187099 3.2459543361426
0.451733539742422 3.50034640499512
0.460591636848961 3.25186202616133
0.464327166365725 3.14491436246757
0.477268560667206 2.7821453097807
0.46244585474768 3.20371819803618
0.467979932132574 3.04111347354611
0.471750294796814 2.93889078525336
0.468281118954674 3.04504968159614
0.467039542860808 3.06906778129362
0.480016682599085 2.70694935078308
0.451261587694958 3.51218982897701
0.466815292249978 3.07439039452667
0.479992452411912 2.70461173837563
0.457405256758424 3.34984887557865
0.463388895059022 3.17323910695506
0.47278718104681 2.90521338736739
0.472607571551138 2.91277308169368
0.462106924529522 3.20742805719801
0.479353594744797 2.72430431342324
0.471753403997546 2.94287425280032
0.479386106553476 2.72334481456198
0.473377561838373 2.89312759213736
0.46430731876133 3.14492311066422
0.471494234857942 2.9493643057129
0.466471782914901 3.08533262660723
0.476755541766463 2.79231038231641
0.469445954138958 3.00269472382375
0.47604983672062 2.82171244519038
0.470082712103534 2.98698614316276
0.486500658036078 2.52371127157036
0.465357167857447 3.11829006662977
0.477473546352565 2.77715658718594
0.462257773967804 3.21105013589576
0.474689837640709 2.85639056267447
0.471176208132913 2.9550517960407
0.467081752535283 3.06801614863923
0.482420401259831 2.64691758255569
0.456573302933155 3.36400942617749
0.469981940542909 2.98474400435952
0.46519388651177 3.12566519676659
0.467161085047512 3.06102667820832
0.469421107507715 3.00880899506121
0.465342981494587 3.11992609748085
0.468378564700806 3.03444504243481
0.473649697216767 2.88837821404953
0.478937471809267 2.7344562241336
0.452841039800438 3.46836086707202
0.471558150209139 2.94052667588895
0.466536788028223 3.084583430832
0.455009945428366 3.41621382191703
0.464666958034645 3.13508516086392
0.480248728905313 2.70108902603803
0.473357679350694 2.8947487310614
0.472579593438535 2.91583720933054
0.451796048704018 3.500041564757
0.468489031874666 3.0277566402136
0.473612790635898 2.88349564644019
0.475041992089069 2.84034999184387
0.468983601820265 3.01970262796803
0.466107943021265 3.09478947955001
0.477900037720376 2.76837077026998
0.457001350964021 3.35735705155361
0.467566558167811 3.05775518564669
0.489334484928727 2.44257441821035
0.470017612259686 2.98764050769979
0.460762004360241 3.2444851281632
0.452027807182416 3.49852763659994
0.463546826591883 3.172748264611
0.480041677870381 2.70419962614607
0.460196038457813 3.26704134401792
0.485162653815223 2.56270565553921
0.475719441189211 2.8303249078415
0.48010766866169 2.70338851532556
0.47166338338705 2.94267013965396
0.474677057555327 2.85524459126917
0.464237762840201 3.14501673357482
0.463637636953167 3.17443752691176
0.462381229723636 3.20011851809764
0.467008557339267 3.0725466927901
0.471517057331252 2.94259711298152
0.475324269343755 2.84092346663218
0.461940952188782 3.21367452352966
0.465295264814695 3.1144630685196
0.48116884260938 2.67592782378259
0.481014243400869 2.67834342609277
0.474201905233535 2.86588482033733
0.482760159896921 2.63280396419941
0.456077181030156 3.37475510244802
0.473755524156694 2.8822700255342
0.454469268204316 3.42332095987025
0.465112559252036 3.12235368108835
0.462429664927741 3.20638102264015
0.453971900857701 3.43765123467837
0.44690811103429 3.63864624900887
0.472264189126548 2.9162638287045
0.476742210156685 2.7970495510551
0.471265720543217 2.9550767360835
0.467793807519608 3.05280335268815
0.469606073645141 3.00294344379446
0.469817055699445 2.99169531228647
0.481127907803709 2.68193065906451
0.469069085597609 3.00781839228117
0.47031117062545 2.98262513999043
0.481246703077857 2.6727622974317
0.467132119473087 3.0633741590205
0.472897960943236 2.9065559840434
0.465131765119509 3.12939650781378
0.462471431845389 3.20596771809366
0.474351081220574 2.86435114073624
0.464943709097604 3.13461247365099
0.466013392758525 3.0963577886103
0.476777799323843 2.79490422774311
0.465899346076351 3.10249069415336
0.467176727947128 3.06407163014427
0.483575956296096 2.60791250740476
0.459528078853286 3.27969509930992
0.465539940907473 3.11055965220853
0.470951641019645 2.962801793532
0.471808520521079 2.93704273892306
0.462472802588273 3.19875509392682
0.46582916552904 3.10539640137593
0.476020923427786 2.81761931844795
0.448899894857793 3.58321708465533
0.466379801368134 3.09166402188093
0.454212360150036 3.42899330186154
0.461299911189817 3.23472455148013
0.452849515457422 3.471735049921
0.44935745538073 3.56694025619135
0.470365337234313 2.97286631829786
0.475813047624905 2.82645130746331
0.47193138897168 2.93465771202896
0.478432274026571 2.74710635841809
0.468101802848309 3.03821231286187
0.473601266471557 2.88966216292795
0.491521894877385 2.38325407559979
0.469575787738047 3.00093821910635
0.4796613139236 2.71430651971356
0.479295724040521 2.73239350355108
0.479829155717454 2.71528098649935
0.461592136979749 3.22457255304928
0.467434566872088 3.06028583549891
0.466142158137032 3.10058156990496
0.489287399226736 2.44352036509031
0.476066823512693 2.81725041822248
0.472335685363705 2.92686671803475
0.476388809212779 2.81033102433125
0.479836943865432 2.7178859652782
0.466211149740532 3.09295934471231
0.4720778662908 2.92814848804681
0.47437901323126 2.85956475886583
0.46942054268983 3.00588607358632
0.475163906169189 2.84589200855535
0.476565429576941 2.80274180657606
0.470910045111378 2.96150714883259
0.466896209902976 3.07568793353942
0.475163385992701 2.84073803856274
0.474983765717177 2.84764768171849
0.463213983839671 3.17848605671141
0.464398319775371 3.14576825782404
0.468864372614942 3.01980918638649
0.470137627129418 2.98411045343362
0.455767230507185 3.38887763124845
0.459897496067588 3.26609990436171
0.470309251307772 2.97437037260837
0.469848986657123 2.99142515805992
0.458983192102085 3.29882049894208
0.468586393844921 3.03215735478959
0.457269055099871 3.34721263871469
0.469895030213965 2.99111812961852
0.46057628628046 3.25217920491311
0.4870839712685 2.51198299234847
0.469632930462168 3.00076911003555
0.478641461501202 2.74975879594271
0.474517424344358 2.85817815642967
0.468443347931376 3.02907246923998
0.461924464187318 3.21641008390661
0.459766392395866 3.27909789325549
0.47722534556625 2.7856142006652
0.457805806498022 3.32888138400187
0.468294720846437 3.03555068790411
0.46647606276593 3.07984627640155
0.473333475508726 2.88928827450391
0.481140676587858 2.67975645546476
0.472289042046781 2.92368854523301
0.480346653549854 2.69412126377704
0.468656632751098 3.03023920861371
0.456545012162666 3.35885666889161
0.468015261936333 3.04265092520868
0.466752203093879 3.08653602500787
0.475722268997305 2.83363099776588
0.46157116949112 3.22482041556865
0.468529699560369 3.02364386049509
0.487306388470143 2.50628058872809
0.471450302722038 2.94706716844558
0.468244524201264 3.03863382216453
0.470002174021555 2.98773881301568
0.473375447488214 2.89747138243967
0.466970238750044 3.07543496498532
0.466809447048095 3.08042203969313
0.467022687736916 3.07154166205166
0.467917055590895 3.04640484747117
0.472808351598207 2.90874511013858
0.480468601944901 2.69619331594752
0.472444404937466 2.92598640399027
0.46315930153958 3.17805704605737
0.467496151760426 3.05841606242011
0.462553082803522 3.197768234906
0.483602104267982 2.60610216708994
0.469754461123184 2.99519141453214
0.465144172073749 3.12240121972159
0.46061673262053 3.25298400413606
0.482311964659468 2.63968307043744
0.485052025723808 2.56885671151683
0.484315127140372 2.58802661850212
0.463672742483541 3.16163728481253
0.476688003707038 2.8034020130723
0.473891548407649 2.87890508135828
0.469327642618117 3.01369150185308
0.462588538095677 3.19769383529735
0.475940875710435 2.82326514696624
0.478748881909906 2.74778983703583
0.471248176818093 2.95337993774909
0.469387499025593 3.00868489423646
0.464968024310198 3.12657970399755
0.470063434261589 2.97926009449093
0.467786974802293 3.0506701707617
0.469901288527533 2.99233908077134
0.478436517624555 2.75600981280481
0.478834628550076 2.74302005684422
0.466830496638195 3.07060072854883
0.470561233315447 2.9719069048719
0.461692725103297 3.2278686443263
0.467406601613036 3.05395310183107
0.476822563984569 2.79340598707708
0.478275382024867 2.7596014735464
0.482138320539238 2.646731154177
0.469111613480847 3.01121738269494
0.468344419001876 3.03190868645613
0.454727169667802 3.41943408014708
0.477843196402817 2.76720813176248
0.463785048564781 3.16680780472326
0.470058919928875 2.98853810537785
0.475743039964603 2.82607813055972
0.4639623525815 3.15815486894374
0.467514530063176 3.0639723912893
0.4662068807292 3.09254067878189
0.479897281394107 2.70998240208917
0.482976062368041 2.62252354461315
0.459259608779106 3.28658112641129
0.456358158256479 3.37559815242827
0.476032637927299 2.82063681167243
0.471065646029692 2.96056164957741
0.466452959341447 3.08693963855372
0.472165349144244 2.92592328952327
0.49387494496662 2.32369871717892
0.469774389006737 3.00076443002199
0.470247747494067 2.98102946454285
0.472763809381264 2.91626285158408
0.468291817581958 3.03682644013276
0.469389509339508 3.00448706443242
0.47253265857673 2.91471714538826
0.461227058565503 3.23231496276966
0.47519471975284 2.83805983268505
0.461806789125106 3.22033036404348
0.479168435208345 2.72679413417533
0.466467918172446 3.0845448306318
0.473533857045037 2.89399073861784
0.47532397005098 2.84269155318764
0.467816137875899 3.05067816727126
0.48757438224549 2.49047499261551
0.488454714143904 2.47178040681748
0.469217480557087 3.01142052601797
0.47808627586689 2.76282532579666
0.463579312787874 3.16774602823603
0.454981132613685 3.40181405660531
0.460722062497597 3.24676867163293
0.467507528607234 3.0564494613532
0.474184538128575 2.87173977554653
0.461314411001254 3.23809194450916
0.483158321551506 2.61737420634398
0.477711802479903 2.76631382213414
0.474203763843532 2.86476885290385
0.479982208985571 2.70886080275937
0.454233476946085 3.43119913784743
0.462826319224421 3.19568954429801
0.469062270136095 3.01764473204304
0.490492067973905 2.41137414561404
0.469231770147202 3.01127871234194
0.481470444838549 2.66539916237984
0.461693367809087 3.21960260761394
0.458382762986424 3.31658863428168
0.472261698575255 2.92489423188305
0.471608085746418 2.94615724029181
0.464897452482344 3.13011339473851
0.479122822688375 2.73627385701266
0.466268195924824 3.09112715892116
0.475930673751273 2.82132249204797
0.475410743639554 2.83593561530458
0.467384719896358 3.05672818968244
0.475369999653103 2.83753903274016
0.464213772697134 3.14956092095275
0.452110980275721 3.49570778611824
0.464900601163244 3.1324219164025
0.484494064590759 2.5814738950296
0.479885487078274 2.7056378530295
0.466713521055689 3.07910941524724
0.461526764485352 3.21957593224397
0.469262999307144 3.00530524406215
0.476339367048702 2.80792910701986
0.453614413022778 3.44985885054449
0.469365842247125 3.00201099780649
0.479743606870867 2.71465260376914
0.456796059915786 3.35989316822335
0.482357920430147 2.64636210364602
0.461628953743836 3.21737303989003
0.452118518303209 3.4923580592526
0.465011196398642 3.12692010507442
0.478974503337034 2.73654324372958
0.455235353696043 3.40635406038635
0.470411759196215 2.98018505087352
0.462248371187466 3.20802028585751
0.473002725161223 2.90393466673843
0.465462342640759 3.10899057129242
0.456338783965543 3.37287140650657
0.458280417559188 3.32046688351171
0.454024655918106 3.43923364238842
0.45789620876055 3.32426425143347
0.463457327270198 3.17838679663975
0.459028142647509 3.29715865362769
0.474021717203715 2.87423694216986
0.480265809441764 2.70063970753229
0.465910438982492 3.10223828671559
0.476347048483212 2.80564691001495
0.476922079701079 2.7943814287691
0.463397576311862 3.17093332854758
0.463558425422074 3.17455233700982
0.487843416006792 2.48858057427739
0.472823713747392 2.90814634569046
0.475171400558466 2.84491992090858
0.48458664979175 2.57771769023733
0.466678757337187 3.07911092021159
0.476649432018442 2.80393442473476
0.463455540428394 3.17212396451362
0.47524191891947 2.83739628333918
0.476551142520214 2.80722936142785
0.469929291199565 2.98969350028979
0.460177694213683 3.2595596753795
0.455980704477051 3.38439897058691
0.472608940822171 2.91311260889589
0.458033683229665 3.33308934955536
0.469850553975442 2.99640881641043
0.471540766467971 2.94992667420301
0.46553698349902 3.11961337075502
0.453440372380616 3.4540477242472
0.472428716761878 2.91990413090398
0.462897299302948 3.19099113521955
0.491153667396762 2.39558723909438
0.458464233693912 3.31071928871129
0.46471827716544 3.1350892801723
0.468809272318592 3.03178067915685
0.451455999279344 3.51143833174295
0.477419036219631 2.78531687045044
0.463396363076381 3.1709998322969
0.475962709282631 2.82104261244869
0.470766503610116 2.9625511788868
0.467319235108746 3.06556824044186
0.464105383352761 3.15311211978391
0.487621555885614 2.4896733555966
0.460747422220916 3.24528975544454
0.472422909071615 2.91493962182067
0.474341860885502 2.86708706265579
0.461462668244154 3.22852379293365
0.470540596834157 2.97408219492233
0.460898350576519 3.24400526747366
0.474271760306401 2.85886147963479
0.479763259497846 2.72013402032694
0.469830892485552 2.9927174292109
0.461719907553735 3.22080774372289
0.469240129607253 3.00504222453903
0.474453045545437 2.86278705937657
0.462367877504628 3.20267951511103
0.484000631853764 2.59463198661298
0.46242976096443 3.20329639719577
0.455067295648284 3.41115106970925
0.466999883371192 3.07165052851986
0.451939530322791 3.49639505951969
0.467869427866529 3.05106662099632
0.463422495260749 3.17069708155659
0.477095799220821 2.78730492471725
0.478330589759022 2.75491477444491
0.463939130921708 3.15889387109121
0.485398465938549 2.55380689142931
0.473731733224825 2.8816723643317
0.464828255755301 3.13368309259932
0.484751632587967 2.57819594515509
0.454804855210395 3.41824726856542
0.455527630347224 3.39633789688943
0.467439741744561 3.05758588256264
0.468572793152376 3.03097466882702
0.473865321010435 2.8800859809717
0.459939846477945 3.27296900659161
0.472463906201561 2.91443146676876
0.467686028825805 3.05267598387837
0.468840159830714 3.0248177357925
0.465340392751583 3.12112416784495
0.461696759095932 3.22222136567055
0.46376594966299 3.16176748402981
0.468474013130005 3.03836341754883
0.472307472884297 2.92670226955867
0.480839436857084 2.6799126230944
0.469485854163095 3.00188320597883
0.489635954575755 2.43853670346066
0.480573648256987 2.68725856637297
0.473650295368703 2.885224905848
0.477689018434081 2.77330939637099
0.450091610536609 3.54736278021485
0.466856905809484 3.07649162013813
0.46808434488761 3.03854217610094
0.475695511210185 2.82415880781339
0.477960445930545 2.77259024846995
0.478700744352772 2.74429709270294
0.46677837427772 3.07883663949574
0.468693310160465 3.02518646285511
0.459186607185504 3.28955475122155
0.477733692854366 2.76858510761149
0.487593291836439 2.49532118184731
0.465261991215355 3.12011653483577
0.466065502142182 3.0967238641519
0.471087741224664 2.95998108007134
0.471799652814062 2.93563451887476
0.472370117401427 2.92574795566445
0.472031814858005 2.93078309285975
0.466812090660802 3.07582474918797
0.471786798950191 2.93180211131398
0.470415206367049 2.97512386362953
0.469264129868443 3.01573438096297
0.472498411478265 2.91733839184502
0.479900906379982 2.70404711414775
0.463895389774464 3.15626192235692
0.466115116814023 3.09746153477605
0.482937628637681 2.62758702245194
0.456307909026173 3.3769112969439
0.468448928138101 3.02828607929532
0.469022340323954 3.01387357533603
0.464654504673241 3.13791963453756
0.465591161720386 3.1101950693884
0.480790986617462 2.68377358582036
0.477284379234653 2.78365040696171
0.481222512536489 2.67249259149433
0.458377686027496 3.31562617752354
0.458890519471247 3.30397648430575
0.478161924797999 2.76085201002505
0.472198453761986 2.92716921012452
0.465924991733425 3.09763842634163
0.466096059667219 3.09262815587366
0.469833397141808 2.99082065845519
0.484186303718413 2.58230328244362
0.469768671093329 2.99043619388129
0.466317230723907 3.08933276130785
0.467280125328232 3.06584574074132
0.46529022687179 3.11984381728682
0.480472519283575 2.692785806855
0.454087633160389 3.44300738845017
0.489927477923957 2.42999690293532
0.467029357911397 3.06700324155555
0.480224507743044 2.69852786513551
0.473877263803994 2.88372826527617
0.465218302185798 3.11889405254391
0.459392349807464 3.29276973758682
0.467800272807306 3.05324268689964
0.452646842077946 3.47785764640272
0.480670286828294 2.68744616366351
0.464891261805895 3.1323690919283
0.467754739944737 3.04684030916124
0.479739998641947 2.715083773826
0.471532492184507 2.94620664276798
0.467442208924561 3.06362770662365
0.467382163852134 3.06420079035273
0.471403230551954 2.95010735746658
0.466419230143798 3.08370502508711
0.465917797619458 3.09641422669465
0.472336507482196 2.92176338650313
0.470549140758647 2.97508387178797
0.47369327848774 2.88461489472888
0.463982400420199 3.15728349359979
0.461450387021696 3.23143781522961
0.473097967250814 2.90079106192208
0.461522652313076 3.23035636685003
0.481670036438099 2.66574190278795
0.474097369598071 2.87487564460346
0.469973411154932 2.98590379711892
0.477180763592005 2.79236925762023
0.459416277979171 3.28634286428533
0.478377093372521 2.75503232816811
0.4732056543615 2.8970314975051
0.473924481316163 2.8800906884843
0.480548745445283 2.68612853412076
0.468465593047141 3.03220606316314
0.461751244555734 3.22178437317247
0.469256063454678 3.01065993217494
0.483065094653476 2.61913137193238
0.46983831644166 2.9856094444118
0.467841446799267 3.04565609519961
0.479719643735026 2.71404526971336
0.469713816955024 2.99696902741847
0.479595402914633 2.71410845865748
0.471987144471489 2.93100473930024
0.482865766073736 2.62415478849976
0.472950579793557 2.90494015288478
0.480970394552189 2.68078947211603
0.476022457492308 2.81912775913803
0.445465126068969 3.67743730807949
0.473272096228739 2.89321166935716
0.466863286186076 3.07719195464572
0.479406948627786 2.72147669704863
0.458380942917655 3.31778795030764
0.468363458914158 3.03009611814374
0.46883344111498 3.02091450758121
0.469102213294696 3.01088901292586
0.461333649660338 3.23148783131495
0.477057908662432 2.7958715344683
0.464250163137555 3.14513333428392
0.456926871749154 3.36022686217725
0.469997026531968 2.98332991530892
0.475469940902146 2.83354916464186
0.476826517904136 2.79518421442143
0.468502846051528 3.026528958569
0.469399791274239 3.00107039284153
0.463577472812839 3.17535222359595
0.460932552396861 3.24738127005663
0.44575385939167 3.67592999656241
0.469352750394775 3.00145595339262
0.461837816140174 3.21657488511874
0.474318862294834 2.8672704813376
0.473754483727666 2.88228991928492
0.47865387163822 2.74285410860891
0.472127697407312 2.93461341432006
0.474221001932745 2.87222875309592
0.473118818680392 2.89975087312135
0.479313798544312 2.72847343952296
0.466727110185068 3.08378400146974
0.464623958811055 3.13352431636732
0.462837248249625 3.18484874880513
0.475704744001368 2.82748746182986
0.460547391779942 3.25680850378949
0.459345842657867 3.29294048036693
0.472961540730756 2.90124247988314
0.459044875611637 3.29662018937422
0.477727172959065 2.773177126331
0.480037826251604 2.70167820204312
0.479187518217835 2.72930200541993
0.471671323325935 2.94489063016159
0.475001706224144 2.84743310468009
0.46608364669893 3.09850728152203
0.478751311546517 2.74157004717046
0.458688431098644 3.30743403856775
0.479277755010177 2.73059092148418
0.471121792175855 2.95726394782658
0.473251359472146 2.90427842939699
0.468085405970478 3.04296262006106
0.461516735402461 3.22540142509069
0.464575842007289 3.13787432041221
0.465695678075052 3.10920820730839
0.467850079486222 3.05096240812648
0.460499770945267 3.25505757230669
0.470608354545877 2.97177588878201
0.473549844509616 2.88555341660056
0.474123374715655 2.87052649439236
0.462952050846772 3.1900528057406
0.463334172582936 3.17577600209734
0.462915226873517 3.18864537880791
0.475456077835185 2.82832229657095
0.476857356839631 2.78843819258441
0.477376136418779 2.78369275114526
0.463295829887945 3.17853902810466
0.468488893868724 3.02629940462426
0.453098915437547 3.46561174211165
0.467575587417055 3.05352354740486
0.462399671371515 3.20570209850621
0.474239378548157 2.86251304007061
0.460567957297969 3.2540901768107
0.46173285908509 3.2200560779143
0.469376066622962 3.00347614205111
0.473829337847791 2.88662534581843
0.478041017393454 2.76550921302847
0.476907525359651 2.78893571577316
0.457984226939978 3.32988544558053
0.483488597732147 2.61487140448448
0.457878855840618 3.32464333920207
0.47630414106084 2.81049752386535
0.467725852321801 3.05378943688212
0.454861693805465 3.41371660861093
0.475592708599507 2.83489226708151
0.475387118418618 2.84080511744409
0.467131506484254 3.07510289842629
0.462729111054823 3.19077235274801
0.475314104879418 2.83645484730284
0.471718433799178 2.93968502761698
0.451459026826724 3.51094736452888
0.47377356952074 2.88285803975594
0.466438773736314 3.09240089728665
0.472745365376967 2.90801263827391
0.463854899429231 3.15983739030257
0.481779477801715 2.65754247766941
0.475271810216865 2.83492689760921
0.483377846790675 2.61048982191283
0.474656301973907 2.86048605596935
0.468583414466534 3.02016961021959
0.47242882811893 2.91928884161984
0.471550791031325 2.94479950088728
0.472052133604538 2.92801219713096
0.472778999431127 2.90835716632504
0.459796658271575 3.27951043539122
0.474055067294083 2.87968109014001
0.462431016744289 3.19817325330864
0.469065064747497 3.01657332618457
0.475897944004117 2.82159118307308
0.454604020745151 3.41987200619406
0.459056740783965 3.29383113975223
0.466127974920373 3.09226663678343
0.45612388374967 3.37729081484863
0.466181321065994 3.09377547245922
0.476130145197058 2.8233539450093
0.465139182027248 3.12839298756158
0.467502736347198 3.05899642701957
0.487677217704076 2.49337375927813
0.446959164322111 3.63093201728724
0.48929121409701 2.44669847009612
0.459497248624714 3.28683998496999
0.479394115652116 2.72006187230734
0.478781026746271 2.74464283784513
0.451217179465883 3.52015815598403
0.461834036351876 3.217871841355
0.482598209655956 2.63201834834824
0.480513252025523 2.68868532912165
0.474781015404235 2.85378321227146
0.477993522150239 2.76331389199112
0.468082589464001 3.04594992438875
0.478050820983019 2.76221808835735
0.476698784674427 2.79895302056053
0.476431699241419 2.81038669702618
0.476295218432204 2.81223053403975
0.486673643501526 2.51761203186974
