0.284652931931706 2.15704846481522
0.28654437555887 2.11177385006251
0.285592632934464 2.13442322010517
0.284982642060776 2.14958120534751
0.288181970157763 2.07823512012252
0.281885388145141 2.22554695889619
0.285704474835775 2.12719363103723
0.289244654120251 2.04964431830815
0.284353192170208 2.15381568195319
0.287407063278855 2.09175125980001
0.287284462167236 2.09494399266805
0.280471194880951 2.25404676519685
0.284189055326384 2.16838638792747
0.289851015027032 2.032876016075
0.285535136362677 2.13967503783286
0.285807515880265 2.12724589058013
0.288820702696984 2.05602619501471
0.28851486911679 2.07197704462953
0.281999887595168 2.22121358715209
0.283782522245241 2.18373432984721
0.286336779899461 2.12539315790648
0.285791170566454 2.12716055915253
0.284819497472391 2.15669171070283
0.284534158425791 2.1487608315897
0.284795845142101 2.15899500750942
0.288603144108606 2.06532586731013
0.288662889355035 2.06415876251076
0.285339039509872 2.14105994846617
0.284135417652722 2.1693900759928
0.286719432527532 2.10863775761804
0.291430650632213 2.00446653293165
0.285516671897564 2.13994949254229
0.286985988189033 2.10574995990583
0.285558542063972 2.13705165621802
0.279886411260037 2.27345596908693
0.285762251756087 2.13735522415505
0.289658774793353 2.04399790339451
0.287508192794666 2.09464606969807
0.284507831130776 2.16801398310934
0.286658265986082 2.10694308024034
0.286459400567214 2.12085085599997
0.286150881041399 2.1185817709414
0.288243966079999 2.07632054440069
0.291222219955959 2.00953315391437
0.288719091902782 2.06246868394869
0.285753401236847 2.14170295990614
0.281381773958015 2.23167839336144
0.283062693317451 2.18961488617444
0.285127338336351 2.15283689940352
0.285437779008466 2.13166612305513
0.284174350641619 2.16608721164124
0.285342984818407 2.1412581420187
0.283278516000976 2.18764724708991
0.289003499853295 2.0644198888987
0.289055963934284 2.0577467090338
0.285161368780459 2.14940193330317
0.284843913670245 2.15283101187417
0.284167139001912 2.16439119562318
0.285207600261409 2.14195133212819
0.284152162993629 2.16984868908582
0.289208263400986 2.05591513304322
0.288409962578062 2.07554078750514
0.283053562964151 2.19344568527405
0.288231016104165 2.08327184113281
0.280548131408749 2.25108805332185
0.284710248097653 2.1533148243387
0.289621401243645 2.04651621831496
0.283773155361003 2.18112261552218
0.284606600340163 2.15733986530526
0.289318671434476 2.05371963864942
0.28966624826435 2.04263234708631
0.2886696505411 2.0704477666668
0.282002411409805 2.21372052943031
0.281281301086846 2.23583083575974
0.282913665224299 2.19720154028188
0.283257816693016 2.19066538733646
0.286237084808616 2.12091634996309
0.289103618972005 2.06332809167331
0.285878082812437 2.12399369071565
0.288690695454055 2.07516388248617
0.285532016796473 2.13774599052203
0.284202620224555 2.16642214806478
0.284133530480291 2.16337257625674
0.283908972956947 2.16722218770963
0.285923898086345 2.12737906825309
0.284340176669918 2.16804283710693
0.284525606923709 2.15690226916221
0.282833460999772 2.19992008529979
0.287777430393586 2.08390334263994
0.282138415884221 2.21436686570936
0.282050146588254 2.21259262306057
0.288119037983839 2.08060000160185
0.286910991637529 2.10777902937264
0.28663759441791 2.11184426857424
0.287232606877937 2.10428692843867
0.283564266923548 2.17941564403745
0.290060863753251 2.03117549900018
0.286955565052935 2.10807183530051
0.288901615300139 2.06669980747609
0.285848000622107 2.13080932243792
0.284024215991059 2.17799032780074
0.283659287983273 2.17303115227319
0.280669916846637 2.24683926779797
0.283940773197106 2.17032874559972
0.287175742323819 2.10499333563396
0.285851145224851 2.13243818872817
0.286944031508877 2.11271139151983
0.277934248205788 2.31038632057078
0.286399959650827 2.11929321101865
0.286935619421689 2.10317704411565
0.286976508972428 2.10555884903563
0.286696065940387 2.11028383409544
0.282547148177115 2.20128225949764
0.284327655306743 2.17100540678739
0.28712475088565 2.10358766126876
0.285117327280898 2.15479875719905
0.28566436032557 2.13868592673314
0.285378605915876 2.14553742086955
0.28921090553835 2.04514686701749
0.285871937802766 2.13293314456445
0.283567691610025 2.18475929956731
0.282299755047049 2.2080417768938
0.283421383030649 2.18729381938085
0.289224402513084 2.05230522679935
0.282964518893876 2.19128142345944
0.284530676292262 2.15866804507511
0.286194344464967 2.1305542487891
0.286275621163489 2.12830390758795
0.284116193356551 2.16382085704243
0.285662831255486 2.13529268297458
0.285630148866923 2.13038999922109
0.287471683447989 2.08381520390707
0.280770817732051 2.24337970623846
0.286044482913543 2.12324767838074
0.285518543181716 2.13049459261158
0.28733696381425 2.09363813579655
0.285421393696065 2.13293776261822
0.289564595808277 2.04766252949482
0.282425138425082 2.20854985130056
0.284586568822239 2.16174677113775
0.284539856426854 2.15893426167594
0.285135350854097 2.14928667516293
0.286004802949115 2.12518626276293
0.287584276863888 2.09338551160179
0.28212311232047 2.21023581422598
0.286331705916222 2.11919474720464
0.284460915123783 2.16090800940033
0.284184833443754 2.16388290974906
0.289963510152078 2.03820309438621
0.289825367663105 2.04575216615245
0.285510920105974 2.14241280718067
0.283879289006339 2.17564208192768
0.284285438497213 2.16600463111717
0.286633769956146 2.11342846698705
0.287791345644287 2.08139195250573
0.282608488978521 2.19664744486635
0.286021930205485 2.12296079581301
0.282854274761707 2.19826926403315
0.283316939900747 2.18201957193372
0.285940770947495 2.12325510795402
0.288362394479723 2.07804733174874
0.284175877807952 2.16585994458501
0.287197098636443 2.10018398246113
0.28404206459427 2.17919864668798
0.282260856874234 2.21013406888355
0.286191538770615 2.12206555183395
0.284896170501899 2.15278875512833
0.287394890906514 2.09898413354003
0.291334827588125 2.01265289034493
0.287298166198677 2.09920045449954
0.285206389909702 2.14465383983097
0.28714856616908 2.10785575930721
0.288196753678924 2.07375049026076
0.290892593851942 2.01711198608134
0.286267025757034 2.12319127830355
0.284243537832921 2.17032567995395
0.287295205808987 2.10523294342096
0.286713198564545 2.10885367004949
0.284349075839546 2.1632853562721
0.281313207855702 2.22880536398483
0.283657849546425 2.18063519813284
0.29032905304971 2.02910323835666
0.28855971453632 2.07365027091165
0.286664222874475 2.11156671598584
0.284695108001933 2.15553804138988
0.285913978270517 2.13087925600779
0.285581418331714 2.13112881243873
0.287191391948912 2.10332199608392
0.288624572099937 2.06870376895294
0.284974383946507 2.15361990957803
0.289380068725801 2.05518993332066
0.28711911429837 2.09873392219286
0.282368023601379 2.21255785653
0.28568790250509 2.1311844227845
0.287502104960948 2.09329305356098
0.282981194093073 2.18901316782936
0.287087257775782 2.09749853715027
0.283724274497265 2.17487376261156
0.28295274981266 2.19498591708794
0.2821139473883 2.21231856068085
0.28432596397334 2.16772968262399
0.284965944324806 2.15530292967882
0.28775231844465 2.09468168118209
0.287943698526255 2.07947438607713
0.291507464453426 2.00826240796546
0.286410675805667 2.12394325363009
0.289205091569835 2.0572877540148
0.288141438273561 2.07769356980405
0.285061556306524 2.15451490352669
0.283361970324488 2.18857816145638
0.286579785871617 2.12214980320305
0.284486995116805 2.15746519447673
0.286237271432611 2.12174951589337
0.28670526312254 2.10828995521313
0.287036572852507 2.10596409570523
0.282402763505837 2.20753908637397
0.284492804255588 2.16035977337751
0.288453496004919 2.0731376929562
0.281176510005333 2.23732939734961
0.282198134606753 2.20815571329231
0.284203118958356 2.16459299460639
0.28734543467402 2.10387269947528
0.29064395433369 2.02106645869247
0.287942049659549 2.08099466979927
0.285501642683544 2.13434450624375
0.288349522127249 2.07176004238184
0.280917901937246 2.23659594340099
0.282491220709376 2.20571204910179
0.290473225163934 2.0213861155904
0.285613473464023 2.13395791168676
0.287622508726263 2.09881799343675
0.288190606806039 2.08188713056013
0.282727823605778 2.19646763848579
0.286420200441593 2.12487995140238
0.283829630949397 2.17219173636613
0.284586589785052 2.15575367060819
0.27932786199961 2.27463665916755
0.286006197593207 2.12442979660417
0.287981004225246 2.08392650987223
0.288765761380987 2.05819668402375
0.282366437372163 2.21239244351439
0.283197252201635 2.18940281016333
0.286807300078721 2.11356978638524
0.28445094613552 2.16338625413705
0.285011960767704 2.15312278141973
0.28417636680452 2.17299253899631
0.28779166700731 2.08731883299853
0.288663640541824 2.06500471813229
0.28530190247139 2.14942392600582
0.287664790241137 2.08675843920117
0.288709352476012 2.06481501621197
0.28558735693516 2.14027446244749
0.288898698992097 2.05981740844746
0.291404844854972 2.01190673974787
0.283380952292869 2.18051435089294
0.283496152056259 2.18244610244124
0.287081081670126 2.09472085839964
0.286368196178873 2.11797363933955
0.285599157312194 2.13455119711656
0.287948865945612 2.08979190422601
0.287093722526691 2.10037444540414
0.279120447089045 2.28258492510988
0.287276341610051 2.10771341177263
0.286562275453147 2.11030850494423
0.286885708393658 2.10717057039637
0.284393940357032 2.1615032642041
0.287472991382617 2.09123478212157
0.283138535803058 2.19547117091401
0.284533594065086 2.15697954923106
0.282881989819555 2.19906905036855
0.28764552164008 2.09378986346935
0.285330501442129 2.14210475115139
0.285479635028074 2.13232598847171
0.284629481307587 2.16436058266738
0.283040666643673 2.18732458002184
0.2842681445708 2.16285243678738
0.286701179925175 2.11468244508795
0.280533342275651 2.25804677254164
0.286680705826494 2.11288959643007
0.285910454562709 2.12766035804201
0.285172051355874 2.14006073539614
0.288949346883057 2.06456265029684
0.284743418191778 2.15207280431372
0.284264013578951 2.16619241277508
0.282868575550998 2.19185212317652
0.281216744092405 2.24045225176177
0.286193526451052 2.12600926090359
0.287872624249741 2.08113993765523
0.289066504232187 2.06337087500627
0.288876972392832 2.05961285341813
0.285822579832829 2.12677433477747
0.285083264803214 2.15164670802693
0.289861925208287 2.0412449615722
0.282875677304742 2.19570535811443
0.288874447979739 2.05784241404742
0.284774700009432 2.1597105447595
0.287848476508449 2.08566481737018
0.288162441902727 2.07702126555168
0.288198000253831 2.07461127317169
0.283849573317024 2.17711693635238
0.286856848604194 2.11191932292887
0.283356140295896 2.18286364925961
0.285282593243316 2.13633649111661
0.287945705618283 2.07929147762179
0.28637960676761 2.11946558172723
0.285211971075361 2.14673393714451
0.286964550167534 2.10479774321239
0.285170157169324 2.13989268943532
0.282038068399689 2.2086811582468
0.286256847889611 2.1191352563683
0.289903664244921 2.04412996311152
0.288624523883518 2.06644498341866
0.284305826109775 2.16717153680486
0.288349843435689 2.07920327989867
0.289759451699172 2.04376376696669
0.283547757100092 2.17545027444534
0.283748796737973 2.18391201626187
0.285533618148964 2.13622219833022
0.28762142780758 2.09730265905945
0.28626333185716 2.11697324755956
0.283965377530397 2.17575682553108
0.282838381856627 2.19363512435627
0.286870378063781 2.10447629454257
0.283341267293353 2.18475338413297
0.289442876669431 2.0481811304793
0.279811085493287 2.26809142726773
0.28538805718401 2.14855585769349
0.285930859086841 2.1232055860076
0.284952518083167 2.15544585955228
0.28437199792874 2.16141854688177
0.282820155801572 2.20561475607687
0.284548289992131 2.16013138528927
0.285681761964545 2.13044345177614
0.286572197686912 2.11786775182082
0.284330494156954 2.1603303297595
0.290519789846362 2.02797810374748
0.28795732802328 2.08311138068484
0.286536912490413 2.12050423534876
0.291641668878752 1.99814658935459
0.286603574430325 2.11355165298676
0.289384224980363 2.05200709451728
0.288669789216036 2.06835832718835
0.286091643067737 2.12387107766295
0.286088325229581 2.12787945534278
0.286491520477479 2.11412856896137
0.28538914212177 2.13056325260389
0.290387095282938 2.02696989484461
0.285517929708698 2.14482404731158
0.286871201101469 2.10862298103473
0.283398974657991 2.18490943926901
0.28723526372411 2.0999402784364
0.287420113104941 2.10086977621117
0.284032186727004 2.17230990571618
0.28638967216929 2.11288884352404
0.290966549322486 2.01184486713017
0.284499728616772 2.15439991705127
0.283255486757048 2.18366587250456
0.290794994874907 2.0265468284562
0.287175762314741 2.09919534135671
0.288651382251926 2.07286433213744
0.285723477842847 2.14166945245595
0.287054250214962 2.10320666042003
0.283394336534454 2.18503644675515
0.286673677989635 2.11465984412956
0.284757680306611 2.16191119364343
0.286804018549345 2.109564083712
0.28721706385538 2.09750117647777
0.286852654028699 2.11292668489951
0.281505430635926 2.22538672854932
0.285457758204969 2.13313440119739
0.2865199604205 2.10998961255885
0.286680129622374 2.10911697892993
0.289089853002222 2.06442683629869
0.287629337607879 2.08351907040082
0.286160751649831 2.12264282866847
0.289027644223216 2.06346503818465
0.288760846736289 2.06116410053835
0.28637567435258 2.12048338527254
0.289040157455677 2.06647737684908
0.285192069802895 2.14639090179833
0.289961657953789 2.03408633185182
0.287964972805909 2.08377846164877
0.287539193957184 2.08227993846172
0.282393637857327 2.20687347412845
0.285408997242646 2.14425390795534
0.285223466069391 2.14565823740429
0.283269064801265 2.18802304621738
0.283894529615638 2.17758896364134
0.287484746622245 2.08595045764715
0.285866847352044 2.12615345912628
0.285939204534719 2.12320109912628
0.290665603128545 2.02317696622379
0.297857245983298 1.86271257683848
0.290002266770384 2.04009949516407
0.281907880546939 2.21452556292962
0.282707902960097 2.20173244686975
0.283116490133066 2.18967596992315
0.28723329931985 2.10760459344569
0.284364139230024 2.16604970752048
0.287158577666507 2.0981291945447
0.284561501306598 2.16628406499723
0.285378524739487 2.13689248370931
0.292630511394625 1.97945670638657
0.284838390884115 2.15054219322328
0.28527698887031 2.1405828571799
0.286268733777538 2.1248374872198
0.28950202655085 2.04850898334529
0.290679701448086 2.01958239779466
0.283757593142209 2.17573934812268
0.28769060360329 2.09153525993303
0.285955639444096 2.13001474337499
0.288315509679234 2.0736529106369
0.285372201799257 2.14221424263858
0.284237851484 2.1694694880188
0.285031812280304 2.15149905651538
0.286928885097081 2.10575000820652
0.290329358443764 2.02879896439856
0.283364195494145 2.1886291190404
0.284099040911276 2.16561456621208
0.28952004240079 2.05614935776598
0.28295533867288 2.19420054006471
0.280702185375255 2.2449694026529
0.285454650111268 2.13212678502692
0.285253097612933 2.14199304137247
0.281653311091169 2.23108584881933
0.285570700169704 2.13038917519599
0.286832732789071 2.10426627638083
0.29041896338307 2.02366332135405
0.287167090122342 2.10609452665961
0.288418472978967 2.07310535328043
0.280815282965814 2.23942949513672
0.286445515351821 2.12010744466261
0.285348824492228 2.13880284940608
0.286884017653917 2.10525824048464
0.282936618582414 2.18489123972569
0.282273684291535 2.2036671424749
0.279151349072122 2.27858379488915
0.287669125266147 2.08260300892434
0.28277427814606 2.20234786428341
0.287611158485945 2.09535384815354
0.282946511222432 2.1978443443254
0.285050234042189 2.14699987652237
0.284210301801995 2.1630159618806
0.284151015623351 2.16663993479785
0.287598128316497 2.09441062258021
0.28448289330736 2.15450654484634
0.286022965970328 2.12019486238264
0.280675779231163 2.24022064976245
0.288350420067959 2.07528411138696
0.283821042050109 2.17464932155463
0.282392972628102 2.20989194314172
0.289416799122922 2.05397794443134
0.286418575853099 2.11248432825618
0.286407119266641 2.12010557628257
0.283884029987477 2.17716751218805
0.287949618963597 2.08538821323518
0.279058212300863 2.2827727323833
0.285964327701329 2.12908776832825
0.283546363919148 2.18095972023232
0.288016013420265 2.08266669333772
0.285256712051397 2.14181738567658
0.287900957088922 2.08347243342786
0.281408418313344 2.23427476523142
0.287328319040988 2.09528732914994
0.286286860703151 2.119871722728
0.284625143430031 2.15685150561763
0.287209394051625 2.09297976326737
0.284744414222449 2.15929446081338
0.288852479409867 2.05566744123835
0.286289612800344 2.1247200249986
0.284561671457437 2.15681165023682
0.288287523585296 2.08172423542227
0.281906526854512 2.21971706917243
0.284111880083937 2.16599163150528
0.286829834000962 2.10646375511827
0.286694606328717 2.10994495318094
0.287034577476098 2.10761722893982
0.285460066208694 2.14077142121685
0.285306432394543 2.14419031277555
0.284657947338465 2.1534353482812
0.281287100952471 2.23292666638592
0.283718601166835 2.17693237234996
0.282183914049545 2.20827993907066
0.284002722146947 2.16649674017791
0.287683302469987 2.09222505168221
0.287215014532812 2.10530830382893
0.286271751155043 2.12242521209691
0.286178318161234 2.11665709110511
0.286918530589521 2.10705017155837
0.284482290548285 2.16032979982636
0.285433062746407 2.13790543350915
0.282805104741042 2.19675830778468
0.289752464678232 2.04094423287845
0.288531535892776 2.06378528208698
0.286428353949245 2.11561795617598
0.281669795551626 2.22093815655343
0.283656968579936 2.1752524573659
0.284308210510546 2.16381101988768
0.285377423065236 2.14158043420919
0.282378117573245 2.20816560143348
0.289836087772338 2.04534503535522
0.285187576165404 2.14749852140586
0.287087332209302 2.09299436520812
0.288539432647667 2.07085990791131
0.282756474862757 2.1921000216698
0.289159091905292 2.05646891565514
0.287655007784262 2.08734519220114
0.288645365075462 2.06882648922676
0.281947607134917 2.21873629925176
0.286765450715357 2.11032718733373
0.286032677428561 2.11515218149721
0.283989856365278 2.17237020339714
0.283147935964129 2.19139907153594
0.283926451686666 2.17098925914274
0.281944780907548 2.21397887662574
0.285999532110756 2.12310425549878
0.286798549508136 2.11224825051058
0.286855786017771 2.10594431306831
0.281405609516051 2.22785746304748
0.286522471703926 2.11002382295101
0.281325534154043 2.23262041103116
0.286897297248108 2.09783489264607
0.28623965578539 2.1151914332174
0.286529500351983 2.11447171721991
0.283846490033107 2.18284645510391
0.285439405217592 2.13790681271864
0.289159792697111 2.06793419609572
0.281382660359597 2.22783480790091
0.279991709338361 2.25354775498319
0.286436031361163 2.1204156948942
0.286922115147859 2.10519273501885
0.285565798539455 2.14185234233289
0.283382642373154 2.18541904388762
0.287295400309994 2.10300190250199
0.284302298413716 2.17135355655367
0.288558646479505 2.06253567547759
0.285119448811595 2.14692089681405
0.287096942417361 2.10164059532289
0.284560907152566 2.15830748910701
0.284171063329077 2.16417496199092
0.287417884926944 2.09469486229198
0.290716633082429 2.02341919803374
0.288572078000163 2.07085927637163
0.28885957997236 2.06373982055111
0.289423734554984 2.05022631655099
0.284516350020726 2.15999258617684
0.281803783545961 2.21366632803765
0.286227445089271 2.12157077097947
0.285046776593575 2.14798029195587
0.288002411553474 2.08561461042123
0.286203870139224 2.12252697333009
0.288286828155082 2.07240918066719
0.286556609497303 2.10822403143758
0.285103057503764 2.15238713926022
0.284013918630844 2.1803655684323
0.284865059504962 2.15849466009363
0.28607744571074 2.1280804607222
0.282406659209365 2.19855998350308
0.28868457997907 2.06159105144545
0.283514457094703 2.19247564958585
0.286406465617394 2.11640831605835
0.284154210766039 2.16536202712663
0.285620542723857 2.14209285595062
0.284373598881134 2.16458514988193
0.285192883320319 2.15255748593432
0.286856126818032 2.10541343103923
0.288097959135091 2.08266454055909
0.287060623317821 2.10594808049626
0.290311474166775 2.03337363620479
0.290718765065781 2.02321030493519
0.289744374182531 2.05087478830035
0.28784575984026 2.08487325762999
0.287448460043691 2.09817892712872
0.287976663889231 2.07670382791797
0.284225114139307 2.16276794501307
0.284939066773558 2.15659150797618
0.288333790576178 2.07533895954068
0.289261757278464 2.05952093632225
0.285942310218747 2.12208252698699
0.286939458722567 2.10718447026133
0.281541353520439 2.22776671100579
0.282868881535675 2.19707217837729
0.288312633999776 2.06922555500663
0.285326528183398 2.13238661582827
0.285321008488907 2.14381191126322
0.278890434928889 2.2864834029188
0.282953984382827 2.18777395870467
0.280360015831341 2.26116359292543
0.28832852100259 2.07343866880072
0.286792362526012 2.10119579301737
0.284828539622231 2.15440428102024
0.284863454080526 2.15305313483658
0.291200865107627 2.00241475377868
0.283489486466839 2.17969090784792
0.286537473476653 2.11551077647184
0.288773825429026 2.05837355378254
0.292574606085284 1.98118768642964
0.28547782676874 2.13627701097324
0.287987795141362 2.07434282887765
0.286701730072877 2.11401920938548
0.28479620280107 2.15671661480576
0.287949001051966 2.08996430610483
0.289420327467028 2.04884487038207
0.28497566271176 2.14409439970659
0.285311656415751 2.14548535052312
0.284946043018897 2.15085177323186
0.28291334497179 2.19593614142007
0.287049103518045 2.10175767684101
0.289850974055747 2.04078532993326
0.285785716979635 2.12903136347498
0.286809428707744 2.10438435818505
0.283586366052338 2.18008599383068
0.28729412759399 2.10387550468896
0.286613581939156 2.11872116799829
0.288462276368886 2.07194706430122
0.284835663649764 2.15539739041901
0.292872939480961 1.97290647070384
0.288724175534091 2.06665297893797
0.28719248608378 2.09901864284052
0.287064542354562 2.10117996895776
0.288177608147936 2.07554077640312
0.288071825154771 2.08132328542639
0.288077999666115 2.07816631206428
0.286312360356226 2.1177253059013
0.288951048199638 2.05151684838599
0.288120832113654 2.07938495337549
0.286514304459681 2.10447953575873
0.285910638509615 2.12674347084182
0.287387529520341 2.10164090575145
0.285463862024349 2.14134231387856
0.283654928518646 2.18252483277003
0.284167803123785 2.17359134721977
0.281615849382834 2.22854237826861
0.289062457978017 2.05918621802113
0.28234848435716 2.20674678446417
0.286787192181095 2.1133460324114
0.287587375218496 2.08988248186716
0.288031062348419 2.08675169722509
0.286702531207527 2.10950870901103
0.283957697131945 2.17108591075626
0.285458619064264 2.13946878261868
0.29079074836643 2.02303909477157
0.289260272829041 2.06264779235577
0.286595320338684 2.12149779845236
0.287352500891826 2.09465976966819
0.282805705048892 2.1933721537942
0.284012346568228 2.17122847692557
0.283428985449273 2.17924764531778
0.283991398902236 2.16955823541075
0.281672427944977 2.22409815289519
0.282758943553594 2.20284068215123
0.284487970916259 2.15996664935925
0.288317091224491 2.07320934443833
0.28549537259337 2.13762106909781
0.285456129944919 2.13977997854978
0.290562320696472 2.0199478937694
0.2901177077643 2.03757116301931
0.287292855455089 2.0990081593769
0.28734967515005 2.10512123657777
0.28514306043882 2.14693676667796
0.285954185727465 2.12841714513143
0.285951357389804 2.13002085963061
0.282799319294165 2.18985190145806
0.286556465010795 2.11458620418835
0.284615700566824 2.16388248364993
0.285872308370793 2.12291698876276
0.287081880348137 2.10189996750464
0.285536840188995 2.14039125682043
0.286610735213099 2.11286155696934
0.287894549599497 2.07991360276622
0.287406587130331 2.0899861271151
0.290104656750408 2.03834437121064
0.286417324634831 2.11399129218413
0.286843211538014 2.10492593072874
0.285469326805656 2.14574007563121
0.285204304563937 2.1499923153411
0.282750343954893 2.19664292811657
0.28688171862292 2.10752726402735
0.280639090368176 2.25096054745751
0.285468504732941 2.13600238934525
0.286414912576267 2.11602616087642
0.285618989891585 2.13866021553665
0.28438788541482 2.16449282263261
0.289526215781055 2.04127648987855
0.288061819551872 2.07693625225905
0.285044361548231 2.15125183413588
0.286358718770229 2.12126957127433
0.283490368607269 2.18460034029926
0.283305141542547 2.17540202245891
0.286509763028921 2.11643892626408
0.287443470735447 2.09231505397918
0.284653110440688 2.16528602384011
0.290743142406388 2.02921917092712
0.289213226430296 2.05654769789931
0.285712597901943 2.13144664741285
0.281316168147275 2.2349713984241
0.280061431023788 2.26476399686091
0.289280290618792 2.05562467514923
0.285970411082945 2.1260350579292
0.285696962157785 2.12901668563543
0.283246935229929 2.18889546024144
0.287326203864622 2.0945971877926
0.282940854724967 2.19887056940147
0.289287681399711 2.05591727091323
0.285723251586121 2.14549804138508
0.2881741690882 2.08040748603356
0.288238620193248 2.07794618843482
0.281060802314161 2.24088812405408
0.290316299078207 2.02998297927691
0.289389337845798 2.05378933867519
0.286858999263968 2.10167435597478
0.285255952034336 2.14246638104097
0.285719543536042 2.14290088471218
0.284945989188084 2.15248998310587
0.289570050216885 2.04518038897583
0.282809550795427 2.19412484470919
0.284500394891158 2.16427648877087
0.285179666924316 2.15062633971352
0.288047498091649 2.08195062803854
0.280924551360622 2.24311314274932
0.282808929976044 2.19988420148746
0.28536873630992 2.14306830838738
0.286525143254597 2.11587292386835
0.284627588205782 2.15193840540237
0.287076056206043 2.09409826936913
0.284486755638267 2.16316281567521
0.284543898047353 2.16459224052155
0.288479427735667 2.07952814373226
0.284857123427836 2.15157128294553
0.284159215826898 2.1702533136563
0.285165537198117 2.14944747906804
0.285141994781321 2.14528482131185
0.286112279708975 2.12543406267004
0.284393322982724 2.16198697406087
0.282856147019536 2.19139813264253
0.288569110329409 2.06944251733456
0.288685332173752 2.07244913462604
0.2866002893251 2.11696917129251
0.281327527190118 2.22524098054124
0.283176607115447 2.19117819294437
0.286873399113379 2.1106831378638
0.288001046752612 2.08596702523067
0.286222054989453 2.12121390073143
0.288881226669513 2.0604434329009
0.290790051255433 2.02531721734102
0.284161808836763 2.16690428647706
0.288769052686333 2.07094853031447
0.282061176165651 2.21090751147668
0.284436606931155 2.16752106850609
0.287158065979094 2.10407025183232
0.285334322843665 2.13588811122508
0.284989185381114 2.14359080442589
0.28336378773321 2.18559530625652
0.282135538470773 2.20909764904462
0.287107490494944 2.09578067397781
0.286141480417273 2.12461925662956
0.284570625605377 2.15451179094503
0.282704682367105 2.19708644235328
0.286164981791467 2.12877816657379
0.288926558010161 2.0636031379274
0.286676348216209 2.11610704801517
0.285998966730264 2.12582917748204
0.284347624722649 2.1677832372147
0.285246100574351 2.14251651053211
0.286319032726053 2.11126514281291
0.28643175303092 2.12179034327784
0.286951309439468 2.10972989366606
0.287195351785845 2.10567549487401
0.286683428306898 2.1120848243106
0.284737264153527 2.15274910531466
0.288556015715614 2.06855307533919
0.284457897688215 2.16619090922947
0.283310786919116 2.18129889058442
0.288228001382028 2.07854470846649
0.286515401609682 2.11710804756402
0.287014066491593 2.10221593659271
0.284460377794103 2.16410082267273
0.285602642933347 2.12735144821483
0.285695619376728 2.1399221856606
0.287781697129304 2.08428636764811
0.28916073481716 2.05715218580929
0.288114609529392 2.08560361772896
0.282278945147774 2.20379633373556
0.288260046472928 2.07838067435355
0.289750721421394 2.04765187620314
0.28958205961847 2.04042175334079
0.290620414447976 2.02473816661069
0.287423141007857 2.10241678186088
0.28202779851939 2.22165414138815
0.28635342810031 2.11810008070199
0.287516700125602 2.09842750614604
0.284878950331963 2.14709612552294
0.288579663430938 2.06704298980072
0.287212940575812 2.09640718113521
0.286928579918222 2.10637596809242
0.283486150919687 2.18910444435893
0.288183248307997 2.07361495076839
0.288894714207914 2.06186395485314
0.286381249073107 2.11165700226897
0.289231995136876 2.05345971454815
0.285365024272722 2.14773316908466
0.28443017055968 2.16554485773076
0.287134912372967 2.08893085655917
0.286271378652058 2.12014923587163
0.284749754583474 2.15795484430645
0.279526485269873 2.26793393069127
0.285542206977453 2.1315321437517
0.28801104846396 2.07701021791866
0.285413458454251 2.13793955773013
0.2860569496273 2.12548575858337
0.282071079394772 2.21206246086984
0.286979113030954 2.10087913966569
0.284799589729265 2.15790191863818
0.286670262825773 2.11266999697433
0.283401026690712 2.18422969393444
0.285855856550614 2.12480116297745
0.282769640946489 2.20001886549821
0.284268451431623 2.16521607033135
0.286300090066732 2.12195052681106
0.286045127619651 2.13106452239298
0.29136820287317 2.01058032710952
0.2872461991701 2.10076938595892
0.286996430433802 2.10859573311473
0.283322538811228 2.19140098651222
0.287369951772911 2.09188677694375
0.288680729524931 2.06963627166443
0.279082159486064 2.27813818227669
0.284764168613295 2.15685078174198
0.28992299271799 2.04164239023917
0.282734571071678 2.20174611639627
0.28764344518937 2.09692095105184
0.286788410235301 2.11133270908435
0.28322079889472 2.18142260213486
0.286392981662392 2.11364741621969
0.285450551334773 2.14295244740294
0.283552911164605 2.17322405298169
0.291484599515302 1.99209362979397
0.286405211598334 2.12327980468038
0.288816724425248 2.06768868654023
0.290578024526762 2.02727511557604
0.287922446021283 2.0887331094334
0.287773357150179 2.08936827932605
0.283383527513234 2.18381554290454
0.282857757601362 2.1960464207988
0.289371973492846 2.04573310264726
0.291073088885517 2.02165102384101
0.289584082171224 2.04833741393692
0.283080400315149 2.18762232594015
0.281161003555377 2.23512783871494
0.285352975265097 2.13918753235864
0.288712930537886 2.05961273394809
0.286518321903469 2.11301762460195
0.283629650006485 2.17552692515169
0.288770982261703 2.06337516313854
0.284167953711869 2.17400031370362
0.283453889422301 2.18355053101684
0.284815748667826 2.14744720827765
0.284142611738248 2.17317830041268
0.287441484000852 2.09782505620406
0.289207106370945 2.05803162449817
0.286818662584628 2.11072505683218
0.28715785526253 2.10578051988537
0.286140820013276 2.12590048013525
0.289123278230081 2.05803292522006
0.290896258832171 2.02431920159603
0.28476379567253 2.15861804028125
0.284813126332817 2.16060730946239
0.28772543253191 2.08590019041309
0.285902009316133 2.12761172214619
0.28788884421814 2.08266507332707
0.284506298073684 2.16695884761344
0.283779111304825 2.17514683769064
0.288719538443036 2.06940680991925
0.288754317444852 2.06914815985703
0.289292922184689 2.05247688118809
0.287059650874003 2.09516764405999
0.28133593796178 2.23512533887389
0.287285636581545 2.10669904079051
0.284225215459491 2.16481499012327
0.285727287120452 2.14100515353876
0.286630676395129 2.11359037275567
0.288820303899256 2.05738623045736
0.28531440937254 2.13764832948554
0.285121225540035 2.14964445119318
0.288399696322456 2.07439022643433
0.284758893905118 2.16030664393701
0.291698254059767 2.00406962147653
0.288258472912722 2.07450267680259
0.28466501670105 2.15350996786168
0.286812393563683 2.1105443410436
0.284561355994826 2.16222414010398
0.288638752814233 2.06625324721609
0.285064986887758 2.14556062073232
0.285156877856174 2.14191727591484
0.285550888309007 2.1395727711373
0.284870162066093 2.15657015831515
0.286907652570441 2.10290323134975
0.286664443592349 2.11374826025554
0.288114328154609 2.07232036082104
0.28501131501421 2.15309391615416
0.28716768269587 2.10110776679998
0.290249554172606 2.03359600594861
0.286015836489336 2.11626640637707
0.290590074760703 2.02718224246728
0.285634496136095 2.1383686939263
0.284568488473842 2.15634774750773
0.287646722730923 2.08479046403424
0.287199119734078 2.09602969571661
0.288128712705323 2.0805449488076
0.286823485843724 2.10755202859866
0.284241829732404 2.1720493939022
0.284446794530822 2.16929427816043
0.285524969812929 2.14765323426923
0.285601954427587 2.14495525878178
0.282440339706849 2.19986357809707
0.287252608427467 2.10270695870101
0.283964233936328 2.177426103474
0.28688825033984 2.10740575047618
0.289353111484239 2.04778572248688
0.287410032296016 2.09854843871193
0.286289969813634 2.12412615946853
0.287300513852758 2.09942087359709
0.283416118803689 2.19041634857615
0.287524369202855 2.09489113358751
0.285698927637938 2.13701736811365
0.283759262358844 2.18285138661735
0.283676807363975 2.18455492590941
0.284446309093392 2.16229092904895
0.290783414918324 2.01299681650436
0.283679488910013 2.1846875223668
0.285141872423781 2.14794301037541
0.281744978285156 2.22134822213818
0.286915033854361 2.11019766585208
0.285793774084465 2.13205615648511
0.289666318908508 2.05326501477704
0.282944968653746 2.18633003376007
0.285565105796821 2.13921346276107
0.28550318079428 2.14330651674991
0.28525186271127 2.14456448079161
0.287192228473203 2.10328333923227
0.284915742835431 2.16231438581236
0.287889953905416 2.09064128557127
0.287106525022815 2.09652810147343
0.287936911243225 2.08738335986532
0.288533208236029 2.07650191973074
0.283080590571117 2.18644978885976
0.287931661114447 2.09047082279904
0.288286783119379 2.07359310005695
0.288979313103158 2.06373385418169
0.285534718746111 2.13325839763189
0.285608594780001 2.1401853604777
0.28966345249861 2.04624093044427
0.286477265523303 2.12046082572938
0.286258403511262 2.11903808022922
0.284883278133983 2.1561091265879
0.282424943698915 2.20965555198435
0.287738340022989 2.09034409773139
0.28392177361237 2.17576519293473
0.283788537504781 2.16876683375392
0.287805488021159 2.08301415691528
0.286759378033973 2.11279309805159
0.288990894144598 2.05898783472678
0.290196946852181 2.03165612599972
0.286959717386103 2.1041584321374
0.282475043100712 2.20574646942091
0.291554284093025 2.00281022874935
0.285462159774242 2.13935288977328
0.287047657446464 2.11000710259903
0.287818537439494 2.09251889584135
0.285770611194746 2.12641485948506
0.278710957141336 2.29113723714428
0.284135686269361 2.16824798765693
0.285353726155004 2.13889516369492
0.285638833983696 2.13268294200598
0.286527174815644 2.12443883230429
0.291287243202751 2.0064769189235
0.285372679015845 2.13644804815133
0.28979314549277 2.04790138524328
0.287698798321128 2.0874649960442
0.288061949151502 2.07844442403532
0.284880955740582 2.15070025223316
0.285984964979765 2.12678993499745
0.289100290126838 2.06151761331495
0.291203950466158 2.01437774722131
0.286811170819686 2.10953037178006
0.288835243156719 2.06993549126569
0.285662048627383 2.13244663645254
0.286496392908243 2.1146949502463
0.284821495507013 2.15586667534263
0.287889504892629 2.08600532894623
0.285910658030282 2.12650670444957
0.284174026355049 2.16216797537896
0.286365451887126 2.11118317189896
0.286452174207224 2.11235363276139
0.289343804486018 2.04961431482507
0.291244214673935 2.01099287523042
0.284086375614871 2.16625659276539
0.285324578736092 2.14445719125758
0.284842593271146 2.1543040185655
0.284035122464162 2.17081569256187
0.287383201936757 2.09164615420338
0.285211141328665 2.14291731800179
0.286053793121136 2.11947793405268
0.286504615058944 2.11630104387497
0.285790547050089 2.13371731252957
0.287296931295972 2.10129544509428
0.281970840029599 2.22023300624926
0.289287346784675 2.0612573437224
0.287879650920014 2.08443319248839
0.283217568143512 2.18700911619203
0.289086805022738 2.05740742668901
0.283317189824164 2.18628451928133
0.285019685872289 2.15135750644388
0.288769012978712 2.06523011727553
0.286076082619955 2.12468931433086
0.287055285005996 2.10167939365409
0.286038488150861 2.12424918851094
0.281233215248142 2.24161286029191
0.284572835570312 2.1533262307296
0.285486262956848 2.14196518814811
0.286677576419719 2.11244637445607
0.285699236335222 2.13251462888998
0.287818120517155 2.08533934130028
0.284022234688453 2.17684819882613
0.287768370630621 2.08465113956031
0.287213955819107 2.0924287975646
0.284033907409995 2.17583561142868
0.286724162544269 2.11175589773433
0.287781533819737 2.07816460419069
0.284957704630707 2.15212181758295
0.282673683652713 2.19834636968136
0.285817659674895 2.1278512494447
0.284994841204991 2.14129009941211
0.284622818993768 2.15955087476029
0.288182263475529 2.07847985284965
0.286777740929394 2.10608664187308
0.289170535657266 2.05820627773901
0.284341730819481 2.16120069860853
0.289627834471839 2.04339381970194
0.28657244025811 2.11746038190914
0.289376094405138 2.061644573732
0.283343947296824 2.18636747210567
0.282468980287599 2.21048486215349
0.289923096472426 2.03420225089306
0.285188908866707 2.13810817309048
0.284988613803731 2.14964543141615
0.288747991701304 2.07241200735906
0.284081730039127 2.16914898098035
0.288923250750529 2.06810905409684
0.279969913091416 2.26757046509958
0.283830379720859 2.17860819100548
0.287871980715159 2.0841654827825
0.286987459449233 2.10346257530796
0.284658362127271 2.15242620938666
0.290674721149741 2.02511633224959
0.28593420239796 2.12601395136058
0.286786288145951 2.11519208198265
0.287934386146445 2.08976243177616
0.280719315302553 2.23794347927406
0.283484672831498 2.18419214397631
0.286362439651137 2.11455280897056
0.283954016275762 2.17768695322489
0.284662404943129 2.16050898533215
0.28919355532326 2.05498780764841
0.287210013119341 2.09672224688286
0.287826436643238 2.08748646649531
0.28744193406698 2.09544665106772
0.283699958933438 2.18167790206228
0.285714406236659 2.13283135335892
0.288156807913706 2.06853536941867
0.282565182678298 2.21426326594955
0.288872339369309 2.06212521627037
0.285459691796693 2.13960371349975
0.282585440459846 2.20285952118469
0.286087238325763 2.12813823586765
0.288112456620268 2.08241185784238
0.286104495496298 2.13139852546838
0.285879312247961 2.13279919610061
0.28619418384739 2.11521949404897
0.286735065622148 2.11347298340405
0.286738229586157 2.10983372515427
0.289342054186646 2.04982932112035
0.278843708485515 2.28913992890736
0.28761493158763 2.0912191284562
0.289631066017908 2.04692853106872
0.287570325477294 2.09047890402112
0.287914826108422 2.08727324254228
0.288199601688922 2.07889000310469
0.284677149125359 2.15705741859881
0.284763686969369 2.1563842821603
0.287699241752208 2.08788541536418
0.282803953537562 2.20231865309085
0.284744745645045 2.15078773936372
0.290133155020375 2.03078439484949
0.285933814223371 2.12527060541553
0.284875916953394 2.15169343907101
0.289539844552524 2.04025643006997
0.284965698246772 2.15437950447676
0.287186490599346 2.10597161004856
0.281288808397591 2.22212756203621
0.28350654670412 2.17754566758641
0.282276406269924 2.20653633154327
0.286024444100975 2.12351637839324
0.286896083967802 2.10181863692339
0.285297093947992 2.13939941869203
0.286338070357083 2.11692929977573
0.285736563454187 2.13610670317524
0.28721282923948 2.0982186240147
0.28623270931524 2.1214821360514
0.284159135248989 2.16248275103786
0.28570831665761 2.13802813117129
0.287688635164871 2.09125835039967
0.281518155453467 2.2214382690922
0.285360104005055 2.14408583656782
0.281711996827927 2.2250990423449
0.290120624109341 2.03917338178651
0.288783542083118 2.05906646449426
0.288364873954041 2.07749186139142
0.286891890701592 2.11151409518064
0.283270563491031 2.1803769388797
0.284547441965808 2.16309284872442
0.288218166953229 2.06858342212138
0.286972570516578 2.11404203345133
0.284755370774783 2.15222919359785
0.282412936787251 2.20851815471287
0.293250395671075 1.96547823669982
0.283951199681701 2.17876304548045
0.286894829860532 2.1053593841097
0.28968906308239 2.0437165593773
0.2845304484772 2.15574628891395
0.286852263735979 2.10638343523446
0.285202932930443 2.15096512159228
0.28744110203885 2.09776056518682
0.286058624617905 2.13327751448896
0.286837523724147 2.11165272340537
0.287420707180296 2.09974540457864
0.284274835137705 2.16636366129278
0.28399109417479 2.16733708484551
0.285487773250473 2.13880874268963
0.286477803291791 2.11581172771609
0.28500943195048 2.15366798855588
0.284051360986551 2.17415440982062
0.284054233853609 2.16996925030981
0.287280051344561 2.1014845760408
0.286039762046984 2.12201727758025
0.287171130574392 2.10220227402652
0.282730700536136 2.20630773489895
0.287614784693158 2.09611640283852
0.288478782808939 2.06411366961809
0.283464152092686 2.18751760900859
0.289888463880744 2.03697926096236
0.288692775657805 2.0719794977059
0.285088150257111 2.14103249634051
0.286530854801859 2.11647073493849
0.284024895265225 2.16916982301714
0.287481271456894 2.09909189713518
0.291190983697288 2.00726935798003
0.284796965353833 2.15355943698439
0.285917584464479 2.12922858077151
0.286734228696957 2.10590840367331
0.285590775672084 2.13785870550838
0.286341789408998 2.12483893509134
0.283983533723965 2.16659942174302
0.285705655106859 2.1293386608839
0.28553695944564 2.13685791301738
0.289544065833637 2.04792240060556
0.288031598929624 2.07794574011664
0.289983351188756 2.03831165072971
0.286340540759387 2.11901182561696
0.284836550181894 2.15279709823676
0.287227142313396 2.09790500718582
0.279578375941683 2.28028394020651
0.285369969519838 2.13825213524298
0.288493917107771 2.07492034600131
0.291294815437372 2.00753994812841
0.291244210078217 2.01180310527908
0.286130877337807 2.12452024717732
0.283862078443646 2.17346833452162
0.280968006341886 2.23369444961714
0.278544735732047 2.29288934130665
0.287636289261977 2.083499755249
0.28809300794496 2.09261569434729
0.284956667936726 2.15241959478962
0.290059951820152 2.03565668237173
0.28492608508865 2.15569580999477
0.284101406714858 2.16508082502535
0.280248320812375 2.25524954943915
0.283816604090681 2.17083287976271
0.286746172959076 2.11102754878238
0.286648340712272 2.1063055295973
0.284409081087405 2.16847429366571
0.289944076716123 2.0447791702559
0.285788670070894 2.1336161183983
0.285114000470155 2.15159761867771
0.286802682359856 2.11283128743134
0.289218153234647 2.0524708533952
0.287963018274798 2.08003462596268
0.288881999158539 2.06526771317145
0.292068315127008 1.99573111568136
0.28416935777182 2.16826452857795
0.285844407793736 2.13340154760771
0.286274785061755 2.11594653839176
0.284023904858912 2.17121721707528
0.290455802623775 2.0277776051804
0.286596674799878 2.11515295276777
0.282910021906183 2.20008634381962
0.288910847923792 2.0646492221855
0.291541877799723 1.99832001590628
0.288446714173326 2.07093179709732
0.282911595579019 2.18883232934766
0.287538140480923 2.09580286237367
0.289895383719283 2.04410347584509
0.286168543363487 2.12217338273321
0.284788119050702 2.15826356916441
0.286219675822233 2.11851953011662
0.286531352984831 2.11661088410584
0.285272897881014 2.14392787149857
0.286549802774593 2.10779007384034
0.288073994562698 2.08304671099937
0.292806822315002 1.98026276108017
0.282982749890272 2.19409158819399
0.285150399203678 2.14779422626926
0.290873243498623 2.0232220120465
0.28801917343726 2.07569361400113
0.287513703942593 2.09810792810001
0.284887892096686 2.15004033630653
0.288664713954302 2.06384698006565
0.287283040288447 2.09431807829882
0.29244038420427 1.97992997654444
0.281686892985013 2.22120488509318
0.289090009223565 2.06323003098591
0.284384401635211 2.16578316149755
0.285529846685015 2.13672175360257
0.283681063809889 2.17853692309123
0.282997447602244 2.19475539420984
0.286082757174347 2.12414473518574
0.283064737104553 2.19177070178791
0.284908684564758 2.14590524952905
0.28632513465406 2.11904572401304
0.284658777701517 2.15719647460168
0.288484993028618 2.07081815947798
0.28411019232296 2.16630172232245
0.286821394920454 2.09819093849856
0.285016866699783 2.14776511480557
0.285341335937333 2.13282010572203
0.282615184919801 2.2063821404896
0.283273974389022 2.18688201767173
0.291226584455523 2.02012292191083
0.287312151271446 2.09737526489493
0.289863108942415 2.03780465429064
0.285024655822525 2.14909715316819
0.284919351699253 2.15313413370373
0.281105918744816 2.24491300029641
0.286430599700073 2.11117640138791
0.284889931976732 2.15330306569693
0.286613424247899 2.11661966728455
0.284511022337629 2.16481549639183
0.28485122371846 2.16084208986432
0.284111402249178 2.16994555338559
0.288947004993641 2.06249941123556
0.286268974025427 2.11849831351436
0.286407055626349 2.12261389530654
0.282128219947172 2.21557939813545
0.287446820733055 2.09654580786363
0.285470797245713 2.13673277525797
0.285960948835011 2.13365324666326
0.284731544272285 2.15778055928323
0.28894119850447 2.05816139530369
0.288818058109788 2.06759319753962
0.281586550895553 2.22007930317075
0.286146649040821 2.12325477039313
0.289312416796684 2.05228606118672
0.28988208235701 2.03715925295699
0.289094641816758 2.05430834518934
0.285430662247318 2.14267673091849
0.286654397279248 2.11059252928197
0.285702038899874 2.13215353281249
0.286941683836128 2.11132730246546
0.287993096670865 2.08409355235175
0.283806093325739 2.17787721110924
0.286589767349794 2.11683200007065
0.282836939415007 2.19312249916553
0.281349190729124 2.22986059848251
0.287535669951442 2.09688862240878
0.282521364512203 2.20703928059855
0.285538241731823 2.1435084724609
0.283391646666186 2.17857635422996
0.285937436209424 2.1356032284651
0.287738008870381 2.08735634803671
0.28180333807281 2.22236893560262
0.289719838787295 2.04505676615331
0.284934905864519 2.14829678823431
0.284712001159952 2.15754814991983
0.287118697490477 2.10396832179664
0.283861363400998 2.17180523312407
0.285212964213284 2.14846852131033
0.28340262154978 2.18641286930105
0.287695742001543 2.08736244150556
0.28481594376563 2.15099203366732
0.28363221071281 2.17940534440549
0.284163002889436 2.16637695452369
0.289065462870741 2.06290635482501
0.287237644531381 2.09415358289641
0.288634393264713 2.0774975224801
0.284778943297851 2.15674357065827
0.283573260098039 2.17547963593287
0.284520541573588 2.15707136127412
0.284132300344349 2.16631590795809
0.286078333695705 2.12254228701446
0.282175223647332 2.21123221574244
0.288366028928408 2.0787491628337
0.288340157581703 2.08273056805647
0.289241778312186 2.05638324378506
0.284514235166831 2.16395121081262
0.288400388264353 2.07595672195241
0.284161100306258 2.16454716761962
0.28044241019464 2.24406841766609
0.286157604291331 2.11820199467607
0.287027394246538 2.10748422506505
0.285320760023222 2.14485533293747
0.282477003783548 2.20356151421081
0.28340692569379 2.17477568090821
0.286302864534256 2.11077802467147
0.287944894855281 2.08252489143677
0.285976763342433 2.1257978712153
0.286118585536762 2.11624042171114
0.288107650960707 2.07718631978168
0.285960866578855 2.12388293595325
0.287561774263907 2.09227182230429
0.290300893382918 2.02965274968964
0.289931908051739 2.04097722988889
0.290306508004592 2.04049121844543
0.284197116198454 2.16342362585778
0.285039113352503 2.14404952042937
0.282856187679116 2.19665260474706
0.288369026034079 2.07866738701535
0.284836281309582 2.15667980734289
0.282381196207854 2.20573863520589
0.287363547637764 2.09236213998343
0.286247468075752 2.11965970444055
0.28942893804593 2.05448547331453
0.286378759537348 2.11786953909861
0.286979080551476 2.09898219472809
0.287972861401526 2.08923219142902
0.281970294220777 2.22008335209514
0.284687654619317 2.15818115667176
0.289942621635825 2.03831377637365
0.283924356630662 2.17333919498099
0.283123727979788 2.18964907250813
0.286508640664825 2.11701820331839
0.282980262369122 2.18782659153206
0.28522236614421 2.14944543622123
0.283134451434745 2.1894643732815
0.288453643276334 2.07547335821493
0.289547980220005 2.05302927773284
0.288151308384907 2.08765135066972
0.291580439295854 2.00457678042249
0.283883146058706 2.18133782199173
0.284860516854101 2.14799667742698
0.28501225671481 2.14631239802638
0.285698487136357 2.13321215772646
0.28561599402986 2.13023486163971
0.287446574610828 2.09590123710877
0.284437895596793 2.15566194224415
0.285228592628912 2.1426745433876
0.28358914199658 2.17748933507935
0.287137553892294 2.10545200995653
0.290503736693456 2.02482822450027
0.283843436687776 2.1746743547941
0.287478351436807 2.09581493700954
0.28864370820023 2.07761535676836
0.283252768566351 2.19574045974654
0.286573103882552 2.11550281761183
0.287834264784949 2.08505044165616
0.287629186081434 2.09026333870832
0.28571737698807 2.13073565411565
0.287130727149911 2.10045440610272
0.288424890612426 2.07928189723791
0.288235857146028 2.08306167201649
0.289775810608346 2.04609624885591
0.287307973412431 2.10558829068442
0.290086526784993 2.03468571899169
0.286319381180797 2.11624491589541
0.284386438514158 2.16655496318258
0.28858113920999 2.0688626439902
0.284632293651926 2.15631623327908
0.286532015754498 2.11183637959365
0.284403142024754 2.15895887718233
0.28661257926312 2.11041606517101
0.285752511995132 2.13292748276623
0.292429194295402 1.98059159065679
0.286263604725316 2.1229115486198
0.286865013579869 2.10370696827725
0.285522757047548 2.13235094965302
0.288577631553255 2.07210760622978
0.283889135147688 2.17397134390505
0.289447999050119 2.04689347762702
0.284604918758292 2.1630975643518
0.28764959863947 2.09119591307263
0.289756239983624 2.04700726235243
0.282791483350721 2.19532225171197
0.289967749644996 2.03293858879789
0.282240120395186 2.2082289195116
0.286724066069697 2.10917596844485
0.286911119840175 2.10728917590734
0.280819343701397 2.24358510784006
0.278763375148164 2.29089066694998
0.289603472490025 2.0492303067096
0.285315186063516 2.14064984175837
0.285275829446615 2.14235664790211
0.289781746478611 2.04774341190698
0.288089111964236 2.08533736321705
0.287154298567001 2.10282109334368
0.287438184885986 2.0840729473951
0.286953607143402 2.10572193992878
0.28319622495872 2.18233808469846
0.282446988277975 2.2037561990164
0.283031381265176 2.20071287011652
0.286961366589308 2.11090122075779
0.284679127001028 2.15354096705579
0.285545622453113 2.13958084610308
0.284362495745384 2.17512916273918
0.292864105994866 1.97823147556476
0.285331822278219 2.13537412506558
0.283916953508922 2.17988722931525
0.282218101245012 2.20966799491187
0.284860178793804 2.1585515282748
0.282800845247628 2.20239910727817
0.287463114045609 2.09532642993257
0.288533641503231 2.06374502769202
0.288530307282777 2.07170339730541
0.285443774531756 2.13690345182144
0.288978420957666 2.05601199768683
0.284799397028154 2.1486314650038
0.288647368954312 2.06734704435487
0.285946471111821 2.12846710126145
0.282207647715752 2.2145975398848
0.280500684495932 2.24125482345024
0.284904619590918 2.15525571782632
0.283095664050149 2.19728623199728
0.283549798814434 2.18071217755691
0.286316229224955 2.12476245546325
0.287767617167481 2.09112980485784
0.285487999076209 2.13354352132225
0.290035915209926 2.03553427297024
0.284717443814813 2.15413953440593
0.286190530598901 2.12361097318624
0.291415575338656 2.00391610156226
0.288774253372213 2.06764405428412
0.282945146193161 2.19903092229015
0.288015649496314 2.08416800117281
0.282023815899315 2.22256336107775
0.288444121509744 2.06796865832652
0.28290471519802 2.19931597145456
0.284726771338206 2.15893555427113
0.286017502135546 2.11931013320872
0.286196240679217 2.11932361752205
0.282219935597064 2.21847924072325
0.287872565821194 2.08245051120133
0.288923005782205 2.06476545134461
0.281742335137197 2.21820988896818
0.284815785604759 2.15150396488791
0.28587176594232 2.12618863236429
0.285997447436222 2.12237831695744
0.287118537501058 2.10938695359953
0.285079158153037 2.13752674739455
0.285627723598464 2.12846486007828
0.284722065188972 2.15483143935388
0.283594491780513 2.17901301634365
0.284890004043191 2.15493186673781
0.287269951731878 2.10207423360417
0.28070790919443 2.24277807240989
0.288868511552694 2.06010452930244
0.284833151134138 2.15020449597006
0.287843826639245 2.08797463069967
0.283469791517377 2.17684645245197
0.288298830154763 2.07448097171745
0.287381505539677 2.09154166855529
0.285132085304394 2.15240453898753
0.285541898524526 2.14020945238564
0.286647598334391 2.11475814230274
0.282735633317999 2.20437350993988
0.286436955517238 2.12336273785061
0.283194914026334 2.19208493186471
0.290229765986015 2.03534750450692
0.288531750455203 2.0686710731605
0.283291422358297 2.18420746955666
0.289594487245023 2.04498186972737
0.28302786928002 2.18518887321167
0.29065585517829 2.0202171230542
0.282922794770636 2.19071310764739
0.285846074944039 2.13463259014747
0.288565350235195 2.07348925391927
0.289500514316841 2.04734942024549
0.288449041061395 2.07539227090386
0.291767647187842 2.00230768817207
0.288729568523691 2.07016955267944
0.285041411543947 2.15007746794491
0.283323246440757 2.18493969686429
0.283755523625423 2.16870333494684
