0.320833143356235 3.78751343630321
0.348082842765377 3.15394679117803
0.337993239390782 3.38826120511177
0.320752035343221 3.7895637099995
0.357650545576181 2.93525235439933
0.333317438548704 3.50453421468351
0.328011080615406 3.61592016970924
0.340016543472563 3.33969506689251
0.362452445642004 2.81665538455562
0.336144533240374 3.4279940729877
0.354722138700639 3.00066561256162
0.3459407555165 3.21033154348289
0.357865844039658 2.9323202993556
0.344897354791313 3.2222876509006
0.345507420709712 3.21838251682711
0.333867206359976 3.48165805824108
0.337890769182234 3.38551082714483
0.339407678505953 3.35844352871894
0.343466333720316 3.26709711325351
0.333072312990466 3.51085254951288
0.330928762338236 3.55911849121674
0.346864771514877 3.18061748254987
0.343062167396144 3.27694790699309
0.358140365063887 2.91475857329531
0.366704950771924 2.73092691927219
0.341849690674134 3.29795005374595
0.338126941809597 3.38481981718035
0.340461551242634 3.33287093374876
0.348390489955359 3.15086998349696
0.331092858221145 3.54767828958584
0.340841373484787 3.32281139699773
0.326322759662027 3.66174512637678
0.342364377206827 3.28951530512681
0.341149931122771 3.31700216320512
0.327081808841766 3.65222064151602
0.343705613323441 3.26183905954906
0.343815662683238 3.25420216734469
0.340652836091714 3.32987574283864
0.356075928574469 2.97944689885411
0.335184077401798 3.45038902740481
0.355534442389376 2.98787050657133
0.328815538877996 3.59787586385473
0.34555929201471 3.21553566593699
0.338734793464248 3.37223417434929
0.348093660755696 3.15238139948593
0.334210957839966 3.48736737786622
0.355850025165794 2.97887721537742
0.341053663276539 3.31730893368563
0.334404631054929 3.47832230066802
0.346054354062067 3.19778967534397
0.340060198173548 3.34168032716335
0.337388529196336 3.40453058785612
0.344246113716978 3.24591451367957
0.3311975065436 3.55040049689932
0.338979435628929 3.36543588014074
0.351638262721704 3.0779494818895
0.350877917624329 3.09306777853282
0.336023751647883 3.43309884163679
0.335952384222703 3.43508121398797
0.340829420485181 3.32616699385717
0.337213213849091 3.40790397814099
0.322933639280744 3.73985930787292
0.341997005594158 3.29796372017695
0.338691553308181 3.37928786137378
0.365713009547687 2.75288594522608
0.352249067306649 3.05885918299191
0.33792011682435 3.39204181187935
0.340152426996867 3.34439110490291
0.343155224817467 3.27056289919271
0.34055786299685 3.3311796218204
0.340120354064356 3.33830551313846
0.328185353390678 3.61941359184671
0.337557076446733 3.39931457233765
0.343398448721025 3.26817436070194
0.348115226538362 3.1582161925403
0.323918847159371 3.71804306970195
0.346617301941293 3.19028248617638
0.359288174295206 2.90199561022796
0.348174084004946 3.14960596074456
0.331050716470592 3.55779469835521
0.348636040351926 3.14476439179458
0.355126995681906 2.9950844403031
0.331160969070582 3.54319382306024
0.332949379411534 3.50083198726235
0.347767712747538 3.16341356400845
0.352564374743744 3.05660678202465
0.348710968857356 3.14008923610407
0.366927240417188 2.7236695709423
0.33135945746179 3.53953274657673
0.318867580859551 3.83460692981774
0.342621538041876 3.28126284690599
0.349071991694177 3.13398887610076
0.342163977190946 3.29411735670643
0.351236143566448 3.08290256168619
0.339611253546027 3.35704611384387
0.338854289785773 3.36884954904653
0.346734966852534 3.18224847807259
0.334666233826702 3.46944101669684
0.352200589445887 3.06506767990381
0.346096135880779 3.20370033432169
0.373360179572131 2.5798304853086
0.339824516329644 3.34329635557461
0.342607751004908 3.28519697921361
0.352001986816508 3.0644255434561
0.353510008457022 3.03471039320061
0.341071983858886 3.32080087823461
0.338845551085401 3.37699607232616
0.353044061458558 3.04610522045007
0.349367444740588 3.12781540743254
0.335566520151356 3.44419577930096
0.335500507288216 3.44818190007549
0.34866881309647 3.14182320517441
0.355819097372654 2.97564493166566
0.338749831249879 3.37915685249881
0.341902048689175 3.3020011194739
0.334450024969663 3.47902047619768
0.332171847729904 3.52837689776203
0.344370821456542 3.24721215533003
0.340408064335979 3.32655311287905
0.348121383561411 3.15853706761302
0.33388251287964 3.48860006618295
0.347667314975389 3.16628943272165
0.348775995571632 3.14488422430597
0.353337602213118 3.03232386333018
0.341158116086291 3.31469961044151
0.338678396647596 3.3729093830662
0.346549448330057 3.19916665713936
0.336582007842648 3.42887897068528
0.362918290059146 2.80979909324942
0.357391298721164 2.94262620967199
0.337165678012486 3.40489774644661
0.342607502195183 3.27332149781841
0.345111876720574 3.22722385681651
0.343147378225448 3.26905608753815
0.344460931247349 3.23438135203561
0.338925340617082 3.36620904501145
0.339852488958944 3.34240366611272
0.334301428699249 3.47585052576994
0.340897088791733 3.32523100825117
0.333256728824487 3.50234740044098
0.335920302350589 3.43857101216408
0.334807581377997 3.46630510800825
0.336227150430728 3.42902998170827
0.336793457365306 3.41887295454225
0.364369093456922 2.77830908334047
0.336693990366354 3.41950525773543
0.333947745189874 3.48384663452281
0.340669540400017 3.32545637389716
0.332835834665149 3.50770657918469
0.334560880180679 3.47333603538508
0.347364509681115 3.17745521821302
0.346867260285426 3.18721934778393
0.363792803051632 2.79501821728446
0.326825850431183 3.64897823239323
0.359373742429416 2.89036692015774
0.340416834223767 3.32991401351398
0.344648119687138 3.23230472567864
0.344936839591466 3.23042553061162
0.34851262773515 3.14271588741629
0.333720613880496 3.48587825377382
0.340298110305008 3.34052647313689
0.340045849019812 3.3414285051986
0.351449072051619 3.07977663265389
0.336143699166363 3.44154243916263
0.342270635243394 3.29140232204128
0.325928407014963 3.66895078763413
0.3283508984859 3.61496941132356
0.34777604315481 3.16643706927197
0.330022246920916 3.57891600090737
0.347510626071809 3.17166963690575
0.328238888282354 3.615978019524
0.333475275103983 3.49985550838461
0.338105855211588 3.38376749263107
0.355611266655618 2.98175929639247
0.324191336061597 3.71086395425078
0.372870277580947 2.5875545763324
0.353699617022852 3.03313071437725
0.375934082195133 2.5117981338604
0.337032839030457 3.41267809529929
0.345898289795054 3.20571984967852
0.342853497074804 3.2792046946861
0.345005650100549 3.22423319246486
0.326258396610982 3.66456413344432
0.350826029131486 3.09313611848369
0.355387079807176 2.98680294063204
0.345268458213076 3.22361305066868
0.340965798009276 3.31693063317325
0.354013323318414 3.02261006789479
0.346074567286225 3.20290915051644
0.338105173739045 3.39095623863414
0.327218511914852 3.64207797969987
0.35232344508131 3.05674145389794
0.345247871462228 3.22683196657148
0.341604556011613 3.30527172918065
0.336396186878748 3.42645151636389
0.344527639061624 3.23492671327805
0.335522086445472 3.44342541326749
0.317206866742851 3.86858474120783
0.334694280082038 3.46719764279744
0.349631093685403 3.12075049320651
0.331820315105399 3.53606018262068
0.358093807188654 2.92969855533967
0.340674182268759 3.33352703794654
0.324709112520987 3.69352572873762
0.339305855986517 3.36414415842942
0.323117924434567 3.73869373167247
0.334784778544708 3.46606302285452
0.351987590962979 3.06467458720786
0.370478524182879 2.6444081514715
0.331575826420946 3.54196130886011
0.348895333241221 3.14539647149193
0.331956981776899 3.52738488982684
0.339187463710496 3.36228684232041
0.332933882649677 3.50508241967156
0.33883639978036 3.37278621399821
0.328811244999341 3.60370335979186
0.332652211463064 3.51312748766169
0.34729718933102 3.17580759802866
0.34428837112684 3.2475813464111
0.3340944093974 3.47706865393594
0.343663684006123 3.25637691141422
0.346313105218708 3.20371726791605
0.349349396761804 3.12585576893288
0.345201151989496 3.22044679345823
0.335529726389436 3.4438554367989
0.356394798110063 2.96252501159171
0.335441166779078 3.44705042079067
0.340233928579999 3.33911405976267
0.337990439893767 3.384664903671
0.321278411880934 3.77516399784607
0.350320702909563 3.11159657125595
0.354656169705613 3.00691861656331
0.349338535184285 3.12654741814631
0.344746482027356 3.23990783817366
0.335212708647434 3.45165834744133
0.334739021621475 3.46309690164493
0.336184559099868 3.43178703820645
0.345145553521409 3.22318701427935
0.332320272367838 3.5221608646173
0.338588257355567 3.3695066172571
0.327471079463867 3.63740356272731
0.341673430706536 3.30592161180975
0.337079803236185 3.41518506652374
0.334796520396655 3.46656653056237
0.341256529580398 3.31919918665207
0.335942339108163 3.44192977776781
0.335264498428411 3.45343846160289
0.330618470190319 3.55778006777491
0.350726329940956 3.10271526140227
0.347367707696265 3.16988323047987
0.35626378947365 2.96539693624055
0.328974761050017 3.60135591256838
0.349400819471627 3.12412767468124
0.351091522762824 3.09173647566314
0.348101348788214 3.15198209036165
0.338464209054265 3.37923128743759
0.337039997173381 3.40550023302687
0.348914212587802 3.13639529176642
0.336167768911423 3.43014396101539
0.347222713184929 3.18216222809061
0.348485681173981 3.14614263121756
0.332007229318734 3.5325272699782
0.348489895888834 3.15551434956567
0.34193410141266 3.29356636452331
0.324507267677419 3.70118906720589
0.337068268179593 3.41194290994074
0.323478374219631 3.72284193513085
0.349134085790523 3.13762973652432
0.346376980142836 3.19370986652807
0.345426067786974 3.22069070498476
0.338455049123132 3.38262324409134
0.344440462568424 3.24247850715509
0.334336793886299 3.47013051154859
0.351507692824656 3.08371911830949
0.329163404356214 3.58939891174322
0.322429628809221 3.7479530315986
0.325987397761853 3.67151995447499
0.344423532602988 3.25086297645517
0.344803663650053 3.23335631394343
0.330298269096943 3.56674767715276
0.346751556357322 3.18309708177767
0.348586185344938 3.1473612478529
0.345300988881869 3.21894437504747
0.34011531731255 3.34116200131982
0.349504033871021 3.11992953742642
0.346722171549566 3.19443836321271
0.329023306291604 3.60076118415235
0.337388776872679 3.4006736746653
0.338932654591298 3.37274916935875
0.340415589536694 3.33094060231566
0.337165010641854 3.40583470595916
0.348819077869574 3.14407493855518
0.335668414221134 3.4426188019181
0.329200818150914 3.59285816413545
0.350179774796837 3.10467698274009
0.345799076777338 3.2152984590835
0.347653340155787 3.16632964017897
0.335798764361729 3.4395746196917
0.343122393686203 3.26816554437297
0.354915853733052 3.00047286737137
0.353167512025737 3.04326175053967
0.31395464930901 3.943643234696
0.328410185600365 3.60604604467405
0.336550641335462 3.41979671147658
0.34166957996764 3.3052707001623
0.338185112439479 3.38742285979774
0.361239764847838 2.8529372932526
0.348275461139591 3.14726000323631
0.33833314823574 3.37742647467622
0.348674183045709 3.14043894953809
0.331944559555615 3.53311867841672
0.344214073446517 3.24392078091872
0.326269950475252 3.66363698986811
0.363644482280651 2.80017998745296
0.347905234174728 3.16107974666926
0.347483877537579 3.16526143979985
0.349288692885632 3.13571674756065
0.353152808173245 3.03863867616613
0.343770561467733 3.26146989976407
0.34966555023791 3.11726994832879
0.332549097531586 3.51962572720335
0.333964914122875 3.4796194889102
0.332939709331195 3.5050191162633
0.327190182379219 3.63918421671728
0.338417761877363 3.37846090769046
0.333171080101309 3.5056239312791
0.340414007268123 3.34193839535153
0.335379635932121 3.44632823564931
0.318665712025316 3.84214038716351
0.356907100169428 2.95204322795922
0.325929129831034 3.67620685627918
0.346400831170912 3.1976207867144
0.32091976816445 3.78215511211041
0.332347936035209 3.52324088199866
0.345410876184251 3.21579759454963
0.352086158611005 3.06632629141872
0.351887488946865 3.06877927378929
0.342304062042417 3.29570379542584
0.336048774127012 3.43211929937893
0.339655718130424 3.35134232844279
0.341904613205198 3.29890278426692
0.330956138525345 3.55392116683741
0.336352851587605 3.42708189935241
0.342815589291157 3.28017217717325
0.335084379471402 3.45581218053562
0.341919321813277 3.29004499804515
0.332801671543776 3.50852158396177
0.350398607587338 3.11055806476335
0.327339918872707 3.63692668242814
0.340634248867945 3.33006521744597
0.353195968355336 3.03973998802871
0.343385316296189 3.27102110091456
0.343763108779451 3.25779708348588
0.333961016810581 3.47868991344225
0.34306726887751 3.26906633239039
0.331663681282507 3.53109501094779
0.328120527073822 3.61489647945188
0.340973833634769 3.32679307988785
0.349749219342252 3.11681626832581
0.337119599774352 3.41474399087906
0.349112685367896 3.13991132068378
0.360894921081222 2.86105555660971
0.330772496577498 3.55739411339469
0.336856699758644 3.41927526965779
0.331402651162899 3.54893851547092
0.352971503914143 3.04455482215757
0.346465256060059 3.19144224925185
0.344803763398108 3.23734154599379
0.313148826928289 3.96345618904768
0.354282679741867 3.00882939505442
0.344767746140635 3.22921789560101
0.353945360545855 3.01901224438989
0.34614138696954 3.20681867177245
0.340043357727505 3.3351500910276
0.329736853980118 3.58087302927376
0.357260016071783 2.94754025928952
0.337963362497067 3.38721828054009
0.356863040632464 2.95635954558764
0.338714029603411 3.37965879306812
0.318223537751951 3.84835533897959
0.346941241244411 3.17962613937809
0.331191610996167 3.54758497647959
0.343480356835211 3.25372231555587
0.343701053875077 3.25831817358007
0.355916975762537 2.98002726367706
0.367765078928427 2.7023006666931
0.335831595984275 3.44039077572642
0.346338746422404 3.20072297689599
0.348350026374842 3.1437466446405
0.348132442355375 3.15317849736183
0.346335094321656 3.19339067749916
0.324859031334563 3.69301792076023
0.352135385354648 3.06192003133992
0.34206703603265 3.29745627216515
0.343475018423619 3.26111882503442
0.342786463522794 3.280948326089
0.358015295172614 2.92579728313183
0.34156076650289 3.31491775394351
0.353552417148198 3.0328504638658
0.339934749480608 3.34269036941506
0.343795912584319 3.26176227554551
0.331740910141224 3.53139776396755
0.328940633799104 3.59851037273578
0.344892550466825 3.22834401258087
0.340925009425484 3.32074758415107
0.32010219637161 3.80702409825148
0.334825514860913 3.46295019186385
0.332709742833631 3.50837619333489
0.351070330499147 3.08731517761413
0.341024604462643 3.32183122665614
0.333943417532539 3.48641102234826
0.34288223790815 3.27554845041675
0.340883667608717 3.32480685374515
0.328536665901754 3.61214234620482
0.332174173407997 3.52706175554315
0.338678471838409 3.37376240485452
0.344798767652612 3.23069684089928
0.323038850865974 3.73857442015071
0.348182772046424 3.15229372774828
0.354700036494692 3.01057660388439
0.334284108758212 3.4757356467284
0.352167928751184 3.06309675429051
0.336858491685216 3.41062651867885
0.340955253775167 3.3200629775263
0.368706367149075 2.68717621388365
0.354111827120014 3.01161940389464
0.328245392357491 3.61303334220719
0.329670834772541 3.57846313691849
0.346552632177917 3.19670731335303
0.342386242156506 3.28902732225771
0.355346846180597 2.98667392605423
0.344533477678723 3.24071634115125
0.33884165612781 3.36825671481152
0.330942927446465 3.5514283191441
0.342959057971777 3.26765991578038
0.3429078029495 3.2721909443523
0.337272846448383 3.40590827741896
0.352648589449207 3.04543378707377
0.34412761376939 3.25217001989839
0.34486782725993 3.23532386536255
0.34130352585071 3.31659984402444
0.336398484510851 3.42620246312218
0.350630754868165 3.09515016422391
0.355975601927319 2.97370953906067
0.33808290708586 3.39040274586533
0.345607023539568 3.20904045506392
0.347688338961621 3.15974854956971
0.347730162486973 3.16192523909864
0.326964369211981 3.64650933777553
0.355062000952211 2.99536066906966
0.326611104925959 3.65604849173428
0.351188680005336 3.08723051183703
0.345461229358401 3.21249197127044
0.332889979187422 3.50991245245565
0.355302169826035 2.99254614168643
0.346497755443261 3.19673844585524
0.33559046127882 3.4472510335559
0.347532444041514 3.17210922118096
0.347529722446606 3.1699283496664
0.339882800029624 3.34798586737492
0.344839162939278 3.23153411346071
0.333530692257528 3.4920496649323
0.325816037826912 3.67702412611738
0.341850859830092 3.30055385764047
0.331570517329258 3.538278944535
0.335047677778003 3.45737521066986
0.346490852493057 3.18799550557938
0.332131622896781 3.53006774978826
0.33448166654682 3.46308351343955
0.341615460373241 3.31058232996395
0.334923792968867 3.45907602193031
0.347718321023468 3.16984810782491
0.352193290475473 3.06423028418397
0.346218451337848 3.19812712241403
0.341047097181301 3.31853119690367
0.337398681274637 3.40336748969248
0.348948883682242 3.1396922844176
0.338566493789972 3.3784265726116
0.329089451701579 3.59665619646823
0.326737905774963 3.6471124035771
0.343491456303704 3.26520353787453
0.325130935148121 3.68753427553751
0.342277515402641 3.28821293806046
0.335047523568365 3.45391324435974
0.342263064210802 3.29379202252285
0.349353051695814 3.13256728969296
0.34541550871144 3.21893518940834
0.3467686562271 3.18090592490239
0.336608630840545 3.42373981536615
0.350051839769344 3.11110990603854
0.348140828438598 3.15427769229911
0.344771913720554 3.23269481719422
0.338002287643461 3.38745245455545
0.35283261328856 3.04146494047464
0.343247538202241 3.26697101336383
0.356623876592446 2.95761563481761
0.350495049890714 3.09848508676758
0.35701266792811 2.94900217558798
0.338486591597691 3.37868900668661
0.326877125482702 3.64705348188646
0.359393986291544 2.89889355124574
0.330624338462142 3.56275758265803
0.334991671728579 3.45172528342403
0.337448232378315 3.40246068944071
0.362623997468455 2.81520514956547
0.344804551680194 3.23274143053993
0.344340058470146 3.24047468156597
0.335609335533749 3.44632194179706
0.328891447852929 3.60271843234123
0.342609411710684 3.28507104051865
0.348314160291863 3.14229026457098
0.333459056164857 3.49644827340296
0.367592323828733 2.70585782477
0.337909680092719 3.3902803539302
0.346036496403911 3.20287736434126
0.325502456971938 3.67488289435174
0.339192307344604 3.36534794027911
0.351199546493459 3.08309655580323
0.357201624324033 2.94558434216372
0.34229729320939 3.28619524400535
0.340259381317028 3.33945844478875
0.344402912461692 3.23391264577144
0.33952250661029 3.3483331033404
0.35049974311396 3.09998818647155
0.336774910565019 3.42572456908011
0.341474485164607 3.30810678045738
0.337971998636797 3.40017125157341
0.342585524290001 3.28289064988568
0.357376863399024 2.93684395512506
0.351726802625011 3.07592148341022
0.351290646830183 3.08187111433923
0.337620486386485 3.40404238503344
0.327056332352436 3.64316132953669
0.330897928453744 3.55879402392943
0.349849591527956 3.12213343383542
0.343718574989613 3.25147199111477
0.323839425397142 3.71879608362666
0.349887407448735 3.11515937480434
0.351214812354579 3.08429811742885
0.345006946919172 3.22527581010033
0.338149018205659 3.38488727215448
0.346860602051212 3.1857725451478
0.332975942088355 3.50620057113077
0.346167892333755 3.20088190924467
0.349533813387566 3.12182157556548
0.338387963653299 3.38092620384775
0.338552821183006 3.37230779377077
0.353977675397415 3.02083397407459
0.346104467663784 3.20342536095412
0.344931752834983 3.23246160699167
0.332092069770387 3.52745873354947
0.348106538896425 3.15291260693298
0.329718475790056 3.57555053421881
0.338804342763495 3.37644673982808
0.334795928865503 3.47327629987024
0.328150566482586 3.623395258353
0.346380488579078 3.1990144810687
0.35387431306689 3.01583859449708
0.343265640723875 3.26299142009344
0.350097632377876 3.11803074234046
0.331405430600384 3.54105626001829
0.34298117713701 3.27249846116364
0.340180741223517 3.34479253247239
0.32565134405046 3.6772008359215
0.328808341400698 3.60951153221973
0.346235930920584 3.19665103784828
0.344708387691999 3.23685183092385
0.335072172343784 3.46053702529704
0.336770766346771 3.42046323699723
0.337609301724021 3.39952408425035
0.346679055455542 3.19546732490403
0.356780957633133 2.95465359554549
0.359932330864435 2.88618577402548
0.351058008565749 3.0827590408775
0.341430942042631 3.30807374719812
0.344300716326067 3.25046892139871
0.33092955495072 3.55299566358824
0.345316408257838 3.22481495896745
0.330895657733441 3.54965376416261
0.352868213979533 3.04705222087535
0.34189413808943 3.30230805120209
0.336647986183889 3.42321515280607
0.348829290386027 3.13298189761452
0.350262163604821 3.0984871709539
0.332381488367093 3.52168475539986
0.349116514294596 3.13491487014239
0.341196507480412 3.30999602765689
0.327337364487531 3.64506096341227
0.342062236531651 3.29328639439032
0.334087396151431 3.47410865473634
0.344055100443236 3.25110319202385
0.366373858572857 2.73515132464983
0.344346108149412 3.23525344453612
0.340655044186679 3.32530964807005
0.325719816888406 3.67443791056927
0.354776254954858 2.99613899233896
0.341014020507182 3.31974631947266
0.325006606844517 3.68855332300568
0.341872058007695 3.29267695338239
0.349199661508289 3.13315096980189
0.345665747605008 3.21598661489571
0.352363469508784 3.06300383945933
0.343535828867797 3.26035770793411
0.339165780053856 3.35797675740799
0.352515280226821 3.0577907622297
0.337986103639361 3.39090165697808
0.344737187135296 3.23448891849915
0.340652788935326 3.32745921262929
0.353893981290432 3.02286622241724
0.343037905906347 3.27096461848958
0.340811136520552 3.32256287004335
0.32923741846802 3.59089258808845
0.338539637715234 3.38204550438499
0.344874166489931 3.23509746667843
0.330606804376835 3.56072988685883
0.338437444093381 3.38230917184303
0.333443969841765 3.49306928229298
0.343814371592153 3.25499896542439
0.342923405804168 3.2750460689646
0.33968770950577 3.34839469567331
0.316143757804245 3.89410978940888
0.327428466753308 3.63376553293085
0.351140577583428 3.08363427866681
0.33789952667799 3.39059104861959
0.339690763578489 3.34218132990723
0.352958232947051 3.04352898346283
0.339224839559439 3.35243121402951
0.344072317032983 3.24864897711115
0.33648335333326 3.42988967626916
0.340348452308011 3.33805540880005
0.33921291890525 3.3645108229828
0.332887329984081 3.51428786815153
0.34373255460748 3.26126052148538
0.344575120932521 3.23874073565203
0.346493009810367 3.1919452887468
0.324604002065576 3.70269111500332
0.345940140594006 3.20448490581115
0.352190738044743 3.06657180693617
0.337407569150116 3.40251990296144
0.322173849345469 3.75559166805859
0.342414406205285 3.28809613164681
0.338273530895276 3.38584654663866
0.339783549656746 3.3553400824201
0.349207428192197 3.13793775054241
0.346398672221095 3.19409974936924
0.343030281758727 3.27012194626821
0.339987993414266 3.3440839676948
0.337411660109564 3.39976536778679
0.336629237971177 3.42058015352308
0.329360777289513 3.59169783512252
0.345373636621752 3.22336801934338
0.336427555676974 3.42661711873116
0.335427008988756 3.44732378226009
0.347174114514448 3.17777883653596
0.356073707828252 2.97191811296321
0.35046976465653 3.09636051888981
0.351849537024652 3.07158529849835
0.336147168782397 3.43366723220721
0.33776411604847 3.40249853418895
0.348071941080407 3.15848901045549
0.326364376408669 3.65935168129997
0.353692245167217 3.028491942425
0.335676610329021 3.43704497748178
0.330847864886492 3.55508456188368
0.352428448238923 3.06224818373828
0.344197595811248 3.24018893870428
0.352518011219303 3.05374387557001
0.349522777567646 3.12668359219472
0.343128102781172 3.27127122371486
0.35656723182287 2.95641723898272
0.346106279133514 3.19799704370323
0.339642995407693 3.35427904597145
0.336687760919315 3.41716295758868
0.345778846164919 3.20761653903985
0.337235314956712 3.41452772029573
0.325609564567212 3.68197950810166
0.343802843082656 3.25410648668517
0.341957828230356 3.2988433982707
0.3378094407518 3.39918685734149
0.340187244761037 3.33652201247837
0.349230562101241 3.12943653692933
0.34900391518982 3.13905094330359
0.341886029391115 3.30101784768693
0.348951356415844 3.13021680436517
0.353540506784983 3.02686143410354
0.337521444769715 3.40392693968639
0.337361148053311 3.40580357904235
0.338525138018579 3.380437519211
0.347881034776124 3.15158985519791
0.338876231679181 3.3704539751074
0.362411289422937 2.82360160260638
0.338934361278615 3.37563213374677
0.347591988075856 3.17414803772263
0.34850068656649 3.14825459600293
0.340613434744994 3.32797059725562
0.328439381307146 3.61493155319134
0.330007034804019 3.58031482990831
0.345912210287433 3.2091067791423
0.353167657318783 3.03902323325493
0.333730318320302 3.48520794763866
0.343844919492142 3.2558787777015
0.333184766998441 3.49862617719504
0.35196976051192 3.0703165938626
0.339068578315844 3.3669834513873
0.340511212924429 3.34193310136419
0.349170625393596 3.13227838236132
0.351480998998359 3.078391221491
0.336790603869859 3.42268858464135
0.34208785869201 3.29482241990472
0.33502902565541 3.46002374840559
0.346148206142143 3.1957165896568
0.333214382939753 3.49995665915587
0.327167006585967 3.64899682558823
0.352478408292337 3.05702053317426
0.363017753259579 2.80975244362504
0.342563442273448 3.28236481638793
0.332590501974751 3.51837080866109
0.330308300049024 3.57291520313844
0.343976076607596 3.25333086313771
0.340317482200472 3.34057514448844
0.347967618365627 3.16127511682362
0.335330618337846 3.45448449631114
0.346499363380723 3.19404361743395
0.341658149963302 3.3009125891215
0.347358686203041 3.16564533881706
0.344736918054312 3.23648406716551
0.344365799482166 3.24849169889879
0.323540023348535 3.73044964139056
0.345694111305715 3.21184795601565
0.338643514638549 3.37753369050886
0.334102644054726 3.4827210371017
0.359523324637587 2.89081063930877
0.328800233246192 3.60430766998609
0.348998185657298 3.13552192248011
0.325569095597772 3.6730919589163
0.341969875990866 3.29770899914767
0.34566330094391 3.21731419425921
0.335878631407499 3.44109941320735
0.33687586488557 3.41096226678549
0.334528125203292 3.47250987973111
0.342780026940194 3.2817333675064
0.330542674103259 3.5659560665142
0.347263973965889 3.17528277526331
0.337980173137527 3.38894053349526
0.327649997997868 3.6338620597697
0.353631247859621 3.02731514191612
0.340128408981844 3.34517374994623
0.342337088879037 3.28661855414432
0.355992912098431 2.97930990778543
0.338467588501363 3.38242097213859
0.361636225643022 2.83982833193514
0.33707709086891 3.40665487931877
0.344388493958652 3.24345884799995
0.352370035135525 3.05531009620585
0.34276490388906 3.27439999159132
0.336518054936134 3.42516788200032
0.343372712758179 3.26216259392646
0.327835487227279 3.62224590876593
0.346886418952162 3.18947738522622
0.338631446865293 3.37686567225695
0.329117179314502 3.5988428021939
0.334610334032616 3.46693935059074
0.332640098033438 3.51786965519178
0.341076894391071 3.31876390068664
0.352672000836232 3.04360985271504
0.337629783674942 3.40216412166349
0.353680534700488 3.02932201778032
0.341483978195303 3.31383864291046
0.361327351214354 2.85041355063025
0.330034869824621 3.57312185765556
0.333040071390902 3.50305176611059
0.344776012010778 3.23800950198294
0.33970815947292 3.34700313823305
0.344067595828502 3.25087963310371
0.343081829568972 3.27468702970414
0.368899994152663 2.67352504887724
0.364924978020047 2.7716831325965
0.363017196380576 2.80341377919537
0.344669117207155 3.2419927568317
0.34255793503473 3.28245377218334
0.345936518775414 3.20808378515038
0.346286141760786 3.20366190989925
0.348975102702151 3.13122740977466
0.361766544744792 2.84139820520108
0.344735578012831 3.23875507765348
0.352632811681674 3.04554145551083
0.338555667194159 3.37743032702985
0.339752808889771 3.35629797015443
0.339683712536434 3.35740850945093
0.323957917444835 3.71285508774769
0.34368706823954 3.26307394072835
0.342678757854572 3.27768422638626
0.333456043048604 3.49195239092133
0.343498741465374 3.25881791842032
0.348157037408615 3.15488077107935
0.34512815933661 3.23067330072906
0.332973982896747 3.50166327913095
0.341399986843073 3.31085938901476
0.352281064840286 3.0534159850214
0.329018101754162 3.59680832933803
0.361249721221927 2.85801569674665
0.347735815032059 3.16824541315575
0.347946696872862 3.14821292183535
0.336216428677447 3.43076483495875
0.348936479489367 3.13954516066664
0.335249726173877 3.45155521939667
0.352183313559006 3.05691315826431
0.350851386051007 3.08774375163594
0.342219748727279 3.29059798588918
0.3301929748469 3.56975427520131
0.340927299600966 3.32102528691278
0.339605242310221 3.34788565078469
0.348029430565233 3.16220418838518
0.338517296295407 3.37863503669904
0.337260301270928 3.4069749266138
0.31936805001173 3.81641658937374
0.329479939918215 3.58902840787284
0.337340115130473 3.40490129245189
0.319643740493427 3.81460691161495
0.349565014097754 3.12643441249505
0.346259949241631 3.20155856482675
0.353579629553311 3.03040989789468
0.342502211249889 3.28993480640961
0.33866522107852 3.37887703858118
0.354992105612181 2.99283213049995
0.334060040426935 3.48248445716418
0.343251885502541 3.26667763611379
0.351761164453964 3.07351241165705
0.350837413692561 3.09522977066629
0.337964860863133 3.39195166963061
0.330159119434235 3.57757484428915
0.342899120478547 3.27885921614628
0.337701744003982 3.3907851495637
0.34874493752015 3.13754471500524
0.34631051586014 3.20210678601827
0.331498601951797 3.5334818914288
0.347151819357649 3.16554334414675
0.339791670928827 3.35253206030605
0.340659753240775 3.33053016749434
0.341058672664488 3.32070018923164
0.33812559804104 3.39059957016886
0.339898928964983 3.34700994551962
0.328890942419855 3.60088935389484
0.338395719349828 3.38008974922946
0.348199269463655 3.14848398592518
0.333124986526431 3.50977084398973
0.341246085865278 3.31460785090383
0.341511367698536 3.30520944492216
0.343752373355632 3.25848693565988
0.340508487577807 3.33057481089739
0.342132142885872 3.28767935766167
0.34951504336248 3.12135112014125
0.358710966411694 2.90894852824214
0.335385705282843 3.4492115496848
0.343415422096507 3.27094297001651
0.338897990781921 3.36896699857696
0.344055120990982 3.24478615634868
0.333008014440806 3.51031933292738
0.33750701751273 3.40430978421311
0.332767868891634 3.51275452247519
0.344284448070863 3.24642109777007
0.337750717188025 3.39949642081519
0.339699436779359 3.35249658473883
0.341781159915705 3.30293036035683
0.342229663220676 3.29804097446674
0.358395538711915 2.92221610784035
0.336187602501142 3.43867785428114
0.360611191052221 2.86459095555035
0.331266620412617 3.54465456071172
0.343137561188796 3.26927235087437
0.362119334180252 2.83730917184321
0.336847339327456 3.41543824948621
0.343372595240275 3.26854909314016
0.328897781927835 3.60370140791936
0.337666441470771 3.39676621093579
0.343406933474266 3.25765937519225
0.356963347480341 2.95707747791206
0.347083019785212 3.18651208672712
0.325588984453357 3.67535184723665
0.3639283410931 2.79717057585918
0.348810846496905 3.13986805926044
0.34358578253467 3.25530843090784
0.334305998572865 3.47143184673876
0.335647177141288 3.44655280171886
0.342504781492841 3.28735900618304
0.334184427912157 3.48250347281727
0.330429986669991 3.56684256884169
0.342485928759104 3.28565045917081
0.340780670923265 3.32361481658667
0.342829394513 3.27930118730048
0.329042717309551 3.6002372269586
0.348182040044309 3.15392457979527
0.3535437929374 3.02863608168401
0.360029279616264 2.87813216368036
0.333394523563839 3.49905259362622
0.337874616459525 3.39685283790982
0.340283458703201 3.33410488478697
0.348208143540535 3.15511329486108
0.335432545658128 3.44242105802288
0.341770614781828 3.30624536693176
0.336642571363107 3.42162837107347
0.345838506324774 3.208992133962
0.36657978595048 2.72149029290477
0.345672938049626 3.21424570451139
0.316349062746232 3.8933996774
0.349089977795974 3.13173774459901
0.343441896687814 3.25850631019944
0.342351170982923 3.28532547879327
0.349232095231979 3.13116393158667
0.343046819390299 3.27249663271235
0.346085487406404 3.2081042900416
0.346492369822297 3.20133590406653
0.327050205219936 3.65243164208602
0.332389841609524 3.52827379466664
0.35480874791108 2.99616581842108
0.336308970389032 3.43319008865863
0.34224791313803 3.29594698913788
0.332318360198274 3.52040219002431
0.340843495786684 3.31940337417321
0.361766106030925 2.84271737440156
0.33529024050693 3.45573204332956
0.336731440265458 3.42119665587884
0.325975142758527 3.67338724470374
0.338435501133013 3.38095890386546
0.352417856620425 3.06047388235526
0.3365348241975 3.42874834617407
0.348858624385269 3.14522270485444
0.333131066664313 3.50343205296464
0.3394438838159 3.34928441407143
0.339904432164246 3.35210423368524
0.349522992096067 3.12517019304189
0.328523860254013 3.60913567954845
0.337148819830881 3.41269158587632
0.356045992502171 2.97358798960071
0.353670137575539 3.03514470331375
0.343403589019143 3.25821514088661
0.360703843244542 2.86799853325499
0.346788645258912 3.19226339794915
0.350200706864748 3.10862000631465
0.359547889508973 2.89477590964911
0.356076736654103 2.98255630705758
0.356435985966611 2.96802153520659
0.350092846815819 3.10380450245868
0.350643946589392 3.10057151384685
0.346657073992831 3.19460688734192
0.352852138142112 3.0422950890323
0.339399568498436 3.36376181048085
0.332976618889959 3.50456117098471
0.331949151596115 3.53164922006731
0.349811057769389 3.11270019406111
0.331529899636465 3.54327531598217
0.337871238079255 3.39389732670559
0.344283890075919 3.24898320961905
0.336110515246831 3.4322358132005
0.327547845044774 3.63602902064655
0.348764175494221 3.14492057365039
0.344512156826603 3.24039762141174
0.343452426840425 3.26440105511946
0.364929024808857 2.76172213441289
0.354502416495187 3.0043430196104
0.331961971396539 3.53278947139205
0.331314599711928 3.54288147585906
0.352735399807663 3.04735393018968
0.332830092570862 3.50628810427405
0.332938014992424 3.5075324451226
0.342484541616349 3.28534012603833
0.342779553909202 3.28031716901374
0.35407313239883 3.02385531160378
0.348605560762794 3.14910164911388
0.319051429316136 3.82346602380797
0.347792944532028 3.16644798026632
0.332589166543326 3.51576205576916
0.349039833178425 3.1321058073427
0.342115533683157 3.29367001892155
0.361398520497008 2.85679716915206
0.352357633704704 3.05502202984375
0.351916389709931 3.06456767159809
0.350615569722744 3.10228141928722
0.33563498752364 3.44385429758815
0.330502351614455 3.56141166360951
0.329587305218696 3.58292141082995
0.347632559523726 3.16615394413165
0.3458696430247 3.21125692144519
0.344590355611897 3.2402920557941
0.34299085618025 3.27526884501913
0.353134788960612 3.04542153913447
0.337090391015335 3.41068706242209
0.341407642869206 3.3108507470873
0.335124213795901 3.45815145643994
0.337411853900499 3.40383870257712
0.338524070382114 3.37562095189289
0.350284798395726 3.10035210835863
0.348699992335608 3.13566478501799
0.326055783185462 3.66238253691167
0.34929560912406 3.12672161145532
0.33323764857943 3.50089831480448
0.344613100615265 3.23404887825019
0.323377016411074 3.72934165045964
0.360547167985609 2.86982258646599
0.345697529010592 3.21281849023431
0.342424655430975 3.28439836504297
0.346705849517621 3.18832810762994
0.338249040773462 3.37911716417502
0.347231559893997 3.17726090520846
0.349928539122422 3.11613265872899
0.359787463458341 2.88901667868121
0.338894651341013 3.37245978926176
0.341815817004069 3.30704621166588
0.336275417039923 3.42970139619088
0.347514958252053 3.16826425995253
0.329216655474657 3.59151254799388
0.336167181289693 3.43291134086514
0.331157048381913 3.550642474919
0.342660038449206 3.28205250278314
0.371277409180935 2.61968864436066
0.352650169363398 3.05001825186707
0.347146242812351 3.17672852659915
0.338501937605681 3.38703631035817
0.348991731485565 3.13082638131437
0.340976309566799 3.32425760308584
0.334764792266374 3.46571396406189
0.333321520171741 3.49723446307946
0.335257157300514 3.45320306113317
0.330836812572242 3.56105189818593
0.338775589002277 3.3708851837377
0.3491660505971 3.12478155095265
0.344464358320306 3.24542965900701
0.337373028272255 3.40546694667758
0.347167878374297 3.17039646887522
0.337382801955727 3.40616514558553
0.361511397625582 2.84492117788967
0.338546791607836 3.37520245056926
0.332314739343445 3.51448748111395
0.349028960914633 3.13586970671243
0.32058666357067 3.79227676033198
0.344240059622567 3.24272534237098
0.328439045641423 3.61241807251316
0.323475217076441 3.72374495522843
0.348762191451581 3.13830039465914
0.339598312252274 3.35574627017068
0.352890568622145 3.05406159754646
0.349679010500921 3.12069593276108
0.326910248389874 3.65220078781379
0.351838493391933 3.06589618574438
0.359866919988251 2.87821618452997
0.33933107591373 3.35960721965358
0.349997724618365 3.11787283724431
0.344333959455453 3.24332354951659
0.340013141588728 3.34842553291914
0.323118802706406 3.74082652974382
0.338291215261294 3.38605441581971
0.342368779875699 3.28910875426392
0.338744625249675 3.37164422513085
0.334679343931085 3.46309098843391
0.340322638278429 3.33768235412375
0.334647350170692 3.46485117232035
0.346064376526378 3.20965476308523
0.331643592958589 3.54174922522939
0.331928149989574 3.52613021340512
0.330738713884886 3.55955433845498
0.341551933035262 3.30380244921862
0.333667617174799 3.49582231512488
0.355283479623658 2.99327748487358
0.335815605093618 3.44043251253339
0.353630106901541 3.02546296488327
0.33954301530866 3.35565604050386
0.354296380930881 3.01304244593837
0.34313268401723 3.27509157057855
0.327506920652685 3.63190815727474
0.342014673691816 3.28763934952039
0.350711611839198 3.10614729702152
0.343032971430146 3.27251837779878
0.335363703326009 3.45175338933063
0.337833716036922 3.39329627307755
0.346947816545896 3.18593950740175
0.349771947989873 3.12035363647522
0.341224578917729 3.32071167635449
0.327803762382114 3.62862546759631
0.329933280281108 3.57006230686492
0.341594907353318 3.30921977400717
0.334106381011873 3.47923008234763
0.343278938391844 3.2654290239202
0.348432513021293 3.15226898166443
0.347246047528281 3.17606393099121
0.320426483356235 3.79593219103105
0.346459206381789 3.19285372599688
0.343908098137513 3.25577773533974
0.353395206669797 3.03444799222726
0.362833345673831 2.81768019086404
0.338491852107813 3.38001110179491
0.352120720550288 3.06308817496318
0.339984018322667 3.34771877904125
0.346906865451956 3.18086697479911
0.338133486736636 3.38221030720952
0.343420326859639 3.26245634129213
0.342823354435651 3.27860001858275
0.33663800506463 3.4145932825551
0.346593200647959 3.19560317300164
0.336294017834312 3.43551147124167
0.334429564887778 3.46491844487007
0.343324260581427 3.2634763606655
0.345584123492742 3.21116130514821
0.344583231995891 3.23530393793542
0.33840881028786 3.37620398693989
0.3449484076011 3.22640114143457
0.352411216178825 3.05392433870126
0.32941190162926 3.59132283752241
0.329182245077084 3.59323157825098
0.356419688802027 2.96278987090268
0.340906115500742 3.31929798583011
0.341566300462937 3.3120909337319
0.339629267564365 3.35370411086144
0.337706496307103 3.39223557521332
0.352086222998587 3.06680693618442
0.334172408373787 3.48156835429511
0.329398702621984 3.59173383725733
0.348942662691577 3.13213524807179
0.333314303081672 3.50121398599768
0.326198741071846 3.66739851821689
0.323884760099848 3.71038203999766
0.348323702476103 3.15480894864932
0.315854601165188 3.89403059301915
0.343613697361799 3.26794251793374
0.325558165052891 3.67596549876774
0.346363785426788 3.19844744117663
0.33201383559027 3.52764039635691
0.331251324786172 3.55130620144445
0.347186316156312 3.17646422404489
0.333128570458947 3.50131434553038
0.349022749031984 3.13221169742589
0.348849968390521 3.13795282896325
0.347503534442708 3.17590075956294
0.330087239498992 3.57524795857107
0.342536286546725 3.29190295013484
0.34202982921177 3.29998814420361
0.339360509363319 3.36177360047938
0.353891226602958 3.02323486265172
0.322082332979557 3.75333061630675
0.36371342432715 2.79581189811191
0.355550442323093 2.98452636815867
0.368743037879245 2.68364805603349
0.328028753107183 3.62448575943261
0.353784214057858 3.0257287662778
0.347814723051477 3.16526997282042
0.345165206404658 3.22087127206065
0.349362878422852 3.12809891246179
0.356381868972059 2.97102745494279
0.340312177590854 3.34059213436532
0.33501360514569 3.45319074070865
0.33964890792275 3.35628627882517
0.342750487220008 3.27761699442917
0.330888526272569 3.55966329455426
0.349274416433335 3.1235485990897
0.354742980995728 3.00423186685829
0.357012443236484 2.949086409551
0.345867173427933 3.21281943055794
0.35013224264503 3.10546929105465
0.345070213825755 3.22712290300591
0.340054935778603 3.34317156985529
0.365350918242365 2.75308919267415
0.345962270061083 3.20679465036911
0.339727295235295 3.35418282911885
0.33957852123524 3.3501727281158
0.341992382334754 3.29425432864625
0.338330043159949 3.38287783407094
0.36067526205586 2.8647711510154
0.356708411496561 2.95376340836205
0.338397465869242 3.38049127374082
0.340174690783842 3.33933559403025
0.339708758280159 3.35128218739861
0.357679858056322 2.93395090931918
0.332707905960175 3.52120589431365
0.327189732174091 3.63777357572896
0.342649028836061 3.28504766812205
0.33823196788825 3.38283531169893
0.326274775827095 3.66176960598658
0.333866345660338 3.48632537666787
0.32904403814595 3.59659399349783
0.32783858968491 3.62123739775016
0.350741686648292 3.09715380647828
0.352118892783417 3.05644955319592
0.326130614280619 3.67454336165504
0.346117151548064 3.20451925878668
0.351055019382569 3.08728005001896
0.352178088091956 3.06604111086655
0.347034555044525 3.17809522973169
0.341587873197898 3.30805716901786
0.341862899189191 3.29643973235819
0.341107484569676 3.31798626085012
0.343172295339874 3.26526790172961
0.338075084487317 3.39309073414286
0.340237284947394 3.34228629449277
0.346202478478639 3.20268757430368
0.339426315725532 3.36125644954842
0.337680292074915 3.40220877945327
0.342569405807904 3.28263929155692
0.338141579935511 3.38375259809004
0.354867198785553 3.00238354790124
0.332702834747634 3.51607664070951
0.336432023942469 3.4274738193233
0.340159409012575 3.34315410676969
0.33798224943339 3.38556782877682
0.336031921300019 3.43597168094388
0.346590860187425 3.19090614753716
0.33683935821005 3.41668766225755
0.359318480937305 2.90186718136394
0.353902494652311 3.02446111133033
0.334082398856159 3.47490984365963
0.342290931247499 3.28914764845896
0.330454458636821 3.55839016132292
0.333955128318371 3.48628869496112
0.346585850792939 3.19427785785795
0.348887439413584 3.13845511110721
0.33734103148913 3.40961727371607
0.334934807921472 3.457432053259
0.345363078508137 3.2209575607832
0.354048404676729 3.0196468163612
0.333867357495015 3.47980166539565
0.341901642031908 3.30181394414197
0.336076688459345 3.43837558777975
0.353945453210769 3.02309754138275
0.357854560002722 2.93287737300866
0.342695253896575 3.28529198757724
0.352244769010021 3.05620738536534
0.339606629722657 3.3567883875166
0.315778099594812 3.90338143519707
0.338088801148019 3.38439447202964
0.345218599156435 3.21891144082242
0.346082462870024 3.1992862268187
0.339169345407274 3.3614201283702
0.351011362202753 3.09410642759159
0.337128455086344 3.41334463590942
0.327439284447953 3.63368768171013
0.347999770866087 3.15946656249329
0.32558984575867 3.67883207046916
0.328896969272437 3.60034699728821
0.337266209052156 3.40727396703095
0.35331437899006 3.03202711282549
0.32869234622091 3.60460890976097
0.332978524772032 3.5057332182871
0.349989701243465 3.1132556734661
0.346496244937579 3.192882056361
0.353583053598457 3.02107894674338
0.355766837496267 2.97838561020579
0.341449725358439 3.30340164343392
0.365070152362348 2.76858543910544
0.329793361145469 3.57893909704258
0.329549503710459 3.59306901557348
0.339848743519328 3.34736743319458
0.347042779498859 3.17839908579837
0.350629866753338 3.09878189985473
0.349392160562565 3.12889205804666
0.3378553226321 3.40185769929393
0.343804686361379 3.2509954269884
0.335614945467614 3.44600449658017
0.331338744262399 3.54664249313335
0.34415743786869 3.25209071051925
0.35380718243464 3.03200354741151
0.338292115561957 3.38463735769118
0.331667051932183 3.53753624941086
0.351534683456298 3.07539830448099
0.340777728258556 3.3298046980781
0.328892436279331 3.60339474322915
0.341043360836299 3.32104162791329
0.341741228226101 3.30240064721729
0.350309684908571 3.1105175855328
0.335265412480694 3.45600967179269
0.345152770683507 3.22129897495217
0.347540436689771 3.17250211114078
0.356975343829651 2.94798256874384
0.341438344319798 3.31061831706822
0.324474139433525 3.70202072953763
0.351958118479721 3.06384526094977
0.315707044646184 3.90266132209444
0.34897700565151 3.13890078783548
0.332476406245661 3.51566907328959
0.370962532708182 2.62648890908898
0.330112345324821 3.57678591023012
0.330673245606529 3.56116957351512
0.330196218374636 3.572062894528
0.328822773198051 3.60448176196671
0.341649455131283 3.30212976498026
0.337823331284414 3.39404142765688
0.349494595135511 3.12750118475293
0.338547032947541 3.37975309845635
0.337726388415236 3.40125460425962
0.340505848992459 3.32797707908713
0.332147901620908 3.53231991607322
0.335293482382343 3.4517500211854
0.340154262402442 3.34215495724749
0.336991984561712 3.41379460367021
0.338585380578988 3.37491770739939
0.338500620707937 3.38016356673498
0.351233371134897 3.08473192901501
0.346531808118152 3.19137057793153
0.348975529951804 3.139820180356
0.33617849222265 3.4345221550565
0.339706242033293 3.34901573855587
0.320520070574782 3.79151666433667
0.340279940614706 3.33630491298201
0.340881945666635 3.32185935475656
0.355616505584719 2.98600111714615
0.345568522125007 3.21012001633791
0.356287364247016 2.97441965577106
0.338461327012703 3.38226007552999
0.333500916642893 3.49005865109579
0.339580416902965 3.35111107349082
0.341765886061676 3.30093870468671
0.343591099954079 3.2580555735048
0.352305715714992 3.05942971561421
0.335440496106401 3.45339108054465
0.347523237597673 3.17586074870255
0.348199568954763 3.15509516411758
0.355562138121372 2.98774449302274
0.33149282594676 3.54197011863601
0.34126184774602 3.31224946905952
0.345153476828787 3.21908435153761
0.344702282861829 3.23105562766395
0.35043261571783 3.10568380557787
0.352731451692465 3.05311159975165
0.342826611856397 3.27702821124704
0.341359838020787 3.30387218376568
0.325214965880207 3.67794457450664
0.345428951317755 3.21685869353676
0.357693756652532 2.93380140109877
0.343695811268435 3.25123738538753
0.349684611537722 3.1173368700958
0.338586567361188 3.37324126956598
0.32787287627519 3.6250370859205
0.341746683258206 3.30152002476652
0.333239140088165 3.50141496638838
0.339818185978583 3.35629983772868
0.347216386453563 3.17386011782018
0.325687755181504 3.67094446561025
0.339949160810054 3.34509260766499
0.340416221307715 3.33776855208672
0.352227776456594 3.06501235597156
0.333952368445206 3.48225555695952
0.356166164554393 2.9659267005151
0.343312167208358 3.26685953314533
0.347136868548144 3.18253167942454
0.35260408594736 3.05174658566826
0.332810135805375 3.50462150580926
0.347981380346982 3.16514236913473
0.342645557207259 3.28674222696231
0.342346148798345 3.29190027695239
0.34265743592179 3.28178925559969
0.350546260543508 3.10136905121837
0.335302516953149 3.45175889500854
0.330780855585926 3.55787115000883
0.335231940074826 3.4488966045324
0.332357771643862 3.525911741142
0.346074952648144 3.20306207129031
0.334486086568708 3.47506508686785
0.337455536771407 3.40719139507325
0.344920388622848 3.2380304832414
0.338621136152831 3.37601589993483
0.338692490012921 3.38036747730139
0.345498314192711 3.21270148947664
0.343954986446269 3.2500242756245
0.349673985506313 3.12028210219203
0.332869954919385 3.50503827255882
0.342050888913753 3.29714672556039
0.322647582540851 3.73966928710442
0.352830812177382 3.04568584905523
0.353433949247694 3.03135093478226
0.337230907099563 3.41131812021438
0.345229925652601 3.21971456343924
0.347133172593443 3.17914836531591
0.359957848868966 2.88446294463308
0.339119102796238 3.37221959653573
0.331739263489255 3.54252664597771
0.353306487738783 3.03796020955029
0.327550687028617 3.63108089153953
0.350573148349584 3.09892489474034
0.329005975908727 3.59575643925105
0.339954546827773 3.34335146458425
0.337335816940243 3.41080818705839
0.35499221959521 3.00205027119619
0.354158253802671 3.01928552315537
0.344254522813153 3.25183651027897
0.338417112427005 3.37857322470389
0.337518423979886 3.39882397477585
0.357032004558115 2.95402231883445
0.334607399325623 3.46785043114207
0.338119027395395 3.38639548722886
0.36434860899658 2.77751327832437
0.327096188646217 3.63974333041449
0.343989823467058 3.24939338550354
0.330370975444925 3.56667520185058
0.335920329763334 3.43571938958744
0.356490200438037 2.96351932434755
0.332412572130158 3.51607162522478
0.350015890505071 3.10793789038227
0.342466838284642 3.28878317155436
0.333414758172143 3.49569277379199
0.331591570381493 3.53438278116896
0.327694402406287 3.63285280675423
0.354362014489336 3.01318727752243
0.363019863201078 2.81447655697873
0.337790737532601 3.39316200131917
0.351959607017804 3.06130489473196
0.352579760381832 3.05053149283307
0.351229873739844 3.08287594784052
0.348550585148587 3.14588555714368
0.324766416067767 3.69728955361396
0.346613567516767 3.19416333679909
0.348625706536949 3.14708566853115
0.343563665960994 3.26034794075327
0.335663664162164 3.44383233577898
0.341632775076197 3.30983844847846
0.338670272371827 3.37932182831584
0.327696856472623 3.62935283459742
0.346743481359747 3.1780360936113
0.342510916571791 3.28589992408951
0.354179207461132 3.01027701362729
0.337970496778639 3.39004899403064
0.345012270517404 3.23482024494112
0.34487123684645 3.23607234209066
0.354277047905062 3.01149049571569
0.339308200609745 3.36152534476429
0.345101472562994 3.23639083258347
0.350587299469178 3.10129585353206
0.362748058057245 2.81276774375397
0.349089914678461 3.13985456389263
0.327611068064241 3.62939239118469
0.349195383668944 3.13649323938155
0.357075718468768 2.95266305735798
0.339346896394255 3.36000886789738
0.339408347093347 3.35082165369489
0.347347608094198 3.17397609925985
0.330913301338687 3.55193625941031
0.346755258084237 3.18436671352278
0.34271950441602 3.27710302709484
0.325658187580553 3.67517524211684
0.346125817315975 3.20186903274733
0.346165184398932 3.20467493725292
0.340228628297029 3.3318140440307
0.339494772335596 3.35904365700147
0.339170682789182 3.36831269628616
0.340227848786033 3.33794854213715
0.338431297388462 3.38369765017741
0.342585443185897 3.28710423038991
0.350808391139959 3.08980531367694
0.344822812670856 3.23042560712541
0.36259525190949 2.81954076098641
0.329862998178938 3.57852328887599
0.338999048351347 3.36551688068383
0.343848468723292 3.25728462906657
0.345873194106173 3.2124161789505
0.327390238701303 3.63643312262247
0.337499687749625 3.40851263802438
0.341016544340057 3.31574747947981
0.337919876411394 3.39533117635806
0.332670200619995 3.51623697697642
0.344686372486901 3.22908138961555
0.331071575726112 3.54716300763522
0.353353165902877 3.04208685294777
0.341497514306322 3.30824918015299
0.34716558728179 3.18082553715449
0.34749044984937 3.16745112661419
0.350577813405764 3.09800984767799
0.3330532789103 3.49977711616636
0.326214030798094 3.6574613569748
0.333306819845308 3.50482207518544
0.347884312261402 3.15267828069453
0.341954521969171 3.29307492162599
0.328783654370013 3.6032778203962
0.33950611293849 3.3548549544688
0.324598560493539 3.70350806675709
0.337064064494339 3.41379728267681
0.346049279207154 3.20325210711559
0.340447538970006 3.33094450397073
0.3519325163308 3.0660109137629
0.335698913283516 3.44387000927172
0.346427390981983 3.18881766745578
0.34687894719445 3.18342838766244
0.343338976832599 3.2612799530068
0.328909766870779 3.60602694416245
0.350077080329427 3.11365793138835
0.363804914935183 2.79542573225915
0.347728112117384 3.16935584764083
0.354191194490739 3.02057898731333
0.353275379550901 3.04011814134441
0.348830171391336 3.14191988091469
0.350530017066493 3.09785719392338
0.342798116028896 3.27712134289593
0.334793909382551 3.46158392383144
0.322246395544554 3.74799048250391
0.357713930470947 2.93051770897292
0.348587891719514 3.14112483852873
0.335422422956743 3.45292072030208
0.328356889714098 3.61525155638126
0.345651336776169 3.21067428108957
0.349873076994471 3.11783775425998
0.354853720613909 3.00417392193796
0.334093098477642 3.48497056787458
0.343649134053006 3.26199023746442
0.352439208262635 3.05513319913871
0.333858018974469 3.47780075814332
