0.285605694429606 1.42963834430409
0.274516878823736 1.62870573975198
0.274233771161168 1.63527605100669
0.281465023369217 1.50498134157054
0.270695659049704 1.7006418833436
0.277972753001278 1.57494978609085
0.278138332652589 1.5600454565421
0.268727241320155 1.73213470443729
0.274027412546506 1.63207158509997
0.265069068589753 1.80005697364123
0.268397636829843 1.73978315088912
0.263246002458687 1.84088339823063
0.27457572242551 1.63148588340816
0.268540404523264 1.73266132195917
0.279458588066968 1.54350933135274
0.269429332036128 1.7206408736168
0.264752296685871 1.80185302482529
0.279838370680314 1.53505221801519
0.284247657133304 1.45913920889412
0.275346652415446 1.62297426360036
0.270723045373222 1.70571299819392
0.2800719047365 1.52636332379626
0.2858727761709 1.4276272310693
0.275640716842742 1.60181004695516
0.272860949531347 1.66627526475019
0.268913747699021 1.73002686589772
0.274629535536278 1.62606645561631
0.266806355963232 1.77141386612108
0.269737894445628 1.719470664965
0.269334636454203 1.72382132488926
0.278364166243813 1.55928689372166
0.273318109972481 1.65529092373549
0.27795775975886 1.56921830496467
0.26914438974009 1.72957088483781
0.268011624322305 1.75960808772931
0.278089704845891 1.57073216565614
0.27050909835172 1.70282625902258
0.26344928458591 1.83389434963124
0.278067139800284 1.57373468591701
0.273121793926972 1.65211084467534
0.270197640223409 1.71357441164358
0.27393448468 1.63762458930908
0.27510885485053 1.61982167641221
0.268780954961665 1.73426181491987
0.267626804921253 1.75312003980314
0.270706496026506 1.70879545075312
0.270832319288367 1.70079854168639
0.264739630046925 1.80758602168279
0.273682965414836 1.65223891976076
0.271746880095387 1.67515962985528
0.272951862031033 1.65889344834219
0.270978286486892 1.69560592669777
0.270536040594738 1.70438471962079
0.268661353806766 1.74145474924716
0.276458439561432 1.59467946927984
0.26737797012173 1.76484272855526
0.280583682017881 1.521118576829
0.275780924961406 1.60565091109291
0.269409301430705 1.7223545877187
0.272990680476425 1.66102813342529
0.269615769399984 1.7206602500428
0.269168783713652 1.73035693209648
0.278859386755665 1.55340949481148
0.270867865732121 1.70280927762296
0.277863929116103 1.57349750307811
0.281091846828365 1.50973343874177
0.27369126069409 1.64621521252878
0.269870598709027 1.72036685374813
0.271979627684696 1.67735100823572
0.279576287935253 1.5394174515671
0.281091297574301 1.50880833203601
0.27836437183242 1.5635328681896
0.274017163224316 1.63899020088483
0.275228789593955 1.62233703163775
0.271005019292386 1.69707228188497
0.282243075371971 1.49332011609889
0.275271780005061 1.61692095403355
0.276314962779489 1.60303819284352
0.272709121792078 1.65941779887902
0.272345649117738 1.6776625390209
0.264037079552849 1.82275227969342
0.276064673369891 1.60282834661372
0.27693976231276 1.58304783355836
0.276748170569966 1.58559629749433
0.258662093668311 1.91910148712484
0.268794597475971 1.73941326582383
0.283166851531154 1.4713695432295
0.278015896165268 1.57017983138431
0.276719390596058 1.58803335006855
0.268361497865244 1.74526034723868
0.270552000801181 1.70213948896567
0.270631375065035 1.70274492146016
0.275102183595991 1.62158650063183
0.267029308207392 1.76704240613403
0.265262931382888 1.80395593100887
0.271344573652833 1.68793568936315
0.270437661419999 1.70065572739229
0.278740746300489 1.55644161126014
0.268093193474808 1.7518636879256
0.275398030334432 1.6158056841684
0.273031978977347 1.66467314756724
0.274418743672413 1.62824466442873
0.265577833970822 1.79607091506248
0.270168622207104 1.70869765140023
0.280035494386383 1.53438753118665
0.271105767517681 1.69543602051017
0.277624643813172 1.58044308673439
0.268507038383898 1.74522091185097
0.274944062628248 1.62466887343913
0.270798701092187 1.69641097973185
0.271100735393507 1.6938718459465
0.26812967164771 1.74668655543672
0.280481776973272 1.52088656829092
0.282003591452831 1.50115661872668
0.280575217368257 1.52226719996242
0.269900169356725 1.72271744906317
0.279090320819854 1.55184967495296
0.277653433029922 1.5784365836114
0.26864438324406 1.72911128262086
0.272743186696586 1.66644395112171
0.262553074941651 1.85281274730572
0.274416496992156 1.63256612904833
0.275594277054852 1.61468172191314
0.27160315594666 1.68160934701156
0.273690590980113 1.64396878467509
0.269865488043387 1.71552910726627
0.279871066021264 1.54078244308811
0.27497516782057 1.62933665188441
0.273761117550036 1.64096773401248
0.268074634870487 1.74951864477641
0.272090685754616 1.67147955766277
0.281176077562061 1.50098609303196
0.272358668161479 1.67133001405215
0.269458212512122 1.72119447011697
0.271612926678896 1.67813629468207
0.275085313531766 1.61777536426941
0.275012013583443 1.61651251366444
0.280124187789817 1.52884031034694
0.267442544107991 1.76252044490925
0.279215686314101 1.54881002884458
0.271706808980077 1.68229910758818
0.271867823692501 1.68243821440488
0.27264666517133 1.6641056253263
0.271677790997009 1.68431415526311
0.274543037285948 1.62883733477209
0.27228539535568 1.67172365159079
0.28016383682632 1.52837328776454
0.270403680517142 1.70363012742294
0.273605793492399 1.6470532274783
0.265624796241002 1.79642028782098
0.274502486226824 1.63566062211683
0.269879009181521 1.71733668240269
0.277056310785456 1.5861710090635
0.266173391502688 1.78390919922406
0.278639174991034 1.55107406319173
0.273975048518554 1.63677086741713
0.279747337057785 1.53311307529677
0.279154026011375 1.54843334391543
0.27405369299697 1.63618113513732
0.272551628145764 1.66285465889625
0.273657705770567 1.65000500773438
0.268910386607621 1.73235034395328
0.27810965315523 1.56563752213038
0.271124146326714 1.7008675115448
0.269124770877673 1.7300297872477
0.280930524942003 1.51395470109321
0.278225327898364 1.56509284975441
0.272471775171686 1.67116668552182
0.271524310428331 1.68904932070256
0.278709871698991 1.55572632932063
0.273671386828726 1.64686329094774
0.267440772690047 1.76577686664936
0.274188439609467 1.63342924184296
0.270232286616648 1.70808425235888
0.270133480436763 1.71305708881507
0.284622205131204 1.45112409475555
0.276500796379486 1.60128909008445
0.270062007192456 1.71058382212715
0.273415865221594 1.65137623009261
0.273029951163318 1.65695777554466
0.269445233386826 1.72545438115584
0.265869188814523 1.78719036921571
0.269025773984438 1.73426400143098
0.275671164255875 1.60975130288174
0.258379444868165 1.92517355743352
0.270845865767951 1.70001431844176
0.274725129474238 1.623147028903
0.273379660691716 1.65444706931194
0.276011424046429 1.60392555163446
0.267331533118185 1.76569340892631
0.275733491990151 1.61183059019978
0.267483696175814 1.75657050621303
0.269424007458126 1.72876727068786
0.269718798248084 1.71653795635948
0.2862774597927 1.41683718882761
0.275621525814181 1.60721723839067
0.262841735896662 1.8393676474546
0.266929228124933 1.76757081108477
0.272999938296744 1.65954947107347
0.273508778317452 1.64925872871771
0.271448504602631 1.69058526665408
0.269267317218891 1.73176292189489
0.265102715470554 1.80853426550803
0.273645585931134 1.64346462701047
0.262625006713889 1.85070038242361
0.275857339553363 1.61222346569818
0.264644588708133 1.81220304546604
0.275629785029457 1.60952629557471
0.274923754326592 1.62985642622449
0.273218215612444 1.65788222026447
0.273105716932121 1.66405769300966
0.272754529424393 1.66096525386616
0.261562202363628 1.8674199792603
0.2667765455741 1.76969580005827
0.277569145288863 1.5774652942905
0.268670736827306 1.73876691501231
0.280955102802688 1.5142172662566
0.263320213881322 1.83579182358833
0.276814641781419 1.5927716853015
0.264713576082304 1.80752692362606
0.274808016341277 1.62430539868777
0.26772975365729 1.76080901015164
0.276241067152935 1.59735860470606
0.27310946132758 1.65442428233095
0.279179235544197 1.54329689542068
0.263135047979057 1.83599058357536
0.263312585762861 1.83313234998773
0.274408640686597 1.63435713989011
0.272689053254869 1.65902967271415
0.265906714518424 1.78692939526149
0.275982751069154 1.61141058791849
0.27109380526398 1.69669241063095
0.273624593103023 1.64520420412511
0.27658789524034 1.59996706767434
0.272776707921204 1.66078642690419
0.267652184171309 1.75435752193515
0.272061018129801 1.6762658348829
0.270763605512627 1.69763077033816
0.273955636124177 1.64227661386493
0.267073433297368 1.76046952618458
0.274175017570905 1.64200481297906
0.267099566086751 1.76695786683696
0.27437125263347 1.63800065173706
0.27543205674305 1.61659733586331
0.26227058517471 1.85815398446548
0.276777766673327 1.59516308935256
0.268535127766974 1.74039369736184
0.269651165049719 1.71752849566276
0.272850893887741 1.66777470121328
0.270707391676755 1.69785347164657
0.283133095788635 1.47263740251224
0.279497828072246 1.54427685951141
0.273507601315769 1.64723185000192
0.273938045500941 1.64580104368678
0.283864825197756 1.45738358084014
0.270077883599983 1.71239436441314
0.274447541038698 1.62546625162751
0.267348988145734 1.76126459354135
0.281448216719999 1.50396881056549
0.267471648766739 1.76491684139269
0.278942580010607 1.54873969258562
0.26942487701201 1.72720141112717
0.273843294158728 1.65147802270011
0.266903079044571 1.76648311950847
0.272675892776334 1.66473887299983
0.269095697006066 1.72936842734371
0.270613400629188 1.69979527801095
0.275206272104179 1.62340978592535
0.276416024157325 1.59474675888061
0.273512021837289 1.65244763285572
0.266449735373857 1.78115014774986
0.273346641149631 1.65297234406259
0.265660036506193 1.78748113573731
0.280147359105363 1.53502799071
0.262164930116358 1.85205261634379
0.270105020182549 1.70966764166914
0.274007172570691 1.64352087222858
0.27839216530647 1.569512235212
0.273573456242809 1.64943489770253
0.276619773839644 1.59201182517945
0.273869858447796 1.63867740929046
0.268346746101918 1.74623990829958
0.281529003670447 1.50139569364953
0.268672971403843 1.73865809546929
0.265865721567801 1.78526657389627
0.277802544856563 1.57818581265397
0.265008151077282 1.80759642863543
0.27478888895593 1.62261078283591
0.266135390990917 1.78783940128387
0.268065320273547 1.74574676692353
0.270188463395867 1.7066669806284
0.278502266404549 1.5625394012471
0.268732140896809 1.73656119738908
0.275547991575127 1.6123360942827
0.27452896304651 1.62632835337958
0.275964921432062 1.60986831074933
0.277267984340873 1.58095478189224
0.26868868047451 1.73575434875223
0.273342118688255 1.64960552028925
0.272079111248744 1.67804855623622
0.261412096543692 1.8735555652748
0.261495344745246 1.86637264496127
0.275939080081263 1.59995032055321
0.27180722157248 1.67678593050229
0.275120318292261 1.62120480591347
0.274781713966657 1.62867233376576
0.274575007594596 1.62965105858488
0.277794130109389 1.56709850507195
0.265780954120062 1.78542974888946
0.267487179370736 1.7576450003656
0.26800848916054 1.7530419917269
0.2761411128853 1.59959879328732
0.26655244135377 1.7789039485965
0.279082987688596 1.55187183530797
0.286119603599803 1.41993105669002
0.27024388554794 1.7042263972058
0.267577298433471 1.76401803616991
0.27690853289937 1.58693577003823
0.272973946822993 1.66493442077448
0.274965364754262 1.61968658511598
0.274741748386602 1.63059604229442
0.267896550847114 1.74921021352073
0.279501415622532 1.53782059692597
0.27570123069794 1.60894088906951
0.272115255772556 1.67294884459916
0.275647525235867 1.61439332367006
0.275384319754654 1.62258145352177
0.269783222132987 1.71308915888471
0.265640564714515 1.79770925909533
0.27028385580937 1.70714802956129
0.276244953050752 1.60702272965189
0.272402632058002 1.67086930174266
0.279735118453385 1.53325391712897
0.2698581359373 1.71942953298554
0.279344756750398 1.54036082446787
0.266786728030937 1.77305296788229
0.272686104829487 1.66431180140895
0.266407204392911 1.78384575235779
0.283172099575082 1.47026259012623
0.274112477429386 1.63865818278624
0.275279802193161 1.61736774569439
0.263929838092194 1.82472952812167
0.269330064648123 1.72496575351553
0.281393703175489 1.50851626769463
0.273912922965177 1.64072256759066
0.271588836631071 1.6761457901107
0.273550068786455 1.64654757032088
0.270604671781934 1.70890724345072
0.278802267062618 1.55415726362733
0.271001464960788 1.69576708881176
0.283839404090722 1.46179239560758
0.265954569728981 1.79207176295888
0.265772316419064 1.79235303817028
0.276353674545276 1.5931964635052
0.278268401534844 1.55843786682162
0.270044623526262 1.70794308585231
0.274897036349882 1.62103506583767
0.270265943228652 1.71369001721093
0.275552504621211 1.61101192043221
0.274758918752915 1.63089684670826
0.266224065475637 1.78996058402723
0.267470478619069 1.75940423405592
0.272997842398473 1.65948425151458
0.282494189315471 1.48832575865511
0.27445203115911 1.63912354301613
0.269918483403521 1.71554965507413
0.273425548955804 1.64916354502422
0.278623056687795 1.56073532529002
0.265230759916906 1.79969579679641
0.273521917182672 1.64451654538085
0.278647482453762 1.55137796458298
0.280601310046883 1.51813762369927
0.270052772319981 1.71778822258404
0.270650871836371 1.69549133929137
0.264672095345959 1.81018550014228
0.264425026624727 1.81824978464916
0.269510688924633 1.71868537112225
0.280835668655465 1.51786562190516
0.270229869478712 1.71530962868051
0.266341160643276 1.78171030266373
0.277949747096645 1.56437087903783
0.276629258267653 1.593175161556
0.26472408469115 1.80058915225177
0.274791476944294 1.62647065351858
0.281218240559943 1.51300170471083
0.272847969883867 1.66313598257856
0.268776184900861 1.73661687589446
0.281081718532373 1.51528736305538
0.275881199937378 1.59952579172391
0.268141109199441 1.74436005440948
0.26956421036628 1.71724544070519
0.271390813863377 1.68785945381054
0.265259193972961 1.79830051754178
0.28188606245245 1.49854877986524
0.269758142030161 1.71557186787622
0.270342249646334 1.70919719352427
0.274889509229134 1.62368640184524
0.280160399423687 1.53540217104526
0.264354502896483 1.81907177736888
0.26854293983324 1.73746179755283
0.279219289236302 1.55221947252162
0.273123047901443 1.65353142451462
0.276067966408125 1.60240877108588
0.268331037642407 1.74227466071937
0.268211230834884 1.74429797535675
0.281163070602067 1.51363206810465
0.268324864215397 1.74337762544983
0.268350807277488 1.74036050860845
0.274280704047303 1.63508817916645
0.277976393606936 1.57004598709813
0.274930230583522 1.62570426666478
0.264628697385967 1.80978775763721
0.27197260599988 1.67896470778593
0.265661151439276 1.79582273758021
0.270115918130773 1.71430266390832
0.282572282821018 1.48406429737346
0.266815035637325 1.76961164074212
0.26987712729599 1.71887293489318
0.273335703681765 1.65004774224172
0.280438034662502 1.52966999745184
0.277949057686203 1.56878592100472
0.278812130187166 1.55384537388614
0.281762089856476 1.49343702242118
0.284581365248652 1.44680556394901
0.27384816316969 1.65042367789435
0.263200700101755 1.83228064784299
0.268423738420509 1.73865934552337
0.275855693898306 1.60215068944234
0.275305074754133 1.6213227906168
0.272918424738828 1.66025695725823
0.274080277248146 1.63743284774183
0.268437366183484 1.74480314801438
0.279646848318408 1.53570189989059
0.278782316531906 1.55187600951783
0.269083228674059 1.72193968452122
0.272307897312008 1.66667266377114
0.277495840623315 1.57714968347659
0.271668765055824 1.67689127145841
0.27841317004629 1.56390567635084
0.261252747244349 1.87660075632639
0.267496928795303 1.76222478089985
0.275011634112853 1.62162057112626
0.277603218256582 1.57212843131434
0.268110482469242 1.74707773765905
0.276075286560857 1.60537175237518
0.272265360225628 1.66731016157732
0.270927192060954 1.69143187319466
0.272294624171863 1.66798301262864
0.269519721133615 1.72275640816563
0.276199152370843 1.60037955050214
0.275372933123806 1.61857500082274
0.266072853733817 1.78747700815586
0.274318610602439 1.63055535431013
0.271161372172667 1.69452377820096
0.275543854353708 1.61570127993903
0.270647739160502 1.7032142382479
0.275317665993949 1.61869047272724
0.266786904461009 1.773406238845
0.274686365910952 1.62813024310285
0.271242700159484 1.69134160727686
0.276137735369207 1.60044833197739
0.269151473058342 1.72798741506337
0.277657172267806 1.57904570926538
0.266574212069509 1.77419154708479
0.271332774994148 1.68872983895054
0.26817454550343 1.74643980731677
0.265513333449003 1.78918293767437
0.276708085035817 1.59547078377325
0.27344912057895 1.64372819714276
0.271773030425838 1.6849262043638
0.275219901070497 1.6168302035314
0.271767313700035 1.68616221301167
0.271444519782664 1.68929431402377
0.277265834621999 1.57894520178501
0.268363397073157 1.74171826865557
0.269951549400558 1.71317718990707
0.275110353336146 1.62372610368532
0.271721534420397 1.68400936539206
0.267962557417478 1.7525234944317
0.270009411944488 1.71083618758919
0.262263331494596 1.85615541238473
0.263117055513415 1.83862150264265
0.267529931320407 1.75599464257043
0.281038926297554 1.50855001288158
0.276158393678599 1.60354558634093
0.272125340675751 1.67941255634964
0.276440672186931 1.59760303279028
0.265133179613451 1.79688259083051
0.265590150631165 1.79444247038254
0.275878977566687 1.60634482323599
0.26904795652839 1.72966930282014
0.272086087257163 1.67495049542532
0.278308937150459 1.55969031579434
0.27944051183484 1.53546731911423
0.271001405052373 1.69384040385536
0.268168149450411 1.74550984961855
0.27131652003438 1.68664211520134
0.260243818746282 1.89094337265023
0.278586983233336 1.55804912569723
0.263697157832235 1.82957787778481
0.267895516205127 1.75487478313703
0.277919667844419 1.57168307040156
0.280326635090318 1.51701258209736
0.281653888086535 1.5015254268064
0.269695878571261 1.71347997140275
0.276245830426789 1.59932319400163
0.272987578733492 1.6567047335985
0.272728756881373 1.66425995068895
0.272675206377487 1.66686214623229
0.273846861159219 1.64388615293882
0.271313532699677 1.68027004706044
0.277232348184379 1.58283250605358
0.276251734268512 1.60104036772126
0.269123828868097 1.7280958118388
0.26978385260546 1.7152467940778
0.269499852557969 1.7194852406529
0.274636832338495 1.63181614536124
0.277753210215919 1.57060469560282
0.268805750422145 1.73481842142571
0.280998024565211 1.50864081586251
0.281431811870951 1.50736092846918
0.262939366817973 1.8343281762728
0.278168595069668 1.5592792320831
0.277439362817721 1.57750780457119
0.272525796727872 1.67477308495155
0.277967789913345 1.56733100613908
0.270115422919472 1.72098071030138
0.274981119183499 1.6218268835332
0.268927064326736 1.72770495968894
0.270460844929371 1.70805649682921
0.272787047687107 1.66170323922268
0.264805408516402 1.81291336483619
0.267386226820439 1.76187493026993
0.271838108473634 1.6842238602697
0.273739959124461 1.65130203596748
0.269604051926005 1.7141236858801
0.273504779265864 1.65024602201076
0.279695187982486 1.53612740404951
0.272107117014549 1.67488890566326
0.266088671525179 1.78207169043428
0.266153847357771 1.7829569619265
0.27588773559421 1.60709264784188
0.265960683700598 1.78799384317558
0.275236556648185 1.61828121111514
0.269881461155869 1.71500109764198
0.274368819165931 1.63437950805301
0.262741459212802 1.84065632932217
0.271972598005209 1.67751158077436
0.266031114666351 1.78608747918388
0.270555545446465 1.7061676503104
0.278215365078379 1.56413518140744
0.280177883079033 1.52475997469943
0.262675973808303 1.84156940582647
0.272223844686557 1.67796456457847
0.27842639754765 1.5684297658833
0.267001164609357 1.77385905250657
0.277725246687516 1.57537545935099
0.275789371021481 1.60139737205198
0.269769551385786 1.71272896664392
0.264718821370958 1.81899684964829
0.267727172527904 1.75373663858063
0.272398179318904 1.66792107212855
0.275443332927797 1.6204017356803
0.274225354333001 1.6381737004125
0.27258744230353 1.67329159520314
0.270890776456625 1.69515771459499
0.277105541800753 1.58605867078982
0.271395660601283 1.6904735761743
0.271108090599508 1.69507987379714
0.275886538887571 1.60702370399375
0.276239810452755 1.60582831908711
0.273915495891883 1.64137419217082
0.286009601815787 1.42480529517417
0.271390327914225 1.68279734588681
0.273251570290716 1.65149397524649
0.268007928218105 1.75527630074055
0.277515055290534 1.57673810603686
0.271843060889169 1.68422652676827
0.273036704814387 1.65308755113519
0.271178528406467 1.6930881381017
0.273499876424906 1.65188942850111
0.267850159846952 1.75348126651534
0.273519291846543 1.64399498879043
0.28182754173185 1.49004513167396
0.26863781475131 1.74001187526433
0.269278700116022 1.72880136638289
0.274527726053842 1.62563776315787
0.277779226023578 1.58007997150121
0.275562549811573 1.61069900166702
0.267061101829191 1.76006792147188
0.278503250297663 1.56006890771338
0.281986505745079 1.49614145321978
0.26169090041775 1.85694539300611
0.272416268718367 1.66732688647718
0.275768190664689 1.6089832960423
0.265109800267167 1.79653804593475
0.282323266465248 1.48893822733166
0.266838816268984 1.76936963474326
0.273562912233235 1.64132806093128
0.268426711263394 1.74455229241565
0.266658932059995 1.77725186388054
0.275051511675084 1.62691262256459
0.270296189041804 1.70615518433482
0.267238758752606 1.75927328278072
0.277416518911287 1.581456993809
0.274526237620577 1.63170856408291
0.275343161498795 1.61696100266859
0.272067621375319 1.67430623506709
0.275556346686936 1.61163631210406
0.269284793813149 1.72446711907122
0.271308114011881 1.68581052281838
0.270731147273948 1.7002010737185
0.27030396652304 1.71297345118876
0.276132658201532 1.60657421863802
0.283241760682806 1.4719382678988
0.270098496491178 1.71423615071335
0.272048260258321 1.67467885114581
0.266169977115133 1.78345879457239
0.26898118723587 1.7309194383527
0.269485939115946 1.72113991631058
0.263873423771257 1.82244728414646
0.271559652294989 1.68549706066092
0.275732024267757 1.60678244045245
0.268027895078579 1.74756414421317
0.263370534583955 1.82564417791883
0.275459128580945 1.61373255263934
0.27336279159671 1.64278562568206
0.274494448330431 1.62987390425443
0.272733099315961 1.66850820351313
0.280468161062004 1.52522173799097
0.274703333606483 1.63123270103978
0.280438786429853 1.52880711210489
0.264259817031601 1.82226492368071
0.270495968836203 1.70454141754342
0.262808984849943 1.84386639306559
0.273209463820472 1.65851480582858
0.272243222333699 1.67121061034932
0.277374442441117 1.58332654826736
0.270704915267997 1.69923176733614
0.282145913103481 1.49147169699673
0.270264093823239 1.7093212381509
0.274668941347877 1.63040679061152
0.272505275809113 1.67481336184791
0.272094277720811 1.68222007551028
0.282010793615333 1.49291780692046
0.274063429164468 1.63604814015158
0.268631202586863 1.73889096593839
0.277859188777656 1.56653958486012
0.278210489593562 1.56246302913758
0.267466344135681 1.76105943836552
0.271960184700157 1.68161077487584
0.272095715343808 1.67519123664782
0.266546827995085 1.7744194251345
0.270046311842524 1.71235782838694
0.275190247481693 1.61987804200851
0.284153860480282 1.45059683253242
0.265708798258353 1.79334075581283
0.274966842464308 1.62373381704965
0.276676781691138 1.59900582040883
0.265772514646429 1.79169375015727
0.266010245930403 1.7867691708106
0.280638998713943 1.52157786521434
0.274563948103745 1.62369333991798
0.275189074442818 1.6190839427627
0.264947552983169 1.81120155012365
0.26775514690055 1.74862263750969
0.270747446822794 1.69902189441446
0.276790564661502 1.5927157010181
0.276519874268443 1.59450497468146
0.266987492327454 1.76419216343344
0.264811217189478 1.80315919893538
0.270499246746756 1.70646108968829
0.277795009589126 1.56842053259305
0.273879560663576 1.64016715369471
0.27895065959758 1.55675941877421
0.269161479773277 1.73373703345446
0.274621131980119 1.62764484055989
0.276358362093838 1.59801292470955
0.274353503163205 1.63896305605033
0.27133408996829 1.68707240563521
0.274605726027918 1.62828287881606
0.280237059302491 1.5299540634187
0.268454457901395 1.74343133427625
0.274087042263813 1.63255818037854
0.277623947437862 1.5709757099012
0.279232797136991 1.54823653346189
0.279312471692571 1.54600099356221
0.272668988481414 1.66691773741236
0.275237584378093 1.60862932819498
0.277863096562122 1.57106469938429
0.274897725741136 1.62219914494494
0.273872489716894 1.65047791678614
0.274214388919253 1.64319974112144
0.278769807952973 1.55441277750907
0.27014574818385 1.70947041618433
0.279831500728531 1.53847860789557
0.277230403549981 1.58752942246631
0.281279570767175 1.50927957822195
0.271267952474828 1.68931002213208
0.276592346391827 1.58944350394605
0.27638070960935 1.59834904673512
0.261329393672481 1.86905624969681
0.273471774727177 1.654120128097
0.275149999292422 1.62138472759287
0.264977375242496 1.81593287126868
0.2765205541029 1.59624710419244
0.272918772065278 1.66090631125983
0.260575500995552 1.88942735273248
0.274818542484808 1.62459639630078
0.275817388047077 1.60923486293138
0.268124021286405 1.7423750217531
0.273329229156404 1.65220838326421
0.28266354304757 1.49135881424966
0.262579465370238 1.85073661694258
0.273875742540076 1.64063406011043
0.267012875868483 1.76516774762614
0.281758354086729 1.5030325703272
0.273686411868652 1.65128685345296
0.270223565251528 1.70989652159754
0.271958884617713 1.68131352041403
0.275007317543816 1.62452322743877
0.266383368190737 1.78143854865597
0.264356156407578 1.81692455070859
0.274135374724076 1.63373754051289
0.272535047888627 1.65978778813674
0.270519087302718 1.7066228027889
0.269637327600105 1.72501644378733
0.274546367862995 1.63733197335585
0.275118497802309 1.61981600081322
0.270043919646408 1.7151524347736
0.274731373494561 1.63099327259482
0.260270956686772 1.89045037080775
0.273480363427591 1.65110312951451
0.269206444057653 1.72781789218382
0.266152105230829 1.77934330538362
0.270607207956862 1.70203506703927
0.271447441171922 1.69157195073528
0.274889114856237 1.62750952789759
0.268552229141072 1.73567888153579
0.269233262352343 1.72913223551335
0.272028000765156 1.67951465543343
0.272888029817486 1.66388960761889
0.274876757180686 1.62415492935457
0.274291557160169 1.63305810467455
0.266946694839528 1.77310935715668
0.271119839554314 1.69280717057151
0.279972902872626 1.53660717924737
0.270863857471221 1.69523838916533
0.269329938632575 1.73106370835847
0.275507914280119 1.61570659938355
0.267168950723504 1.76020057750092
0.274287367509551 1.63064258845562
0.279567025250448 1.53965585779097
0.284448324902068 1.44757553490056
0.266685719239834 1.76823788455173
0.281065131998898 1.51293001598064
0.273336104260558 1.64941575400243
0.275911133655081 1.60350779869832
0.285334416420891 1.43907633585604
0.270709257285443 1.70199468177793
0.273188740896327 1.65914456563855
0.272163959466901 1.67339862262791
0.278864175214824 1.55581978453802
0.271024589161953 1.69413576485726
0.267543185881471 1.75102600801483
0.275849675838215 1.610856538484
0.27619528100268 1.60410702735882
0.270072719547149 1.71684677549671
0.279233238659086 1.54575485692491
0.278499369471974 1.55703127040805
0.272583945693207 1.66498439754913
0.272659079452475 1.66965321267297
0.270528221779939 1.69965458065156
0.278829215752539 1.55356838090597
0.269522952219752 1.72367815208132
0.280315545798333 1.52380787012724
0.272020815738251 1.67954650497189
0.271914741233089 1.67157179026058
0.278551190634529 1.56318469919545
0.27213137483993 1.67206868144476
0.264664475012185 1.81106615381114
0.273651786119053 1.65181550841739
0.276311723334197 1.5940250981916
0.268073168970823 1.75005324010839
0.275311170869316 1.62009465563715
0.274755740978308 1.62068247483742
0.275253521279737 1.61799922480316
0.269364215298152 1.73129519292082
0.278755863162493 1.55999850583051
0.265491800977677 1.79495491323252
0.275024007046769 1.62649335434281
0.278704820009136 1.55110004984429
0.272369796384653 1.66803303676699
0.266219245512561 1.77933826917705
0.277900416075217 1.56972956437086
0.276467168752312 1.6015182235141
0.278710976448733 1.55061934903197
0.270505648108695 1.70357182258181
0.264817281466783 1.80222130645822
0.260371746309366 1.88744111589903
0.270879676214914 1.70340996847402
0.271969737877172 1.68114112256116
0.275575070135985 1.60102007382324
0.277784327636705 1.57120793375892
0.272719576217216 1.66711727430352
0.272507330670875 1.66609615525607
0.272199368037974 1.66883253995829
0.27036608313403 1.70237705275823
0.272567318724259 1.665158515867
0.266587554912704 1.7757055737904
0.268159449250544 1.7456140511915
0.26972823620581 1.71487156543431
0.269911568766062 1.71907272872984
0.272226961169037 1.67365435687758
0.272640340875879 1.66538745584363
0.271384896817334 1.68380802186938
0.26882121220434 1.73654031241755
0.275277925477433 1.6175928424596
0.279312080399279 1.54548245207168
0.275188874034023 1.62354764324047
0.268004781095276 1.7520381360964
0.278746602922065 1.55555032039007
0.266171826460446 1.78647250233403
0.277395342834172 1.58347513818081
0.280481754196144 1.51866627068248
0.277297831985392 1.58251040676158
0.269778858377131 1.71604431663511
0.282529484654677 1.48757089212263
0.270408114390537 1.70754426566935
0.269874282871604 1.71820373446119
0.278918461863477 1.55654377001587
0.276643890580875 1.59418760117979
0.27933727243582 1.53754095440579
0.272981215920216 1.65538789506022
0.27168868084981 1.68628926543054
0.276607535490999 1.58646021666786
0.261448449079022 1.857769212544
0.26896526276007 1.7371399105348
0.275600950005868 1.61432892153259
0.273347416588177 1.65416678533721
0.26865714310165 1.74192713368263
0.26767688029422 1.75748168405065
0.275852782639612 1.60627202495524
0.273004893004911 1.65853115498592
0.271425385976754 1.68197781371663
0.270862617040185 1.70389104126537
0.272654399010758 1.66595614514429
0.271608826728075 1.68103540256602
0.272031881389487 1.67764007306014
0.270332233745522 1.70585639972858
0.271861695906346 1.67352581182607
0.272889018285679 1.6588508520581
0.271666942838774 1.68007769896929
0.265135162480139 1.80037878010538
0.283762552818125 1.46849119581675
0.272005375216661 1.67741956911532
0.274269332975826 1.63090709025801
0.2702081730937 1.7143354004418
0.271541134995655 1.68806540229373
0.270754409207111 1.70171918226347
0.273113892971161 1.65852919442777
0.275514933015404 1.61704069806991
0.261250786665359 1.8748964337642
0.270890610824799 1.69767325220576
0.273845130348568 1.64848895650325
0.274916424820357 1.62779736166447
0.272411220413808 1.67619126300804
0.281731006083173 1.49742493077201
0.271838480492927 1.67889860011802
0.279124113090527 1.54519132579828
0.264420041314092 1.82140422874807
0.279602152752868 1.53802258391752
0.277059370853546 1.58738169839385
0.273466390313714 1.65327682429377
0.266761403807214 1.77125888159641
0.278757140552 1.54688918297722
0.274226057016741 1.64110759542101
0.270259989322632 1.71607102706367
0.278490588192382 1.55775147042621
0.266972559829392 1.77576204179284
0.277410894874566 1.57923744482492
0.276761890493991 1.58430143290668
0.268398457568036 1.73896537051582
0.264268179761023 1.82086558298158
0.290178682800137 1.34644505733969
0.274196111315015 1.64238650723977
0.277820331745641 1.57405056372912
0.275794089080882 1.60591007598417
0.276468769076268 1.59326832278306
0.28138313645893 1.50760049017378
0.272644861934617 1.6684860444184
0.266562331615606 1.77437281496629
0.268472646984388 1.73975249333647
0.265214819963493 1.79757696087097
0.272243964278653 1.67509673509671
0.273019351393333 1.66266152837809
0.280513609122846 1.51867283949816
0.265230596929887 1.80194323074913
0.276759301228577 1.58383030306334
0.273783234518905 1.64845860491579
0.273716254896331 1.64593238377463
0.272660293907592 1.66577077966249
0.277860963043317 1.56156529936999
0.272957774787531 1.66140022275278
0.274421530066676 1.63599675461417
0.275453009076127 1.61243215911721
0.27536913334539 1.61098784937782
0.272200006097964 1.66973696357746
0.274080938526362 1.63994395922226
0.270128540248493 1.71028627935246
0.274785859018539 1.63195965008781
0.280901877295792 1.52196840373084
0.263541198855416 1.84013195507248
0.2717952738362 1.68892568742148
0.278773520531865 1.54882971645983
0.27426775097123 1.6388926744998
0.263725100328903 1.83260833218303
0.266591374688744 1.77587774180959
0.273646640898915 1.64293523965999
0.273966233321163 1.6438302752224
0.277670872026367 1.57705826892973
0.274825365543136 1.62678830501991
0.27100486088136 1.70084469733927
0.263129980440741 1.8403557134572
0.275959420251526 1.60801200675229
0.276589708219777 1.59919588552949
0.273650245261315 1.65264968836562
0.268207485290123 1.7472166795896
0.268147235969837 1.74043834211975
0.278480567635666 1.56475258526929
0.274801885641485 1.62797578154466
0.272566656050125 1.66711586886563
0.281066400040037 1.51510580502621
0.269194165620998 1.72891384102327
0.276765629444453 1.59675692605149
0.267726861800838 1.74808454499047
0.26933546649807 1.72808809879873
0.280816806451363 1.52126251374581
0.277100226489169 1.5854428111118
0.269688344378427 1.72172301769468
0.27013422456301 1.72104651777542
0.274714589780183 1.63261097067942
0.272188305423876 1.66870938873708
0.275376680134293 1.61849568119876
0.272703697442052 1.66927064807513
0.263561580916639 1.82659212345601
0.270466463700639 1.71056817116326
0.273775602595017 1.64249602115799
0.27385964544096 1.64567063867432
0.283896087326165 1.45703466187967
0.275334602917378 1.62043368414923
0.268215772583749 1.74651654610811
0.274696274284355 1.63162239780867
0.268429452567315 1.74042545564702
0.263656649324693 1.83310592619166
0.278609764565811 1.56000635663588
0.267090044550158 1.76829397582974
0.27433345112506 1.63722411895547
0.272545928200217 1.66121727007195
0.275567253118623 1.60885110386587
0.268173448988105 1.74925436342644
0.268952699336495 1.73132355066031
0.275824183318939 1.60551298346267
0.278918616610652 1.54985758419337
0.272112766333446 1.6758660996888
0.26856864519043 1.7387398141737
0.279266456980172 1.54530330881914
0.269939816803017 1.72011428499884
0.266264605684349 1.78667698338682
0.266722785109284 1.7686081736996
0.276143303236923 1.60434676621176
0.272183952060652 1.67397347890591
0.268738290389449 1.73466579330459
0.269304047582134 1.72433682663975
0.280130409969975 1.53699770732035
0.279537822503971 1.53689750069593
0.275014035095995 1.6185693965731
0.27722761490896 1.58624665048876
0.265875884011381 1.78718174297338
0.262193041144413 1.85343919496978
0.273239568311803 1.65385898885354
0.281886326231875 1.49675457252802
0.270143167747687 1.71381483753632
0.271964716406267 1.68002855164123
0.267878522695865 1.75283304754144
0.273938805892567 1.64688596949122
0.274398867035247 1.6318416610531
0.274205215880796 1.63596633136925
0.279835764761885 1.53693043135185
0.275242622101189 1.61894135538644
0.272140104543468 1.672573148511
0.273429144089502 1.6468429183997
0.277941126385866 1.56236174477538
0.276832809142165 1.58520490508689
0.264092202000191 1.81841579659591
0.275107688611197 1.62067087517703
0.271908458355713 1.6763288114732
0.261857440544659 1.86428535644326
0.270999157873917 1.69694289424578
0.268397524010753 1.74321369903334
0.275077316302056 1.61712801048879
0.26758231048146 1.75646105463161
0.273533685201766 1.64389508944784
0.273138017492796 1.65697247416383
0.266757166708821 1.77458395868402
0.275674795644624 1.61297387349003
0.273906982930648 1.64611288576736
0.271668757897514 1.68944651705345
0.271536521451642 1.6849976292608
0.27250161029544 1.66682845030893
0.265811859430263 1.78890833719269
0.272445742571942 1.66911202375741
0.278384892093667 1.56342468905143
0.263594887154621 1.83006585479637
0.271059637452166 1.6938908188391
0.278078008127459 1.5649016592826
0.273207991539495 1.65368709551186
0.2666227424787 1.78321145055517
0.272828643698861 1.65770023523919
0.274483962787237 1.63516188787207
0.268215078869674 1.74662626145664
0.272903680945472 1.65986432386204
0.266642838176864 1.77365073473756
0.27128221385696 1.69566855670876
0.268815692357232 1.73249366154001
0.277589013497631 1.56876250482051
0.276025841707196 1.60856220673632
0.265020875195351 1.80516702196387
0.269874716174829 1.70787363967151
0.276141568137424 1.60361623901014
0.276758527874697 1.58868048264453
0.274260745387857 1.63335360491413
0.270077793473949 1.70545792125221
0.27006296223007 1.71444578102815
0.279883773691758 1.53335959323815
0.267772270046547 1.75109279434456
0.275251524779259 1.6192558937429
0.268027004031484 1.74756631570826
0.278843348934926 1.54972020928483
0.276399261958828 1.59990648498784
0.279968528443258 1.54014493867343
0.281111862137602 1.5118282126508
0.269388761976029 1.72944481878955
0.277551047377544 1.570976732057
0.271232667855808 1.68542508965458
0.270153208340143 1.7111410659264
0.270566061351933 1.70872870796187
0.275549585515299 1.61248510757617
0.273306259911286 1.65849148893214
0.268294714795792 1.75095252247022
0.273429615945166 1.65441440454096
0.272561026964009 1.66589937630046
0.278354100985265 1.56009288036565
0.267713869940332 1.75174929533961
0.270548623236366 1.70502378739479
0.269000261873407 1.72981943094876
0.273674142932425 1.6515520259887
0.275632631281938 1.6159202380104
0.268454001557087 1.7367857362452
0.272339116247378 1.672472711981
0.272879329564121 1.65748078714144
0.269762817546769 1.72265342150536
0.281303550625014 1.51123449995538
0.28642086595402 1.41338000236272
0.277801107076081 1.56862237295146
0.275570896788143 1.61297069434993
0.278046143954521 1.567431811585
0.272329663754485 1.67460507766427
0.269368060877972 1.72475667658313
0.275477307483838 1.60460233498403
0.269944244722663 1.72455705033225
0.276040441622872 1.60244496269376
0.280373876056156 1.52533774990418
0.278939578936603 1.5511406225784
0.282093376450361 1.49610572926122
0.281228000393415 1.51106792158558
0.269434656292564 1.72985891517321
0.275806820440033 1.61060134620092
0.26979197234703 1.71105850078867
0.270605741850171 1.70504531930896
0.278721873059014 1.55411180536967
0.270141795719983 1.70834251053288
0.263605434908407 1.83354874071659
0.280266987929328 1.5266669941052
0.268275047332482 1.7453731492209
0.2782492971643 1.56194708446492
0.283458882350991 1.47084760168169
0.269540903601499 1.72256245763769
0.271258932417732 1.69148676948219
0.272215318613398 1.67511180032092
0.267739732263865 1.75363550516246
0.267357288395123 1.76594814625012
0.26341565646773 1.83019807371845
0.269192203451947 1.72432562697423
0.272432615960517 1.66667738576296
0.274578886407649 1.63013952824047
0.271208391235423 1.6844209688211
0.272319381600863 1.67531905394735
0.270892808125548 1.70199838568378
0.273674422126148 1.63892444316224
0.264850376644602 1.80350605150197
0.272699685627701 1.66213494622287
0.270605837923326 1.70020399093105
0.278625808060292 1.55196737300806
0.269072533622559 1.72799581806258
0.277654684687139 1.57212682430934
0.276636701151708 1.59568259905817
0.271970770043071 1.67604877891869
0.271445281232766 1.68702914237767
0.275114386926816 1.61606644814447
0.282755439428511 1.48533218394621
0.270660712315572 1.7030761137333
0.265581554934755 1.79023715769802
0.272854550349813 1.66435841563683
0.278423928107758 1.56306787729986
0.271696186201474 1.68567042768846
0.270300153820519 1.70290836996676
0.271860013412291 1.68226160521727
0.271216756671683 1.69513493755058
0.267069809026817 1.76106820007603
0.26522578412716 1.8041068789808
0.272609848083467 1.65821269533369
0.273450345690559 1.65831634458541
0.269648267050047 1.71817157683201
0.283054939347816 1.47776323084298
0.269371108207998 1.72423992773861
0.276238551287015 1.60562570642988
0.269020359611633 1.72995506577263
0.278703142444266 1.55376809829935
0.276128915572598 1.59881108413993
0.26274364794148 1.84446476888198
0.273936854349146 1.64734269717031
0.283497827632976 1.47011076470029
0.27294523711035 1.66671812225813
0.272522196574915 1.67046298956402
0.267301211576247 1.76653822536159
0.272226746403644 1.67430528582178
0.267365534324335 1.75815276045518
0.277045320091887 1.58577110500337
0.272191292879104 1.67324863462192
0.274506139233465 1.63575804822232
0.269251786949229 1.73084984158964
0.263218849275139 1.83719761961423
0.271829849975979 1.68276115281398
0.272291609912283 1.66851938022498
0.2792877333794 1.54539023247685
0.278553510255887 1.56388772323173
0.280815024733807 1.52087214480999
0.274551052308931 1.62380841250887
0.279917469051343 1.53686386289967
0.272844967152465 1.65842327237247
0.275813036408723 1.61169748681319
0.272652895661677 1.66011403866555
0.268889881798689 1.73498418147537
0.273801380978513 1.6432138193924
0.271458171946652 1.69136394819526
0.277751953778347 1.56826466552152
0.268808349287372 1.73539930837965
0.287062753662636 1.40322305676124
0.271337572326958 1.68518627198646
0.270682572628764 1.70288726490672
0.269819474189137 1.72164077018559
0.274447721379247 1.62831291389464
0.279253866431157 1.54145672120791
0.270866676807039 1.69767178863319
0.26493127925503 1.80553393172197
0.277228774298328 1.57844534336493
0.278038459462711 1.56681320981168
0.266354371769205 1.77974937883418
0.279258773290613 1.54503016016833
0.280368973947015 1.52307614697479
0.269955009878778 1.72422159403924
0.269891031377586 1.71328949852085
0.267730473765231 1.75774556997547
0.269077003692532 1.72859917093621
0.273194900325921 1.65625443555214
0.279491698304694 1.54112833826673
0.269058781230293 1.73021619258681
0.26601076962963 1.78244449389213
0.276154352696205 1.60244455279734
0.271354969160446 1.68280594617776
0.269613589960294 1.73112260172019
0.277175473274675 1.5849002888704
0.266279501754325 1.78021181169707
0.27978348876463 1.5397693273792
0.27677817104615 1.58678106188954
0.278460361999898 1.56053398925442
0.276124194906698 1.59829247684149
0.270981631941856 1.69632240279774
0.270219009662163 1.70431058009691
0.271786622421437 1.68664378531127
0.272331394457385 1.67562568054253
0.268853993435772 1.73635146217139
0.279963925560537 1.53648555047936
0.263229045621489 1.84025251951602
0.271977121656076 1.67488102656537
0.282172511658061 1.48891146521604
0.279989674574396 1.53346490266987
0.263801718646041 1.82919058770339
0.275497746191674 1.6142192776425
0.260586025581081 1.88786675129126
0.265013382032304 1.80035982775868
0.273614866668875 1.64837514752073
0.270919123997628 1.69644089722766
0.270713784550412 1.7019661247778
0.276996512729309 1.59035600820313
0.272358453518202 1.67266993203122
0.277378121213769 1.57407296921531
0.278330489739515 1.56025735719472
0.267368356829498 1.75610844185946
0.270746014687378 1.70265324229243
0.285634495626218 1.4316884131252
0.274869759645084 1.62411021645887
0.27805125985993 1.57088219070994
0.271711478632016 1.67937629619525
0.277346048473175 1.5811109124506
0.275907925153575 1.6068468908657
0.271764413179911 1.67544596604316
0.277474373518907 1.57918708850026
0.265981632375651 1.79029659552316
0.277263902534184 1.58171377482847
0.278777997602149 1.55556324972907
0.278757112962963 1.55762688575505
0.266157183693776 1.77808566355515
0.274621764944292 1.63353812937511
0.264166290630096 1.81873066318874
0.269999931168686 1.71023849688744
0.270625672817716 1.69864257985273
0.279839921197817 1.53046528653908
0.272997720650009 1.65807379550878
0.270866466314762 1.70194196986661
0.275247976090873 1.62085742932946
0.273938068113024 1.64140639789357
0.267939097893568 1.75141953202608
0.268288673762879 1.74605392795276
0.287589881658426 1.39241592870376
0.262169175837397 1.85623782067404
0.270159000723848 1.70626881407662
0.277619398465826 1.57423580773253
0.278322623093124 1.56252669773543
0.283879285752338 1.45983050245874
0.272970046523907 1.6574189531819
0.274488272431477 1.62277759634457
0.263804693167897 1.82579055529443
0.27290148531496 1.65332971790383
0.276635214751922 1.59671338250956
0.270820133449277 1.69840524753438
0.271878171902523 1.68716791192341
0.275699161306128 1.60939151137489
0.272335619709686 1.66789824996298
0.270543497605604 1.70424218991624
0.264398755441979 1.81782677055911
0.280793986174573 1.52536741521772
0.268284747466742 1.73954649056471
0.264546305127162 1.8146441415779
0.27177214260391 1.68416688786884
0.282156698196542 1.49645263521712
0.27474011030851 1.63454840252224
0.274261732247999 1.63701263643082
0.278491609885874 1.55966715712778
0.27164852514186 1.68146403280407
0.265905457070375 1.79228848453097
0.268348421282663 1.74634564267721
0.270273526249102 1.71007831461822
0.269871535228965 1.71447070396727
0.273505086757029 1.65485329808126
0.271709245995996 1.68495079610738
0.269884915182161 1.71258959295281
0.270718187296327 1.70320957541233
0.273291226658261 1.64991410396522
0.26359628240252 1.82992131856794
0.273262368929228 1.65301659554356
0.278085657802403 1.56298230510641
0.277073549230317 1.58115262100455
0.270710658263585 1.70348745500478
0.27846275287561 1.55792068940303
0.280852343341864 1.51481381127588
0.269611975752825 1.72529859984015
0.26323376677378 1.83797903385712
0.275498434046822 1.61559509313586
0.268292666869245 1.74728343929493
0.270023273727421 1.71004696772419
0.275847195324499 1.60720422987227
0.27019401080357 1.71348147389668
0.269870287930083 1.71880042670613
0.266579104110211 1.78158352671129
0.266208412749189 1.77748062964022
0.275771577597485 1.61477975758383
0.273462908788374 1.64959488087996
0.272540902652853 1.6695602598787
0.280565610894105 1.52159492076063
0.263644229548602 1.82760211036951
0.279319484775964 1.54566833415177
0.275930475259709 1.60719858551576
0.270684187481063 1.699078134025
0.277708072225228 1.57676274034818
0.275472506886315 1.61571014874914
0.275292294732672 1.61553900971215
0.270495748444329 1.70288660508747
0.270169957547199 1.71068293802219
0.273304596790125 1.65250432016051
0.265104331101659 1.80610748023055
0.274670731962304 1.62396352670965
0.275766804773487 1.61633096304156
0.273458808109788 1.6531219386739
0.278628027026409 1.55212137380801
0.262845681154006 1.84179951133862
0.270695161235497 1.69938724210188
0.274101487270574 1.63662360361612
0.272668183845 1.66471658443014
0.275758794597471 1.6123660578226
0.268789409534142 1.7423009824241
0.277628765985101 1.57571304188844
0.270176876665098 1.71401770771535
0.270595009481023 1.70468812128372
0.269046428205873 1.72842918268946
0.273197754419795 1.65041471456094
0.277535425491468 1.57187535139048
0.268901644799971 1.73654866067583
0.26703471679934 1.77026983560482
0.288584693102264 1.37393042073495
0.271337532779231 1.68100924432679
0.27788189259286 1.56189034706717
0.268189961925686 1.74560488876823
0.277327104841756 1.57881077495643
0.271474667200914 1.67983079955288
0.272803629488365 1.65988102477532
0.271780313649614 1.67789967505793
0.27140581625551 1.68789054697995
0.270830903561736 1.69666088065142
0.272787025389824 1.66375600417292
0.273832931548121 1.65145124377744
0.260470656217545 1.88433011540602
0.269595972762844 1.71758169505152
0.271327764310103 1.68959303436415
0.281264642418491 1.51195735339129
0.26804085279556 1.75280935588366
0.275259674888867 1.61667900517852
0.275205501324038 1.61501747670809
0.277156109418815 1.58168599824519
0.275398329096562 1.61822099037914
0.280594393436692 1.52002363949911
0.271988595494175 1.67200105975228
0.269569754968695 1.72667530549245
0.277004802154676 1.58958687184652
0.267268200062536 1.76527163444897
0.272676000435141 1.66365168839427
0.277904586275517 1.56997343706226
0.272086818064091 1.67486494311954
0.266094613774677 1.78596699557329
0.275987024059136 1.59954107135056
0.266207933647537 1.78739246055948
0.274576470481395 1.62953808103288
0.281232618552669 1.51147263206224
0.264952361302489 1.80961650558523
0.272763862358693 1.67047008662711
0.274669599516019 1.62965391647647
0.277294092851456 1.58734982181054
0.271788621588772 1.67759079582619
0.286779369607158 1.40576199807588
0.27858382373212 1.55695629927117
0.272385028548536 1.66566725357049
0.285923806074492 1.42440572823414
0.278447060021298 1.55473221486879
0.283178265167188 1.47241890196672
0.273106846455034 1.65465060602582
0.27490761063472 1.62747930923529
0.278408919226602 1.55838089820779
0.266878312676664 1.77055398114968
0.277829879627147 1.57233610061234
0.276498790592107 1.60321088012166
0.268082961054008 1.75557797254502
0.26510716593065 1.80395258385449
0.269871210237756 1.71491857828548
0.269268438811065 1.72647399555195
0.269996608848504 1.71167953377276
0.272959612362679 1.65848461749879
0.286378289930509 1.42040290243693
0.275234885556812 1.62304867904237
0.281578158878796 1.50510672948672
0.274390382251259 1.64032644878105
0.272679627322067 1.66326496523835
0.268066560872098 1.74579602299276
0.273325362124868 1.65649440324845
0.278580940394572 1.5565208892777
0.270742538915098 1.69937238298652
0.270823502685132 1.69586381233931
0.280786522845758 1.5144452472797
0.268707265920585 1.73471550590921
0.277779265005617 1.57240830057723
0.267412808000494 1.75722844978969
0.27726710654265 1.5829229505355
0.264485074264901 1.81060152694277
0.265573032479925 1.78983600693272
0.27665788059057 1.59424978679847
0.276454199017608 1.59648227480372
0.269507951609031 1.71940915411191
0.280213442597635 1.53219186447505
0.276081474912919 1.60354515852806
0.281447192192957 1.50782137076473
0.271328210377491 1.68730372832857
0.260977061699901 1.87266564012247
0.286451826687175 1.41238788127103
0.274047520750705 1.63845184857006
0.264875263642804 1.80753315199736
0.273449936521534 1.65264934514431
0.281494962375136 1.50758572561982
0.264173477748775 1.82154373448348
0.267579249269546 1.75660044381865
0.276070869394789 1.60255847957696
0.268270576417893 1.74899137194345
0.27229442138333 1.67590810936205
0.270374818774905 1.70808574361261
0.263499402939105 1.82258330037181
0.271572497694819 1.68492481683611
0.263833540698699 1.82034232526481
0.264063489770091 1.82034633892616
0.264889795652188 1.81376889384303
0.267406283810566 1.76550018634568
0.276766134386484 1.58820953813639
0.269470609130633 1.72556219352122
0.273181793936557 1.66612369048115
0.268605354639212 1.74184481085581
0.268773322602626 1.73053966384516
0.268114775138122 1.75393891545021
0.277184367674396 1.58204336744897
0.263801779901881 1.83213870141135
0.275033400796271 1.6260183066897
0.268604950043294 1.73969057747538
0.279375488820876 1.53670797682362
0.27860919202136 1.55744078089551
0.270553480283895 1.70150421288047
0.277153322831253 1.57903700434394
0.273069093408324 1.65358870829286
0.274806263182026 1.62515166053405
0.278656634205227 1.55632592455323
0.275250526984072 1.62122703925981
0.276679743530029 1.58577206409941
0.278004992350169 1.5713565992719
0.274112963060122 1.64406787927553
0.271092988335618 1.69332272751545
0.271752153262699 1.68603797023915
0.275545267251246 1.61551428248847
0.270852347988101 1.69411751172443
0.267941040560192 1.74938882485985
0.270674070270317 1.7004149047741
0.271573010322793 1.68583998216024
0.272337294454263 1.66828716876997
0.270891094817108 1.6992664465127
0.276171936777326 1.60516221941898
0.273750431393832 1.64696028274728
0.273337184882236 1.65951843983752
0.272127144684123 1.67070920357927
0.277527281197109 1.57997185807284
0.275374210624257 1.61901750577137
0.272188814534745 1.66752442962266
0.279331912003963 1.54078358678381
0.277242466843733 1.58855448784651
0.271984190693576 1.67485281707402
0.271705726126184 1.68475348859742
0.266043240861674 1.78330077937442
0.275664416162809 1.60905997723115
0.277935094044846 1.56605908495483
0.272385357888937 1.66620670676547
0.279059070623703 1.55480245111746
0.26431131340679 1.80896665876239
0.272760306989874 1.65748917506971
0.282207786624588 1.49096844553561
0.271651197630227 1.68253572999339
0.272212749820257 1.67626842122366
0.265180942451154 1.80426217203998
0.276937595068784 1.5862132910818
0.2630533636834 1.83735427497997
0.27154241501963 1.6833035139791
0.26313038126052 1.84042812254506
0.272125565735757 1.66971764708431
0.271208424972298 1.69028851811805
0.269752668905168 1.71414003592089
0.267262105956297 1.76902349844517
0.280758762543513 1.52040607013959
0.271923420865063 1.68056188076965
0.274076958437582 1.64399016557767
0.287611907795372 1.39813820777122
0.274185224183947 1.64015804844808
0.276636977799053 1.59449930486933
0.270902830835559 1.69530213183402
0.266635614718559 1.7726301547669
0.27067273926336 1.6993507341613
0.273227820438909 1.6484347413646
0.274721471001006 1.62449174049779
0.271854732701351 1.67620148734852
0.272626501589346 1.6695690786897
0.26937537699801 1.72790016359293
0.273987645976175 1.63916131156698
0.273675726179501 1.64899659678724
0.272450308277622 1.67159517157146
0.269844919693882 1.71966821291648
0.270138690450034 1.71282600811073
0.264312915990014 1.81629953912623
0.264981429543687 1.7982976167695
