0.266196230735685 0.060590205370534
0.26439359564262 0.104479486835891
0.243332478789079 0.66307139428796
0.254072333643336 0.380853349088311
0.245743176866079 0.60046075447458
0.237837240605804 0.82047405008616
0.267452158375611 0.0193956671759913
0.253249258458775 0.395169726058983
0.265584176453617 0.0638995380110234
0.259959679907206 0.219578883398509
0.278801867494862 -0.277915777219719
0.258484701196716 0.270649374840729
0.266100409471506 0.0647695103797409
0.265475998678876 0.0676017923775585
0.265563473623693 0.0803303170918111
0.259737595442676 0.225949394785748
0.263197109688309 0.128630630301069
0.266003249264753 0.0669480150781755
0.263024649035185 0.151229056213777
0.250476375516455 0.485809472772521
0.23997898722891 0.761663642125896
0.264320793794886 0.103625915706236
0.253597223039914 0.398475836599593
0.255612814264565 0.326787449467634
0.252847436347295 0.419859829543391
0.263939723206489 0.114875057293302
0.265712320989471 0.068705085878303
0.274338878912598 -0.156174644625803
0.246867709261126 0.572803681611324
0.260446792412635 0.209218579135262
0.26530693416183 0.0808296689097761
0.272972347034012 -0.115818918838813
0.262525991294916 0.158361067087996
0.262217329012394 0.165994165260463
0.255466595640816 0.35861305519371
0.264189493311378 0.119525993712448
0.260713698231887 0.202597848678107
0.266589535254763 0.0507883912297668
0.25832458722282 0.279613224711491
0.244547817512127 0.625791844772058
0.270633238395661 -0.0516430857467968
0.270356364172404 -0.055700760104805
0.263518085827603 0.129849834372356
0.252515623137534 0.419320848316381
0.263555975937898 0.124182327816985
0.251360482834835 0.464477467334589
0.273248116554972 -0.122502310339192
0.270919590664742 -0.0672619479118211
0.258648267978312 0.269229968845094
0.249302733439982 0.496728332085469
0.271540675227509 -0.0825863173656951
0.264649613225113 0.100741022828212
0.274391729163006 -0.155330540626259
0.276671195246526 -0.211570131700527
0.257005435394956 0.300664773555282
0.262733956736278 0.157048632759421
0.259483084217264 0.238790787277605
0.260061142873605 0.218770502080195
0.262881935672192 0.14444370265999
0.25321920388207 0.406837343176324
0.259060594792849 0.248404899167099
0.263734973574422 0.127448615863309
0.26296241775195 0.147376789444398
0.277300322420791 -0.226274393899144
0.252997029346536 0.41426228908471
0.256473577582838 0.314632766430374
0.247738938327464 0.547494868660656
0.26372298445619 0.132849118111417
0.250384181987435 0.477631509558163
0.253981363137284 0.384122278715654
0.256031535563814 0.32520449194603
0.261048759401141 0.200602951791625
0.246724518075671 0.573436970693454
0.259154236592429 0.253087218588731
0.271144073360506 -0.0673638864398259
0.267168287222702 0.0395256957715209
0.273618678150294 -0.136981506347455
0.247305831453152 0.566791279447348
0.260230947073943 0.210740919044437
0.25103993767384 0.471338386563325
0.252564821997932 0.421202018536688
0.25580066682791 0.33517946982061
0.262301121927633 0.156633384094778
0.266696227224258 0.0394579616391952
0.261728387411787 0.176315979890601
0.26185066552969 0.182337590379756
0.268262825130276 0.00231981489282881
0.270895259878058 -0.0595860872352913
0.268971924070794 -0.0183653935196788
0.276825310591424 -0.218536756962855
0.255870507856321 0.331204803315548
0.275488746339419 -0.184464494982725
0.270723016370381 -0.0574148956160935
0.271790374865036 -0.0883909837288797
0.263301046542649 0.142621778614345
0.253810222082264 0.385677821602313
0.26051349373457 0.202254375875961
0.267284634885454 0.0346347209424769
0.250881045185513 0.470641021538052
0.259483732950885 0.238965153270087
0.247691995287461 0.558712624439665
0.239799920438045 0.750739288226252
0.264290932667359 0.113546475333983
0.244738239966217 0.624660199253155
0.254320201127192 0.37916768362015
0.260342389966911 0.21849292526817
0.26225206526384 0.174259892591029
0.254062128690937 0.387499856642471
0.246871127238708 0.573155603965582
0.250012102898041 0.484205672148402
0.255803033118069 0.334897117749548
0.249610421242616 0.497162070745922
0.262452416408302 0.156083965076784
0.266130465793553 0.0715960921616828
0.270219774058103 -0.0441252099318161
0.258135080987473 0.284674658262665
0.27407879400912 -0.141805685823271
0.26933474130918 -0.0167750726506169
0.260109878655221 0.207421169781369
0.269458846190242 -0.021885757061523
0.262294285585257 0.168985886078597
0.25757723082079 0.287284668008431
0.264300935081593 0.115361599072751
0.244989424185071 0.616742781923265
0.248682335484654 0.519720416043032
0.260622595250813 0.206616411880344
0.261066637291997 0.207018726627736
0.256480313431946 0.327022086608818
0.242454263816599 0.682555654633947
0.265299540830496 0.0855971061814164
0.290635824830351 -0.591616690579444
0.250208160963645 0.469673699458433
0.266140582267249 0.0618587808695709
0.259223458213999 0.241507710484078
0.260309881838203 0.206316431346338
0.258321384838945 0.26382943490762
0.249529043022934 0.492564010273249
0.243390086055473 0.663129436451031
0.261653350034318 0.184151329990785
0.256836681377504 0.311364390172958
0.264336751507986 0.108517036590956
0.263233560208685 0.142581843398461
0.271478978606708 -0.0814381402475053
0.257367851604417 0.295464288781067
0.251827794380731 0.436785435960266
0.249173869408207 0.509540394577033
0.238198126459235 0.799673003525794
0.251357352642576 0.448677846926728
0.256821793224554 0.307361692719035
0.260538447453224 0.214902997617322
0.262327308029223 0.168750030011599
0.246075317141139 0.594873322690893
0.269243566628414 -0.0195239112559599
0.256087494421558 0.3281957042658
0.263931887527787 0.112134253586359
0.260790090006269 0.197131991387896
0.27885100797688 -0.278085297534723
0.269437985648766 -0.0227021758307592
0.267002235541659 0.0335928247258851
0.260525570626842 0.204265097910173
0.25382817623389 0.392062685848054
0.276011743343986 -0.200688712879208
0.272423818727979 -0.104215153107617
0.260437283203445 0.224362165993233
0.268822252461909 -0.00847982778450873
0.262001007586325 0.17093549869453
0.247846462413686 0.547388809319021
0.24250655802016 0.691116533555491
0.255482179010839 0.348317806098426
0.253295493713522 0.402431180709177
0.260792316485658 0.203087719654888
0.24493416082415 0.630591962179129
0.256457301606012 0.311503751297088
0.262158593104916 0.165133601809219
0.270272272145288 -0.0446674904985301
0.255184839828721 0.356996417918147
0.2509119161176 0.47360921857495
0.281533200359453 -0.347931208341956
0.244798707527763 0.62636557929099
0.276051815473968 -0.202502657164311
0.274981541794442 -0.169095630462637
0.26533934909649 0.080606304182716
0.266273446496081 0.0619435181918585
0.250733983693199 0.468163401418505
0.259418615937619 0.239444774259682
0.264676270952867 0.102634875558436
0.262773884919787 0.143571600069534
0.26300785988152 0.147966513211814
0.257154852329374 0.29947507640438
0.248894670714209 0.523040778590582
0.242135280666676 0.700535762433807
0.279487292649887 -0.295985711997845
0.261321557265174 0.19644561985186
0.263305715678754 0.134205708467032
0.255619950611319 0.339726807901067
0.258519120276944 0.25638871321985
0.262055027478385 0.162795374277779
0.268265754573082 0.00203198796259452
0.271298869321783 -0.0738329001306621
0.251954446408838 0.435521970842059
0.264200947079739 0.118011605480853
0.268755740077761 -0.000243089904278432
0.263959685168745 0.127694916133055
0.256947338371798 0.299360762293916
0.260941720156712 0.202615839381822
0.24666477352453 0.584429379587889
0.254134556209609 0.381034943358842
0.264603895539657 0.0993471340412461
0.273290665536752 -0.118079426453184
0.252627964237332 0.423669969671695
0.26374595726314 0.135485541635642
0.262032726762859 0.166686123497972
0.265022114151467 0.0913140982563261
0.263644083691139 0.1229522554165
0.251729499235494 0.445953253646146
0.250247013883045 0.483942097428046
0.272267949962028 -0.100758625788592
0.27036446375435 -0.0497647054064677
0.265026248264623 0.0963687807357326
0.257044252719016 0.299434771617169
0.257698051219682 0.282577606359517
0.27175008280449 -0.0781899397556677
0.250118372836025 0.481328304744023
0.265482832667409 0.0750505149878834
0.271872595943382 -0.0949748031706947
0.262882758581063 0.143328249879991
0.263772323829132 0.120836744436742
0.261053790124154 0.198059520211002
0.263443834713219 0.124475512582903
0.260643647082102 0.205600476907587
0.254913630977057 0.369030192303412
0.243281806293523 0.670258882620817
0.270415209471092 -0.0547769331945942
0.266700567575171 0.0564921260822065
0.260292271133903 0.212916729459781
0.269622048301589 -0.0336730937860358
0.259115543228449 0.248189272522184
0.268838520278153 -0.0131399809882075
0.246263342653537 0.588531818154645
0.25811888811138 0.263967297664538
0.260644885499792 0.213294959841053
0.256446227777684 0.318855783929352
0.256119449090005 0.332369640904847
0.255595051938265 0.34362294475995
0.25286116546957 0.41813426369644
0.257064819471251 0.309350447449695
0.24970174492016 0.496825371693859
0.279895425660711 -0.305969074852461
0.25431625057485 0.383219205112526
0.257055742764013 0.297730363261005
0.274997256734562 -0.175217503097467
0.251058312882558 0.466666665123954
0.254828800700711 0.357830464369527
0.27009084783355 -0.0367288994550885
0.2520882326374 0.427735784345692
0.249558268844555 0.501107190605441
0.250733709907432 0.457718017041383
0.257002142459238 0.302576026109531
0.253295603363977 0.3997734145786
0.26162125869687 0.189375561135363
0.265039500089443 0.0875942704444879
0.245964456171119 0.599927788835581
0.260304202807403 0.228132119886732
0.269412469782415 -0.0303442583850998
0.251776151627649 0.441266825141253
0.244752133580863 0.626160399719002
0.272674167610669 -0.114720853038082
0.257879703615714 0.287378447750614
0.260360189921652 0.211475069550272
0.263340706341445 0.1399148763821
0.265224903999847 0.0898551741210709
0.252190455364518 0.431243157320818
0.265651421471748 0.0674637493781278
0.268053767952288 0.0207764405842233
0.274231153563277 -0.158685439439491
0.250268538124893 0.477620000196178
0.239465052605313 0.772099747757461
0.270027534138117 -0.0284489441437673
0.258688272162196 0.260204980359299
0.25926716140163 0.241484307803434
0.253639362346228 0.385152120693316
0.264952025202875 0.0971088795453825
0.274509984694812 -0.162849892496709
0.266343526709603 0.0579505799675478
0.264472832514025 0.099955595826834
0.270074243653406 -0.0317503248162896
0.258555904457934 0.267265914741217
0.256437222677031 0.311833817508021
0.261012860071325 0.203141215967396
0.25891043795531 0.247615065376659
0.249660176916309 0.491975335603521
0.250931847473928 0.469365545213965
0.273712794420085 -0.139005701815794
0.265642555557422 0.0743934074113361
0.276285324171225 -0.214312640826554
0.252973179610915 0.417928731529326
0.275680473650971 -0.190667187161238
0.25748829123621 0.287745881708805
0.266027290671113 0.0603441554927568
0.257917262611888 0.282723086709495
0.256903346230748 0.310736350418593
0.26683455168558 0.0399452856483936
0.26231683103158 0.154630928722056
0.25924932756525 0.237193546519315
0.267389526157448 0.0303574807528471
0.265879753459422 0.0718578045397969
0.257100090863263 0.299455864162874
0.271171298907288 -0.0780611426633862
0.268440645558163 -0.00685265975972171
0.27066893277252 -0.0601166952022123
0.244408410411419 0.640799588106505
0.249144627304872 0.508434451536577
0.246957323429328 0.572453934107268
0.257528666421851 0.294460801104092
0.244522711603887 0.633032259274212
0.254120600470723 0.371440967174263
0.267451203401486 0.0366897809230599
0.260380645544598 0.212825231699605
0.261913616040813 0.181307411983508
0.253506317898034 0.390077790899712
0.258942255167139 0.257207376707232
0.26033172619179 0.211539246666825
0.249320310453016 0.502408242925287
0.262606915798146 0.153710797091633
0.250502165011731 0.471924173613068
0.253125823184029 0.411572457159791
0.252582535966117 0.430424077359279
0.256769687114147 0.302757379341154
0.270203091202458 -0.0383176050927358
0.255025879387204 0.353132935934253
0.25749252000039 0.301343812268181
0.26532332049302 0.0845675817370228
0.255602702635596 0.336719623105892
0.266271153202026 0.0628668562261063
0.261674439481906 0.175435183492106
0.258467460803304 0.265064035981456
0.252389767558942 0.424654991817467
0.266879071287311 0.0492930154106211
0.267900115273153 0.0104284757199172
0.252273241980529 0.428105217529989
0.268018848454399 0.0116696441725878
0.261182424053481 0.194069628257147
0.266069628358199 0.0623234200514384
0.272025441538671 -0.0901706566170697
0.265542956134304 0.0746985175231397
0.255818907307801 0.321969576427486
0.263056233035876 0.140054105126071
0.258752717695982 0.267067945520369
0.255688281229487 0.340076905713735
0.256756106676208 0.310429902178518
0.258410664262015 0.265591594272664
0.256608910012448 0.321030140404084
0.244351150916553 0.640767144971989
0.258421900444282 0.258339542960569
0.263383794508982 0.127527103010982
0.274731459930361 -0.173371766235865
0.247784381546548 0.541896552664647
0.258040292421371 0.283294521782184
0.262445451955653 0.156705050673373
0.246633028794288 0.583144282837289
0.26410098605556 0.126743612702555
0.266877293379177 0.0426112916849428
0.261035225761317 0.197666670441179
0.230032510150339 1.01999564840433
0.267459590994893 0.0366792977438979
0.259093537146443 0.248390503619511
0.270173546032967 -0.048242679908643
0.259073668967228 0.254708774972965
0.277033381352958 -0.226813800514153
0.265002738675526 0.0846116274017946
0.260190291510354 0.211678462713495
0.27615211329108 -0.206088584770698
0.267510956530737 0.0327864403090665
0.250892042146426 0.455432364616571
0.262910279995243 0.146793740273197
0.256969846475681 0.30867611577939
0.256610810212942 0.307143137079677
0.267347053895182 0.0319676086783992
0.274301730903241 -0.145714395810495
0.243844295988507 0.652911737554703
0.262675435230755 0.146344155851005
0.270799794393352 -0.0605476517418808
0.271116221434429 -0.0840487783832042
0.267280557177421 0.0317333388472748
0.262089146298882 0.174660011565192
0.26329294378389 0.139109603183051
0.25979939473962 0.230801240075314
0.263420730001892 0.138191696435424
0.268698579680123 -0.0168095761695078
0.263793478829173 0.118558438188268
0.26968949115838 -0.0382810607594214
0.270737364590359 -0.0597780570403391
0.239374042981656 0.766806671925562
0.265828723272608 0.0717840148684692
0.255189391158194 0.34718767934576
0.253093665967562 0.409310720693876
0.26502331668752 0.0900653575494581
0.250024122353434 0.498594490480922
0.258942153399643 0.256196001311186
0.263081138198335 0.138133443666957
0.258812921443333 0.264991280821138
0.262112979298101 0.163884177179055
0.261962645020366 0.170948276823457
0.259833512825866 0.225957938489805
0.251169030561447 0.454632591464193
0.253493036371865 0.401271973906073
0.262560935182314 0.155035304129863
0.254522513101814 0.364378843407606
0.274333789441184 -0.155474879915194
0.270300229930709 -0.0453307145322988
0.266655696350942 0.0505250425690775
0.251660737588397 0.441766506781974
0.248760939153914 0.523242298394492
0.263049965605055 0.14814743259075
0.265227713479157 0.089957250103882
0.271044313421996 -0.0685308910155388
0.254904414501168 0.355475061367233
0.259498231562017 0.242251614958011
0.259360060078532 0.237368416021489
0.261500208797607 0.193697244764506
0.258780048619544 0.256810002551484
0.247921584790893 0.54476057737604
0.254305972708685 0.365812811339573
0.249108500269745 0.510631444218798
0.263042045135159 0.153948577597972
0.264184654521969 0.105114215329137
0.255976957568723 0.324110705837901
0.254952225715921 0.350097227845597
0.242567340893509 0.691741646819079
0.269217556219478 -0.020199427073072
0.260777739346178 0.200692720595926
0.263309918435938 0.140148103083386
0.25946515343698 0.234429897943325
0.266062238464503 0.0608705752466335
0.247266203858759 0.548424466083232
0.281622045769308 -0.354423666263224
0.245514011679242 0.607218291343966
0.232141164403279 0.950815585867313
0.252162946720328 0.43585693069689
0.263599488659105 0.134410428208258
0.260131500399199 0.225412359500493
0.265323084874154 0.0820961735296859
0.257794147908785 0.278199308697747
0.268650249035848 -0.00635924150673131
0.255909903639916 0.336126941852038
0.26063142273965 0.200084867272989
0.27009539621727 -0.0515405627024207
0.251531206535447 0.44222823192599
0.269838242575463 -0.0361857182507781
0.269505234190499 -0.0272068257566808
0.252844742926589 0.418145790800733
0.277592840087275 -0.237085475345426
0.243085309269299 0.664966023806243
0.251850627098793 0.44299324532413
0.253201112885087 0.408365240047289
0.259938121661436 0.227653617306446
0.254026111612166 0.385539463658283
0.266609111459245 0.0511756273408749
0.25794131750808 0.279201965148313
0.2685697244102 -0.00262702531385131
0.270181497336135 -0.0476006263544517
0.262016266140125 0.16943118029014
0.266932834265025 0.0487177866933014
0.269121209536512 -0.0193138906121519
0.265979015603408 0.0649504148132554
0.251680378995734 0.443194865158255
0.236759122995259 0.828992851265535
0.257352667804154 0.300401467629834
0.251822449414342 0.43004847984788
0.25305040594291 0.413258284497837
0.246444212427275 0.580228155011962
0.261521869330436 0.190961901634383
0.268987170041628 -0.0106014451167184
0.260599040856788 0.204400251410534
0.261186659904329 0.190029676736339
0.276643449006249 -0.218036959380526
0.273541550599087 -0.129168060066825
0.266674289544595 0.0488724935807488
0.258758649782441 0.259965962697654
0.259762319729322 0.226133572743278
0.26870647482918 -0.00392878810078789
0.267297011025422 0.0312222282236443
0.263360198565645 0.13155949433847
0.26444352328638 0.101128166358161
0.279414656139699 -0.28596971863071
0.252150447485928 0.438441512218274
0.263419880395704 0.135898050575337
0.264511807775243 0.0964100697125285
0.259355568771064 0.242120707579835
0.249465613332364 0.502865294446569
0.26659477740462 0.0478020287346902
0.265831107973087 0.0689191053641531
0.254531061463029 0.364763813874065
0.259932758406732 0.216771147395323
0.275362588247468 -0.1837839881103
0.261888796672548 0.17096297747378
0.245856936195945 0.592848839361526
0.261311732383474 0.18869047453275
0.265841559190803 0.0706078975066681
0.262409955459445 0.161917667043157
0.286570494208531 -0.474148328170485
0.247356580980973 0.562217552238931
0.249098674333539 0.49858091882343
0.26242376728567 0.160100012878456
0.260632557980615 0.198626514977069
0.242510111760901 0.685511509720861
0.257947055658135 0.274235791737717
0.260406700461032 0.213506032082374
0.248457119336694 0.532688390960176
0.257730533118713 0.284555952591671
0.258796987708169 0.241770628766646
0.260870956246669 0.202297971024834
0.27620519002302 -0.202749448422137
0.25773689554406 0.281823132572188
0.266036632476563 0.0607270432286504
0.260846270051098 0.196686845974763
0.262743601125189 0.155548582501148
0.252629370860819 0.416219184899427
0.253938848019631 0.384034947544429
0.254301279915517 0.367128991347002
0.255230423600189 0.353424114297115
0.259326137956011 0.229899395825479
0.270831299167853 -0.0704307151150987
0.268798304027217 -0.00949964190356026
0.270554188643331 -0.0443721711716936
0.250764987646865 0.466428334631229
0.266231116899346 0.073581621471369
0.251004718087483 0.460579965672637
0.248879552572434 0.509710343099197
0.259844085413489 0.232438780562839
0.265850618353107 0.0674377908574755
0.237419186333687 0.827631134910842
0.247012782966153 0.569002191843326
0.251638184354018 0.451840725963066
0.257984870966691 0.286300074674645
0.247864696361212 0.534675894298272
0.261015514674711 0.19827992935922
0.254060614588323 0.379835705099978
0.258639055120074 0.259334318433332
0.249341539447114 0.502220025332816
0.265231329573457 0.0851444106315861
0.262831388169329 0.150296085846887
0.262114845947296 0.169137912563006
0.255872461252603 0.333176058425826
0.265240393605974 0.0843911311212491
0.249391877805058 0.504931224839434
0.28668529330699 -0.490110708239275
0.271766347971024 -0.0875577485420271
0.263608134040682 0.128999871359666
0.275907806634246 -0.19150668098548
0.265764228091413 0.071049527329679
0.246962567819536 0.564349074383137
0.268762557131694 -0.0161980044463025
0.246621396395549 0.585189729578478
0.273976751282812 -0.13335421358377
0.262806160800861 0.158267748435716
0.262876047860234 0.151844991364837
0.247409058808856 0.547237340934205
0.257113217215418 0.292765592528265
0.270322562942867 -0.0352229944785372
0.255565087232464 0.338887857510508
0.270027444098962 -0.0440569769050882
0.260108095625551 0.230403636022245
0.260134998787089 0.222833512158772
0.27389534760784 -0.132682443548297
0.272070109510216 -0.09832504356462
0.270887114177006 -0.060914556031138
0.258412766642471 0.269763079475617
0.258518686371613 0.266138878042927
0.253733461878934 0.390510510430103
0.24423794394542 0.649399149520681
0.257059950369717 0.300341190434011
0.263524125428542 0.135310068991528
0.269144957389301 -0.0264699391921158
0.259456092003882 0.234201062977046
0.265550581353446 0.0850917161223116
0.257013672291643 0.303645225389418
0.270527985704587 -0.0483095026813745
0.258602857497624 0.253229608346345
0.256597735109737 0.315088027335163
0.261720238700223 0.181071140489451
0.249251689908015 0.508589719420893
0.271352952451571 -0.0853310716006507
0.274916789716554 -0.182382597527753
0.260409328795779 0.215744760884684
0.253474984838771 0.400127367282103
0.26164343379547 0.17222277400726
0.242435307917108 0.70088839723485
0.265733180595131 0.0703108650208721
0.264755554769064 0.0876790888746137
0.2535647088662 0.396135430901029
0.27280306100405 -0.112734808107491
0.266658291739514 0.0356109778039939
0.262117420868197 0.164386848754645
0.250941836669901 0.464280053527942
0.249478799232883 0.49316997585483
0.24776013967676 0.547203648281079
0.253746447649219 0.386483793095214
0.261966848463853 0.160242156537266
0.268264411325645 0.00936356352020995
0.265404724675047 0.0859302552847024
0.26624004137825 0.0672593526202981
0.259175646361632 0.242227086094345
0.259154964237525 0.239315678148819
0.272074711784613 -0.0906662745964067
0.279273230741558 -0.284923519902528
0.23990552997988 0.75746457719438
0.230846146507688 0.992144704236381
0.240782673055422 0.731530397947824
0.274593515550578 -0.165127671163085
0.2374084954316 0.815277503964707
0.251312373713784 0.453092535814239
0.264201898947568 0.12079551206088
0.261278886031041 0.197402234048466
0.269420124689939 -0.0254344006572935
0.261502222623252 0.187813416127201
0.274848846290673 -0.171107224817536
0.258073809633642 0.27527997069536
0.279053232664952 -0.281415380149353
0.261700545871003 0.176376633261238
0.259144056220712 0.242575016849898
0.254905351924272 0.358951809879873
0.255340642753761 0.342708374397108
0.248442076983996 0.526292614128435
0.24391309322932 0.636326703085319
0.266476697539993 0.052554683744371
0.253971175073029 0.368979460543102
0.257330413953872 0.291612563954727
0.260905729300971 0.207722952811436
0.278703762830847 -0.267234454849071
0.267607973280095 0.0278361084505298
0.255862364713822 0.341290262803056
0.263214041017315 0.145326774314631
0.265133874998089 0.08843059535822
0.258257346396725 0.269442682848826
0.256547010430975 0.321047725515112
0.266605189016435 0.0473740278211624
0.269638327277284 -0.0251132469331881
0.258919043193139 0.250343320663971
0.248551200825948 0.524951925822386
0.27523509110092 -0.178035166711352
0.268343775958215 0.00624168695377017
0.275007827624226 -0.161383139425471
0.270650567552177 -0.0473765179549559
0.252797183679183 0.411472150638115
0.26614106539545 0.055987548044305
0.253944327323775 0.384308344012268
0.25253402545791 0.415756300034806
0.258437224711115 0.263659876764292
0.240608532674792 0.739480595502642
0.256918800344904 0.311222339869668
0.261552351757239 0.182312689824524
0.277309245169091 -0.237518566508959
0.268025565499777 0.0112794193449338
0.256626338221401 0.314108606584374
0.264390999759979 0.100395879636909
0.247474356769427 0.557562229713397
0.27192749836498 -0.0904586362413045
0.275645285391751 -0.17852717882458
0.267334009177346 0.0317862407696614
0.253742400728043 0.390365387258032
0.262318813525932 0.165271126599478
0.270516090678673 -0.0645313365951863
0.260885384031333 0.200157793957171
0.253777580131788 0.396689793012032
0.263986491909848 0.109980724109215
0.243144179972158 0.669227046994256
0.24932327105075 0.510551400194564
0.27452635696426 -0.160489795792802
0.268550614973725 -0.00868885800848365
0.266936558033804 0.0333468482646255
0.250312449693645 0.482343665662004
0.260003109713385 0.219662312650671
0.260629865119021 0.203093989566005
0.259998285301519 0.232859231594243
0.247321631292323 0.566662568771543
0.267828908971388 0.0138865676165324
0.254724453758384 0.363292422339761
0.257127916614741 0.306847567288616
0.267967701427781 0.00985985712218901
0.254191905433602 0.375672033060574
0.276577861647761 -0.210555738008739
0.272892220061784 -0.11455218435016
0.258751534134047 0.247484399292752
0.279648993354482 -0.300507037017291
0.262558902137974 0.16094016459681
0.266607219906672 0.0520966275737379
0.252241367394815 0.432154317148232
0.242960245440087 0.659271938300295
0.261730942312482 0.179106330160836
0.264870420036585 0.0922044439872869
0.25696175016633 0.315980615045579
0.26141566234661 0.197263097065309
0.265447898160806 0.0805661027903619
0.258419424909059 0.263473958573075
0.255776868176279 0.341962525932694
0.266475322691693 0.0614350065963136
0.272048234048699 -0.0933658541016164
0.279251707318282 -0.286529652578675
0.2575957940228 0.280868951460479
0.252531878291904 0.423268087451402
0.243576220230273 0.654598049764735
0.267401246635499 0.0344673362218361
0.261468267324106 0.187953354570028
0.270185787771591 -0.0287642785445865
0.260105235540002 0.223438469550928
0.255978791908227 0.330365621825287
0.26712013387779 0.042221322107444
0.261680279948319 0.177713198984441
0.251621050206882 0.448894172116906
0.262655725360032 0.145950187086924
0.271781237482242 -0.0884731599048553
0.251252875868628 0.468390281617166
0.260401645400853 0.216657293034682
0.261829048723859 0.172217112587157
0.253105484424004 0.402175923821967
0.254555967056429 0.374533494546471
0.252292501987986 0.435434534739168
0.250794948587886 0.467491769290267
0.256466683992394 0.323107287511838
0.269716820898935 -0.0291416000869125
0.250300653220775 0.484029601545187
0.268817654231129 -0.00822166909027805
0.263294547499124 0.130293813583029
0.260222695300823 0.206743614664853
0.259853381094899 0.231389713195958
0.256951893764033 0.312297757018898
0.26659827061822 0.0595818069855562
0.269745569018554 -0.0345213666353983
0.258145398223405 0.276234235876935
0.258266652337711 0.275530873749748
0.266352355845281 0.0553347597936746
0.265873884473419 0.0705083216409209
0.278747769074243 -0.272908654451303
0.254376422716055 0.366164673091363
0.253587092339479 0.392688983129615
0.259104835234712 0.254403295688512
0.265499981728599 0.0837753055564698
0.248363993198767 0.524751901535998
0.26032081756391 0.217453505559435
0.271199461226921 -0.0676720262996909
0.252846587499588 0.417879882956577
0.253237502340154 0.401759927850026
0.242399512266407 0.68601378955119
0.2664650820373 0.0590402835006671
0.281749116461068 -0.350800190493905
0.246486412680255 0.588574207243765
0.267576144671312 0.0202305337378657
0.263841190744434 0.130761457525505
0.251041524166864 0.465319648408676
0.263723159368042 0.118458372594889
0.25242761107124 0.41665363433997
0.251463433707995 0.449842633294894
0.260098111828245 0.217906122747338
0.254820999800728 0.35213133910849
0.268192841687699 0.00936629327484792
0.263380664105804 0.130216399570735
0.2521963887908 0.426483140949815
0.250383209601144 0.485954339965096
0.253628987170085 0.394122617150514
0.271798281105408 -0.0822689638915299
0.260058385099925 0.221422603065349
0.247023526309227 0.57308406864682
0.258365978774139 0.266291006803322
0.262660417386711 0.142664429861493
0.247688861229412 0.556109913467306
0.263110008074738 0.14672945771369
0.25609596227716 0.334001136673928
0.268401567498985 0.00244462280588395
0.252088830068732 0.430633675077389
0.278510620709327 -0.267743568169055
0.247886390397586 0.551132613769008
0.263073101196756 0.136347796310803
0.256559971176786 0.316708938361133
0.267524494074186 0.0275523838519003
0.273687575574534 -0.140261847455082
0.267308941322273 0.0349121097953545
0.273810542209398 -0.152315586348615
0.252880618663767 0.420476708893335
0.260576721296343 0.20543152588805
0.257646794465621 0.28662122967398
0.27544134866089 -0.177229644063802
0.257099191109554 0.293853500236069
0.258507861458366 0.266188387111432
0.261957431576305 0.177813424237521
0.279100505706715 -0.290890583785474
0.256739124230901 0.310297699761932
0.263883680879203 0.13037781220624
0.260296533958398 0.224681200695962
0.255381889152589 0.344598272182134
0.270462973458302 -0.0457379761273196
0.249217962461839 0.502510495825456
0.258377289367795 0.263407228387632
0.273014527698827 -0.125049492562708
0.26245929551532 0.158696611470702
0.261483682270723 0.193749387614736
0.26268082030293 0.146720042131421
0.265784378231224 0.0697143412565527
0.265696386443165 0.0643589629366969
0.275481133015445 -0.186728642649766
0.25234828817988 0.435169471288104
0.243859188805987 0.655947732285938
0.26201047632321 0.154676224642429
0.258793858465967 0.254367656541624
0.258920639163104 0.257238006427006
0.261949421730829 0.16959095432643
0.256575035224449 0.306990562238607
0.268411847562443 -0.00494438456651836
0.252854986412661 0.410347575931272
0.265970273198028 0.0661886547049542
0.261225408018313 0.189526934606389
0.27267563353203 -0.116476424887339
0.264276112736102 0.116850218439256
0.247668492882313 0.550569380977273
0.260492230041225 0.210849526246715
0.254885049734361 0.352622191806502
0.251652133181116 0.445952416209484
0.258642408459817 0.260632750853321
0.269029588155104 -0.012563235374325
0.274662777156318 -0.156635388627988
0.258061592073136 0.278958491607933
0.257546803925639 0.290733868313665
0.256200829639408 0.329333142422876
0.256121512429327 0.333312284142801
0.270588497517307 -0.0618525124391443
0.251077101230052 0.463161725390887
0.273522359871318 -0.13634673639658
0.25438368456431 0.37602232257674
0.248069771261997 0.541446041713851
0.26417349145348 0.116998501936089
0.253003659167218 0.417820420546499
0.253901434150258 0.387879337531913
0.264172906476211 0.105119629070068
0.263540036762126 0.124131345867601
0.254661029860719 0.370844493582611
0.255959775664451 0.320574174536928
0.261802698002844 0.158303707327866
0.285239346473676 -0.436037571219111
0.259114747182572 0.251968004457322
0.263641777388864 0.129848628887342
0.272022485698463 -0.0880746041860993
0.251645666207618 0.446865570591722
0.264449154745459 0.105162885342291
0.271639758637937 -0.0846519533057462
0.260232173841401 0.209446979068278
0.251497942642372 0.458686555197297
0.25623878847093 0.324350957599853
0.24771798947157 0.543415842632369
0.259281006463129 0.244102099313831
0.262131221137594 0.165691071081264
0.275901529633175 -0.205916146181153
0.267594031126051 0.0198026654800212
0.264291573745226 0.105560655499073
0.251832895011407 0.436655786868105
0.254870767037766 0.368117038649783
0.250702871489831 0.470152547739727
0.260038552847454 0.214772411432396
0.259171578264948 0.252399164305908
0.274045892888041 -0.143689915051574
0.25897034784013 0.254162460459078
0.257070700678723 0.303544459754756
0.250964128010762 0.468548359595057
0.261190284256685 0.195825773479766
0.259412859352176 0.240206111412453
0.251117093992365 0.466279959513965
0.271266042809859 -0.0670949370696333
0.255261347840937 0.359481916002882
0.267835480430756 0.0128618941631975
0.27011435825594 -0.0446606566631426
0.250294036727007 0.476744774720534
0.266696291308154 0.0564536401473975
0.263979425851923 0.117724633788298
0.256547916223847 0.318998713273204
0.24256523875211 0.689117119315479
0.252202543770217 0.427274697759357
0.259734063539711 0.220015644512138
0.259730290247005 0.237582723185073
0.26305804329886 0.154017511426372
0.24940292293078 0.501769105106317
0.273577065259954 -0.124508799718983
0.267432812353907 0.0281878357092906
0.241289680280126 0.708952758417784
0.261349612393379 0.182396479997612
0.262631439929412 0.158382496879399
0.258148900433904 0.274035952006823
0.270543337024947 -0.0468468566780565
0.276308286824415 -0.202618046490832
0.252213042540299 0.426983681107995
0.262780452555192 0.147268448771516
0.253980853202009 0.385056876035141
0.266125783080323 0.0669576091401052
0.253130815260696 0.403004477354433
0.249573238829765 0.497325099489657
0.266772877348307 0.0403796403717014
0.259802210673099 0.232825247298984
0.271444509742997 -0.072480921495979
0.242381087607288 0.684685339437112
0.255548172848851 0.3437233677404
0.260885980902275 0.190503762829438
0.274212748451692 -0.14625170510407
0.264549051275452 0.1036718303182
0.270554414753226 -0.0539558536246653
0.249348759150012 0.49244280088734
0.26996784176229 -0.0366185705303226
0.269296342529063 -0.0172763805087527
0.273273318932722 -0.129851865169606
0.278304336699413 -0.267293197125076
0.271538076136693 -0.0868790501342865
0.253415671925281 0.399261768217722
0.268332618858277 0.00319989535377602
0.25635276751803 0.328190609926744
0.245562376670839 0.616173037033698
0.247493329605929 0.567919571701808
0.251044106893832 0.473014972384379
0.274791421918052 -0.174168179194859
0.263872061834438 0.126593161977645
0.260126591418712 0.227833845246517
0.265560529828881 0.0779067911216905
0.256084185467213 0.320893708714837
0.262799981920795 0.153664954511296
0.250860738341313 0.470831137083134
0.257753459183866 0.285131859404258
0.274928206277142 -0.162647435394512
0.244510286167727 0.634948088809996
0.249293156505745 0.511286875007964
0.245755020478035 0.608995970170915
0.264538114444648 0.112156286619443
0.265869400483282 0.0698240360110803
0.281085259004493 -0.343541701886322
0.262793705204193 0.159313589226133
0.274651675743102 -0.160450385542801
0.259688442842527 0.232693864652553
0.257548777672194 0.293163215609048
0.258433344200552 0.266495892774393
0.272519742476785 -0.0975414360854295
0.268823575269076 -0.0195481384814982
0.262047386551921 0.173353417370705
0.264690358463927 0.107521244609553
0.266840145279706 0.045718574420462
0.265878050642505 0.0722688495129074
0.246546265019967 0.594813543617995
0.251528176004195 0.455369971361295
0.269957243899511 -0.0477442537145001
0.263051669366864 0.147455366676997
0.251775065400328 0.449011133478943
0.262351732328371 0.15496989347972
0.260894812609195 0.208948217020895
0.260471737290177 0.208268706708899
0.257297025333192 0.298736518525905
0.254431865065251 0.366428342675595
0.257591360968269 0.294245970253943
0.259619280731415 0.234444333836924
0.259985652532294 0.229863816574882
0.25482961416137 0.358348128598193
0.251598678960987 0.452703859440894
0.260141464386144 0.224638486818759
0.251885834478765 0.440885978277016
0.255936618242005 0.334788763998958
0.258905808943355 0.243492956266013
0.255677289758814 0.333832973440071
0.240131198144695 0.753190255499273
0.258213052484261 0.268763136756114
0.261249690314012 0.187450255976426
0.263979752138466 0.117291609617896
0.263225709974916 0.140346864436731
0.264312876434724 0.10859485997545
0.244099043170622 0.645091244576479
0.255344258432404 0.355154398828368
0.253891197546118 0.391913872047512
0.256657009891194 0.305337944904572
0.263503626559405 0.135901171324576
0.260455052623347 0.212489247351746
0.257053329128145 0.298924720880688
0.267366287205112 0.0266734957591607
0.250288458319891 0.492315090247467
0.250005925106079 0.483869693590934
0.270454131295125 -0.0578592058857243
0.265788645954091 0.0776872802168539
0.259557059175321 0.233860531811247
0.253749510780154 0.386368145671092
0.254463648566924 0.369024315710681
0.24299688835119 0.673244578199213
0.270606613306741 -0.0523236655549966
0.258613948670408 0.264676907962003
0.261895009220026 0.175268146757062
0.258602102219042 0.269198833776065
0.268242569761803 0.00339497738603273
0.262145148709768 0.165749124482543
0.2737129057878 -0.134431416354286
0.255269490522026 0.350683681965614
0.263824833016587 0.119336074693459
0.266139244580056 0.0541372392139195
0.260449578558037 0.202406689699532
0.256532269139652 0.310108592420954
0.260135438495139 0.216313980843338
0.249379852827703 0.505562521067485
0.256783742738298 0.305114903983954
0.262935242797475 0.150186787722721
0.265472961219172 0.081597481856523
0.278842092989206 -0.27384744236639
0.257080461517374 0.294609166763697
0.267662446517433 0.0192930771965804
0.261242628935317 0.18277779822628
0.27015247891845 -0.0439690344170799
0.266051289991473 0.0663668583854312
0.256938118452793 0.30918974869719
0.257868709724114 0.286346385652116
0.268994845704907 -0.00450669044624963
0.265260384536742 0.0840767155853099
0.266541791152731 0.0493239578544533
0.273092580829691 -0.123337334615475
0.271918431209439 -0.0911616153039271
0.271917884682656 -0.0871716335575838
0.271866636788688 -0.0899803019843201
0.25328830628261 0.400758879012577
0.273086052624251 -0.124379269680664
0.280185075426897 -0.312227778892306
0.268352234103323 0.0150267203988252
0.273903897586069 -0.150686753069175
0.263437120687776 0.137673480369693
0.255522910390426 0.343124264733839
0.246841492203355 0.570357502983511
0.264456139786599 0.10546955396237
0.262862489057429 0.156139348666416
0.265233099346467 0.0815588015215879
0.245454437187015 0.59835484647047
0.258603102083332 0.267744338307656
0.267651133372959 0.0231046129842118
0.249440328116854 0.490735657873517
0.259856168518347 0.230484035314741
0.262843690688693 0.146410425409938
0.247414588688211 0.552389834903562
0.266093360832747 0.0524228390811616
0.238866117060264 0.786378922089345
0.270578470875351 -0.056397455944502
0.255321915136381 0.343463056968313
0.24855984435629 0.528553371738416
0.263208548575517 0.136089279380491
0.247412562922649 0.552169672023442
0.255481474271779 0.34801424946161
0.256449672365507 0.330513655846426
0.254945019987977 0.359176402588148
0.267146479386814 0.0424621143671088
0.25998419245482 0.217523018710671
0.270178412535274 -0.0536031223178407
0.261534106174643 0.183792518875056
0.261171096519865 0.201902505537461
0.262617435300518 0.154886906115097
0.267188574923654 0.041934760745094
0.249644126589964 0.507339056183872
0.267790872256941 0.0230636924352103
0.252462798381723 0.421685484241288
0.263260918537635 0.135908840193941
0.278914660189152 -0.280674930508961
0.254861548077728 0.362112958477426
0.261996935390578 0.167917833734181
0.254240425798223 0.383524833752773
0.264431372098236 0.114060477714023
0.250030633191642 0.480224258997475
0.266487995300311 0.054794952738691
0.274530108303517 -0.165365128648784
0.250178976755823 0.49086144639323
0.273086064454432 -0.116719627774052
0.260668382401368 0.204901068751613
0.274038906434813 -0.15177655893129
0.273625589046541 -0.135190482628211
0.273140977814296 -0.12324881109751
0.272364652391443 -0.0978760082722283
0.252248586638794 0.428043023393811
0.268203888163979 -0.00709556822720755
0.256843412140021 0.322476986478941
0.257559559658115 0.286399895995029
0.251288538448109 0.455058693191933
0.26344443888573 0.134059106970163
0.251292533323618 0.458803947738812
0.260665634508188 0.208726615707016
0.261020165234263 0.205839939379876
0.257916373435257 0.283934281784288
0.253119108015055 0.395730807933698
0.24848923346101 0.532103031553144
0.258996782192258 0.249666247532374
0.27463367929176 -0.167150366070374
0.282987695918885 -0.378276714546818
0.258178937231989 0.272405601380517
0.248664513920762 0.52454843668144
0.266206165529835 0.0576244603624018
0.255698555089568 0.342036483361434
0.271664403736024 -0.0836972671945344
0.250308030582258 0.481286962464695
0.262389758569315 0.163485009980799
0.273330331569456 -0.1299541807343
0.268936910283471 -0.00490514590374985
0.258324337368118 0.263988911063389
0.250211149490819 0.476231970461594
0.23451894713305 0.893733698416998
0.261486995725586 0.18433362061495
0.254769776357906 0.351523283774971
0.255190440619164 0.35741849769825
0.259183180718778 0.252485683399232
0.261806808731496 0.164509755429415
0.272489785642215 -0.112330439614662
0.260837242705856 0.197872607051086
0.264725109894847 0.095435656485738
0.265370230460405 0.0749418635039361
0.249253239684473 0.504246739787259
0.272796451991932 -0.117904478268436
0.254957703282464 0.361289097783305
0.270153912471602 -0.0469039573036954
0.256881146972097 0.306221962150504
0.272718446179702 -0.119035168815776
0.259725046212434 0.236988447129499
0.260972695588448 0.200851151028006
0.268590536738453 -0.00839035322015919
0.277358053645441 -0.231093462442914
0.255467788792923 0.348129491560507
0.250287200326121 0.484774802176863
0.26003739326117 0.214987742538584
0.254560308958204 0.371783025660853
0.251074364006846 0.465571549826284
0.235778119316093 0.855124251359792
0.254809451939203 0.366336781709534
0.255067763098634 0.342228423290631
0.271260047284364 -0.0625245509052652
0.260312543590392 0.213294090390878
0.25148036929451 0.453080074084317
0.27716903195543 -0.231332679264087
0.251490199974942 0.457205394475973
0.267369186847145 0.0268842868095705
0.256968354487068 0.301408222811581
0.259944644709135 0.220409652834481
0.254489510639038 0.367805568396377
0.249514491736168 0.509446526130497
0.251440792577484 0.454189950207223
0.269696333481624 -0.0228341115476906
0.266324637010706 0.0615337906767273
0.249194623567038 0.515614626930171
0.258882022484689 0.255460117108972
0.260333379996894 0.210051548305527
0.266049168592133 0.0648550698222202
0.270279837175761 -0.0482956896370786
0.263746386117895 0.131152301852609
0.250777057959275 0.474223171156727
0.251488182144605 0.449162373374326
0.252909453588048 0.415011148684679
0.274474904900478 -0.164201271676704
0.261155193119307 0.195429915866467
0.263647114168754 0.13648878163267
0.255640538548094 0.345703945217393
0.261237586742202 0.181473867138324
0.245316523491402 0.618250575833461
0.254315198665207 0.369666862047044
0.248744022637509 0.526725403527613
0.272173194669732 -0.105757243506802
0.249128196186918 0.512857381358744
0.27756062421118 -0.242076317689187
0.265262200564342 0.092166652324448
0.255471345098955 0.337113429068068
0.257737860395023 0.284102984944417
0.259296055151205 0.243706562884764
0.258581817666108 0.253999126581232
0.267857408649914 0.0187080334740918
0.26736576714822 0.0368685491337332
0.259102367419762 0.241290340152236
0.261941684454782 0.167011117891827
0.240627115367087 0.736627828152509
0.264037270422563 0.116941263812844
0.264655680684754 0.0960172148983766
0.285540120260437 -0.45227108597954
0.256655564640198 0.312247628121737
0.266009617137256 0.065216701497854
0.26676889762521 0.0427849270438852
0.253991313052232 0.398306126917809
0.266955548281318 0.0367876805016241
0.254120092357934 0.383456767475502
0.250791930392742 0.464411725062144
0.2591903958163 0.246699822010145
0.26212533606967 0.169845017410584
0.273334491331074 -0.129370227559368
0.252495299073455 0.416124600941543
0.254338149990201 0.375810727595704
0.261251579177114 0.181312691193668
0.280812147235206 -0.309628790873241
0.252860671509504 0.415849053727301
0.24367118870837 0.653554574730678
0.249650490339179 0.504533117679427
0.248634442144532 0.519895698639018
0.262491925764188 0.15975392411041
0.259719356112391 0.225776069388007
0.255124597679147 0.353130237640333
0.256472593858389 0.309075406998493
0.269854148832927 -0.0271657683504714
0.254814100660041 0.36855157295825
0.253580684508378 0.396104957832109
0.252740007057857 0.422191112843496
0.256173216041201 0.329617610809223
0.238943889167439 0.776287825574413
0.250344458519217 0.474760646010531
0.258258876654265 0.2727331107899
0.258893136866421 0.257067412116309
0.256262479669163 0.323520504099898
0.254321502050691 0.379139155720354
0.273180649227502 -0.13129666223662
0.258523374913974 0.264972768873752
0.254441623808112 0.370336727061928
0.269072341572617 -0.0133910584678199
0.251997869627884 0.441948111747518
0.269692695263861 -0.0295311347404515
0.271481949286615 -0.0870477116629052
0.273472592460345 -0.134868654787942
0.272500239407724 -0.114790738787737
0.250247587968271 0.485759377134218
0.272042795471071 -0.0894892593690924
0.26463220894697 0.0997847186792543
0.256931045550036 0.311306706533478
0.251995011201052 0.43147640472702
0.271659584165701 -0.0829674644186101
0.267244696045176 0.0338737380015243
0.262760272145262 0.142318571898867
0.257705667531102 0.287775799787956
0.257464762767048 0.296479475588011
0.271323606277706 -0.0748888106794765
0.258996503578864 0.253550117393846
0.24329636068181 0.670956839984
0.268376067814467 -0.00614692984258361
0.270583194694938 -0.0489893891623045
0.24878704531409 0.518195288602895
0.27018886945101 -0.0510835953584782
0.273040876278919 -0.126150564930845
0.249578245352482 0.492786648456076
0.272401053021718 -0.104450489843632
0.265033654021613 0.0974696291956771
0.270893978977194 -0.0593520151627037
0.270316978923127 -0.049496707372082
0.257058216153493 0.30217883372272
0.267946409372749 0.0155932504819898
0.233922180289268 0.912388662850657
0.252611096071805 0.419086627967461
0.255043479659682 0.348779015407797
0.268715652534637 -0.00744760621696106
0.25487300437576 0.36116997690081
0.26632018576615 0.0553979311045742
0.262121097342808 0.165049255347426
0.259590844998861 0.22069282813875
0.261920117690996 0.171789190572199
0.251906771622481 0.426774062095122
0.270894869934543 -0.0578169815462846
0.262052420875667 0.169680036455129
0.258775513553573 0.269080119702952
0.252693425208868 0.416905049658851
0.251189938202363 0.45190516405148
0.256390847337965 0.320478112462657
0.265102658229191 0.0925050435989425
0.259922066903595 0.239167198137644
0.243982729089628 0.640087339252286
0.252777296944348 0.417651527353524
0.259924245628114 0.230485554352627
0.261447387222014 0.192311101394706
0.259824060604956 0.239571862346826
0.247596716644743 0.553917689913295
0.251603013495544 0.447107683859725
0.245362130298069 0.607831476901116
0.266293653797637 0.0637236355048934
0.257602743323658 0.291801819517074
0.262700768487159 0.15402531180426
0.25614472484212 0.323832188810654
0.264984387727978 0.100439664018439
0.264646967312297 0.104927986065214
0.262447104400096 0.154683265623189
0.263427180949494 0.137296825876385
0.259694493866293 0.22673758158307
0.242242579846106 0.692820035634245
0.250146392758795 0.483559595598316
0.263575692140166 0.124134134454164
0.251385267214916 0.447051994604129
0.248248072721481 0.539131753803747
0.262605449391631 0.153079424972652
0.273602917455093 -0.137225040377854
0.264628886616951 0.109259514337033
0.263708582244916 0.126882787521713
0.260770278095041 0.20725709697356
0.260541653485994 0.213932897708429
0.277541238365339 -0.244365555530906
0.240800803795919 0.732545111434664
0.261408864121611 0.192345838829146
0.249999706907914 0.492795812454629
0.261249268517306 0.199617729116815
0.257969271794376 0.269138123358517
0.257801731977136 0.291466971178747
0.264984549467845 0.0906728967328605
0.250224497912213 0.486314248042183
0.263806879515121 0.123726413445191
0.25953261456259 0.233258592429003
0.269092152966597 -0.0135844736181648
0.262239249498405 0.168050597039833
0.261785290810405 0.174068089735197
0.266217184021364 0.0648546949819753
0.259057774672563 0.251637926708839
0.266069924914279 0.0615879441192519
0.258222896938909 0.268474047172883
0.254774306390287 0.362374223714767
0.258486017566705 0.26199151856127
0.244789123912027 0.631153343195505
0.241145757998939 0.715050011226601
0.27389776425052 -0.132049187543169
0.254397697773881 0.37595486585199
0.251781071058277 0.434707929863371
0.254075271804955 0.377927524608708
0.261034363789711 0.194650589868719
0.236870101679005 0.831693070971785
0.247815892445356 0.545098401193132
0.25206750664529 0.439094451970376
0.245176026794532 0.626334290851571
0.270497302621727 -0.0519141263678179
0.255271417280098 0.355420367150714
0.260972025597341 0.201348448760131
0.255799557773976 0.33112120501511
0.246681560764061 0.56934273181703
0.263447813841654 0.125798631760732
0.258536213118271 0.266566694286522
0.265034936940098 0.0949175977132982
0.266412546986089 0.0527818567174427
0.277167355381752 -0.2430887773829
0.260956205726137 0.186407104560494
0.263334578376046 0.134207854944767
0.270551472649671 -0.0568631409930015
0.275615381943288 -0.199430115653165
0.260001799827682 0.219489832026163
0.274374311144981 -0.161523530908689
0.256571126918866 0.314620086386649
0.262802641117814 0.1467825494405
0.25961189643928 0.236165152652419
0.277421717029989 -0.225028349371988
0.268349580791699 -0.000890249360423562
0.263410988406856 0.128480014589971
0.25331234193322 0.401110107105194
0.256032441866186 0.333645418846935
0.250161735224096 0.489722496531722
0.248645532578963 0.522518815079322
0.261473330815374 0.179334207814179
0.248004511006944 0.538094888576347
0.257664459149052 0.289681299885956
0.266221628059304 0.0579785384103819
0.277893631075046 -0.256796536638892
0.265271746162252 0.0928500640262824
0.248961970991015 0.521230010040961
0.252925985862703 0.414480780631228
0.259220565957071 0.243133952248142
0.263729312266239 0.126145971651939
0.253480145470753 0.394918982042255
0.26175000488468 0.179404448550934
0.251883547469726 0.43051197584106
0.26696274826248 0.0474237828089392
0.26417674805555 0.111948061611958
0.243836166604547 0.65568433633053
0.261835990937617 0.181389117104683
0.264378118016875 0.11969579804611
0.257225013413641 0.299281468332167
0.256272449194689 0.332928846970921
0.270752646155517 -0.0655696237853288
0.267218705870324 0.0294313079421122
0.274780471601136 -0.167042053489135
0.248466753967762 0.521993215878735
0.256322453949013 0.322987266965099
0.253380140189522 0.39201626939351
0.252897032784084 0.410267598074645
0.246996285735635 0.564326049300418
0.259728639796507 0.236182715002593
0.26540452751393 0.0784659972570883
0.258769074860489 0.256077510490256
0.265466096018068 0.0824473107445464
0.266025911420987 0.0767205766514259
0.266687524980614 0.0576870246095758
0.255933398532847 0.333099797011663
0.249825559588997 0.492188930770023
0.265150757615874 0.0872394053581254
0.26181111962199 0.172895328551071
0.262328297365988 0.161307955481536
0.259893098882039 0.234082483123368
0.268852180822825 -0.00304390752736264
0.264412505155817 0.110964967098928
0.265395589962364 0.0918399192875061
0.262116192468539 0.165648756338105
0.267826903021448 0.0128375300464359
0.252233134181734 0.434905179402498
0.268672993580855 -0.00712250987380386
0.263592416607024 0.127791525219928
0.281717214849838 -0.354370562330581
0.272742447698906 -0.116702615998975
0.273451081295445 -0.135587352928574
0.26244320303446 0.159695729401324
0.256847267031355 0.302559104030621
0.28648480895773 -0.473432004062379
0.257843307471705 0.275899889164907
0.255671936677726 0.331342127971202
0.244039747384449 0.6491071852189
0.268851474592313 -0.00989820682875814
0.242000524156138 0.694653434280887
0.248762198404213 0.52878701228122
0.25748962231183 0.291927520920114
0.248265874664185 0.537802195982137
0.258067006475544 0.272097300672623
0.250754055932522 0.460033189856683
0.25742825071322 0.290140442953712
0.26947577662914 -0.0286949563742636
0.26671226865363 0.0479205836878393
0.249552526967127 0.503337467870366
0.273902694760806 -0.137836321747266
0.260385254805893 0.21660094531568
0.263513972685661 0.129693873672689
0.265512688261913 0.077184475770222
0.262821249081763 0.155629408125535
0.255891472382289 0.339339399102245
0.266249256443388 0.0609166583406481
0.261304937574794 0.175313948840608
0.25842380653161 0.265511162682321
0.259498941879718 0.228261272238182
0.256098614157993 0.324654179076006
0.268470944411845 0.011182887137853
0.252402107627319 0.432811998211636
0.273412256782921 -0.133854474615578
0.256974914853286 0.307531369901333
0.261574415050696 0.198191992072647
0.26639153651594 0.0589873655927256
0.270097156346969 -0.0520034230979114
0.241267699915557 0.728710012002842
0.249080344345058 0.512231969512853
0.2674687684148 0.0351521059811838
0.261381013388224 0.19376887549492
0.26251005198464 0.158790557812945
0.259835604161569 0.218619542115989
0.290723428703611 -0.587586613207152
0.256638355193939 0.309858129997329
0.278532166741231 -0.272312495162804
0.253287723176254 0.395480365619984
0.261670398392435 0.178444266060354
0.24928229913315 0.508245686830747
0.251245735021187 0.460297200928332
0.250728592523464 0.459745043427626
0.259728882167121 0.236531537835059
0.25172649182742 0.450939398895226
0.265386020667324 0.0814237743626346
0.284667097072584 -0.421027748105483
0.268317460872922 0.00845773699460067
0.265190592827078 0.0800533386962359
0.270130208324877 -0.0471064477820149
0.263326929668803 0.134488573417521
0.26318267583353 0.14180725419053
0.264827029964731 0.0928218426344058
0.26382911765136 0.12572963757013
0.241143559922618 0.728491383594573
0.251239313308711 0.458452669146658
0.266981243216553 0.0489251391917005
0.255322029873686 0.341133434856114
0.256502791690262 0.322005678457027
0.267159845015539 0.0400934257741591
0.266656938893932 0.0386056309306625
0.262233809943662 0.160455185997122
0.261934686474261 0.183877028616028
0.257265590866871 0.292258087047316
0.259445934634721 0.241967638507042
0.250999817448834 0.458318394286436
0.278995092676268 -0.280461085119601
0.267285368162038 0.0266902379241092
0.278713660321718 -0.276835488313154
0.248667354158984 0.532995959482945
0.261357639365969 0.17586357817895
0.266487237755 0.0437074766465949
0.260164911627527 0.219615102372978
0.265608694167522 0.0742610330995585
0.256677536863242 0.316379147690838
0.27932016213124 -0.282710113051897
0.27095544999005 -0.0676285141412217
0.263643693280056 0.12328797868755
0.27436538480824 -0.158520303448602
0.270252743758967 -0.044383440470251
0.258317475500811 0.261248482602823
0.251424813812299 0.448683834747142
0.248764072547364 0.51480735570935
0.252812969108947 0.42215336971668
0.252142331646473 0.436082350131467
0.27269452066841 -0.108911245708421
0.266222923539444 0.0666643142390562
0.274837845817639 -0.160005081207108
0.270344901176934 -0.044732649021355
0.254719996106504 0.366547413383753
0.265568034366066 0.0744567069767549
0.248786511240123 0.516728373211265
0.269971237846158 -0.0423247369038985
0.268229567727923 -0.00317655674672407
0.25708511924429 0.296449925529643
0.265912207457241 0.0622759104983599
0.263170158945987 0.146644631692107
0.267856102013212 0.0203020880465155
0.248517202171423 0.524627738152351
0.271518595366853 -0.0766860187831416
0.264862614393782 0.0998747538450316
0.277249289511649 -0.227639468483551
0.251949387455601 0.43882765534494
0.269161734410452 -0.0191470265134831
0.279199369401253 -0.293276715921914
