0.33945370082738 3.01700230404759
0.370620768438211 2.66106342728137
0.361917538841771 2.75951768443131
0.348694451808246 2.91547192339151
0.369695788490621 2.66658115206527
0.364195669636379 2.73599491005898
0.364916283305819 2.7240283899783
0.360051873202686 2.78426722283733
0.341157692768493 3.00274304283698
0.363361397317672 2.74911225375725
0.365759806082192 2.71911757261988
0.351653891933161 2.87885234741738
0.367475347156 2.69809996262377
0.374239929913253 2.62133939116474
0.354154611149965 2.84943656993574
0.377138111190892 2.58367951004346
0.372351699802002 2.63941017262954
0.362742465848263 2.75051269559608
0.370295206318771 2.65814614016403
0.372418485019067 2.63972130605897
0.360013447368608 2.7848337598343
0.369569340470718 2.67054860434692
0.347516790706989 2.93025923550903
0.387865140527868 2.45894370576537
0.373813524785066 2.6301293105844
0.361948761343566 2.76210651111546
0.363783114434023 2.73780814155351
0.364012565309211 2.73565453213377
0.36641616033955 2.71275779879228
0.351376721577637 2.88332143301105
0.365073935711853 2.72377955216625
0.369619275232156 2.67268512539649
0.358117817813222 2.80731760654479
0.36568307123192 2.72006471488703
0.362699994179171 2.74952612438359
0.362439326247946 2.76235607788567
0.355528778031229 2.83711443621744
0.367782718941843 2.69232436867538
0.364794863676442 2.72742434369342
0.353040995557458 2.86126415355209
0.373212193816731 2.63142118255706
0.350762307468903 2.89397085434323
0.35800732612973 2.81015485631941
0.366725342266651 2.70343339465544
0.379145770080976 2.56154292897343
0.358668394209509 2.80022395723249
0.351446125703839 2.87977743837632
0.376450796501864 2.58890461558343
0.374009458660468 2.61897906343217
0.354222535518351 2.85201139792628
0.365868732687694 2.7104983352773
0.357016176326501 2.81600899266322
0.350543322354646 2.8899487954453
0.373312536993951 2.62922780740657
0.352310318773866 2.86964411328683
0.357392879302252 2.8189523317286
0.38016539500273 2.54438834540363
0.366613508203549 2.70491821181897
0.370308389799907 2.66446306822172
0.378572258808865 2.57170407011322
0.355193173626405 2.83897950180676
0.359130918187066 2.79525398903559
0.352010284700105 2.87363485538857
0.369362304428842 2.67583892740889
0.375605626059728 2.59996606312559
0.352462445279624 2.8741071153688
0.372985699640007 2.63320521064192
0.355124404357904 2.84183093168923
0.347764087462651 2.92501904633116
0.359071481585892 2.78923936889536
0.366098356511178 2.71033515825802
0.371512377561351 2.64722046153626
0.359992213471859 2.78467716715056
0.368602034007002 2.68839803032966
0.380209962259985 2.55006298979321
0.351797137973285 2.87731123694591
0.356958165328141 2.81821335589503
0.360610903360056 2.77367038479927
0.359287713800884 2.79232485013649
0.366256315081421 2.70966881681117
0.370272779643089 2.66957022843929
0.386187107471621 2.48174719623916
0.372643625816699 2.64228437194486
0.362555127244939 2.75545136088737
0.362404989942817 2.75587467667722
0.364638998073045 2.72928413776868
0.352970893595842 2.8609209348808
0.370622380592199 2.66062139024725
0.344719359501032 2.96379431505891
0.378957541623538 2.5584988197634
0.34937799634771 2.90612467975011
0.359354006811064 2.78888503441247
0.360696195304207 2.77724565753683
0.379159918661999 2.55851959725277
0.346712607443974 2.93606818361206
0.35628601179202 2.8237014583567
0.371874645928565 2.64819825893405
0.361498736783541 2.76536560587284
0.383293156592571 2.52297750858125
0.358051867550164 2.80417691366749
0.365680785310377 2.71891861565077
0.355273923300635 2.84178735428335
0.354455445716843 2.84806246910075
0.343857841429983 2.97522262469889
0.354498729366468 2.85500286570826
0.35882978431416 2.80089637491519
0.35906039424117 2.79486118261463
0.368169112505236 2.68911459989708
0.367694804375334 2.69693525409413
0.362380644897918 2.75652230762711
0.363254319659327 2.74884364070392
0.365799520324338 2.71704261066812
0.365291776219209 2.72475980212078
0.363490792240527 2.74599578332917
0.365830416830654 2.71929234280655
0.35824496549259 2.80149865561991
0.360841107249594 2.77531685305469
0.366942792157722 2.70096797179817
0.35356922380505 2.85497309974014
0.350922757057515 2.88875311230252
0.363821732391738 2.73224438430464
0.373655395288318 2.6230860793011
0.385308537505951 2.48905309480434
0.340684425438501 3.00852876351181
0.357501304521529 2.80978451050029
0.360026750538575 2.78590314439442
0.367874440372944 2.69161690302518
0.367424759653842 2.69690627239845
0.358012935498128 2.80928866879223
0.37149051811556 2.65337651681634
0.370483598553059 2.66198627135989
0.354044783158454 2.85096382841043
0.350458842918366 2.89047471096228
0.370038610435926 2.66808940512642
0.366462945241853 2.70258253377241
0.382886152354601 2.51632361478131
0.359067238107776 2.79452544752467
0.371695769758375 2.65102119283277
0.355345777533151 2.8406598653223
0.373951123116665 2.62301479765456
0.353287686856281 2.85982949617592
0.37488971121733 2.60788693063396
0.373082183666276 2.62757608457232
0.364991954532532 2.72982434774069
0.350290200420006 2.89284404690084
0.356932853203345 2.81947713065302
0.388600881385341 2.45320063828717
0.355310259414327 2.83450504531847
0.38257537935048 2.52244707537095
0.373561492762866 2.62591577537169
0.364429643916848 2.73157391732189
0.341018452837189 3.00062048608075
0.356952560725682 2.82031008867793
0.365011504503342 2.72254389853957
0.384194179170886 2.49995976729317
0.366872168856179 2.70132719964682
0.36496949090616 2.72613956069856
0.3555507852061 2.83455577217887
0.355905424788614 2.83138141300374
0.341411633671802 2.99907139739379
0.362639873528661 2.75093682971495
0.34968027400304 2.90503491252091
0.375805612951086 2.59839361240946
0.378423934486904 2.57270746698971
0.367493325275126 2.69550671139792
0.350673776655357 2.88862399693731
0.358501127991994 2.80502819628153
0.364288691234184 2.72944112885847
0.368181529311643 2.68906939246608
0.365043362305 2.72739775248514
0.383300575908288 2.51339959683821
0.375816257864019 2.5966787835564
0.34827813474432 2.92179867432269
0.364470847281262 2.73308466991934
0.340811221573988 3.00417359641105
0.373925375843004 2.61622752554576
0.383476902022137 2.51324327385934
0.362818398290303 2.74940623940025
0.345533293908471 2.94967503095753
0.337141191815018 3.04731959755044
0.358103423262279 2.80583937043556
0.36295165708996 2.74840058802002
0.363368343071224 2.74087774000053
0.358275623304319 2.80172672908773
0.377296503231499 2.58020535393326
0.374746916813413 2.60967805473961
0.37200414921541 2.64474323049119
0.353929314267017 2.85402190009885
0.340800452650561 3.00789822851976
0.341800862416238 2.99806344803108
0.381558482240891 2.53182205761738
0.354928623132057 2.84437349985078
0.363845847819174 2.73891711609284
0.368423918461123 2.68998812022393
0.389498412826726 2.44172888984965
0.374105152146184 2.62242042326655
0.38038469530017 2.54797636267501
0.361401092490632 2.77044979148171
0.364359173741964 2.73321799113969
0.366322320040108 2.71032264194888
0.37601469320179 2.60024036656658
0.376929025571026 2.58475009658761
0.366567472038578 2.71313992253973
0.357240349427294 2.81357014953129
0.373152369572839 2.6268198223248
0.377172470614738 2.58364683704254
0.388377591698566 2.45623641717907
0.367699080464489 2.69313837121795
0.354684665529389 2.84428721551661
0.362534486111976 2.75322417555603
0.367367006627994 2.69611989072218
0.385018008638805 2.49217794820092
0.358270700476198 2.79864492236451
0.366638021550817 2.70907596949819
0.369160098424752 2.67341203767717
0.365282866264112 2.72391854028024
0.375358470628369 2.6011118252761
0.36345632826172 2.74689291334576
0.366999916807721 2.700644960291
0.357522311336977 2.81140343960703
0.349085830838079 2.91016999921233
0.352914269889876 2.86787281505031
0.369197066142576 2.67241014231153
0.362635064353113 2.74738843990312
0.387640559584072 2.4586853693293
0.35692781865492 2.82212595094398
0.381061019411578 2.53910557152263
0.347402289554549 2.92975597575281
0.365856278354294 2.71598267339189
0.366379181077384 2.71132270674835
0.347310958367068 2.93180102577942
0.364927893661878 2.72806935662485
0.383662813166033 2.50776902708907
0.371765418056046 2.64477058240111
0.366278195587167 2.70893251870806
0.387334774822403 2.46789540900906
0.373832723126328 2.62343495824702
0.354604857362396 2.8481691380077
0.360654929465423 2.77489822734689
0.359848471056221 2.78967616130371
0.361278263171835 2.76613713544452
0.367535398378687 2.69607721300419
0.36071525173702 2.77477695722399
0.358705473224316 2.80132615639961
0.36137651016652 2.76710291019371
0.368178000336117 2.69304014494953
0.366834707710933 2.70369175426603
0.364676531021555 2.72975725416449
0.374215616425686 2.61315739613884
0.356006158172994 2.83464744399481
0.365148389071628 2.72820032155674
0.353545800109048 2.85537115413461
0.359552354175464 2.7956293254256
0.369904788642515 2.66748272890357
0.371382364706583 2.65257336056549
0.374202793529311 2.61606074272559
0.355263089580119 2.84043153441926
0.351157233523458 2.88848352308724
0.374826935259128 2.61098425879253
0.364452500114569 2.73552333773974
0.371324741854829 2.65482553232812
0.382058494368161 2.53074066201342
0.375195175971088 2.6108629094642
0.350122991426629 2.89930356355742
0.361305529871596 2.77508481448961
0.374737706789516 2.61561920436543
0.368124059053919 2.68900500996734
0.370122332230879 2.65903412223465
0.35061747836297 2.89013340350937
0.355895552455982 2.83404475032789
0.349677308800842 2.90133173908026
0.355262503292408 2.83985768790565
0.385255869585861 2.48794078213791
0.35519222917807 2.83800711066669
0.385107687124906 2.49222323056448
0.374427730079704 2.61512661621677
0.377503991564617 2.58380275001373
0.36965550031116 2.66894841436269
0.358414086075313 2.79907773413817
0.367299227143563 2.69750151466892
0.353314709006275 2.86356040103062
0.352898299245137 2.86609592920935
0.36047926954801 2.7758064947483
0.35178449261346 2.88285523851728
0.374877417872368 2.61139154893658
0.369314783937163 2.67391618275399
0.361484879040697 2.76919239003731
0.363918587894158 2.74204365030179
0.366610675257541 2.70487710748735
0.354600504571542 2.84683252120625
0.371031318904805 2.65631073852052
0.358448010530193 2.79809848616981
0.385437060851544 2.49440044844883
0.35428645011037 2.84829507851114
0.362400641660381 2.75745440152499
0.36591615038283 2.71725670436695
0.375858379202191 2.59787352029551
0.365566798959618 2.71795519052558
0.362210344986163 2.75378208143401
0.358678903935147 2.79340929999228
0.371119049691141 2.65539998705031
0.357624680780614 2.80777502931674
0.363146593354588 2.74229777353616
0.362041813729988 2.75885565101895
0.375021687271405 2.61134230775073
0.375499852211744 2.60123912049713
0.376705617170054 2.58976113252562
0.364427763791839 2.73550794135172
0.365471779921404 2.72102521919023
0.360754987668615 2.77809590237924
0.356681780097379 2.82109875006972
0.359393392603597 2.79150892942413
0.355356686976149 2.83732127784751
0.36929786581161 2.67263170534629
0.363205625282007 2.74526214658779
0.373569355008585 2.62523555545798
0.365838889372137 2.71036433348528
0.361479181639674 2.76545570739695
0.368863315655503 2.68152010370103
0.346100879257644 2.94635828913957
0.374063771377631 2.62126951901914
0.351671143351987 2.87798783383385
0.36492947753827 2.72511874488607
0.362819832389199 2.75076038010816
0.36584155915002 2.71575884070762
0.37252048145996 2.64257093957126
0.367982115451511 2.68960429074441
0.369047663940294 2.67605732117321
0.354724962357856 2.84905579017262
0.373580578564367 2.62142707748248
0.398634772359357 2.33235772600908
0.362979480131211 2.75129566325656
0.362046787877223 2.75883859516012
0.364288749852015 2.73670061970578
0.368905498239308 2.67897591289691
0.36541724848099 2.72075438704668
0.359935311040465 2.7902051516103
0.356663405423269 2.82398984677285
0.370781310425661 2.66084232031593
0.358906705619958 2.7925323118091
0.377094529665242 2.58144694503424
0.371582187591327 2.65261692952952
0.349701156762781 2.90573424676999
0.363773689050944 2.73961929059957
0.361353397484063 2.76932616465187
0.369853524492249 2.66557325296966
0.353813045882049 2.85619837924606
0.35218941863118 2.87075248592483
0.376274195524441 2.59790129698517
0.370220996854677 2.66280085728383
0.358113683885339 2.80879042957934
0.378425989458308 2.56800098874266
0.354424280936149 2.85107107707197
0.382633547394496 2.52211278641063
0.354845847915607 2.8444627822713
0.361185517445262 2.7716354744467
0.369745580214278 2.67226421668888
0.356371091170139 2.82909336469321
0.369522173458016 2.67418949214132
0.375064220088964 2.60544815777511
0.350796194758177 2.88793728440461
0.384960061876936 2.49432199237995
0.369517116857511 2.66960700771502
0.370709493060604 2.66227110497312
0.365604685579119 2.71781356980898
0.368449066294403 2.68227835044501
0.367602346116784 2.69504127013284
0.383689225851405 2.50855736790097
0.340977248788629 3.00578228232574
0.356335131023744 2.83074747726998
0.354621169052947 2.84543450553279
0.361036932109347 2.76955522166357
0.342791896013342 2.98235696290973
0.36545002430613 2.7235181730976
0.370977850702828 2.65554540813357
0.35633516386817 2.82714601203249
0.361745580550796 2.75774321470725
0.365271202278383 2.72026460201664
0.346285872192924 2.9425229152795
0.36557607597447 2.71989185159917
0.364557368158492 2.72802435418619
0.365953287780459 2.7178155964254
0.364390279166205 2.72987823928349
0.368536707584757 2.68696792414802
0.362119566660585 2.7577409382856
0.372335042966861 2.64204854339142
0.360118610727445 2.77840703047445
0.364401633168838 2.72833520211395
0.354483999874908 2.84714580681693
0.357964407533348 2.80575295884883
0.360260857665034 2.78148128744257
0.368833487538049 2.67731904982298
0.360603319793239 2.78004041908432
0.361641843767831 2.76220359038223
0.346606013024545 2.94106505556389
0.369256227370614 2.68069762041864
0.369373881047056 2.67421573994388
0.37322450301414 2.62410780046462
0.35650330124186 2.82335335745137
0.368625097983412 2.68892113726303
0.358495701257117 2.80119633795342
0.355472442489331 2.8393520671836
0.362548215215296 2.75681103532954
0.367704461781679 2.68944570195373
0.364042560237176 2.73687079135574
0.369458787077552 2.67277530492266
0.37739927424491 2.58012677982714
0.364583558279437 2.73313392312974
0.367209632008759 2.70102331717558
0.368249643672302 2.69231102331158
0.380963810430932 2.53805417448065
0.350951729018993 2.89160246685787
0.372623929666374 2.64180479083132
0.370055775581823 2.66579546009698
0.376459333855385 2.59283875350034
0.353801080802638 2.86385367923319
0.347090177569127 2.93398721233732
0.394058941461279 2.38777821352417
0.366131440724974 2.71394970113495
0.370370168965732 2.66473920295303
0.357931493351854 2.80531808499498
0.372412260313233 2.64028640894823
0.35966138872052 2.7863466675623
0.36473125892059 2.72683682339529
0.35753621470396 2.81034886827611
0.361303743349198 2.7651606201903
0.358316602845657 2.8055525630225
0.370606475822295 2.66522511248301
0.362795996316825 2.74527115356449
0.373394046215977 2.62792952410307
0.364064293156051 2.73636713973065
0.343912246882103 2.97058522917689
0.375990757749063 2.60140798488
0.372206752349196 2.63930025787627
0.350882080574748 2.8835131525351
0.366674485991346 2.70093385345723
0.36260588905149 2.75248299741776
0.348263241979928 2.91881735583089
0.366847575089958 2.70806465668424
0.381768332408601 2.52816044083028
0.361925093466609 2.75673145369872
0.374573475410961 2.61659921581001
0.371057327676974 2.65482867688962
0.358481112067578 2.80342664034005
0.377413116848962 2.58711188334025
0.371473607872702 2.64878222848464
0.361219133238176 2.77292955459694
0.362090072935535 2.75726340593078
0.367305525313948 2.70087641210036
0.356642536345464 2.82077029043098
0.366771250298829 2.70207669501905
0.353833228195848 2.85284665283625
0.371000076687592 2.65422599225378
0.363614220313326 2.7404612267229
0.351558694227001 2.88233242636064
0.363159563215803 2.74449740845885
0.336908652992129 3.05171078849764
0.361366653938456 2.76955236029474
0.368055454065576 2.69038812868179
0.366800322367331 2.7036261164352
0.368607908731523 2.68331484644882
0.388239132736058 2.45663467455331
0.360003385669638 2.7860549951064
0.360475464170916 2.77998069408085
0.366861505056968 2.70181525766539
0.371820326512833 2.64204767495715
0.354299812093838 2.84890356804585
0.354707912623787 2.84452830823815
0.358022482725458 2.80537114963811
0.38573523354732 2.48590917871593
0.380993599868385 2.53986078251338
0.346378510836631 2.93709660002437
0.362513676714126 2.75704467214065
0.366990807717246 2.70590764469229
0.36277083798865 2.75288058410969
0.381514370973176 2.53448797273157
0.361865794270519 2.75906054720565
0.369634400458639 2.6702584683686
0.34771877416498 2.92251863248125
0.352862500466217 2.86794123551785
0.368526434042591 2.68572760728356
0.357446758571408 2.81235098190998
0.355663287514381 2.83332298301153
0.360908622049743 2.77439701813292
0.368349672801135 2.68795842528058
0.360723236190588 2.77506225016252
0.384312114027376 2.49902035095997
0.361615635550766 2.77018580289658
0.361308413242382 2.76920775843396
0.355364690195072 2.83681759501344
0.365201832113654 2.72041633399224
0.340681526335065 3.00539001875566
0.360673348860483 2.78094382376915
0.384959512837237 2.49630470791777
0.360084064154834 2.77808319414361
0.356112031012635 2.82829389955364
0.368472870980112 2.68304462639111
0.378592323880221 2.56378464916585
0.37041048172789 2.66558953141208
0.368587833784317 2.68357491195316
0.358264309795546 2.80273786566129
0.376880558701822 2.59255960178049
0.370362270691081 2.66644382458323
0.364380855163138 2.73512663972353
0.351097773270227 2.89123721342736
0.362473957830438 2.75807865108903
0.354814185058075 2.84207990683325
0.369832955036986 2.67199622330053
0.349426345522813 2.90224315652925
0.372286625403444 2.64141271441842
0.366295573132397 2.71037967771207
0.360587262892949 2.77603982644568
0.353975145729659 2.84820673783806
0.370044290735234 2.67278788027695
0.371902084791288 2.64401242733023
0.36020658088654 2.78291360220582
0.360993372674577 2.77230266370368
0.374779356843769 2.61441508201973
0.362542759410906 2.75369613584614
0.365564431397962 2.72000204863089
0.374369967270244 2.61412680722813
0.369791287299783 2.67095526046095
0.358843326844537 2.79775793501478
0.37456939928504 2.6132786958946
0.368070661747507 2.68660368611907
0.37152208990484 2.64849141187578
0.357938516524876 2.80139629528027
0.373561303675015 2.62661089822014
0.365841791534298 2.71851351884078
0.358165091337851 2.80267552893942
0.365234055336379 2.72776218616404
0.359287341198471 2.79213590913342
0.370887692582125 2.65254412601008
0.362772536911737 2.75416800779855
0.348244364518433 2.91657511236016
0.366742081917462 2.70957809992253
0.359463563838485 2.79301679003422
0.347447632089426 2.92763624982544
0.371123937574988 2.65299026298532
0.379967711282273 2.54975631503636
0.3463698491547 2.94311149244301
0.36689585557379 2.70424483581883
0.361882388009207 2.76057996606313
0.36010882331428 2.77718457660961
0.366651815778198 2.71187546151282
0.365438800140711 2.71923345354929
0.354364611949011 2.84760366829409
0.353050821557643 2.86615271224888
0.348231688265038 2.9207273111023
0.365191795805844 2.71963365308497
0.36061892872436 2.77353309075144
0.354040211255198 2.85105168741371
0.370048883806445 2.66541631628986
0.351334437570099 2.88696828106821
0.368941687100222 2.68230378547401
0.364333923927304 2.73512059067351
0.364676457703271 2.72742896812092
0.358779715677949 2.79903860824437
0.349663764426162 2.90028295361502
0.363863193685189 2.74116614201814
0.360377795438693 2.77336849096974
0.350528638797721 2.89723608677832
0.357239733304783 2.81537172060597
0.374377205118676 2.61854255890432
0.367231030079117 2.7062511512573
0.378161084952005 2.57801151579211
0.358301600624908 2.80272854328181
0.353595215036338 2.85701383022413
0.372567728991452 2.64099823144179
0.36997984260718 2.67655418294055
0.370943196385645 2.65980483287023
0.346646746632682 2.94226474801782
0.35699635528755 2.81521682020692
0.390548178526604 2.42800842036918
0.365530160187926 2.72318967373634
0.360668293167511 2.78011873373973
0.349194932191254 2.91074677288672
0.354854075150598 2.84478175709057
0.347740986664539 2.92872879421654
0.366873745421438 2.7055966239197
0.355662330884318 2.83755780020633
0.35529028731667 2.84665858298604
0.364513190482084 2.72960838473026
0.349928030118997 2.89819787157813
0.370540927638204 2.66240682099662
0.345845308115421 2.94725103886009
0.370736344762507 2.65823241356506
0.359455524931798 2.78613178945113
0.367035552042983 2.69532493179323
0.364841910740134 2.72125860801844
0.382707329100205 2.51613507681577
0.358788793562928 2.79909254488469
0.370497070757893 2.65933541779756
0.352159186275107 2.87335859412114
0.37040023777861 2.66311655053489
0.357113363441727 2.81585779945785
0.352416477582474 2.87173533075994
0.353369525926595 2.86299779682417
0.3679301475141 2.69192809990958
0.375198133248624 2.60537330357924
0.367056104407199 2.69979518324501
0.371192051443081 2.65177491360648
0.36584028892138 2.71374512163408
0.38262049430252 2.51930345442929
0.363405642000592 2.74896317789871
0.361077752336372 2.77078628923531
0.364231360166465 2.73403646630257
0.375032466647702 2.61030646075913
0.355642812655049 2.84338241971023
0.366823004812222 2.70633212590425
0.369165826888237 2.68384852207171
0.354120109058085 2.84957617080037
0.358819372153337 2.79597270681992
0.369701497971026 2.6705238140626
0.367680068701923 2.69541291896621
0.367887818040883 2.69172385090901
0.376152606002181 2.60219853314839
0.372157107514711 2.63956930379274
0.384266664230391 2.50500003405811
0.359505708970435 2.78465371220255
0.374263883971649 2.61768591619994
0.371523479146664 2.65213693835297
0.370129708213049 2.66819188391747
0.343788922865147 2.9693216739332
0.372877288146734 2.63772136796379
0.370726759889733 2.65671105650475
0.369216330644602 2.66805509140134
0.360345070991948 2.77544441101883
0.368817363640188 2.68545601274095
0.372087920769096 2.63866907320755
0.362228899870389 2.75936561864192
0.364876027749123 2.72501733760529
0.360525761143195 2.77546385722432
0.360833968031132 2.769992965786
0.378333373227084 2.57097905932392
0.352325366532845 2.86950612493338
0.360401013228503 2.78239978481611
0.36930575354452 2.67717191599778
0.362026347295254 2.76192886362337
0.372862756977756 2.63219562540731
0.371006306020202 2.65592141100646
0.366921403723335 2.69984935222822
0.365961585114855 2.71443555381626
0.359690122185139 2.78771700230416
0.360595914865147 2.77404974580168
0.36847759656411 2.69024035591168
0.360357082844024 2.78066173932197
0.373998662988451 2.62372389794602
0.385242205512293 2.49117044091534
0.349083359154446 2.91154048423117
0.369006675860877 2.68014197511336
0.363347244152234 2.74694219366426
0.365379825843755 2.7183449898346
0.364028856359253 2.73409012503013
0.354732655020215 2.84689042553247
0.3544202532608 2.84691611791181
0.364933780571433 2.72392831213179
0.363098158796992 2.74694690234355
0.350790604610844 2.88731096902597
0.369476754368871 2.67614559387396
0.371851263989758 2.65063788187502
0.356704950876094 2.82264987112237
0.365700540502262 2.71793880485737
0.36575368949262 2.7164124655631
0.333384162541036 3.08632733819965
0.361177415399717 2.7799395047244
0.377736726031653 2.57742964900774
0.355638621998299 2.83141294099991
0.38262458104773 2.52279524659395
0.38391548961101 2.51035156795995
0.352654749554351 2.87067855394401
0.369255734690537 2.67704904069874
0.357088517232277 2.81660796705999
0.353821091463246 2.8574888970589
0.375223771119108 2.60842578330896
0.367354506499996 2.69757102432797
0.356039064121092 2.82833267358238
0.359683207715301 2.78938492944138
0.361804534361145 2.75805406287415
0.370788691272425 2.66006152167691
0.367834361227058 2.69141034101385
0.36826175075975 2.68864737278578
0.356880896225605 2.81902741468244
0.361025595422993 2.76995509568681
0.352863535511924 2.86617728488866
0.372007451757741 2.64496046586583
0.352867505295012 2.86617721873638
0.361447676992367 2.76777025711539
0.360792623691929 2.77562715514271
0.369274522485052 2.67592225459513
0.369390048829521 2.67616030025901
0.368234733275744 2.6882335467844
0.371432388088685 2.6532211093788
0.364753342616073 2.73049171660753
0.381039282071253 2.54245248361845
0.359396032109607 2.78998373420722
0.373637234256724 2.62888072645014
0.343284766194415 2.97560118531727
0.357579200556626 2.81592507212596
0.36855390620087 2.68724759234188
0.361726322354859 2.76446316030135
0.368177003783611 2.68990875313553
0.361487923377065 2.76989269396798
0.365671880796047 2.71502894361338
0.357179203425227 2.81677617411562
0.367321996167832 2.70553435027453
0.374104716178012 2.62196752572727
0.357045627752605 2.81679696948227
0.364224633711596 2.73284945540236
0.369343512982244 2.68186697561185
0.365797136020642 2.71608063141648
0.372795444038806 2.63299602349152
0.355543789535244 2.83602557319096
0.361075922102885 2.77911643252281
0.367169786581756 2.6968385962854
0.373957177494341 2.62416956329404
0.355108191922469 2.84459153643104
0.378528642671228 2.5659235702816
0.367670713518091 2.69565913319909
0.346549094031213 2.93771738328192
0.379302189590444 2.55954653262755
0.366858647921235 2.7082567671132
0.365104772803756 2.72302557916527
0.362477843831127 2.75418184389815
0.354580180739068 2.8441600472183
0.362648872025616 2.75354188307163
0.35165165942992 2.87939891760241
0.36818642277122 2.69357086745389
0.346933409167342 2.93867059736832
0.346177501154633 2.94142643767696
0.344197429523053 2.96767100802245
0.353386462093897 2.86294739346249
0.367842372642243 2.69360587087945
0.371167473365143 2.65427790916542
0.360622995469172 2.78184938572156
0.38056843330969 2.54298626075405
0.356002363237194 2.82958100469065
0.357955614655814 2.80952696363535
0.371388933471581 2.65783864659298
0.371227812590115 2.65155514562092
0.359188651437452 2.79137835462143
0.3706376623947 2.66164110951766
0.357951270841085 2.80627339859443
0.371493386617247 2.64719371532394
0.366703587787836 2.70139217862208
0.353047907876181 2.86269903250744
0.358421102445758 2.80530226638735
0.355893861892081 2.83125543105268
0.373393544728108 2.62812160679193
0.35300164698315 2.86487206883228
0.364526483851922 2.73317864167645
0.367538884309586 2.69376563826711
0.375029935582592 2.61509709813612
0.351589500421372 2.88217912409631
0.360599707911943 2.77822515156167
0.368820055524653 2.68379644706566
0.350026980859201 2.90142510417033
0.355574647979681 2.83955289597371
0.37516822385362 2.604907064521
0.366564985019646 2.70711915808545
0.373151896571045 2.63173618709245
0.361576722349471 2.76698522280038
0.354476800237312 2.84768949404173
0.365629021669536 2.72164368176122
0.377419519397628 2.57923214928689
0.353866849297362 2.85652154646298
0.349295383232901 2.90704787629743
0.353121625005664 2.86201598005223
0.365286766705581 2.71877995974569
0.369386643927352 2.67448580756753
0.371763927810422 2.65124677491888
0.364646604986194 2.73068255205296
0.363300488957536 2.7468199495825
0.35965355244878 2.78747872959197
0.366673956958036 2.70988651527694
0.368434205374636 2.68706741044826
0.361455181036316 2.76738822741437
0.387417968628368 2.468468904391
0.365725935657433 2.71936677207192
0.367198669008529 2.70171647440029
0.366982523429109 2.70626547762293
0.359408258434486 2.79010639631071
0.345195253633364 2.95892350814386
0.36226425603758 2.75644107255014
0.361494199905103 2.76847555990727
0.362318103151586 2.76266473257755
0.361161275639294 2.77153409399511
0.356991223028255 2.81600778324452
0.352916327819994 2.86211158443661
0.374956442040386 2.60865428342866
0.349061954063152 2.91107191754571
0.359876679271748 2.78365170028976
0.365343930707907 2.72000203342452
0.364446934926669 2.73467672396482
0.365587372354853 2.71706172684616
0.348745952020141 2.91445416237852
0.370468626718615 2.66104406991451
0.355957313539589 2.82743236482115
0.364890115365453 2.72650119108649
0.3722304190013 2.64093089707912
0.365018663179108 2.72209361861133
0.383908659995438 2.50511115588351
0.364457923383661 2.72712411750659
0.358089556638358 2.80372303843062
0.364897979474196 2.72472207692509
0.370713313932681 2.65848322020394
0.376336484189464 2.59503447753515
0.372670164036996 2.63666420115265
0.361250623559192 2.76751655897911
0.347378986249465 2.92886182617018
0.353540685184944 2.85751627361679
0.364721374278125 2.72849499590429
0.367456521261637 2.69926438606683
0.361561152469632 2.76990168341769
0.364829875350216 2.7290859382611
0.36724379050473 2.69356725394986
0.368641246614294 2.68829078654735
0.363323713529013 2.7427751636768
0.357328625238416 2.81584057885529
0.369689106913901 2.67176259934686
0.352819556118796 2.8649799382716
0.353339594508791 2.8587634573805
0.358405746876348 2.79913838371917
0.363769840513389 2.73709857636642
0.36550096033883 2.71976437258594
0.370406955006603 2.66448410671807
0.354480317937511 2.84109428940521
0.357583732332108 2.80625328742077
0.369568633795692 2.67229838155397
0.366601144344259 2.70621181742359
0.380847155633388 2.54320142665497
0.370923695087312 2.65837577967593
0.359670014016456 2.78766139153629
0.353823195305527 2.85237880569991
0.377086943059033 2.58220376854902
0.353692911137221 2.85562104067362
0.352464916069229 2.87055090327225
0.356995870517194 2.81661297288782
0.361399091258991 2.76565906684296
0.362608698340454 2.75570994403864
0.363935904156986 2.74085093258631
0.349971299633937 2.89854095385005
0.360668769072471 2.77457956377755
0.374984481992516 2.60629978192726
0.381828060800363 2.53522562097141
0.36833775285087 2.68546360753008
0.363375118067167 2.74467634397108
0.345538767029857 2.95518611111987
0.361835099514228 2.76088870246147
0.361355311890107 2.77105928670611
0.366776002138085 2.70775625389452
0.370189098885903 2.6718425801815
0.362046522808709 2.76002475885667
0.354586635819704 2.8453331401878
0.364849242861406 2.72253328591668
0.357135950357212 2.81490613342587
0.367628906660624 2.69805682987479
0.361529191014035 2.76391398404489
0.356599910760977 2.82351496499081
0.342102732172591 2.98767798076363
0.361077639712392 2.77075179641553
0.36300802669733 2.74601956539878
0.373141107280999 2.63256263770905
0.371219913929496 2.65491214450125
0.36270062007124 2.74826014482578
0.362308864926603 2.75420777292645
0.363165773758223 2.7503499922704
0.36628760278296 2.71189719240522
0.3654624990785 2.72114344550116
0.364158983837659 2.72859039866602
0.35864418165931 2.80007833348382
0.365502982587262 2.72154777319829
0.371175194371256 2.65316376832664
0.36869324038409 2.6810581235181
0.378873783603096 2.5649997770602
0.360777345094469 2.77337168492765
0.362874028784477 2.75310359391383
0.358543621907811 2.80212969590704
0.346807076232271 2.93578009414572
0.349533653930715 2.90646499216335
0.363180460584868 2.75047632759937
0.374771319225025 2.60645668615339
0.379242039982834 2.55875133444457
0.368258536308783 2.6846382643924
0.355871696141249 2.83578396619292
0.36504648587066 2.72908812206586
0.346844120028848 2.94436308243225
0.364984333672148 2.72564127773795
0.372700422594832 2.63946999574878
0.36510241601042 2.7269709226664
0.356910039724208 2.81763112474942
0.360819272226415 2.77579023119057
0.356548568449424 2.82157172082026
0.332562631686506 3.10019572368895
0.373130680504863 2.62855984609542
0.379426652825541 2.55814083482557
0.378934659392772 2.56132294553542
0.350445500776212 2.89604976159311
0.368529946748946 2.68484593851558
0.362185038829635 2.76146487606843
0.375524960577001 2.60337958106157
0.354932611511014 2.84158603962594
0.347972811914979 2.92185468750549
0.360332916949217 2.7820561896744
0.377654816490827 2.57799089640022
0.369703354213633 2.67670258683109
0.368588066024697 2.67912999796599
0.365477080280187 2.71670484445453
0.356944686657297 2.81204523298107
0.35375097971429 2.8532129879042
0.37768352149196 2.57593298628852
0.356900014549786 2.82048921445548
0.370950563496374 2.65376688819069
0.365784004227523 2.71676746760116
0.368198519588361 2.68934950847857
0.373070971973284 2.63032219540683
0.383133064014755 2.51048462394722
0.355230682436822 2.83463914921034
0.367843855147041 2.68960448809026
0.37638224236147 2.59391288758273
0.382972862545145 2.52029567597397
0.373560650228925 2.62797507417107
0.371888227907603 2.64562241627047
0.372570367517165 2.63847656736325
0.368604366887053 2.6866485649316
0.361075172636551 2.77329219029516
0.366534762065544 2.7044491575183
0.348425700361209 2.9170268294429
0.378695830879658 2.56837525588209
0.344596455669614 2.95788456557541
0.353505060400703 2.85507936111918
0.363059457374515 2.74742656349529
0.365366851584154 2.71717723539528
0.360475537906185 2.7812027482223
0.354480362584674 2.84822993145784
0.362947859905804 2.74754253392929
0.371651101743053 2.64516389259225
0.361762855707197 2.76813136787387
0.392950444501884 2.40376652733958
0.354362342066877 2.84701735582368
0.367996347977003 2.69077067916314
0.358320410654123 2.79892358588754
0.368792175891668 2.6823559582654
0.371890400108333 2.64363708092831
0.358056708279561 2.80782839224785
0.34999813616043 2.90450237173496
0.357432648959849 2.81630593409699
0.365227456741161 2.72407746970284
0.354776765371698 2.84997745523022
0.359696700596059 2.78319825880016
0.345993851599116 2.9401127160665
0.371268188250353 2.65641455645188
0.36661899019833 2.70804779379638
0.358572421844166 2.80432229937359
0.366470013670829 2.70660481723648
0.35138046269264 2.88038237065083
0.373013692053751 2.63567668973813
0.363329775823725 2.74709167709255
0.377971873151863 2.57312981942512
0.365028287720999 2.72737722956903
0.358407425469905 2.81259307740114
0.364670637317837 2.72506673072228
0.375988004169407 2.59629381132502
0.345106208972638 2.95198928233223
0.360419218801346 2.77922889194252
0.375726825343867 2.60164375703721
0.37274267314198 2.63460340547237
0.3657196819964 2.71489522963797
0.363625536507631 2.7420987631968
0.354249704242327 2.84866909657144
0.372154337108407 2.63728389803219
0.372528962117971 2.63476643746854
0.364927771543147 2.72396904032352
0.346616945730981 2.9408471072304
0.339930740524653 3.01979107917616
0.353866744048397 2.85964541820563
0.360053504437106 2.78320975210389
0.363183956207041 2.74633106858152
0.359087187950704 2.79012719605253
0.364958109009095 2.72758584911029
0.351518521802372 2.88190123258211
0.368028743743387 2.69115831643478
0.359171597419831 2.79480064187715
0.362386227785766 2.75827035883691
0.380327028944137 2.54838900843601
0.356506037141911 2.82411297497818
0.376110696458615 2.59502232645792
0.35414505795426 2.85475365219887
0.37631437258939 2.59673539862574
0.361457771084419 2.77155056560072
0.350956981680191 2.88514642083101
0.357494060302528 2.80844670141314
0.363970204200474 2.73832285450809
0.347279129164984 2.93194384044992
0.362095834943059 2.75731882970192
0.369553451409595 2.67382000234872
0.371735873669371 2.65078657135646
0.358182557604619 2.79718074772575
0.36287139257963 2.75053161487405
0.356784545400305 2.82395106238809
0.350710204996136 2.88664224316275
0.362371004144841 2.75429946130786
0.350301740799009 2.89728446578183
0.362492760525802 2.75070944729235
0.36191572646299 2.76147455518104
0.363490680949096 2.74289239626001
0.348276771771927 2.92008379600918
0.382662726913176 2.51876909949963
0.373268883791982 2.62735481033002
0.35975719639506 2.78767855753637
0.364254301358046 2.73709905751494
0.353597071888399 2.85657164700755
0.369577754900928 2.6746068134379
0.363682179262965 2.74386702598244
0.369359211468962 2.67242629060336
0.362957131055366 2.75447579286273
0.344590715387533 2.96151839708727
0.383161163954059 2.51393012260973
0.352104863219756 2.87570944737051
0.356096576209342 2.83130805080414
0.365943951724207 2.71736641696543
0.334486951984526 3.07608518398305
0.354493658513344 2.84752351675328
0.362675360942157 2.7540004567957
0.341945008800536 2.99079338663189
0.385787676160804 2.47951702629093
0.381422050829433 2.53949441422621
0.337113698886081 3.04827746678984
0.35868020055213 2.79347647071897
0.359633371483179 2.78934511800268
0.367638297357105 2.69804267193618
0.36441674888321 2.73103268905739
0.355527856833758 2.83840907952453
0.373569374300567 2.6277504823505
0.372506600317609 2.63598731299471
0.362671799595507 2.75348340808186
0.357279587362923 2.81427300329131
0.352056813911163 2.87456237431293
0.363708369915216 2.73863358013361
0.360589008752137 2.77922507277726
0.352958558976534 2.86513174838285
0.353359200019811 2.86123884400784
0.367467069919917 2.69919720539622
0.34848727094942 2.91133556497671
0.358914155162984 2.79249185360954
0.345430131950177 2.94882210116379
0.37206781842963 2.64193738413482
0.382744270239609 2.52474836349682
0.351883343176436 2.88265382297059
0.356682294557159 2.8252635151607
0.360125801357243 2.78472237711105
0.357978560822283 2.80637642594564
0.365812395310907 2.7194050559416
0.362544284759166 2.74912336987207
0.375448778447533 2.60403934878772
0.373669728657873 2.62406610149641
0.361662328336894 2.76096613800503
0.363940550760659 2.73741898421034
0.380419802954601 2.54295059363371
0.355734972975028 2.83428450948939
0.346083839828779 2.9501164793577
0.360704329766368 2.77351865640427
0.358275218049238 2.80080766077839
0.368634786512732 2.68512708352505
0.381475279000295 2.53651087940805
0.365769925766995 2.71591989530727
0.356198378731254 2.82693002663184
0.371939174131526 2.64697409557273
0.36754554177054 2.69473054951066
0.337986420276021 3.03377381127892
0.371700489862481 2.64979511733348
0.346396192216302 2.9403425993284
0.365559581159162 2.72079887088023
0.349179680800419 2.9083377393625
0.372653864067649 2.63524199856886
0.368911348173423 2.68022039520917
0.364407400065907 2.72995476083045
0.357345102896946 2.81213144181229
0.370128599550044 2.66154286463451
0.368079355119921 2.69385273012493
0.34816110419648 2.92327126218406
0.360989929423327 2.77303832604034
0.378770377396479 2.56880100960537
0.356513809841991 2.82463365573073
0.354879831611168 2.84873947772901
0.346013257566009 2.9446681806692
0.362951001571111 2.74956474029205
0.363173824938108 2.74725411796178
0.352187007204875 2.87623413302871
0.362983009780694 2.74876335659084
0.371961869398738 2.64351642934019
0.374438649404124 2.61682360124035
0.357977436912484 2.80924034124296
0.373425292616369 2.62629463071542
0.359315250123053 2.79696781040505
0.370331512088111 2.66647637356815
0.38568772835035 2.4878471805493
0.382467129874903 2.52155597668703
0.348709647891564 2.90764559855311
0.37012976198925 2.66261427982912
0.370763898808607 2.66367129508033
0.387014715254816 2.47041286029453
0.3645588748346 2.73001264452035
0.364376065151909 2.73234989127172
0.364032476666772 2.74115227286804
0.385568257691113 2.48421666656466
0.365744774892965 2.71991581860948
0.338002708068942 3.04041071523952
0.361928643692792 2.76554195043117
0.361446063393516 2.7649605441649
0.362797508606356 2.75229762832955
0.363290750353272 2.74731721473691
0.359758056653974 2.78837820232756
0.372128644906399 2.64587770809895
0.352143569368245 2.87113208335776
0.342163058297019 2.98901153229531
0.366215597623981 2.7123001624605
0.357965933130556 2.80659594154214
0.365294926823194 2.72586027483781
0.378080627469741 2.57316672180121
0.37505309861108 2.60567075245682
0.366858335979641 2.70967943446747
0.377935460385433 2.57672090390525
0.369823467300845 2.67103309705832
0.36584730259376 2.7153211642272
0.356663910092815 2.82140652933137
0.370141668526314 2.67092891015531
0.368175518386328 2.6884287640346
0.355908405589503 2.82547334988302
0.372437432328999 2.64277506846502
0.37532130570858 2.60285168279606
0.356025072565565 2.82949977680503
0.355777017366359 2.83489901641289
0.364686646443014 2.73117230261256
0.365446987844802 2.71495945901975
0.346484894847268 2.9336744850283
0.373168079887028 2.633550637232
0.361286226797547 2.76764419883086
0.365341818225815 2.72808310482628
0.337050202285958 3.05101708740478
0.347163722894967 2.93047941788754
0.368241448192773 2.68568084972053
0.359093991249433 2.79344624869609
0.369390767475191 2.67587301304082
0.361043186651385 2.76609379366489
0.357059267310043 2.81723156426424
0.381585699494566 2.53502775546201
0.372836897612691 2.63813594854206
0.365167598681637 2.72030368561771
0.370282296860914 2.66518329111112
0.369038415449776 2.68510514977541
0.346024605024789 2.94445341089622
0.366550961229654 2.7014440985574
0.360711911900831 2.77436872014867
0.364238016710368 2.7351497249133
0.359311357197362 2.79384223231823
0.346290878381205 2.94385109058694
0.364309946123009 2.73070971342667
0.374596101348539 2.61769221518834
0.357131983374691 2.81872388366614
0.370806444187659 2.65462531701416
0.368835001851019 2.67806586833794
0.362248031324049 2.75610843486243
0.37231803850376 2.64239743568428
0.383992168562342 2.50554052134586
0.351495508994268 2.87826841438137
0.356772863071968 2.8194703385382
0.369144436389868 2.68255594573006
0.365302966349451 2.72591374132739
0.378028648923075 2.57520751635281
0.365624249886289 2.71682559756695
0.360082816439806 2.78196708552868
0.371023928493235 2.65415400608325
0.36272641396714 2.75110708788379
0.359869512221635 2.78544298952876
0.365517969953508 2.72247482042643
0.365305732645127 2.72290677083601
0.367023566393313 2.70328145454492
0.365480043161655 2.72138828804029
0.353979327309625 2.85092902218555
0.357654194872659 2.80864721581708
0.363821176598848 2.73932651174467
0.371394813221065 2.6537483813533
0.356273622599258 2.83106968526431
0.3727573939038 2.63007981568628
0.353767838921408 2.85735531732154
0.35601092219887 2.82897597676334
0.353170455314308 2.86220729124601
0.358040630591171 2.80988995248432
0.362207685614607 2.75263626304004
0.370842343201122 2.65887865631531
0.37646359730374 2.58956675585434
0.362455423427047 2.76051843468831
0.351966735860409 2.87669225175411
0.362316316035787 2.75699785197063
0.358624988125144 2.79851734723926
0.369295736579435 2.67519112424538
0.361428239259001 2.76688798658002
0.374768966146611 2.61853574146333
0.371200363928353 2.65074424261896
0.363538917056402 2.74284332299315
0.385762351056447 2.48321228645572
0.361243753363737 2.77330257102052
0.376574017487936 2.59490699799025
0.36530197039096 2.72526795957821
0.347709876016315 2.91911709019088
0.357199831511079 2.81887241564972
0.352098314340303 2.87361385433913
0.351547535962968 2.88228145243003
0.365385686434428 2.72389297213812
0.366150571847528 2.71270286093259
0.364548184694358 2.72924492474076
0.359852193570978 2.78214905058124
0.370916397170723 2.65500405479956
0.363826014500335 2.74380419705729
0.354149320489917 2.84739434234098
0.369294464391384 2.67713733371166
0.363395498829314 2.75033555006955
0.359232596732649 2.7987017759728
0.36451076787823 2.73508745229091
0.358325514265888 2.80446033643033
0.355307582005191 2.84163021476882
0.368366527170137 2.68962915984978
0.36821690941279 2.68622936768973
0.357576353703602 2.81003239790823
0.352588260107892 2.87318376405669
0.358903100309456 2.79555295928147
0.363366258662748 2.74681112530801
0.360854156895336 2.7747808407102
0.363035839986041 2.74806765944631
0.374084699979035 2.61585606531528
0.369654427676529 2.67255294861211
0.347489254693324 2.9323822792928
0.362193926917715 2.75842103097086
0.344077246287287 2.97005541111445
0.360600639715341 2.77855821508863
0.3739279811839 2.62503942800882
0.361205659496665 2.77235180125684
0.365513645114052 2.71892347080785
0.370847642643595 2.6545202135743
0.369236443262315 2.67963622799282
0.36837910344185 2.68842337671795
0.349101507971285 2.90434318134948
0.366381560667041 2.70809887502909
0.374984944313841 2.60694439031766
0.368571279267281 2.68253447452267
0.361191482932258 2.77273705518346
0.373504337853926 2.62661290752253
0.381977186464405 2.53015015048728
0.369966532820674 2.67023423813379
0.378965300103422 2.56465113761343
0.35678488066587 2.81933423029534
0.37087866267086 2.65474858059362
0.38271016556705 2.52015019647311
0.360343191710185 2.78397863900096
0.359645232524091 2.78944379582498
0.362822354228791 2.75069375213036
0.36734149989475 2.70137962713526
0.362123739532164 2.75918619146077
0.364167327042579 2.73386825842801
0.355204973958268 2.84064319772232
0.367465442103899 2.69847630152608
0.360353011640359 2.77920783642888
0.363954816678425 2.73737585435967
0.365823603086505 2.71470436262546
0.356232282162336 2.82529500597819
0.380272337495636 2.54802556665796
0.372101759820753 2.64535016934323
0.361248063241012 2.77480963461421
0.368075221978415 2.690641044689
0.358769729413044 2.7983995258258
0.349230173145315 2.90350883573435
0.381537472121969 2.53175556058413
0.361128234065221 2.76609536795179
0.357210523888349 2.81631669286545
0.365029504551249 2.71959281341271
0.363540540427962 2.74330982808819
0.35858584203269 2.80019879707718
0.346526140817158 2.93257515909494
0.376121625820045 2.59326940359158
0.357343183078806 2.81201124216687
0.365335911657812 2.71844627052479
0.365496456276005 2.72414521958651
0.370635543609421 2.66803561195467
0.363217353798309 2.74735147572531
0.364670611920706 2.73502183978692
0.361257786003363 2.76703586948352
0.361897361774888 2.76228826140601
0.349534447904749 2.9127341684573
0.352332560262883 2.86880670311403
0.361260727019539 2.76920696598935
0.345428463843368 2.95072771959619
0.379322436444241 2.56345782363884
0.365415923042778 2.71631213618784
0.372493669825327 2.64054550781126
0.366728167765378 2.70708438322062
0.384772817036858 2.50003246422756
0.359995052360206 2.78051139614947
0.356991631210871 2.81612853381788
0.374297298259324 2.61644222624456
0.356652988766025 2.82431274107244
0.360249395335514 2.78428473742062
0.360282941117114 2.77428959476865
0.369156293210847 2.67726248283469
0.357641874861642 2.80719684909932
0.376182143054735 2.59634523892971
0.367045814339853 2.70459627905968
0.354024154086426 2.85511477189515
0.35683457087039 2.81930276415809
0.360328209541584 2.77874562103753
0.361038833494521 2.76847819436017
0.346717779853614 2.93931789949808
0.358654183777154 2.79831535738139
0.347018994488983 2.93214678029243
0.372308827178644 2.63800728539425
0.354986914881778 2.84175508114701
0.384879164862331 2.49612565264308
0.352248748339712 2.8732749451261
0.370218025875866 2.66634173243154
0.368344585704064 2.68613648378801
0.354801629500695 2.84829587906209
0.342622765507164 2.98003328757019
0.362472725789742 2.75169124978066
0.367268810488212 2.70123705490817
0.371987823833059 2.64983211010362
0.370233728153341 2.66038852999169
0.366044605145524 2.71450078149577
0.370239860264878 2.66493233661259
0.366227216016478 2.70874067694372
0.366376608985925 2.70903028340916
0.363146917674287 2.74901876880046
0.377443063362384 2.58033838280995
0.353429317877013 2.8652896323253
0.354260665252011 2.84881871297393
0.34529648869567 2.95081663488109
0.382855181747626 2.52208338351781
0.362175662210547 2.75945186958849
0.356422452154469 2.82453134013783
0.346396744552282 2.94229466314297
0.372731092655403 2.62992339349087
0.367276475052166 2.69398184283133
0.38810531000757 2.45519619166905
0.363579415720575 2.74008458157779
0.358401034166642 2.80346574018294
0.355421807599809 2.8391588070371
0.376763720508987 2.59157187477924
0.359338016054749 2.78686832963997
0.359546585742909 2.78274896575201
0.365517536312246 2.71742479433622
0.363555910999228 2.74430781680088
0.367583502122045 2.69927625868043
0.367246686907076 2.70032079595716
0.390260066571612 2.43625355508368
0.35409149507571 2.8523549470804
0.380694140163013 2.54714850003538
0.352060946707631 2.87682320928763
0.372343200227958 2.64287942513531
0.358365322944559 2.80497948146879
0.363291836032274 2.74867757183745
0.359920298724592 2.78197478655995
0.365477233978852 2.72484920256756
0.363802732228222 2.74362945504728
0.361114680926929 2.77055689688121
0.361731980344812 2.76633844391051
0.35764906774969 2.80850450913028
0.35058659543057 2.89386894178971
0.370483239638538 2.65976724072519
0.379984364605239 2.55560862603885
0.363654388576412 2.73943091206249
0.358822452761095 2.79574184699766
0.34965402280399 2.90214487286435
0.366506960779445 2.70738658337506
0.367275514972617 2.69614639965899
0.374549089700378 2.61364914181383
0.358790060747841 2.7969100731504
0.365925203067607 2.7101293223658
0.35558058283939 2.83728675403162
0.353929336856733 2.85128106486453
0.369727340084374 2.6728765804801
0.356814553434195 2.82002816270859
0.376448910110226 2.59259479578346
0.358901228439504 2.79533088777197
0.352866689826288 2.8680051031239
0.350504520731236 2.89256135362387
0.382417735595732 2.52054773946951
0.368274205128293 2.68585818580644
0.355836375599152 2.83186190196053
0.358973157681311 2.79262290649855
0.376792691278978 2.59161778958338
0.366534241928267 2.70510235815473
0.367855521280978 2.69061254406227
0.35542669664111 2.83915957883797
0.367092565387748 2.70326778457575
0.362081139684353 2.76079048628258
0.384166048707064 2.50677966534954
0.376169874711017 2.59014350655648
0.358591412336128 2.80061756250008
0.373662752281542 2.62307798309868
0.358780465955395 2.79779746073224
0.364950582642785 2.7269116276401
0.37821292913375 2.56891269185562
0.358266689586076 2.79782953661264
0.383385777771891 2.51088464650112
0.361678669622825 2.761954764489
0.352970403982557 2.86445093780489
0.363189470654203 2.74494194121668
0.360520682204939 2.77940090659048
0.355451412245609 2.83940981021992
0.369690183558995 2.67104756977462
0.366311220067899 2.71006850993908
0.347567383163761 2.92719946086927
0.36181193170248 2.76811316789215
0.344400881770996 2.97214430997926
0.371054449725172 2.65301900340809
0.367945587624323 2.6912247219738
0.371352075397375 2.65237528906982
0.367524662247398 2.70061246345885
0.336883178186158 3.05298354342023
0.359497319145174 2.79077259626727
0.35016560446748 2.90306397632397
0.362460832196158 2.75295560960258
0.373078072734037 2.63071157494287
0.356850707004523 2.81704071630837
0.355101648668776 2.8432457408911
0.365796107357876 2.71939798439923
0.343460358545845 2.97581632609256
0.352152338548824 2.87736775921537
0.359119107729619 2.79100878430693
0.378092148208463 2.57032533990474
0.368495709336095 2.68432188464952
0.366987405798616 2.70350177822192
0.368025311962989 2.68722229224758
0.354347291421605 2.85706062222724
0.351782214842955 2.87798704861788
0.361905896260957 2.75772402056226
0.34737752929824 2.93454292763616
0.364311012522505 2.73105948288283
0.355495926900489 2.83901418087477
0.373901701656754 2.6235703381314
0.386646340459356 2.47414689953347
0.359471041906707 2.79342220778477
0.353967245606881 2.8572074794314
0.362349639991569 2.76058258219363
0.378322600056426 2.57300286288382
0.36206398808479 2.75994996170548
0.365205655542072 2.72187132857595
0.347458502105796 2.92629641474175
0.352967271722245 2.86679384901793
0.353622305969543 2.85410299063348
0.366510999470491 2.71132999849977
0.363173898013899 2.74264337160649
0.351982261636018 2.87649398440443
0.380731207419489 2.54205459115526
0.366941559056041 2.70376894467695
0.364716035399974 2.72941863784771
0.360384412499743 2.77773874357449
0.361060730969659 2.76766266685367
0.376941632021687 2.58636785361423
0.370784867910111 2.65807232378903
0.368003714576369 2.69227539099507
0.36443336363837 2.72617325412676
0.366969802652296 2.70190557076132
0.346006057784834 2.9474439693707
0.357392193860861 2.8110324034761
0.352741447660076 2.86277552198143
0.366252556386889 2.70956984425676
0.35652321382161 2.8251094048622
0.363077648787107 2.74513961964705
0.353206268033633 2.85942183279911
0.366046457706867 2.70583401351926
0.363505403948044 2.74041644687532
0.371557749571568 2.65165119010026
0.383205370651433 2.51884842119623
0.373126268699888 2.63103761926152
0.369720062649436 2.67308156374782
0.375113509100626 2.60850899786612
0.36191968028823 2.76181330037448
0.362476063968546 2.75597232891
0.358923145388005 2.79568532775292
0.370129250246832 2.66662878337617
0.348326162040736 2.91637269540399
0.355753218857133 2.82701264694067
0.362221640624037 2.76296970830095
0.361660539700463 2.76008638298097
0.360220351943809 2.77866098140912
0.368536796170711 2.68408734270706
0.369691826927313 2.67208417192993
0.364195045940686 2.73840775495355
0.368734958520121 2.68009588632808
0.363681953795441 2.74203745194987
0.363759307369194 2.73647905262548
0.357044703276733 2.81639448094624
0.350390741857103 2.89938133012264
0.361468475344304 2.76406112697883
0.371027481107614 2.65796114806838
0.347555660227394 2.9309550138961
0.382998285043546 2.51413505749118
0.376480030002825 2.59335237521274
0.357204175748693 2.81732428911415
0.344957873645291 2.96203204996486
