0.388746967084555 1.25429217843144
0.387778728026648 1.26487372962455
0.389008737383859 1.25325357893025
0.389183792171177 1.24801641501062
0.387792298223792 1.27078746921775
0.389974162256285 1.23631364315805
0.388820519147164 1.25635231758135
0.385392526251652 1.30378314887389
0.383690619241328 1.3292366030431
0.385087913923786 1.30981722001873
0.388474065494453 1.25770640775156
0.386336250451343 1.29074248628368
0.384637197143968 1.3152985404398
0.389303637896464 1.24504681720019
0.390482772142712 1.23084204086169
0.387698401721128 1.27544873703466
0.390709506600472 1.22937056868015
0.387571927876686 1.26992610860466
0.383998683085074 1.32075322232776
0.387669322868495 1.27504434671688
0.388209002408697 1.26382294745419
0.38791958255772 1.26877942568253
0.389586265090378 1.24260480915207
0.383504216947237 1.33063382620668
0.390036018262472 1.23707213598715
0.390491287774239 1.22721249711849
0.390658518583991 1.22577284134191
0.388090262557697 1.26557963613281
0.390204784008051 1.23174399840518
0.386261741529545 1.28827131710202
0.387892320940768 1.26656454604724
0.389489323887478 1.2449108417408
0.389350941204422 1.2469870284921
0.384964269832237 1.31204889765033
0.384716216028754 1.315420743042
0.388698511692804 1.25505189757839
0.386875456689363 1.28105184725027
0.386283256178533 1.29066777314492
0.387761342645258 1.26730173191755
0.38908959770498 1.25266884892708
0.387527495359554 1.26963221144194
0.38301703043284 1.33733370767615
0.385779787843034 1.29700521881684
0.392278685905395 1.2027799199419
0.386442831757198 1.29357402506481
0.383564900943636 1.32737698129132
0.388277262663431 1.26250528715483
0.384613357618332 1.31482311934814
0.389441849097577 1.24489259075225
0.386040997213076 1.29387836158784
0.391181544427135 1.22023164847178
0.389569547668983 1.24361827846383
0.390676976825068 1.22958338431665
0.388808890551451 1.25477674553545
0.389738869871181 1.24254817494844
0.38920255372854 1.25061621250519
0.386237824385981 1.28642590465213
0.389867983494063 1.24099086880201
0.392086889214819 1.20734907844527
0.385077544597864 1.31203768171517
0.383938885740796 1.32726711747248
0.388600190941701 1.25726762407577
0.385423512820267 1.30160799115327
0.38922245072465 1.24891198783787
0.385237815396215 1.30599450959822
0.388723039773655 1.25912667289961
0.386809712832337 1.28200596476823
0.386978126930195 1.28424544532755
0.385372072039115 1.30323710670042
0.389298365135649 1.24701070831587
0.386334424898813 1.29143347020719
0.387288035062614 1.27390103523437
0.387509482713427 1.27451985818006
0.387098865086611 1.28175110596086
0.384961659831313 1.30821255299219
0.38958443176572 1.24506444047665
0.383765059377377 1.32628682876119
0.382750574353251 1.34351774911674
0.38639560019792 1.28827094416448
0.386802972479257 1.28477783754332
0.384103878945348 1.32222040051384
0.38689401255502 1.28539252421746
0.391345758153331 1.21701412929257
0.391348306283874 1.22155738915295
0.385627223071458 1.299204667179
0.388593538285402 1.25876404841116
0.387850525405599 1.27298890165061
0.388199547604936 1.26627827180537
0.390097867017173 1.23356458943974
0.384767058194037 1.31336447957113
0.388856597498954 1.25482860142044
0.392025276904841 1.2088674801133
0.391744021161632 1.21523155198812
0.387282483832299 1.27820609463184
0.384760043783969 1.31546109081207
0.390737853442483 1.22738045156304
0.38566568660837 1.30102932993308
0.389023439159322 1.25173639020255
0.387333992045602 1.27560657366044
0.387983305847819 1.26511293336413
0.389516913974872 1.24445196341378
0.385224439823379 1.30673383786484
0.387328763929389 1.27737308626831
0.386845601220266 1.28221783752034
0.384024053862602 1.32469653019964
0.385763750745898 1.29693110944047
0.388830770312707 1.25666039469716
0.388786797066664 1.25336042134895
0.389700650085835 1.23985471563533
0.384042845942763 1.32167935918891
0.389639626408093 1.24314029357049
0.386022380443185 1.29506173035349
0.384485619063776 1.31629582789656
0.380985153956104 1.36602158514884
0.389916011824736 1.24129039331518
0.388925413926785 1.25238810729318
0.384696119247545 1.31589980208149
0.387630968749646 1.27240179533742
0.384404451046786 1.31854535960307
0.388467095790037 1.25961135232252
0.38607346957313 1.29537756532512
0.392221707172455 1.20568291828329
0.391027536986887 1.22319082250299
0.385264633872509 1.30654210634534
0.391015798749675 1.22209793767064
0.386919994260333 1.27751035478529
0.388444433205089 1.2588424471483
0.384855708826452 1.31041845638048
0.393037912079195 1.19491290294147
0.390286619293439 1.23479421901794
0.385606946107977 1.30213834660008
0.389163412273137 1.24950992743427
0.386167878474356 1.29214722820289
0.383547984475187 1.32981449296771
0.385000643168256 1.30490110174513
0.38661844341824 1.2839081679011
0.386265796376527 1.28945438823028
0.386257401435589 1.28967811923434
0.388183820579236 1.26384147081851
0.386028130188036 1.29411863626175
0.390584170960317 1.22612237080815
0.388436291691753 1.26109080227385
0.390311644700991 1.23428392642144
0.387170544834556 1.28010354192865
0.389736687783581 1.24466034578168
0.387865852693815 1.26639752189887
0.390302864111692 1.23363985299281
0.387714651053917 1.2699055284119
0.389551251788648 1.24176229310132
0.385631593354091 1.30034772483154
0.389642531598951 1.24340228987364
0.386177594523378 1.29249230400468
0.388723621228784 1.2559649818621
0.396184313397322 1.15077063314793
0.384431287692559 1.31634851093674
0.388137769853633 1.2667694908415
0.388088359508643 1.26670200964157
0.390626098445672 1.23104699864631
0.386160582595828 1.29253844160203
0.389121356957977 1.25222823773677
0.383371804250453 1.33494449159609
0.389277503751567 1.24608200266463
0.386759189671934 1.2820194073815
0.388542421693501 1.26060395107736
0.386418614220782 1.28660442020975
0.387749165031351 1.27223063517677
0.383865917794205 1.32789522950342
0.385568368896279 1.30362947005825
0.391993724882631 1.213078984555
0.387480711679131 1.27496725024722
0.388496634371121 1.25795562455751
0.387176875341244 1.27743782443832
0.387960289162056 1.26883490719044
0.388080543370745 1.26511773961261
0.386248091551914 1.29036126518676
0.389996471540638 1.23601346223681
0.384385420147947 1.31750413774004
0.388515889536969 1.26159047248804
0.390586235120992 1.22851744842003
0.389447427898572 1.25046400875985
0.388283892510881 1.26300793390388
0.386226047556863 1.29257914195746
0.387592237134126 1.27521882911394
0.385823431743815 1.29711280497433
0.387422147776161 1.27509212661249
0.387556063187198 1.27248031689868
0.387750389441446 1.26780960611997
0.388035884092121 1.2639303001114
0.384456224568629 1.31604201906361
0.387658084881514 1.27259144601353
0.386922437855514 1.28559415393988
0.38957874178907 1.24381724644121
0.387995148359471 1.26778605330556
0.38795557176933 1.26550876908578
0.387002868173326 1.28005865588629
0.386818848708691 1.2855991608831
0.387042622258238 1.28112740915533
0.386541426979442 1.2880182441015
0.385277436936683 1.307750970938
0.387274338162136 1.27722141438659
0.388224277735934 1.26476404665751
0.385010103864304 1.30778752034588
0.386632830510772 1.28867963571497
0.389111228924921 1.25039701568527
0.387216393522087 1.27777975480642
0.387732092458338 1.27329569119459
0.387395052211689 1.27313069447557
0.384685481429895 1.31355803829166
0.383373488597146 1.33451300280883
0.385701196914163 1.30083801825026
0.393777520036074 1.18341219750975
0.388674008497504 1.25567280146061
0.39302335664511 1.19761192909163
0.383853994407496 1.32109058781407
0.385388258289311 1.30340254897546
0.390115523012273 1.23902884442897
0.386978953650049 1.28153062274571
0.389575883344119 1.2444962495195
0.387434037585824 1.27791955043417
0.384045976490213 1.32421541962994
0.389557223244501 1.24097656246591
0.392254085655711 1.20556101150692
0.38620798657554 1.29456420271585
0.383622267876632 1.33067055746675
0.386209027347764 1.2939801468481
0.387664991748099 1.26900112185976
0.386719868327631 1.28854469890598
0.392313659064061 1.20156782881833
0.384980888654767 1.3094049835304
0.388123580835523 1.26343290500286
0.387488989030906 1.27450581342804
0.386724026129803 1.28586888860486
0.382625705942726 1.34168042218047
0.391417873864818 1.22006162945829
0.389946788326092 1.2350497985198
0.390581273995182 1.23031758095611
0.386946091737912 1.28023545750443
0.388231271024465 1.25996149992496
0.385451146485031 1.3024825996384
0.386198448820937 1.29119217269557
0.389089684950627 1.24929246020854
0.387626495725003 1.26883706955965
0.389007477501393 1.25287266118986
0.386572947646381 1.28491965824863
0.388742426746589 1.25410648547319
0.387966116508691 1.26812009748994
0.385574442496233 1.30170588015418
0.390239167923915 1.23371730368914
0.388085754166632 1.2667709612224
0.386439244150148 1.28781140016556
0.389666140531928 1.24352993335258
0.386818046817424 1.28318575668524
0.388092492159382 1.2651972868655
0.387546556565097 1.27326453304385
0.385616180613286 1.29794438487925
0.386494919841897 1.28672750464659
0.386565916718282 1.28751450165047
0.387279733628277 1.27638332401518
0.38562444672899 1.30201703904823
0.386461524642386 1.29053397984674
0.384094165876188 1.32442299348563
0.391949248400869 1.2039807539053
0.386234475663416 1.29123037800589
0.386053893077545 1.29659619803495
0.386719151916093 1.28512797170036
0.392374223774507 1.20357276304678
0.388070475028354 1.26780906342313
0.390770769922633 1.22362471046637
0.386635702744272 1.28600310838862
0.387998842790786 1.26810748165506
0.387601314173538 1.27360952834856
0.384303005808847 1.31786669689578
0.382656302766556 1.34056770750417
0.390074741231865 1.2396719285691
0.384784530220832 1.31258555783142
0.387301070756757 1.27551041464247
0.387660316265223 1.27208931610363
0.383791200952667 1.32898016744208
0.386752148414638 1.28268178354259
0.390175746379999 1.23393291160757
0.389720231042475 1.24097182754764
0.385279585045587 1.30444204080559
0.386430279885562 1.28923334498824
0.389758253673659 1.24047708218464
0.385809569682157 1.3001243194119
0.386675150638731 1.28845228534311
0.386666695489977 1.28674677703821
0.392514528888446 1.20405201310286
0.387042674979596 1.27937606195724
0.385076207443238 1.30822037060428
0.389248965086006 1.25095979022426
0.384723416738678 1.31365156101383
0.386414040492495 1.28729312955528
0.390311721695818 1.23390741927636
0.389172761169523 1.24819012572129
0.387759191463168 1.2685888995264
0.389417379914612 1.24880783220275
0.387365509360601 1.27204735699114
0.387238368400392 1.27813092200376
0.38848810013739 1.25779390190549
0.390603084663774 1.22802404853912
0.389761468163054 1.23874115714713
0.389837991192645 1.23860087471736
0.384164571002878 1.32338153613765
0.386136768086903 1.29259949071772
0.389314469594306 1.24767127706344
0.386264109529599 1.29165898409532
0.384614520994604 1.31605814415893
0.386437111333081 1.28784797364071
0.386313573926117 1.28875850253293
0.386413406065218 1.29126672090407
0.387767949722664 1.26653873656442
0.387239490720926 1.27740525391839
0.386434371264259 1.28782274748526
0.384791459904357 1.3128435039953
0.386244717270492 1.29097008780985
0.388791345749556 1.25687410560732
0.387077610748213 1.27829591241455
0.387947317297999 1.2668342512709
0.388070003306526 1.26622337753059
0.390021620688639 1.23854366944966
0.387912641767685 1.26744453976599
0.389190735262341 1.24987772513991
0.390093645446516 1.23846347314434
0.387602803809513 1.26791270443138
0.386734120354726 1.28547867968491
0.386105078804198 1.29076110036912
0.387180018807266 1.27966756546013
0.38502854410096 1.3090849725603
0.387053376672754 1.28089695329244
0.388959265410605 1.25206791512989
0.387271244499257 1.27885365012641
0.388425894688335 1.26108176125014
0.393020546286653 1.19298529149415
0.387564024895483 1.27532235377352
0.385939586762724 1.29493884813382
0.386254414274622 1.2924983830938
0.387750469973586 1.26788986740149
0.385772484726291 1.29529661756767
0.388914910774807 1.25159431352206
0.388493721136333 1.26102088427217
0.390165862521917 1.23471156105036
0.387547340496995 1.27257151639708
0.387015915903729 1.28326047559707
0.387879518185341 1.26911530932774
0.387561607899839 1.27180847645137
0.383526720143812 1.33173865468858
0.389784722349415 1.23987969065813
0.391066131230337 1.2205356602728
0.387602866394901 1.2724845968157
0.386997211331548 1.27992955820725
0.384944251808583 1.31458801478172
0.386175973964264 1.29442696753149
0.385762711799168 1.29657599754529
0.387582471177292 1.27116657372487
0.390458887135083 1.23049335212237
0.38878193693377 1.25534206712532
0.391452795313473 1.2142947085792
0.386883110499384 1.28200212518977
0.387442253612775 1.27409471697278
0.385517721490576 1.30229606432438
0.388010053460239 1.26775291373644
0.381858425089533 1.35592716118175
0.388983289990675 1.25354527876248
0.387459527519785 1.27400473872867
0.389854265003327 1.24064775819399
0.388574502534276 1.25839367137948
0.386875886647488 1.28217031836935
0.383320619983171 1.33263267543591
0.385564457336217 1.30053615312419
0.386454865740848 1.28802866090461
0.388668122246923 1.26385709144693
0.390670032999463 1.2280464061664
0.385538616168617 1.30091043400971
0.389428995328862 1.24503841691529
0.388953732517019 1.25312615769512
0.38705477825856 1.28168712263465
0.383491966987804 1.32720799031194
0.385946344082245 1.29726912043194
0.389989731561907 1.23525744915927
0.388030110979138 1.26655466584726
0.384377093773537 1.32287054912852
0.38872423311193 1.25585935619788
0.38874033926114 1.25424413858098
0.388771924228425 1.25419043608694
0.384864004533745 1.31013479629416
0.382798901701944 1.34088758449864
0.387300432396268 1.2739643310936
0.386702662889278 1.2851270820716
0.388556795214347 1.25813602916105
0.387207665616921 1.27562206489061
0.389654047144776 1.24032030657598
0.386966085289354 1.28058791807586
0.385041989143657 1.31062802476143
0.388089779859767 1.26162844956656
0.388375144915875 1.26244360957733
0.389237409930925 1.24981489899268
0.389618016066226 1.24095202510744
0.388656547357397 1.25560945281202
0.386170215054564 1.29263453612937
0.386944779821717 1.28263368079006
0.386760231334504 1.28541534740242
0.386452178965234 1.28981259897457
0.384626042522688 1.31403853883152
0.389139246604198 1.25699529971305
0.388512868393609 1.25645750465937
0.386617205960477 1.28927819690467
0.385131603435765 1.30708199339261
0.389787838667668 1.23981481841938
0.386208564470205 1.29496103682917
0.389036506215717 1.25307689874914
0.388724392127945 1.25350168575435
0.389902264760621 1.24180929694195
0.387657877597413 1.27083195490476
0.382676147993718 1.34327897732615
0.389214617394697 1.24634244497282
0.387501423013327 1.2733205528214
0.386770805104066 1.28629028533504
0.383785872093351 1.3292214416629
0.388839618466943 1.2498096036229
0.386999583805691 1.28365501513079
0.389394455783999 1.2435639723381
0.387917356998627 1.26687826222563
0.387970138120792 1.26698626616945
0.388724051450141 1.25457315680917
0.384877473475321 1.31094540826606
0.388246030418202 1.26253810091316
0.389041998634642 1.25010265547411
0.38917626770514 1.24973711611181
0.385838551707397 1.29745738788687
0.386902233698127 1.28093660512459
0.389118820643001 1.24964090598221
0.386504958274457 1.28927708053221
0.387547764681174 1.27231125146718
0.386684898693685 1.28603648757028
0.388985820755814 1.25732537298213
0.384802162253515 1.31344971802941
0.389143094001279 1.25083755950353
0.388088665873236 1.26340620865895
0.389898200691111 1.23877322020703
0.386090532272401 1.29415998727223
0.388043647344618 1.26403597134852
0.382297298453053 1.34526007224298
0.38541371238905 1.30871365309282
0.388153400277672 1.26369327550217
0.38625297014687 1.29059613311756
0.386952922714442 1.28248584892008
0.390235733563309 1.23308138480114
0.386828632944695 1.28252713000225
0.386340193010012 1.2943817716113
0.388359103512273 1.26176844406786
0.389216117187496 1.24906275250636
0.385863890659882 1.29735448462486
0.387939210441536 1.26703024645787
0.389516253787922 1.24256184902276
0.389234764391418 1.24880092504865
0.382446796282154 1.34660042673346
0.390279544659819 1.23305970969102
0.386743424983869 1.28483065954127
0.386690689389148 1.28271436400587
0.390405132013178 1.22868701073871
0.385632066221067 1.29628253082754
0.388386563686095 1.25823864963566
0.387655572355658 1.27395401156698
0.383652666421629 1.33130595538574
0.388902920723182 1.25583089042216
0.388609617404785 1.25540855483281
0.389990810940119 1.23905227547357
0.388126004181067 1.26587555335649
0.387539681157654 1.27227750349469
0.388202750472167 1.26251313255081
0.387682167066247 1.27036160654623
0.388773677352501 1.25839493650356
0.387543728342484 1.2742582721887
0.387381108637969 1.27634280912959
0.385648610516243 1.30093337644789
0.38710576364445 1.27626007849093
0.388680373061796 1.25389598991327
0.38866903467808 1.2528289318702
0.389385664196692 1.24249334609194
0.389167833242482 1.25072190337247
0.389360802728571 1.24612794602337
0.390948588677907 1.22556700425376
0.387390912755974 1.27452449832791
0.390525965806198 1.22720188119297
0.385926650210571 1.29457471663814
0.387477444786574 1.2758991030957
0.390294736080066 1.23423962869341
0.391506849647542 1.21306444618482
0.3882133573048 1.26287187798603
0.383660106628035 1.32598599947689
0.390014024095515 1.23405534394186
0.390324683853366 1.23034663530845
0.387094524025612 1.27980842064397
0.388948727577356 1.25501429522807
0.390115405573402 1.23645388883151
0.384083760953454 1.31980204303798
0.388100615687727 1.26432893659803
0.386848149598362 1.28345817664605
0.388642010567145 1.25717234383488
0.388125569464174 1.26132191165643
0.389317685485549 1.24873355771205
0.388179075448334 1.26445846280439
0.387690541094473 1.27397626426494
0.387964174656694 1.26459953554915
0.387262153411721 1.27851217707994
0.391066015251016 1.22445676660513
0.383147265867034 1.33760898206573
0.388371723286502 1.2593448324227
0.386572918594772 1.28915854697396
0.387404140872279 1.27632463809301
0.388505435212356 1.26172874770091
0.386707109216852 1.2862821550665
0.38929111895591 1.24985977997844
0.390092709998107 1.23556701671286
0.388676804136655 1.2553690383983
0.384964602708392 1.31473222324492
0.386243919564546 1.29193085331084
0.386314158980921 1.29146140048496
0.388292679905227 1.26158796799128
0.386261425173846 1.29052526805127
0.387692309946026 1.27366246685315
0.387487492011445 1.2708740157414
0.387642106528741 1.27045496438908
0.386698205051912 1.28654012982568
0.389148730506062 1.25263346427623
0.385302990136123 1.30331291544267
0.387464760940266 1.27651029882372
0.387373068432371 1.27859939417312
0.384369044552451 1.32013173367882
0.385846585275401 1.29984466073124
0.386586828746958 1.28682105543313
0.389864257315224 1.23751183293284
0.388277625983751 1.26352670274861
0.38823669495615 1.2641349153161
0.387580736622886 1.27188587450873
0.385607075140416 1.3004644666081
0.387311011570993 1.27348737513497
0.38835117008432 1.26056184425494
0.388763311717172 1.25526997160435
0.384651348235877 1.31414079322318
0.387544953048327 1.27327654363897
0.392743292878419 1.19982502784314
0.392719754084544 1.19844626594333
0.387102741376745 1.27866074700482
0.38764524892511 1.27425065911914
0.38755066305887 1.27493212040738
0.386196810330899 1.29145683632872
0.384700745251613 1.30865941052619
0.394725032233492 1.1701550928461
0.389566351951211 1.24205417769161
0.389524151049534 1.23978091084561
0.387769820421599 1.27072491206645
0.387516835938128 1.27340704560554
0.387491500246681 1.27398739772186
0.388640139128903 1.2599033380172
0.385751782787697 1.2955461028523
0.388894155531485 1.25677352718009
0.389623342169656 1.24565834825422
0.388922337328429 1.25040447582469
0.388644290249423 1.25592382135599
0.383963711806237 1.32385479939521
0.386031224541846 1.2958439884176
0.391316898744033 1.21393794520329
0.391168609532228 1.22049356394295
0.385649730629152 1.29928440007318
0.388421492811418 1.26010654938736
0.386709826509632 1.28770258188901
0.386748218430741 1.28675287588046
0.388943758069698 1.24896175979255
0.388446990009924 1.26255888684876
0.387329324974166 1.27404149883618
0.386619594241856 1.28585009500893
0.385834917879331 1.29954429533464
0.386447138790686 1.28987517206189
0.387877645540911 1.26979996784363
0.386751380708986 1.28663278141351
0.390883986057431 1.22736951707756
0.386994867430524 1.28078953613159
0.387932445889648 1.26842248649051
0.384532180698377 1.31741674349608
0.389576450440459 1.24298056021623
0.389294726950474 1.24565916337745
0.391765687280007 1.21153965761303
0.386788421597359 1.28430805885326
0.386834820504003 1.28188649412256
0.3875947008065 1.272947792056
0.385012809011257 1.307594816541
0.389533209404211 1.24671168713288
0.38636640761338 1.29025930594472
0.385742817318221 1.29866103453141
0.389776859700128 1.239678949296
0.387621052584416 1.27312126963607
0.38983144335177 1.23980383236157
0.38829036675868 1.26473668056145
0.386348760228022 1.2937214144057
0.383891154750802 1.32430397858395
0.386960403760724 1.27886953586904
0.388163864261738 1.26251765754971
0.391299226115687 1.22026897054841
0.389408929126669 1.24526003483289
0.385460342256833 1.30187817684282
0.388802307650819 1.25316950167768
0.385731523069211 1.29586357093303
0.384089916672853 1.32162682004984
0.388685397032086 1.25787629895405
0.387742252384941 1.268530498756
0.387427655491099 1.27519196178944
0.388984607606264 1.25490128798259
0.383692880849375 1.32849230427629
0.389903021309902 1.23834573755722
0.387579182776342 1.27318890552402
0.387150178862691 1.27914592859879
0.383972827133708 1.3263490655075
0.383960190491613 1.32025459664434
0.386238912342354 1.29031017481164
0.38798110621766 1.26651974306424
0.388363663554577 1.26430665123533
0.386199208882906 1.29108594754254
0.389200759080338 1.24509182249156
0.386282312860056 1.29362157448704
0.383237465032838 1.33607555298386
0.386598628070598 1.28463118252371
0.387477621058197 1.27384532141387
0.386702937219531 1.28550719863506
0.386267566211201 1.29414605233673
0.388768307066715 1.25258581755438
0.386467977400659 1.2877131391376
0.386485135196587 1.28824028786303
0.387729511511973 1.27248956894386
0.389899932172422 1.23919860788756
0.382787919237066 1.34423767685409
0.391312669029836 1.2195679050729
0.391668178326297 1.21390698990556
0.386516005719699 1.284919278232
0.386250297958053 1.2887192616493
0.388406583841112 1.26114422274372
0.387441324985766 1.2752993707743
0.388956683065397 1.25149678538827
0.388020454203345 1.2666636189337
0.389298773432453 1.24908493119426
0.389580591756894 1.24328804286298
0.384149147133695 1.32202140464476
0.388862227057758 1.25295420019117
0.388921462281307 1.25342108230463
0.386430413142934 1.28896811076685
0.386186310799742 1.29047670100711
0.387052743177159 1.27986723577433
0.389985318554259 1.23654181723174
0.386123438843851 1.29374479740979
0.39006443286848 1.23792984584992
0.385443826138575 1.30133830168371
0.38807718559194 1.26593922392388
0.390682472118539 1.22978299043982
0.38704223907047 1.27982570821246
0.384931021975697 1.31127723451153
0.387001385607646 1.28156184526458
0.386730894062713 1.28431747579041
0.389039959849536 1.24912335244705
0.385995060349272 1.29410711785127
0.38939699009863 1.24575635857882
0.388075363137954 1.26663016265527
0.386641799027051 1.28368584071549
0.390099841513547 1.23837698470103
0.388179320465628 1.26218130037436
0.386012332855176 1.29639023276255
0.389311908878194 1.24854518902284
0.385423421506459 1.30731274233862
0.39010790433442 1.23619176384637
0.389626790873092 1.24570109240897
0.385462698816431 1.30374708635202
0.379762024282887 1.38534108610419
0.38518755184624 1.30695889571453
0.390344396053787 1.23386359935616
0.385850187071539 1.29796118329916
0.387419147454109 1.27470979227121
0.384552705571702 1.31664028977611
0.388669238614333 1.25876396114672
0.389648999586245 1.24145549406036
0.385332726495821 1.30239177023874
0.38459696773163 1.31534744895214
0.386910971633202 1.28251104532144
0.382119133938887 1.3531475916463
0.386651524041342 1.28999705392433
0.385662501719419 1.30148028268321
0.385847654205857 1.29935031809097
0.388050394891665 1.26336703605343
0.385749604681606 1.29963967349686
0.390311044726012 1.23001321821589
0.384196533085375 1.32317554506505
0.386774369916911 1.28039611554694
0.388503854227812 1.2614526185085
0.385939265234693 1.29663255844137
0.388214034372994 1.26340805315503
0.392761752458695 1.1962645555692
0.390059990923513 1.23605179258771
0.388116115955264 1.26279405212204
0.38691358089605 1.280433301482
0.38622258135758 1.29159181645355
0.387224725395953 1.27441091570549
0.390424961608125 1.23101470762989
0.392916080878441 1.19579924013353
0.385278078817174 1.3036717305587
0.387325071655511 1.27840728782185
0.387585386487709 1.27055064917375
0.387198123259845 1.27857618788482
0.385571297903452 1.2994297922526
0.388710503582528 1.25661598951218
0.386184395858077 1.29041162275574
0.389112373968765 1.25000655961609
0.388847526639249 1.2516663308803
0.384796093261172 1.31361307279604
0.388080580723977 1.26710643915134
0.386850683593361 1.28487304252298
0.390132404236895 1.23524011187637
0.390007346046858 1.23526035165812
0.385659366546313 1.3027967590334
0.386192887655709 1.29513480062368
0.386778833567778 1.2843967755219
0.390337930305729 1.23468819427926
0.387127602295702 1.27767463979668
0.388405135220026 1.25986980454215
0.386156819826607 1.2927837351101
0.385120838175592 1.30697804287883
0.387152041918946 1.27603504318979
0.38927363843873 1.24956860910328
0.382568798249129 1.34505771419442
0.386728763059551 1.28457724771706
0.391114393646661 1.22284161602753
0.385579646374065 1.30016200569701
0.387855338289921 1.26856371449029
0.388566895544562 1.26022228146771
0.388477429426988 1.26256315867801
0.387614160885004 1.26913880023501
0.387939584827739 1.26529142325734
0.386340451752344 1.28944449653616
0.384419334699663 1.31641502739695
0.385185361126725 1.30747427224976
0.389837544007921 1.2407926856902
0.38938336953618 1.24919039856265
0.386372709674347 1.28920675171069
0.38917192244153 1.24719938064359
0.386300412072667 1.29123509210818
0.387359847272417 1.2747794868556
0.38580413262761 1.29939216813017
0.388840590061881 1.25424692267986
0.386402434879206 1.28766769974239
0.388896528598 1.25566557009589
0.386467287805162 1.28918165205311
0.389000869459482 1.25335673066398
0.385669740042071 1.30031522206869
0.389824080980768 1.2402207564075
0.383463191729872 1.33272228681958
0.383823119368806 1.32338781756939
0.391609056347873 1.21738028288421
0.386215163795173 1.2901906150413
0.386998056250802 1.28125524303953
0.38965860640193 1.24714836251867
0.387270099890417 1.27811808794276
0.38710857111599 1.2812488038065
0.383666847539886 1.32797572690736
0.38995738347925 1.23619271731804
0.384343807609063 1.32074102197917
0.386551561427742 1.28510346397583
0.382372708550722 1.34597179924982
0.387919917100094 1.26752522492006
0.384800569894317 1.31332223531632
0.389478232311791 1.24717585822629
0.388261965956205 1.26248392640233
0.389428050977999 1.24435450745357
0.389111805381102 1.2511543945764
0.392220398338329 1.20587796234597
0.388252568079527 1.26530943810881
0.383595221355504 1.33034507193226
0.386957990952523 1.28241451801077
0.384737307225862 1.31455265404605
0.385150077107098 1.30777543674243
0.386774257728465 1.28433770430152
0.385476952810259 1.30237792817987
0.386583133327524 1.2864658750207
0.388868065744919 1.25230119574306
0.387008718105236 1.28255321407924
0.386679350249117 1.28515681229654
0.392920137014564 1.1938456681821
0.389658471235251 1.24396183656943
0.385250120564446 1.30291979824573
0.389013921284484 1.25064208955441
0.386443949295105 1.28687141365113
0.387016416136601 1.27890953670307
0.386220224224644 1.29007907015195
0.388388254546733 1.25885621640853
0.389751205437705 1.23984571222465
0.386169819989193 1.29305183649501
0.385495094078909 1.30273006809223
0.385277207710961 1.30540964851241
0.387430736024521 1.27080884891556
0.390279693323517 1.23217643379441
0.388651065847846 1.2562819394309
0.387688110557218 1.26985569792483
0.392222171096741 1.20576558619024
0.387894803115815 1.27261837974835
0.385694484096683 1.298869740245
0.389028483309097 1.24978889379158
0.387408161401847 1.27357024651371
0.385610212685621 1.30063097410888
0.385825604909759 1.29730300755985
0.384150685530275 1.32300800602725
0.386212160794884 1.29386405887592
0.387317219867494 1.27630829232667
0.386444491518447 1.28834389680017
0.386925511925599 1.28231328010381
0.387985857907337 1.26881837934492
0.38485280395698 1.30861958820152
0.387123092858506 1.27802441684119
0.386790999246485 1.28157796524915
0.385793274785351 1.29832192862636
0.384422250068179 1.319892293668
0.386685125844496 1.2819906248276
0.391094570589437 1.22380184257257
0.388880157364518 1.25519419221971
0.391504154686954 1.21244589438127
0.387771044459463 1.26588556386186
0.386051904434265 1.29351612613607
0.385842253216819 1.2968881966633
0.386622137334543 1.28478169487111
0.386568490299088 1.28962614657503
0.387212827838457 1.2765927931685
0.387075706111526 1.27776224245731
0.388044902180564 1.26697605109293
0.387366892109809 1.27738432406498
0.384782158533624 1.31326237134766
0.387636672453538 1.27058384598608
0.388220876777725 1.26709075378881
0.385743520355094 1.30000678315529
0.38529337062691 1.30825986545967
0.391699789476337 1.21592302009025
0.389592583497829 1.24553108573216
0.38845870392709 1.2610134701929
0.387949128024958 1.26539243589354
0.386136466319632 1.29434257145415
0.391286659888065 1.21835909049881
0.388174626476185 1.26377234657573
0.388010643128031 1.26493973282847
0.392127100002776 1.20442016886359
0.387883948841931 1.26725344462882
0.389810967898648 1.24048563648656
0.389880665399003 1.24186495300244
0.385828740930716 1.30047653858966
0.389812180394769 1.24167775925261
0.386501023994918 1.28746747633
0.387827427941082 1.27006019530309
0.388808750709991 1.25233664549238
0.385370690412471 1.30577896752642
0.387104731309056 1.27454177802459
0.386252206160026 1.28969523749571
0.389661787481414 1.24076406387128
0.390076594750287 1.23681490275262
0.388849991769863 1.25296521922369
0.388336833209481 1.26292339532585
0.391307092961905 1.21713340376011
0.387520771954471 1.27698003384573
0.383850981861033 1.32321522414906
0.39001470566014 1.23943125801247
0.384561454617738 1.31492674983064
0.388165736674933 1.263732390208
0.385753590770961 1.30067014346468
0.38844964161611 1.26284988251356
0.385985442848945 1.29116582813586
0.390082986833544 1.23700463222015
0.389734861780247 1.24048214851715
0.387979696550723 1.26430155325641
0.38968232652409 1.24452929943207
0.387855527536559 1.27285784075674
0.389206867408634 1.24773074901732
0.385083956498449 1.30744572921913
0.384599812848818 1.31369305246223
0.390020622067362 1.23594407939881
0.390476610252933 1.22948411778691
0.385573360936999 1.30176533280868
0.385603732769159 1.30391931755783
0.387224187768474 1.27644021389915
0.389352974690671 1.24587377387747
0.389569981320747 1.23965537453451
0.386640123434826 1.28786766343301
0.386797096620086 1.28285367306835
0.388919529618974 1.25148566952262
0.386879530767803 1.28548781669296
0.388949552767342 1.2534513646109
0.384004742531018 1.32489808720273
0.387986261403425 1.26909679539507
0.386576066653328 1.28360345087944
0.38673116695108 1.28417127795128
0.387443123275569 1.27507076084229
0.387577778109237 1.27319258466847
0.388961142387769 1.25407655231397
0.391838159359509 1.20845613421408
0.391544085432437 1.21510275327267
0.384333560904634 1.32299275365926
0.388925004895322 1.25369746585211
0.389306625886964 1.2481034937288
0.385889189322021 1.29528731143507
0.386625005037562 1.28448831405123
0.385668788689404 1.29900145752963
0.385876463865529 1.2980352042332
0.390024556608733 1.23878878748606
0.386548188116134 1.28414855789669
0.385857550026732 1.29581717437869
0.386089968030885 1.29381643499271
0.388429666411285 1.26043162628039
0.39021374183708 1.23718523210997
0.388340120453751 1.26060883515684
0.388832819550042 1.25497262599389
0.387536929793124 1.27072640998147
0.391821864793763 1.21341065240755
0.388497560721743 1.2581677251979
0.384666920793697 1.31586988203641
0.38519494497909 1.30666891339379
0.387539517461748 1.27380573388333
0.388631730236684 1.2582215831972
0.384309634093878 1.3181089182709
0.38949534668513 1.24544913726131
0.389053940829027 1.24861645983096
0.388496916471709 1.25959501476368
0.384269339691492 1.31606674578991
0.387543783495827 1.27532195746275
0.387421014420446 1.27435434851598
0.388951683351379 1.25220272507998
0.387407758427332 1.2728515753933
0.389649063343812 1.24524751749658
0.390539419319504 1.22957383609595
0.385360364231835 1.30831402700231
0.388724557375732 1.25778288292104
0.388520217190718 1.25908492034513
0.385614576936889 1.29852581282215
0.387767306783295 1.27244191843356
0.385597842044878 1.29983687466124
0.388628167475052 1.2577082515154
0.387057180476809 1.27737116423907
0.390868254988912 1.22786049229003
0.390593574918738 1.2266637297885
0.386008475547342 1.29458080365024
0.383527267572353 1.32978172193731
0.387143583716898 1.28170146641593
0.387479258589998 1.27431632484744
0.386348227679639 1.29022481329499
0.386228205140799 1.29327482295451
0.388233732878462 1.26246657762402
0.38802994869385 1.26375143697867
0.387574625212717 1.27303575615656
0.385782447345874 1.29506012965927
0.386997549195681 1.28205328993716
0.387560713652779 1.27446776540334
0.387992094639902 1.26851379463099
0.386995596835699 1.28386903280992
0.383214940330253 1.33688595448662
0.387352841374801 1.27520097499091
0.390174960413314 1.23779716367274
0.38790307740089 1.2690945519362
0.38915297390594 1.24582818119343
0.385423987458755 1.30308285598525
0.386138638828909 1.29438217192073
0.386795812157915 1.28348123654245
0.386248814879733 1.28975834159619
0.386323796198339 1.28807506808473
0.392207780714344 1.20380613674158
0.385450055456081 1.30596160768701
0.388219089309508 1.26386294455337
0.388426813378838 1.26218252560539
0.388010709539202 1.27137031526034
0.387493959480696 1.27472481078049
0.385725776320167 1.29681923114026
0.383748967074339 1.32713668557233
0.386066227557247 1.29564419001451
0.388119028426057 1.26240843113156
0.386118670776233 1.29566887666754
0.384237001172171 1.32307428415439
0.383605728635606 1.32999655636757
0.387819149855458 1.26793191807225
0.386681894068392 1.28608167208782
0.38991447962554 1.23859298845941
0.384389539723972 1.31913351763723
0.387846782487045 1.26985106995733
0.383908557517636 1.32342845561566
0.389308446110477 1.25009181607162
0.390520467495448 1.23286252317438
0.384955469216316 1.30692730159278
0.384850440498515 1.3111136083638
0.387072012997857 1.28317636141657
0.389104534582228 1.25200581313
0.382736645538082 1.34220925908813
0.386326584198006 1.29061934256124
0.387970536569073 1.27045101200822
0.387872135189756 1.2716570764847
0.388965463203613 1.25473647359772
0.389594794486645 1.24354969356673
0.387389769535652 1.27533972209064
0.390933854602765 1.22218933119547
0.386216754431286 1.29525099628192
0.389303766159215 1.24715598625204
0.390720873569637 1.2268398856163
0.387402215821241 1.27394542090507
0.386490103558085 1.28527718229211
0.387996387367958 1.26195492524774
0.38549861934214 1.30607855893759
0.389108757955795 1.24909919247988
0.388580577718543 1.2601229083495
0.391057255771635 1.22150874076623
0.392891720774181 1.19640252570657
0.386949281403153 1.28365343310055
0.388171698749912 1.26306753824347
0.387821429676309 1.27093709891546
0.390093792609745 1.23482637800155
0.384976058352029 1.3083951708223
0.386375916841184 1.28846186944389
0.387607748800192 1.2707550879038
0.389828075362568 1.23873590703486
0.38734584980544 1.2757004988259
0.386384072305189 1.28997094224993
0.386799087227356 1.28309264319843
0.387174498487386 1.2769896551325
0.381348400843413 1.36698750716049
0.386062284412413 1.29712920719081
0.386801790808324 1.28402859428016
0.385757976325276 1.29570549892927
0.388409500613342 1.26068124364449
0.385364296985866 1.30539112114891
0.388562422824282 1.26002549807142
0.385933610704053 1.29638360321711
0.386504744046275 1.28478002298083
0.39025851787423 1.23573868120587
0.388973121759796 1.25523853817624
0.386979670496884 1.28224555684481
0.391134233275915 1.21812955706626
0.386279957276559 1.29016310433775
0.385760257330524 1.30012172841414
0.390730928055599 1.22962171582385
0.386703914020035 1.28370498484641
0.383644801487671 1.32826207010191
0.387803886414131 1.2703874636965
0.387717839995252 1.26898853647273
0.385072048657732 1.31011994970449
0.384742608585003 1.31299397518251
0.389230526228455 1.24765854289163
0.387384129620734 1.27148933085851
0.384743101182375 1.3141173891303
0.385430249273882 1.30465802319511
0.384960028397962 1.31129639850318
0.386998314654406 1.28182128444009
0.387616116502154 1.27501815671728
0.386557230809292 1.28716969930835
0.389378018155072 1.24671475482134
0.388171762955149 1.26230893922233
0.391748806078263 1.21585082310962
0.387835329302393 1.27151898210027
0.389172520531493 1.24823531741736
0.386173140414102 1.29588569418496
0.385406393078829 1.30736015712878
0.387437988125499 1.27310112343801
0.388358147894363 1.2644962472088
0.384664874001154 1.31352825187825
0.388787681496005 1.2563412398593
0.387276158744833 1.2759492676167
0.386744317903806 1.28564177936394
0.38983363801847 1.24300172487964
0.389439363243372 1.24901140556454
0.383791907014136 1.3259684759089
0.392281879785694 1.20315782539053
0.385973824677817 1.29333498778566
0.385084948302967 1.31060469984822
0.388622983471526 1.25707669321142
0.385757518490639 1.29791386758372
0.390708982317724 1.22938393647556
0.385253566672109 1.30654433036543
0.387411416447002 1.27755025848224
0.387501097071002 1.2740987654892
0.389835270400305 1.24298274841455
0.389845705424062 1.23901194540801
0.386399955007418 1.28591482730444
0.386190986389842 1.28913733081221
0.385705618132561 1.29744228926669
0.391792553051108 1.21333461825414
0.38721749324117 1.27721581557336
0.385746411251983 1.30402677113268
0.386712352575889 1.28389766490844
0.391512675208131 1.21590162521071
0.388685592220282 1.25850195013911
0.389030936519557 1.24983269554574
0.387380589786635 1.27399849114467
0.388319313290078 1.25966221915877
0.390768239213086 1.22830909392646
0.389834948628166 1.23589120641632
0.388066164194815 1.2659818690667
0.388209778719235 1.2629601527762
0.384734703445885 1.31287855125017
0.387021077329467 1.28036423618273
0.386457990800489 1.28512080220901
0.387164715812359 1.28061290341952
0.386043235967763 1.29751863653398
0.388191107189503 1.26186751722891
0.38914100546721 1.25113306719808
0.387973324573048 1.26630546443313
0.389714260968866 1.24009857415285
0.386259884314034 1.29137769082815
0.386829010555601 1.2833634512897
0.38822281023852 1.26233338402408
0.389051770215583 1.24982354404335
0.386706132757322 1.28270906761431
0.386033055249238 1.29306760022539
0.389541645850155 1.24262686485583
0.390227080453174 1.23291878305393
0.387060202547656 1.28184731467923
0.387425842415581 1.27429349637118
0.387940045414368 1.26693444750811
0.387922711751934 1.26602544756212
0.391869449670614 1.21039967038798
0.384961467674264 1.31014120925153
0.388254279911856 1.26209057148338
0.384903480958324 1.3136303031309
0.384207237159759 1.32143950489542
0.388812545344715 1.25738311552447
0.387269927465305 1.27992466899804
0.384926069760219 1.31056790182437
0.385962613916903 1.29350332979151
0.389392013885724 1.24708936744668
0.384729353785495 1.31266480288813
0.385988703983224 1.2960917617774
0.390252401725045 1.23304279567298
0.388950139793746 1.25351215674056
0.385197391604576 1.30549333509289
0.392908082075082 1.19579344002179
0.386868198140576 1.28837301026475
0.387274122360687 1.28038327034902
0.388332325818954 1.26106411611762
0.38746655226977 1.27567125000746
0.388902841014903 1.25294397317093
0.386879676169734 1.28037406771975
0.386734973358475 1.28050899050303
0.382951093180651 1.33701060795139
0.386897016686458 1.28270788280527
0.387796520726513 1.26915429765644
0.38942226023195 1.24473236703674
0.387587329416719 1.27210751962721
0.390536509956169 1.23374527196063
0.389572718352241 1.24548108496519
0.391403765645255 1.21526905761266
0.383177958408506 1.33611398283353
0.391453346244671 1.21823842463916
0.385558299814535 1.30398587267751
0.384259262657415 1.3187526336612
0.386951672368368 1.27819465276513
0.387192760482823 1.27889413438974
0.384476072308642 1.31657113807846
0.387954104813696 1.26299999945289
0.389620825040341 1.2446035814976
0.390606573275704 1.22996872735902
0.386887622505471 1.28254495916655
0.387516608519978 1.27635093606155
0.387806405583013 1.26517998859606
0.385933638892751 1.2941785634046
0.387703828451401 1.26952123589634
0.383989266182505 1.32481375362085
0.388625768145036 1.25794848555281
0.387415021441207 1.27389411315586
0.385725667613006 1.29903275909544
0.384940412406852 1.31534929027368
0.389782575105026 1.24044389515245
0.384812431328085 1.31171693242992
0.389049098797752 1.24979316013253
0.387804477742654 1.27205068079484
0.38436589385009 1.31588480242899
0.385621841300329 1.30120538049456
0.387537438656803 1.27351815761309
0.383610683939298 1.3295709485347
0.386330891219721 1.28846298955854
0.391472428987854 1.21292745119079
0.386903267741849 1.28482722752225
0.387622971966154 1.27233496476779
0.387041062750248 1.28146424003175
0.388526206134074 1.256490210279
0.387710606746527 1.27283115517769
0.388657060941333 1.25402506584331
0.384240462827636 1.31970626071378
0.387513324220899 1.2722001661221
0.390359564144551 1.22967294425215
0.389628978931794 1.24350162720183
0.38896810729867 1.25130323413943
0.384378862109042 1.31924462206659
0.38948311240513 1.24560916845989
0.386650868939594 1.28584717083142
0.390259420384919 1.23444262787434
0.386695285851839 1.28415419863339
0.385481861184298 1.30182555204984
0.388351600931975 1.26138688894988
0.385669413446847 1.29741618057667
0.388296980181624 1.26119602824897
0.388682385567755 1.25622513175104
0.388228776300118 1.26636994435234
0.388717613751233 1.25402346457563
0.387905206908279 1.26685573365935
0.388809663124035 1.25454328942356
0.391450538354346 1.21470336856583
0.382311543407088 1.35012664134797
0.385970485015243 1.29293430272368
0.391494031279601 1.21453772971545
0.387578187576368 1.27074090801745
0.390343313762164 1.2315252759374
0.393730558206237 1.18397829440199
0.394031351231125 1.17713684248225
0.387186537675645 1.27754562014871
0.390514412829099 1.22906521448907
0.388958228060848 1.25360200012625
0.386364134689307 1.29243013401844
0.387770201784693 1.27120491343721
0.386854684090466 1.2823970824384
0.390276844964226 1.23088662051888
0.388270463952642 1.26077690843734
0.386254083674097 1.29517964482456
0.386052736550734 1.29745268550003
0.39030419328072 1.23070725858582
0.38908904493959 1.25378135442374
0.389958587789495 1.24073425728771
0.38870123870313 1.25339976225388
0.393596521912318 1.19025658648317
0.387070416410615 1.28070975767362
0.392007326101155 1.2093702947365
0.390613913670608 1.22869296021728
0.386756546396856 1.28280472538578
0.38948696715306 1.24555089354014
0.385419088837219 1.3022252728549
0.388015798177112 1.2679040624781
0.388170391036453 1.26279801179963
0.389935456650974 1.24017126262581
0.38954100786871 1.24194845644907
0.386029755813784 1.29502871239562
0.385990366196688 1.29695354649431
0.386482836561994 1.29022487406484
0.387739602008964 1.27289094016583
0.390889287192301 1.22493735049054
0.390025138348937 1.24090987851908
0.387533974914124 1.27435179692413
0.391132474774001 1.22333427015925
0.387246831354034 1.27643203801762
0.386994302744832 1.27977758044384
0.38858900616518 1.25888933004459
0.386378428809679 1.28984848904149
0.388990548567131 1.25602644673804
0.386995775586029 1.2802874256689
0.386286289395577 1.29000749643276
0.387705862866912 1.27451007015008
0.386897928217322 1.28589029195911
0.38675452624893 1.2844730767026
0.382913577162776 1.34107531162824
0.390985167505801 1.22232352176156
0.390099183265016 1.23543056166604
0.385410310363733 1.30215060828664
0.386531445045829 1.28826477450481
0.385426625695085 1.3057651981621
0.390517535227556 1.22928030711325
0.389054970111422 1.2509233217601
0.388490613275223 1.26042104998473
0.391187376116948 1.2198271244484
0.383205764404502 1.33657698536628
0.387637023891028 1.27076642730701
0.39039148460788 1.23494503318922
0.3894629629594 1.24403351381357
0.388686986796214 1.25652064024443
0.386079002016911 1.29492318354244
0.386444370886635 1.2905804572772
0.387142032951718 1.27966956385183
0.38792231147169 1.27044155819268
0.387250287586896 1.27761378346537
0.391127057957847 1.22128056380866
0.385497292178077 1.3030227713753
0.388025908947572 1.26708109189519
0.384156171297446 1.31848322620263
0.381251536074031 1.36405297556509
0.386593711866136 1.28928489525953
0.386410613448097 1.28774408334426
0.39127971666844 1.21816748275816
0.388874758906873 1.25475718999688
0.388090039510297 1.26376289217442
0.391029889018934 1.22600014472227
0.386003409930748 1.29573708617828
0.391786766402836 1.21269923439784
0.387995371914363 1.26766406803636
0.388133204136181 1.26614753655311
0.389126599798408 1.24808523091378
0.389641014522713 1.24203878047662
0.387473760348476 1.27370495584871
0.385951794690103 1.29461902371933
0.383538597685859 1.33177507374287
0.383404750727923 1.32968449510784
0.385001212185354 1.3074109713515
0.38928208794366 1.24853732382422
0.384876183358228 1.31355559251253
0.388184276204394 1.2637280771557
0.387293795732778 1.28145972626804
0.386285103944681 1.29479595723425
0.389758606098291 1.2408198354848
0.386266175564439 1.29143904056468
0.389416624503618 1.24901204165305
0.388829926087187 1.25198603612245
0.387925488135158 1.2702527810145
0.387872670059352 1.26698470583534
0.388976876897647 1.25363794617077
0.387420603008162 1.27074518114461
0.385351440634542 1.30512245857702
0.384352910289921 1.31967859407489
0.388925338523907 1.25154629329985
0.390207213055649 1.23502433927059
0.387000264882711 1.28288666168912
0.390181646691579 1.23515591584093
0.386288520152349 1.29098969509566
0.392091104991122 1.20346845169418
0.384048966908449 1.32016841217313
0.389219189809217 1.25099879573434
0.389474924270132 1.24758423008224
0.389751189905894 1.2423172197488
0.388520071746216 1.25731109203796
0.386535257945644 1.28938874316833
0.386944255939779 1.28235162429523
0.386149616800181 1.29374118215695
0.387241015129577 1.27870023272978
0.383974734994099 1.32561673853122
0.386480136353865 1.28875128498888
0.386306889655601 1.28904781673147
0.390110131606542 1.24006479696274
0.38769407027842 1.26561517639086
0.388012550485652 1.26386781731654
0.384524769698185 1.31598111516755
0.386537611520736 1.28597633677893
0.386925394921087 1.28025364074586
0.388242391460686 1.2607220289835
0.385587493794694 1.29985135905429
0.387047021657364 1.27745717856713
0.390263162734593 1.23289498946085
0.390222371979917 1.23384039042656
0.386465201336002 1.29025599298873
0.38948108714434 1.24502356693511
0.383445308894263 1.33287232263182
0.388180315407608 1.26908227363174
0.385764189986745 1.30225742898167
0.391006625123292 1.22581551397069
0.391234914363467 1.22279960134834
0.389856035367911 1.2407727846256
0.386386456169886 1.28802048205554
0.387183044811896 1.27890808405681
0.385992714584449 1.29426249695889
0.38749814789178 1.27333699893777
0.386961820242981 1.28402004963076
0.388680046956452 1.25602112632064
0.387463000547373 1.27499061921156
0.389861230312777 1.24074844581397
0.386715974323165 1.28311942432184
0.391654640709602 1.21858391753743
0.387891318304394 1.26391400734364
0.384617741364582 1.31537332152908
0.387289230194905 1.27687856097109
0.384524202959332 1.31791840931172
0.383954686865986 1.3233946967211
0.390971826165536 1.22330418613837
0.382232453994081 1.34906060503212
0.386063477905351 1.29274320911466
0.39148684895119 1.21542696976727
0.389163081451262 1.25067298445094
0.386351256784153 1.29131110309294
0.388870686418562 1.25371852161991
0.38712312948018 1.28095832970822
0.391462318733908 1.21562265231669
0.39054957691957 1.22731824964067
0.385265716048563 1.30560408146438
0.3835556829205 1.32967461836762
0.390078172425045 1.23602694193998
0.387342849800106 1.27818760185607
0.389164768201813 1.24913731697673
0.387574951988133 1.27672318155193
0.389417431394564 1.24431045277076
0.387719304918589 1.27267433207377
0.385670257874 1.3013992868432
0.386134201295746 1.29334885536914
0.38853998279774 1.26022185409783
0.388342311835365 1.26227230429981
0.386442783706928 1.28949609247723
0.385160900446089 1.31035013427034
0.38663120369796 1.28729155367894
0.385046218459339 1.30944961124121
0.387655781799708 1.27242784709367
0.38716706961889 1.27559144991426
0.38798613930209 1.26696215177715
0.383557937600564 1.33086188944756
0.388316146383667 1.26428136933417
0.384544354820559 1.31696314333943
0.388852285200206 1.25013999546632
0.388048907007754 1.26634054130296
0.38904915054361 1.25079565648514
0.387420667750841 1.27341132553988
0.38764405992377 1.27534650512087
0.38759168845251 1.27105057488727
0.387933493611435 1.26778868941478
0.388716256592355 1.25938711248995
0.385631354656148 1.30104744869821
0.38541235238528 1.30657019668283
0.390426424187753 1.23253081835344
0.388407946700971 1.26000067486446
0.387871680873673 1.2700460575952
0.387331486591473 1.27902752973666
0.387859913374199 1.26893091392989
0.388711462640736 1.25560705431768
0.388417887705083 1.26181275634044
0.389714477405484 1.24245905726671
0.386212169536429 1.29418679977821
0.387977566839225 1.26718186683205
0.386210270969341 1.29114226357936
0.384900781937513 1.31025173010282
0.385961279026561 1.29461300612734
0.387679332870491 1.27058322418342
0.387023909934422 1.28053721009387
0.389642072112768 1.2393965300622
0.389015565746784 1.25366998659693
0.38997277357083 1.24046795593224
0.390798437698197 1.22435220070273
0.38881303240585 1.25304173374711
0.386068406450668 1.29722820151105
0.386814813003508 1.28669257656884
0.38695800245113 1.27969882251506
0.389749810950123 1.24439703142379
0.391856767505519 1.21067715525548
0.387048323475906 1.27719856388287
0.3865691657054 1.2876479517896
0.387394122735445 1.27650571549078
0.388921554287416 1.25679347145577
0.387488588634223 1.27344707753087
0.389691219506821 1.24140330805229
0.384132837802059 1.32408660837343
0.387088896076977 1.27745494545811
0.390127494880205 1.23355735342208
0.382377145669547 1.34607496943687
0.38819357781485 1.26146626500462
0.386659516147029 1.28339699323061
0.390255321444465 1.2304811544127
0.38730361489181 1.27532063961081
0.388363163377904 1.26138657734563
0.38951885422127 1.24444917802768
0.384233732400162 1.32281191590228
0.388123661768972 1.26388208607903
0.384188261310896 1.32159628496087
0.386899749158174 1.27795709194518
0.39062541235397 1.22727074764988
0.387032921279069 1.28292633658305
0.389397910169028 1.24805833204048
0.391198759948517 1.21922507949559
0.392296578206336 1.20759678119922
0.386591337848996 1.28675849498298
0.387164067468669 1.2781633569963
0.387122880236797 1.27790476526953
0.392453910292148 1.20395858522102
0.387319830561176 1.27325173824386
0.386565346114939 1.28870457809318
0.386603791015073 1.28253334287401
0.385589238877003 1.30365401748654
0.385795679738868 1.30272639072126
0.385170578928059 1.30313458597676
0.386896072553449 1.28371915433043
0.384793043610959 1.31498035619216
0.387441487409336 1.27483099393423
0.387304504145146 1.2739191290779
0.387438273969437 1.27204403450292
0.387812177340328 1.26844955345244
0.38938568739451 1.24298598800776
0.38918982667134 1.24998585849976
0.384979861752406 1.30795376946125
0.386143264221486 1.29373403326821
0.386570703453002 1.28595849202762
0.387501065825718 1.27375775067629
0.385843677039133 1.2981233176304
0.385905439580034 1.29346919262983
0.389212367071718 1.25035327210292
0.38506851195446 1.31164119242223
0.386958693954193 1.28396467574501
0.384517751097834 1.31590953958275
0.389445506848098 1.2457406461993
0.389624659104153 1.2448512509248
0.389842236589395 1.24388566027748
0.386870443295851 1.28217205562591
0.3847744960951 1.31096244701292
0.38808427170162 1.26645228645216
0.389737904665278 1.24230981742381
0.389297807704207 1.25058567460041
0.393462184717383 1.190165928721
0.38911724529764 1.25011688494352
0.38827104775208 1.25911813363353
0.387452415871042 1.27530598704441
0.391887173616893 1.20625851410424
0.386862157637474 1.28258701450588
0.385588695775135 1.30176375166449
0.386509326972841 1.28695857498901
0.388098933265222 1.26525187188503
0.387684491084149 1.26828865284666
0.389133196723109 1.25198949429019
0.390570861264139 1.22982675951699
