0.38741234876348 1.45336399657519
0.389011514221361 1.43080740925722
0.396979207829901 1.33785675380496
0.393235308522292 1.38168789511192
0.393084613055159 1.38578673648406
0.391710018799998 1.40022185974302
0.392171166773659 1.39738223120139
0.392709483234901 1.38900842419448
0.390654200634285 1.4150597465586
0.396260579713903 1.34665835260439
0.391858594792037 1.39816824324335
0.387115866476838 1.45839210246714
0.390363526858389 1.41841492057313
0.395654794863054 1.35084275962817
0.391513741382081 1.40421043455542
0.392601767194965 1.39451941572377
0.396971311700652 1.33852087531509
0.394297187310292 1.36745914896732
0.389738469525109 1.42294219366235
0.39139995546778 1.40862955701349
0.39188880691568 1.39972110251745
0.394825765420122 1.36420968829883
0.391920970545751 1.39821107774772
0.396801101149831 1.33828442764021
0.394549421766491 1.36664446821156
0.392104583332537 1.39398869741476
0.393082021781405 1.3827768144079
0.392533142314412 1.39182351621158
0.392106078718212 1.39430323466303
0.395788342407257 1.34861598217464
0.39520119894585 1.35739546904975
0.394344361371213 1.36912433280151
0.388243555140054 1.44430842202654
0.395301484413951 1.35884631868445
0.394376177498417 1.3700590727461
0.396084904464307 1.34662181538066
0.395000963923636 1.35969123611713
0.393518284112919 1.37884396756917
0.388620686397663 1.4374586807427
0.391863018009117 1.40134659910874
0.389737203222052 1.42282490946998
0.388013853773326 1.4462058758137
0.397344764426001 1.33093690467185
0.397682840912143 1.32646354091033
0.391639802636604 1.40635358632877
0.393539200225408 1.37644601079483
0.391360803745894 1.40594611937694
0.392529489526389 1.39105681025368
0.39109988689648 1.40848211301546
0.390711595521236 1.41316191324289
0.391975044872568 1.39809291320115
0.390601812915615 1.41510187933847
0.392611924392834 1.39199210632571
0.396062379705283 1.34800341568092
0.392656570031814 1.39094729901947
0.390034603535712 1.42350904927638
0.39562938905712 1.34873480173123
0.393496357402923 1.38086884771003
0.390512392785756 1.41626334315338
0.391761279404941 1.40379998233956
0.38872331142929 1.44019424149148
0.389262251150711 1.4313067371362
0.390628636737863 1.41318350689271
0.38861898717933 1.43974304635573
0.395610901456251 1.35326509737257
0.396785246344322 1.34171380724263
0.393463091578738 1.3786333605548
0.396263191718099 1.34807307401498
0.390010759784173 1.42153778319707
0.392905033388002 1.3862959003141
0.401670899021732 1.27971328756051
0.392202435904363 1.39315634344505
0.396384075347834 1.34486538832044
0.397112084313036 1.33699346871769
0.394050024915298 1.37099590269282
0.393154404178608 1.38506117834182
0.396247382009178 1.34461378385296
0.392743959030414 1.38992247707492
0.391292713145451 1.40559632939584
0.391198841403106 1.408754171185
0.395459950374474 1.35499802788137
0.39046643243239 1.41940506228989
0.396949979312738 1.33612676783734
0.394249122753564 1.37322589928328
0.397804182564421 1.32528089399482
0.38800088122129 1.44800835275036
0.390621749824794 1.4186693067277
0.389456584999252 1.43162190432628
0.390098936088533 1.4192524426229
0.396216230750989 1.34629681341021
0.402415741418871 1.27039049438365
0.392020992105386 1.39822076831429
0.397366576036737 1.33433115677027
0.400186592720827 1.29838418875159
0.395545982544879 1.35623251411992
0.390605235884045 1.41558167525911
0.39279014082586 1.38901938182516
0.395972420678282 1.34916144977269
0.3934185212519 1.38016351782096
0.396015348419131 1.34725065016587
0.390623669365399 1.41489275012075
0.39478067226871 1.36395220574743
0.389154289756718 1.43409518903567
0.389930408857282 1.42274889180712
0.39709325696737 1.33599976238324
0.39094913501719 1.40943625942801
0.399037261885083 1.31321803661169
0.392398002263016 1.39166266638733
0.390169971583179 1.41884879288568
0.388383134782338 1.44095535972415
0.399384401316417 1.30739872812158
0.393884768038531 1.37485730956737
0.394636936147875 1.36479844447387
0.38903536892397 1.43307425201063
0.392779664445921 1.39053491211276
0.394375920310623 1.36816835325443
0.39116862931553 1.40972258676829
0.396670055767842 1.34103565270439
0.388173977411489 1.44528545436247
0.390868015518266 1.41188065357349
0.391637166415906 1.40341877499362
0.394669057025612 1.36531410624875
0.394078691357311 1.37280511925569
0.394437746937969 1.36850321848715
0.395685792170771 1.35195897644421
0.396665079974489 1.3367616087848
0.39231085110119 1.39319404718811
0.40053516059112 1.29171230939072
0.392773467211796 1.38951645509483
0.398192865816688 1.32290273995861
0.397166915941782 1.33535091405178
0.393460872017734 1.37991431092045
0.395140753079991 1.35870477945586
0.391649132722115 1.40156437108917
0.393336835360707 1.37747112995781
0.396724916454087 1.33774995610045
0.393109595331116 1.38264454001122
0.39935169334453 1.30586095928812
0.395683495422251 1.35270373529937
0.389597359208869 1.4269272884999
0.393328608166912 1.37912966975098
0.39408008189921 1.373199900204
0.392889364463418 1.3880923153382
0.391341814535658 1.40753775023091
0.391024364092502 1.41279382994062
0.393085870906606 1.38297294651266
0.395518334289312 1.35507172980158
0.389700884789836 1.42577755389033
0.392977262101778 1.38406412578458
0.392535940732301 1.39116856940572
0.391534250696738 1.40431473112219
0.392642782896555 1.38987609163625
0.393831750775031 1.37542873859765
0.389287291017074 1.43352294401311
0.394257377630629 1.36884574767927
0.396510580755331 1.34440970434197
0.397157178772019 1.33579965078546
0.394354565652073 1.37115102426129
0.39114028019731 1.40820573669257
0.398619209034456 1.31816770296814
0.391882233206342 1.40086778630456
0.392187882167647 1.39408914684266
0.385422355008363 1.47704642018128
0.393675970752915 1.37905197258937
0.388014839325342 1.44483441152893
0.395764862419795 1.35347535576054
0.3977039734176 1.32925856579801
0.390759666487691 1.41502545569654
0.394456402341667 1.37138089736514
0.391344507710917 1.40695414015067
0.388422951664589 1.44095812213221
0.392420974784271 1.39208251832834
0.393028137982053 1.38688326626978
0.394930000536625 1.36179552974094
0.392557040111002 1.38999549501661
0.390291800616023 1.41770905009567
0.392658346866749 1.3889541235339
0.390510495247314 1.41853929985967
0.391768997864256 1.40037004184638
0.392651387022201 1.39412809249503
0.392062339289247 1.39780788393559
0.389234195531193 1.43251269577403
0.39059895875576 1.41769285908354
0.395474651020719 1.35458979190876
0.394555985650347 1.36679743394611
0.396060151563207 1.34770238321558
0.389089025561904 1.43198166387439
0.389238234565507 1.43034375877782
0.391026369507348 1.40868277877568
0.391844668261842 1.40094475405056
0.393442233127845 1.38327650295861
0.39360638454632 1.37837831439229
0.388780052062488 1.43873581138226
0.391031853336078 1.40861282842822
0.398956209955221 1.31169595328986
0.391328969121326 1.4080403102491
0.389844383834841 1.4252760967366
0.393388538415147 1.38134447116524
0.397062365992168 1.33735123939332
0.39336167155608 1.38149736140721
0.393697714246705 1.37841971464004
0.394504055011153 1.36564468235183
0.394418609672498 1.37033577339959
0.396814265893466 1.33873962298192
0.395688716372859 1.35260763789488
0.391645610741058 1.40488690500556
0.395822114726909 1.34922950813918
0.395277743748971 1.35701793930523
0.394344702113376 1.37019987666752
0.396861335814977 1.33916491178218
0.393164014268674 1.38400926569148
0.394343676438744 1.36827467920733
0.392825241494994 1.39097331295461
0.39271144396149 1.38486400895342
0.390581410190686 1.4148471033899
0.391027512248426 1.41262518226984
0.391653574768785 1.40256853181842
0.39385167213097 1.37589850088476
0.393457727677962 1.38284515400357
0.391708664834955 1.40216141238576
0.392126579418549 1.39394795503597
0.393860497915417 1.37556448007692
0.392705341628427 1.39121396296814
0.38931241616099 1.43195403021055
0.393736238679378 1.3780421201457
0.389134231819907 1.43139000535958
0.39349038246843 1.38270278240492
0.393205491671585 1.3809970218388
0.397181801355014 1.33366798100624
0.392204878102403 1.39445964783036
0.393177092727707 1.3840967736567
0.397668613797592 1.32904714327983
0.392980482146232 1.38394763855876
0.39543069889907 1.35827179447601
0.395928876161217 1.34687355170376
0.393621292438261 1.37901721704339
0.395105843328494 1.35856983590367
0.395449921718389 1.35289036452374
0.392372948726818 1.39278037483114
0.390497605654002 1.41545393298984
0.390993065510833 1.40922612342525
0.39080684318644 1.4101859456334
0.387356979858359 1.45601047958432
0.392071011870945 1.3953503399423
0.394445430014664 1.36654053318479
0.390765712387457 1.41421490854888
0.396924933239864 1.33756513084005
0.398042535081811 1.32327782496857
0.394152658449608 1.37281954368617
0.397822979134073 1.32532461782492
0.397234493087276 1.3345250629752
0.387510020681247 1.45303200330795
0.402350821244878 1.27062913958041
0.39237443891643 1.39363618417654
0.389247510171732 1.42945320365675
0.396946406454916 1.33588338744895
0.387608300170745 1.45239405029109
0.394139041950208 1.37128079947585
0.39285597501017 1.38854391530283
0.390526835654701 1.41772593669775
0.390622340668046 1.41631071946979
0.393570538832915 1.37410867430834
0.394156096899062 1.37087315669391
0.396203214310058 1.34798458756338
0.397001381294176 1.33658665928043
0.391348824514596 1.40629146787072
0.395434119779974 1.35773290935775
0.39454539032614 1.3643140665346
0.387452643790925 1.45389434260947
0.39386835872165 1.37639315134201
0.389346622021234 1.43187244580095
0.393289929709489 1.38048038434557
0.399100178712766 1.30802467678977
0.392359096725901 1.39626756694815
0.393429323948333 1.38016538923841
0.394673644967739 1.36423130409553
0.390961218795231 1.41142924923096
0.395602919401873 1.3551276328337
0.388336738929967 1.44162784974732
0.395618718093877 1.35253417651078
0.389710115868556 1.42567987529694
0.396596011723571 1.34034049288663
0.395130980075772 1.35956653086693
0.391174439844665 1.40769381115098
0.393842566747288 1.37705271330098
0.394331156533639 1.37172478238658
0.389453581517599 1.43025742823932
0.394719286118399 1.36688565718862
0.389252006867242 1.4311121130579
0.392182670644602 1.39539162887167
0.392080092383934 1.39917472502206
0.39022611123896 1.41976664803551
0.392965488433677 1.38439733933952
0.391341506327893 1.40683169230072
0.395947953649631 1.34829470628917
0.395817511574781 1.3498826301663
0.393153031271394 1.38619416531438
0.392187898460752 1.3927103089226
0.386842249410816 1.46210705653555
0.3924076223114 1.39165196115253
0.391175023039405 1.40747746884778
0.396697040940564 1.338273357668
0.395416027429872 1.35485853338045
0.393052061567935 1.38636744510071
0.39329443813609 1.38144347499242
0.394636602780465 1.36572559655594
0.389049813894508 1.43446478616667
0.392282400648836 1.39514644271403
0.395598195275826 1.35273076695827
0.391450672579985 1.40306670919461
0.394942207059353 1.36339221799906
0.384654294717144 1.48573425827549
0.394310733100469 1.36954464208066
0.395264813365543 1.35677518203563
0.392224882234873 1.39530451545802
0.396667570476959 1.33984473351733
0.391075664357244 1.41095348525748
0.393353661387367 1.38011172490368
0.390777378128686 1.41276386460439
0.388657636973052 1.43983242003965
0.392075131736837 1.39817342023445
0.396190234268029 1.3462005066812
0.390670026492722 1.4149163871382
0.389468364792165 1.43108137270746
0.3944447282525 1.36432386529327
0.390844400231123 1.41287560591965
0.392545371545078 1.38873967740763
0.392336287436361 1.39503864539998
0.395099046945421 1.35963165086497
0.394071691675952 1.37316190895392
0.3936275870053 1.37752706941271
0.390082526274489 1.42321253314172
0.398660261179612 1.3166649584354
0.392046583404892 1.39663468367548
0.39571889804895 1.35438904482135
0.390848107744927 1.41114431261242
0.398507268963204 1.31859786334886
0.395523778687494 1.3528146906118
0.397541219186068 1.32699867979505
0.393195828004077 1.3819099850998
0.388635400749437 1.44087592098507
0.393024110904974 1.38502424849887
0.399814477777184 1.30144131916685
0.395595659497169 1.35592479012877
0.393062520596227 1.38571248535498
0.393037427961836 1.38442998425576
0.391693832406251 1.40237381846489
0.394624042803051 1.3650351308785
0.396294552658577 1.34376185868154
0.398440099123786 1.31896994227884
0.391402287168224 1.40453553220103
0.399774876368822 1.30565443008538
0.392470057061661 1.393609245006
0.391708452121142 1.39977558740428
0.39688567028118 1.33675840756574
0.387541320738763 1.45254515655795
0.396103265935227 1.34764297100101
0.39303785400733 1.38330867169752
0.393645363323193 1.37727015313693
0.392700712082274 1.38904310537825
0.392140368273438 1.39629231541364
0.396161179792869 1.34799532919836
0.396654996899091 1.34136242697324
0.390340077426235 1.41955376971484
0.39274780523484 1.38860189113796
0.395108652608881 1.36055699697702
0.394618500671668 1.36598442790152
0.394493621331392 1.3668779018238
0.392472960248458 1.39102961013512
0.391356022827841 1.40503315944089
0.393109645693758 1.38374021216753
0.395939378080023 1.35543993417944
0.399310573882869 1.30812495532916
0.389193865212013 1.43166821593245
0.393743191653896 1.3758983931383
0.394848852317611 1.36332680011223
0.393268433378109 1.38374095628738
0.390054598511922 1.41832424514901
0.397226334276811 1.33464880702381
0.390068080545306 1.41974346633919
0.3948242197705 1.36369787199199
0.396947065448786 1.34055217181657
0.390401491198076 1.41759473060275
0.395679887912746 1.3514360089255
0.395412353730021 1.35506197879404
0.395271681868799 1.35638657713949
0.390678887056749 1.41373323427727
0.393308019987368 1.37973889176913
0.391436267163632 1.40491508976829
0.390913275093666 1.41116813648223
0.392129633446542 1.39452506019352
0.391153172686035 1.4065629247313
0.388923533525426 1.43524042907842
0.397152032287126 1.33580807292902
0.392795863434538 1.38525205864892
0.393215195970119 1.38423979441351
0.393441785362199 1.38130354965299
0.392079833729776 1.39524646892588
0.388433326716339 1.44079790895874
0.39261185083135 1.39028430564234
0.393394040005581 1.38164402519255
0.390558902311876 1.41665628693675
0.392949584733512 1.38717617044852
0.390611197960609 1.41417308433956
0.397295812111281 1.33868670941806
0.393293826198613 1.37991530081558
0.390271690398294 1.42170769423262
0.386714008580338 1.46244832940416
0.393288867471467 1.38145900358036
0.391880577392962 1.40171270728715
0.396945799560283 1.33845319808484
0.392599687893564 1.38854548316223
0.394483681768374 1.36981543134265
0.397507073767735 1.32973730191755
0.39583609402919 1.35074220034289
0.392377607339232 1.39121701721191
0.396182710537695 1.34623524707947
0.395655905925958 1.35476215743516
0.387781460599958 1.45158467286315
0.390271004144502 1.41551593605479
0.403863214397987 1.25425791929949
0.394360932347305 1.36663848960083
0.391948544481927 1.3980041788399
0.394680211553562 1.36510486815639
0.394411942416347 1.36712220175638
0.393980181787394 1.37313431744662
0.392964622771146 1.38583946286403
0.393075572734388 1.38368881022021
0.399435876939656 1.30667995844588
0.392867178222127 1.38716070765702
0.393224089884971 1.38179975360941
0.391401741339023 1.40483660407685
0.394515642879256 1.36808283764265
0.389678389696329 1.42605082252706
0.389567271637597 1.42848091813641
0.392696122082936 1.39374651313108
0.394259488097284 1.37088657741996
0.391856007090454 1.40055088456516
0.392773493004296 1.38701293515183
0.394572229822517 1.36612348305356
0.392159176710531 1.39617454933508
0.389917560074406 1.42216177731471
0.396598648988291 1.3384175655498
0.394408929803771 1.37249596290522
0.392802152618243 1.3876956344718
0.395216453400486 1.35750492485794
0.394271662089817 1.37082500469535
0.396100784476751 1.34661095217324
0.396166008756418 1.34601358822278
0.392384944988949 1.39661028706549
0.390275112425322 1.41968726577762
0.390046267130646 1.4222298134041
0.393023706025234 1.38545830067346
0.396631770699199 1.34073613272116
0.39444740923484 1.36620836912542
0.393404287906077 1.38087826746284
0.389973318358797 1.42293579792173
0.396839601198228 1.33802461441622
0.388448252659881 1.44195374390148
0.393900146117601 1.37240618249178
0.390888196634112 1.40916323509201
0.392036445556416 1.39390999303563
0.394473242622339 1.36534575834007
0.392027719094444 1.39980707060574
0.393835961725788 1.37716076888021
0.391733302172367 1.40333666467162
0.39332513023919 1.37982308618302
0.398471780127149 1.31945918530692
0.397454427251411 1.33190155203156
0.391996809205434 1.39736850096418
0.393511361346036 1.37856036730125
0.392219399945139 1.39474525776351
0.392417606564802 1.39550127453064
0.396229145041193 1.34696648852921
0.391436907664415 1.40575458115214
0.391761498883678 1.40139803708605
0.391748358077001 1.39851354413788
0.390522369165306 1.41392631875771
0.389220231318373 1.42892458574764
0.39350307546873 1.37619548961373
0.390983784407254 1.4114845812056
0.392515023255886 1.39110821745989
0.392057294786971 1.39873866161563
0.400405948568253 1.29390869121719
0.394742996318922 1.36190826285667
0.387576225674956 1.45097569964533
0.389340801248447 1.43236765671352
0.39109525525967 1.40994023283712
0.394528627924971 1.3645718214231
0.391865325090416 1.39926615172738
0.391878507211587 1.39687940953935
0.392729324758787 1.38624788418025
0.387204360470097 1.45494235377963
0.396513061929431 1.34268286165346
0.391090563852057 1.411124323572
0.393826445625524 1.37598585651146
0.393604184595982 1.37557309615514
0.393698264910651 1.37654895862718
0.392754035180886 1.38905899160583
0.394610234182609 1.36587604178746
0.39175380013216 1.39826571519262
0.393217965115807 1.38412405167804
0.396555593946397 1.3424259783576
0.397105731639572 1.33772586348962
0.391741429410838 1.39922001489155
0.393524715548075 1.38043257384639
0.39905152850646 1.31309967398308
0.398883028745827 1.31417229735697
0.391623240158435 1.40120203217177
0.393705154029388 1.37878420836793
0.395691271093856 1.35363409463743
0.389729548369651 1.42814624408383
0.391261323523551 1.40809718169684
0.400727652829653 1.29228179814048
0.390692408117888 1.41356730983103
0.387292160794991 1.45488894009213
0.391025141216735 1.4137661160815
0.392935060798847 1.38660514366815
0.390263137767804 1.41997082930649
0.397411470808775 1.33084874644137
0.394412245278222 1.36744827013354
0.394852834813043 1.36521914909145
0.390491574007796 1.41410127852318
0.393110259735206 1.38336665204686
0.39808657412849 1.32416140791009
0.394294451874921 1.37209952429844
0.390890564126596 1.40993246206107
0.394206628431037 1.37280901146514
0.392063279787423 1.39984363315547
0.391079201301255 1.41041066942949
0.391632060614591 1.40448046974216
0.396761605617752 1.33935769426231
0.39139090102688 1.40382837571115
0.394308142552204 1.37051890242214
0.396839862815203 1.33935333075879
0.390207214555049 1.41957872960549
0.392115430660213 1.3961315934848
0.390799283056596 1.41036056736054
0.390067504526643 1.42113247085052
0.395258234767152 1.35776262997029
0.393425931905013 1.37990403469266
0.392213181746902 1.39560389994561
0.387511403216687 1.45486799522307
0.392289382355894 1.39458153727245
0.39019411535892 1.41962520336347
0.393662640349921 1.37979373190103
0.394943909259429 1.36343919783329
0.392072332307626 1.39625789728603
0.393270827736996 1.37781816212085
0.394739255996212 1.36497720864402
0.395334427015281 1.35546997245097
0.394718906297235 1.36061713992047
0.392538436209477 1.39219031663144
0.395772573186756 1.35154866504303
0.395172715996979 1.35910919883704
0.394383773083427 1.37093117803947
0.397487496713879 1.32761432985752
0.394441385628599 1.37067985783311
0.385092094356795 1.48531261967025
0.39352461063482 1.3769613196307
0.395324742641355 1.35605396585444
0.389203111714575 1.43172222515005
0.398446066244113 1.31945026859002
0.397380479168447 1.32788179871427
0.393787389646823 1.37583628449344
0.390445457723154 1.41623495588891
0.393095853609307 1.3843099371371
0.3987430344966 1.31719163634235
0.397628916971847 1.33057410682156
0.392956598230893 1.38300177065785
0.392788638342275 1.39046377746972
0.390607546052252 1.41340374857655
0.39889255983991 1.31269845974631
0.395082375112813 1.36161169946504
0.398216508589415 1.32231233156735
0.39594290570796 1.35079210954658
0.388848435205225 1.43864264183767
0.396727883610039 1.34196054516448
0.399399277412975 1.30675523813317
0.388461661321421 1.44243097232014
0.390292563515321 1.41979134217293
0.398309492941467 1.31973444836549
0.38860680893321 1.43804496799917
0.399961533097818 1.29953122467098
0.389949664107323 1.42357674253553
0.390505718261022 1.4152502835385
0.394133341439664 1.37229288632636
0.393350625319219 1.37971415337499
0.39565883684283 1.35498211770394
0.390541620388142 1.41615874319783
0.392805540686356 1.38777846524035
0.394202979504882 1.36996168988631
0.390474584788564 1.41780735928673
0.398326699631329 1.31994806035864
0.39283436842152 1.38983637193724
0.390948811602596 1.41384823893436
0.390575353368062 1.41432421761694
0.39139508791806 1.40329210075833
0.392224723482646 1.39394329623529
0.393077890751787 1.3859771500409
0.392452467186739 1.39173660230658
0.389945078787128 1.42227619627586
0.389987001538682 1.42138229568446
0.390480704196171 1.41391914604834
0.394806088910409 1.36238251714137
0.39425371533711 1.37137563189655
0.392624075678699 1.38895935024784
0.393336490220306 1.38196474010855
0.393831423046837 1.37770918416618
0.393901587767119 1.37447456321606
0.393278144416944 1.38174905213997
0.395280325713596 1.35818736774458
0.391730531486379 1.40169655909591
0.389645137527111 1.4284824856581
0.391870612557284 1.39580355985006
0.39590660858102 1.3486028911317
0.391912860928842 1.39892466139667
0.39502150828908 1.36342006632373
0.394489139692597 1.36622251268802
0.394510892847629 1.36372178151977
0.396370118928025 1.34618818694389
0.394157805021625 1.37216702068017
0.388263390107277 1.442304444338
0.392451285873191 1.39234340670261
0.393114675312152 1.38456805735621
0.393872930919069 1.37720420295083
0.393242736112896 1.38038494225497
0.39389515858248 1.3739589725492
0.39680496309296 1.33877875099488
0.394634425213357 1.36737583460715
0.391824555492599 1.40033961835789
0.393796784911998 1.37801842497539
0.392890087754466 1.38786835274057
0.392287492271178 1.39483628012761
0.391663053255844 1.39968196415083
0.395068719073816 1.35771274657819
0.392357382753034 1.39409305850468
0.390145533313786 1.42151342372195
0.386346675166485 1.46667938879801
0.396265908642742 1.34591336428019
0.396384039091058 1.34520276172064
0.395284049056604 1.35729774429469
0.398332119290696 1.32002423864636
0.390977138878883 1.40974051152315
0.394603786662831 1.36619378018499
0.396668979264346 1.34040884850253
0.390378661561967 1.4161609781046
0.387579222918541 1.4522356541857
0.39027223338932 1.41825898788411
0.393001520833908 1.38585057746616
0.388964634094798 1.436480649879
0.398080369790618 1.32144930459784
0.398461252290799 1.31896768191124
0.390866863556388 1.41370879726107
0.390000920126738 1.42225524068274
0.402177956504692 1.27312109839028
0.396277429446058 1.34593003457156
0.389884790780994 1.42368386915109
0.393737608184048 1.37468680547994
0.394377776891866 1.36765717441672
0.394633077646725 1.36515957399395
0.391777927474932 1.40181925511201
0.397180461639459 1.3322317233701
0.392778260546865 1.3903258463602
0.393064746982948 1.38349984522011
0.390819127488448 1.41359588700864
0.395900715183368 1.35086285123676
0.396401181345733 1.34689539410556
0.394780441390274 1.36393359182616
0.395850945965625 1.3529085553393
0.396313634111403 1.34545434511047
0.392214625094888 1.39532067900216
0.386323118376414 1.46784447312118
0.396355334621158 1.34545476478131
0.394942475836802 1.3621802550585
0.386894424085471 1.46078435760916
0.397643825176466 1.32886866273574
0.392494769830334 1.39359971374157
0.400666271468605 1.29031131386552
0.388406274466811 1.44010384084636
0.394008734382496 1.37307221461822
0.392814039826766 1.38827363105049
0.38856205433162 1.44184786747322
0.397419205573287 1.33471193398267
0.397064066592974 1.33673482353384
0.398651593796873 1.31763962797836
0.395451451520442 1.3535402850141
0.395932449592304 1.35018259594116
0.392558834978478 1.38856462069723
0.393830837095092 1.37698990726467
0.391383033656139 1.40247129671737
0.395683665690895 1.35458101389603
0.3911554927865 1.40878199567046
0.395947328107029 1.34945684614215
0.398169267246636 1.32084982960795
0.394767235581852 1.3633967315899
0.392121409006513 1.39486375034555
0.391192635266712 1.40652952393263
0.392795777644201 1.38778150665862
0.387164934285553 1.45483880285603
0.395847518467025 1.3502892608573
0.39300720251804 1.38590575074739
0.398581242610271 1.31522662126887
0.397755458595094 1.32900981755123
0.390824191481091 1.41091375534098
0.397803444874138 1.32701556040138
0.396677026289606 1.33866504453502
0.398297388978234 1.32083090614642
0.393305022776119 1.38005288098798
0.394369798932316 1.36851907210081
0.39070366836213 1.41184385042879
0.391772935633214 1.40157056021697
0.391401570745438 1.40691797049168
0.394405907434723 1.36992664265602
0.395618501581657 1.35311388948236
0.394136196879558 1.36986292880636
0.392982034602794 1.38807145155137
0.397849862748363 1.3281602846061
0.388676671365494 1.43920383045269
0.394981038844262 1.36299191757591
0.386562038044753 1.46383125376712
0.394133176245574 1.37113141192999
0.390086261094977 1.42134212326204
0.386726280718131 1.46207797508427
0.397469048876563 1.32843640604557
0.395055524817082 1.36166256311716
0.395291797915217 1.35763286130918
0.395525982626394 1.35440719935642
0.397817587887587 1.32752743822398
0.39521112488164 1.35743504753163
0.38924589131603 1.43195227079343
0.391617424101015 1.40437807952456
0.390807613273799 1.41522818895368
0.395543154353382 1.35196601907593
0.400728288571419 1.28883157446205
0.389900241268777 1.42306130371452
0.393773038932929 1.37472416968831
0.389622742245971 1.4276200730062
0.394422712568319 1.36891903142572
0.399798478658027 1.30426805830041
0.391450543217248 1.40416622217619
0.393874654254341 1.37298179516578
0.392829218437043 1.38800820250723
0.389956440121911 1.42241649196263
0.395797804382101 1.35228503379785
0.386651473190654 1.46382724233058
0.39135614372615 1.40439636184744
0.391430609284134 1.40684924644498
0.388961147254525 1.4359436545525
0.394399696389172 1.36961567095784
0.392076443380168 1.39725927283148
0.393784172421586 1.37613878947315
0.395123585050711 1.36018896787744
0.393576900661341 1.37576172494095
0.393333420767711 1.38415893590006
0.394127999178648 1.37010736334797
0.391409471602466 1.40557665129923
0.397648844292984 1.33237061792868
0.393102993598437 1.38539181903483
0.391542667839791 1.40527692853613
0.391229368991669 1.40663305262196
0.392626332231995 1.38863684949618
0.394430085350736 1.36935118380104
0.389964364273995 1.42118603456285
0.396251995559915 1.34419526097282
0.390263924262906 1.4193314833335
0.392407319853238 1.39357462692096
0.394819590416963 1.36503703438474
0.394511168115319 1.36693738980039
0.390104140809307 1.42012543905752
0.393485929364953 1.38036357605924
0.396993134742912 1.33684961993159
0.394726373673524 1.36655387301502
0.388563721810489 1.44057826799728
0.387757916551978 1.45102609204298
0.39208838620894 1.3977650679224
0.395369258156793 1.35667627014524
0.393883527377033 1.37498105269755
0.393448612017207 1.3797547501701
0.393873430608168 1.37457791547635
0.394301596328021 1.36831652445954
0.393623089224001 1.37953146199679
0.390827534819928 1.41215294008453
0.389807754984982 1.42370639148137
0.394791426374512 1.36486930736195
0.392484696891205 1.38932671359999
0.390230414141484 1.41883364127072
0.392533523266836 1.38973071934704
0.394764655404843 1.36251421860697
0.394925990042378 1.36024416576416
0.391126284295362 1.40711497974068
0.395790129104463 1.35024248892135
0.396354513687611 1.34454736833707
0.391723979553946 1.40151583220629
0.396005182562514 1.34839574129873
0.388336908301989 1.43988530795724
0.393187569304794 1.38226138503077
0.390020973093106 1.42174440028119
0.390590398845892 1.41446021547579
0.387490571056412 1.45378703831767
0.39340607558635 1.3846187882285
0.39219730350384 1.39485724615975
0.391511084444981 1.40252749242303
0.396876198989878 1.33677480429777
0.396760354238045 1.3391195166136
0.399695294781853 1.30280197482339
0.395121089996444 1.36040534617988
0.399211901173422 1.31055812511038
0.392780597395354 1.38840646689425
0.397970271523781 1.32402613597354
0.392879597533457 1.3874770171222
0.395308995996962 1.35909240944447
0.393865871952743 1.37228572001847
0.391030825053545 1.40902901254852
0.393339370337791 1.37957300917705
0.39655453520192 1.34193744487615
0.395852046821668 1.35207838249677
0.394813951218653 1.36047211974469
0.392113650806537 1.39833291407693
0.396396951573887 1.34509770595676
0.391060246495898 1.4067350411045
0.392208507623897 1.39219872964532
0.396752457742918 1.3386044207701
0.392539123026433 1.39078016953104
0.396030875584352 1.34706927567453
0.389144250656928 1.43529229051625
0.394201925276077 1.36988035657699
0.393781793373864 1.37436561652472
0.395508090714555 1.35580829643382
0.391285590519317 1.40832186373164
0.391827380075964 1.40043622036316
0.397291078651178 1.33193272094048
0.39552781911124 1.35780696383023
0.391375041700334 1.4065375855451
0.389989679017429 1.42506416505649
0.393908731106 1.37695003247669
0.395357779009346 1.35841178431028
0.392611341366227 1.39149299267917
0.394409152211895 1.36683975980026
0.389016204538214 1.43559069995337
0.391697744557572 1.40121048554707
0.390158115237802 1.42057441087558
0.399501689000131 1.30450573420217
0.392127318026344 1.39441046254405
0.390141926781065 1.42016866970349
0.392116525618416 1.3967441841422
0.397137587960634 1.33691207540289
0.393329041821038 1.38389984101746
0.393303080146668 1.38314575361418
0.392746235444955 1.38829869010393
0.388373284552465 1.44361753392133
0.395953902144641 1.34728296594274
0.399433026809096 1.30763224940639
0.389783337582204 1.42125434459862
0.392974574591506 1.38434469689756
0.400029759354747 1.29772425783144
0.395692842455505 1.35284643340986
0.395382111934383 1.35535275986598
0.396071982747334 1.34900450787181
0.391728946710527 1.4000497409244
0.392585384064519 1.39384562716307
0.391998883753193 1.3953897661528
0.393663664199972 1.37927870497742
0.394486405502726 1.36641581297349
0.389832644315581 1.42443704611445
0.38772953031071 1.45210832828834
0.393743315594847 1.37898508979348
0.385927084601333 1.46911766551017
0.392070018806722 1.39768856346562
0.393571254897427 1.37790082584654
0.391258995916957 1.40509487979802
0.394182026212304 1.37315216293347
0.395064963676766 1.36390859578537
0.393965739087212 1.37273180736938
0.395692983564511 1.35161229917893
0.394085300097268 1.37077707554743
0.392203971736211 1.39438369893278
0.388869321824922 1.43556423651828
0.393186435280203 1.38364053975918
0.394287142540985 1.37226882426644
0.388131925116969 1.44464009818226
0.395050500152569 1.35957718037436
0.394772899352564 1.36040931972392
0.394494466789216 1.36880234101003
0.396339774962805 1.34376446743685
0.393624256734831 1.3766074817728
0.394978513196852 1.36375584118697
0.400006434947514 1.30002707919298
0.392927478723411 1.38724256297466
0.393622198371584 1.38009846330149
0.395275300044011 1.3548208657212
0.388875035995147 1.43599445377374
0.391520930144406 1.40440624353212
0.389972379730774 1.42353087912517
0.391878561844637 1.40078291566904
0.387901249329665 1.44633008290413
0.388626378512385 1.43940922612373
0.397038824449899 1.33900185796295
0.393556992841893 1.37935526106119
0.396475570428683 1.3433454402244
0.393743079670018 1.37517641665164
0.391185200634921 1.40653561732794
0.391814260086944 1.39936924951669
0.391382957738942 1.4063896978768
0.389174248328855 1.43414277315263
0.390039780993305 1.41941030616275
0.392446369919323 1.391203472391
0.390385350027037 1.41772099960443
0.393779536763499 1.37626224589292
0.393371326163183 1.38340260377761
0.388348391388123 1.44220819156833
0.397965857770317 1.32501969720852
0.390902094350785 1.40951276616222
0.391994441738943 1.39990019537348
0.393663475319381 1.37661986369892
0.392495911191208 1.39300341008015
0.391250659263051 1.40700627724133
0.391960225802569 1.39910702935171
0.397062420790174 1.33642974995682
0.390425467568611 1.41603966872863
0.392588521438255 1.39126964178955
0.39386922610702 1.37279849642605
0.395014923726536 1.36116229310863
0.392516398724124 1.38809095497391
0.392291491176675 1.39634883359975
0.398035502549009 1.32331927140717
0.395361270246985 1.356200635297
0.391239623396888 1.40557614294406
0.391171193114926 1.41041673322227
0.396746292533246 1.33939684887821
0.389687146228192 1.42965337345913
0.393809856275226 1.37724175530459
0.387381131774628 1.45501373603405
0.396588373706334 1.33953537312987
0.397689256741181 1.33017074119943
0.390275963304469 1.41815608651776
0.390587014443498 1.41569903016042
0.390274054993988 1.41700579222931
0.394340266278478 1.3715811110285
0.394534712943937 1.36484332421266
0.395069650745592 1.35969532944566
0.393540962055095 1.37798872050384
0.397085046741549 1.33783666522793
0.391079305419308 1.40965004161481
0.398472206631804 1.31825488357004
0.394328351193885 1.37039202358612
0.388722693940179 1.43787380922913
0.388570650463387 1.43834235284926
0.389063438091876 1.43455470572488
0.3944132056953 1.36543638867637
0.394663972620245 1.3661629293051
0.387286034458534 1.45747731615033
0.390669794429422 1.41604628893656
0.39512425135331 1.36200248562966
0.399525484007545 1.30648120403924
0.395883265535934 1.34969922879301
0.395165881190812 1.36135441031613
0.391426384904982 1.40612701502662
0.392310772969379 1.39085066972778
0.395587385391457 1.3533738954573
0.391054040124566 1.41055536815389
0.392079052399184 1.39674274443144
0.389775909999326 1.42374553910906
0.391835900056086 1.39786742180466
0.393925850573631 1.37272372455367
0.392063770879246 1.39948740118358
0.393531602299051 1.37964305760006
0.392407339246144 1.39460527195424
0.395023883664258 1.36505002909839
0.387221116847503 1.4576774006959
0.392054792770059 1.39527155931301
0.396795427864672 1.33837870608703
0.396668847108053 1.34159112992439
0.398212290764545 1.31956597420571
0.392614992110561 1.39216877147203
0.394805823825665 1.36539538378587
0.3918366243223 1.4001117912257
0.389668095304427 1.42578247454114
0.396750698360517 1.34002017159321
0.390943160354793 1.41086216010246
0.392015562192482 1.39829029059209
0.396300273640461 1.34606493568765
0.393630445337769 1.37618419300522
0.399017488388324 1.31374053114745
0.393452237696132 1.38249912500716
0.387903202482497 1.44553922251245
0.393733446953159 1.37599219668147
0.395993329326672 1.35164023963733
0.394702488665116 1.36601223802378
0.393798022268149 1.37567293911539
0.393911954577941 1.37447435410452
0.392146494205455 1.39922310826584
0.396397443685053 1.34669285675144
0.393474680079755 1.38173741820618
0.392115259158627 1.39670491205027
0.394561946310589 1.36653503860622
0.39440342071225 1.36683085826687
0.396617066246994 1.34372956070508
0.393641229992763 1.37742148990666
0.394131712606802 1.37150336961429
0.392823872321406 1.38692092687261
0.390188603025591 1.41782960633038
0.394145045052926 1.36778107236204
0.396496534478763 1.34559268067237
0.397554828660054 1.32848882317103
0.394165643480482 1.37307718625297
0.392367539854632 1.39282508098288
0.389118508544212 1.43399752817194
0.390621264604595 1.41670789969923
0.39471269113301 1.36385278966875
0.387727466434842 1.45223238387277
0.391821807917824 1.39904541683327
0.394949930900208 1.36024753377698
0.396079969451496 1.34656573024795
0.392456982789035 1.39125665580301
0.3901868040146 1.41923647736466
0.393174545824408 1.38339169274184
0.39103273204739 1.41008700327097
0.396433146849301 1.34284141466401
0.396053285380267 1.34694024455707
0.398121658492465 1.32640796433015
0.399155601828151 1.31217250970507
0.390549887648531 1.41610935909629
0.396038348576005 1.3456715252531
0.391153737813243 1.40856087715405
0.390747617679014 1.41417665044504
0.390371563788832 1.41950459143882
0.393277658024117 1.38236265110552
0.396940315800166 1.33444258096893
0.393620064365121 1.37966755592514
0.393474647647869 1.38224195030445
0.390173641175184 1.42140711842451
0.391169387332079 1.40567693246752
0.39146398332586 1.40367998768516
0.39579363427967 1.35241943793503
0.390474407809146 1.41900039129491
0.396069565334052 1.34668117921072
0.396663369787252 1.33968831510261
0.390863347168713 1.41294224615473
0.394182265086191 1.36985826701358
0.391562165208765 1.40457888893724
0.394429743547493 1.3676872419725
0.393814157154216 1.37482414506209
0.392380335553227 1.3901001851439
0.3904896883456 1.41714548003373
0.390673686161145 1.41527630924966
0.391812224222719 1.40112063868802
0.393106958008305 1.38514738669219
0.39352496166214 1.38179286678009
0.39246628810877 1.3921840521443
0.392540161437918 1.39150767154975
0.393117013726666 1.38286747862814
0.395036835319629 1.36359156166803
0.394492895108107 1.36957883000902
0.393674181286136 1.37632170267724
0.390364643136501 1.42072162206021
0.39569708627459 1.35540014986195
0.396049339232025 1.34693136922134
0.387005230144393 1.46223208009309
0.389522980262277 1.42760893981289
0.394405664658068 1.36946095287375
0.392997268898001 1.38492823143051
0.395893232267906 1.35096470371058
0.394635930413406 1.36810894952995
0.391129695318484 1.41155453670398
0.393376791112477 1.38001971568769
0.396937656609408 1.33598975920285
0.392337516120226 1.39187321074373
0.398402816777721 1.32090857881875
0.389893745672883 1.42363125703067
0.392902356224086 1.38613690763181
0.39161646971964 1.40447054219362
0.397654059762324 1.32875609006377
0.39421021416233 1.37299011217069
0.389998439518596 1.4230373196913
0.394109495563465 1.37459391135029
0.389519472272778 1.42789435561517
0.398254775722244 1.3179328960089
0.395442726797834 1.35273938872191
0.393236871248492 1.38099217559865
0.392153841119773 1.39751219605275
0.392521957430222 1.39114521890939
0.38824672725993 1.44847233986832
0.394321208739754 1.36847382328063
0.39457646787649 1.36644264850353
0.394953122249276 1.36330179792204
0.393968324204663 1.37232810527189
0.38989039778405 1.42282262859771
0.393994620318907 1.37162951069282
0.395969741534382 1.35067309438855
0.392812764632137 1.38458996573776
0.388783264542001 1.43804324737886
0.394022459672978 1.37272921481461
0.392612223862862 1.38987138104465
0.388441644842759 1.44165369691929
0.39361940221618 1.37505424054708
0.390810080722536 1.41444158116508
0.389061861925212 1.43657245669394
0.399588568626522 1.3030425449458
0.393217919819054 1.3840020516864
0.391169704339515 1.40780523440994
0.390674691357991 1.41299695438389
0.386571310414581 1.46469704615989
0.393056936877858 1.38500866401463
0.390461020405433 1.41621446294965
0.393749608916594 1.3752699403887
0.395463956146502 1.35332522365804
0.388953973577901 1.43402477348988
0.393946564777596 1.37274337880834
0.394029243425323 1.37188046892724
0.392327867290715 1.39551778790001
0.392373100125654 1.39305833671272
0.391350349394784 1.40570258283168
0.390860584134401 1.41075725358145
0.387342531094504 1.45522288351607
0.388343425036194 1.4428897626122
0.393204442691866 1.3826085245242
0.397062198399798 1.33775759913264
0.392265674000077 1.39493324309988
0.396242690984775 1.34801675807616
0.395169352559895 1.3614615845549
0.394182249818711 1.37092332405572
0.393118880640435 1.38225306289649
0.395232159644571 1.35883792059738
0.39065227017665 1.41376173367182
0.391539280975747 1.40419058793541
0.393302751271368 1.38123614720448
0.393016105669153 1.38616704697817
0.39063927791163 1.41357787086887
0.3944106849072 1.36852338897703
0.402253240421822 1.2764506728427
0.392674536283759 1.39261280094166
0.390579982760985 1.41500885603292
0.391250292082364 1.40852023978738
0.394118682938425 1.3715385793558
0.393615845144242 1.37622592741803
0.391096030989653 1.40561776942308
0.392216959585701 1.39337253817174
0.393160359471636 1.38401778742137
0.396837474215731 1.33824961424766
0.393441347200749 1.37928089836707
0.394589822149533 1.36587882863359
0.396508473956575 1.34580485275907
0.392419369881479 1.39432559095937
0.391686784286962 1.40016866593221
0.389600384569027 1.42759648708897
0.388771269735126 1.43917478294138
0.390532382999487 1.4180070545976
0.390275974927893 1.4178073362772
0.388158285601862 1.44247032762457
0.397303102154036 1.33337986575219
0.390455993649282 1.41638796977935
0.395537254063681 1.350999215454
0.391686645172472 1.40318878882491
0.393089821975208 1.38557637176758
0.389994689685005 1.42273904702965
0.393327963894917 1.38412139286194
0.393458304676479 1.3766419012237
0.391108410158406 1.40722381232478
0.394445807232552 1.3668943728002
0.392495346551861 1.39229431394066
0.390877280569914 1.41229352586624
0.39481188783778 1.3625566148908
0.387683508010876 1.45095487009811
0.397420955926272 1.33524018550428
0.391062867232895 1.40933464529887
0.393081478265272 1.38406903983839
0.398461522793391 1.31718855329004
0.392829100668979 1.39014610362307
0.388472156235663 1.43890060091277
0.392015510566472 1.39817875895403
0.393306855760697 1.38224814184109
0.392364845239624 1.39330453465693
0.389564486699227 1.42625002894839
0.400849051062351 1.28621735288475
0.393215611164442 1.38518428102102
0.394691103347166 1.36525340961077
0.393199456793199 1.38422839609896
0.392947815220189 1.38436070371109
0.396583353812243 1.34343016204009
0.394774908882696 1.36138519404108
0.391952681421972 1.39773894760358
0.396952195116871 1.33596712741723
0.394018777906825 1.370886735432
0.395241530397432 1.3585899248556
0.393053316268165 1.38407269320785
0.392295666978074 1.39480450862179
0.394999276907292 1.36157227710644
0.393697037014888 1.3770521748787
0.394693873295168 1.36536479237909
0.391729864672936 1.40038700701981
0.396603437139774 1.34050421599878
0.397466234405879 1.33072322936567
0.397146811200134 1.33239043909431
0.399386088122578 1.30625311617709
0.394991506735689 1.36087152998332
0.388141543282476 1.4482443537752
0.39331924497016 1.38004523183662
0.391467620825941 1.40376456674461
0.392121312054927 1.39634398761277
0.394171067090109 1.36967041811209
0.390596617279018 1.41659288272782
0.392753313583838 1.38637929540165
0.394925369521117 1.36077384392512
0.395031055745887 1.35918957076459
0.394605366778954 1.36501874196232
0.394131045682446 1.37200540598931
0.397144417680553 1.332811858109
0.391541953307542 1.40311485133857
0.394361324642942 1.36804386467603
0.39442887942971 1.3689430796768
0.392637990504589 1.39214924175806
0.394473520424431 1.36876572583341
0.39158080925211 1.40268315903555
0.396986180572408 1.3343653940307
0.392171157715192 1.39442821837686
0.394223300148169 1.37359516528794
0.385854208115489 1.4761291983829
0.389433158806633 1.42754571892755
0.394365460980496 1.3714581924357
0.393730632563521 1.37886584919901
0.392633086322928 1.3877651194595
0.39417940474478 1.37506379558326
0.388230379222083 1.44514144581557
0.393301912939967 1.3826476324376
0.396791425951235 1.3390110277925
0.391606460249059 1.40151512126755
0.394016821006305 1.37366578037425
0.394322364545687 1.36816363259525
0.390635278318254 1.41623497443834
0.396806253731094 1.33782777365494
0.393983452879642 1.37499689026089
0.389660424378802 1.42494109680589
0.393694406788216 1.37726338127038
0.394764341640551 1.36523006964835
0.393229774535993 1.38444568696368
0.393723174500872 1.37904852240724
0.396056486990486 1.34824262538399
0.394314614299625 1.37262822118226
0.394670110252225 1.36611798947094
0.391513245819615 1.40579782397064
0.393447281528247 1.3794484889846
0.397112322086822 1.33406437239678
0.39392476343444 1.37511598532695
0.396910628622486 1.33753867469368
0.395212665390189 1.36171908933842
0.387791370280663 1.4492839883345
0.39234619959386 1.39275510278943
0.393792772670745 1.37914762646691
0.396376491734303 1.34709265339914
0.393722060687515 1.37684834225289
0.393292411899306 1.38309890923464
0.390846242500571 1.41137638728438
0.399057542658924 1.31052180336394
0.392235548671685 1.39368635592539
0.393048183922251 1.38562507439862
0.390431047046896 1.41914871444625
0.394737752036279 1.36361937670038
0.398058246504388 1.32317443702251
0.393402651270381 1.38163474403915
0.393234224298195 1.38231710451903
0.394026698592865 1.37380910629249
0.393344757693239 1.38068629040409
0.394185340341546 1.37366040383233
0.393509055809845 1.37835365754444
0.395682537055252 1.35266447276332
0.389228798613736 1.43276651261532
0.392576308030221 1.39232010840979
0.391734569813531 1.40198276882003
0.38762658033181 1.45428565332951
0.392725342823581 1.38937258008303
0.391870904803473 1.39959605923657
0.395774338947781 1.35190766763178
0.389977695236729 1.42376115533077
0.395206388492235 1.355624501088
0.396309641380052 1.34508249037967
0.392949098554351 1.38845256364833
0.393405123836645 1.37932763184577
0.394602128463545 1.36520742623884
0.393540709359906 1.37984480090825
0.392713054919042 1.38807497880649
0.397241944238695 1.33624485337155
0.395853489568591 1.35094930709794
0.393230886298596 1.38364803273451
0.399456985056309 1.30715652853639
0.397299457787316 1.33412324530843
0.387874996690219 1.44705484610016
0.393167068418702 1.38304488746285
0.390182688828135 1.42010897894718
0.389515549335507 1.42742971756309
0.39092708906015 1.41198989884871
0.39418240522645 1.36851778234031
0.390291119764553 1.41709438315938
0.389483058935563 1.42952309544569
0.388653247684606 1.44091785817728
0.3916239351688 1.40259806749713
0.390219751957694 1.42398774723986
0.392475081851284 1.39517790576819
0.392499212838887 1.39167614022138
0.393793355155454 1.37589327296841
0.392767918335374 1.39110249082185
0.395010800563292 1.3588579345685
0.399642727544101 1.30619200803471
0.390131012973194 1.41993826060165
0.393550546459114 1.38001259339042
0.393195246333814 1.37987433284987
0.398054534880256 1.32382859905063
0.394906242387429 1.36270483120834
0.395722939088168 1.35088329439795
0.395438780872172 1.3560576800839
0.393224027700072 1.38463064860678
0.39299511327407 1.38595200947968
0.394094331065154 1.37207846209802
0.394555876664122 1.36326735266068
0.393934556735007 1.3713962333029
0.391916295061041 1.40086482924458
0.393436512283048 1.38237836259182
0.39448233088617 1.36842692881438
0.394566318458293 1.36505080594168
0.397682181115832 1.32955585731907
0.392975946541923 1.38655290097328
0.392922542978564 1.38714774513833
0.391407892229436 1.40639210719398
0.394577935630179 1.36714930196249
0.395286465577615 1.35784853875009
0.396008481098259 1.34711009017596
0.392854907977958 1.39092257806462
0.391912632629143 1.39467895616112
0.392096393351335 1.39481133779117
0.394427717872585 1.36757648977629
0.398902437850239 1.31168508109019
0.395202804483802 1.35713982307551
0.395649946365896 1.35120272859624
0.391529970250554 1.40260190299736
0.393004246994254 1.38333833733721
0.394012281348421 1.37250283277851
0.395222198584742 1.35791434214942
0.393262773897868 1.38385476473949
0.394527752391145 1.3668598975431
0.391208396839563 1.40831195179708
0.394036987086941 1.37733386696638
0.393397741786882 1.38376306961222
0.391619322031591 1.40504256640528
0.393209612626467 1.38570129420968
0.392669957441839 1.39071507806851
0.388092400080023 1.44468012680502
0.397523251484281 1.33056340279794
0.385818514854228 1.47315219424992
0.391612905431256 1.40248025814126
0.389793967096241 1.42736203960036
0.397784627022856 1.32627805615995
0.387869895261256 1.44954069697595
0.393388879751816 1.38190991136615
0.39073326031664 1.41204807610322
0.394052524820972 1.37687450012215
0.395206715563901 1.3550823471553
0.392065337745564 1.39729407172718
0.391844459970509 1.40007582566237
0.395856044275947 1.35161293979769
0.394513256302432 1.36583315522646
0.39280549439908 1.3879022594805
0.395905352060051 1.34936023091125
0.389805837447278 1.4236331276874
0.394771975492515 1.36331433419697
0.398059253623221 1.32425934526629
0.396674807904797 1.34133647628652
0.390366288957207 1.4180035604471
0.388890615820161 1.43786445817884
0.391597701861581 1.40227285770644
0.388087630461702 1.44424566059391
0.396655702743337 1.3404150420159
0.394221423686653 1.36986250065849
0.392863518461588 1.38704284506411
0.395468407892271 1.3571938232462
0.394144394131557 1.37120112189231
0.392059566565105 1.40076658326958
0.39254384838717 1.38992463387647
0.392257457637966 1.39667363725342
0.389702108450622 1.42741578418011
0.396844655242255 1.33832944920692
0.391272869929798 1.40829473107719
0.392473226582902 1.39283129108152
0.392186177056738 1.39619284684541
0.394718917861211 1.36698052336176
0.398497376466912 1.31891207167758
0.392055824408348 1.39762280927148
0.39101671266185 1.41097546704352
0.390064338560203 1.41943374584544
0.388050938383644 1.44690950222163
0.391701008942093 1.40192979280853
0.394022940042063 1.37512788920455
0.39528101978725 1.35813311221324
0.39314188970849 1.38058965921668
0.392921600928111 1.38716762735273
0.389893911987007 1.42353531893887
0.397827716398179 1.32507839499366
0.388946963037194 1.43877372925065
0.39117875853675 1.40704546952607
0.395763991665171 1.35199426507523
0.389953287829161 1.42597545949977
0.390281534235418 1.41951349473495
0.393404413225579 1.38303948529977
0.391282754877266 1.40779127627457
0.390550760689465 1.41539558176485
0.391295958452704 1.40815427511572
0.394991328635184 1.36364458933559
0.394122613109616 1.37226930081463
0.388593486583461 1.43948822143197
0.395836881053372 1.35194888412812
0.39617258484504 1.34728460758702
0.392985633573271 1.38749146105826
0.39396679111677 1.37414477668413
0.396345820651441 1.34354161079883
0.389587846821116 1.42692470282455
0.388742747272938 1.43705594862421
0.391658315487391 1.40180805068999
0.392345897096014 1.39375802049796
0.391348466527483 1.40323747986364
0.395062435968077 1.36188746515697
0.39294944259631 1.38843280874336
0.392001683920714 1.39658451286769
0.395510481699172 1.35338856788819
0.389671701117996 1.42911721228071
0.391373886304044 1.40836067267607
0.398176736849641 1.32045280320343
0.396056598559591 1.35076651080595
0.391969642657507 1.39833226491298
0.391756043964029 1.39851413108979
0.39158350220268 1.40359654038362
0.391627441690102 1.40370538617814
0.391939341826265 1.40183764183538
0.393248353284361 1.38232483012321
0.391271111003734 1.4064673067906
0.390298456017994 1.42047991029936
0.39329094070901 1.38031534933752
0.393706541580862 1.37518837852973
0.396887953374391 1.33651069332162
0.392781519657211 1.38655882740779
0.394051052410782 1.37074257180129
0.396489653952326 1.3398817441689
0.393354019526459 1.38034794192665
0.39160016426498 1.4030974896721
0.395539674247689 1.35437639574831
0.395416940511483 1.35760982781648
0.395080822544852 1.35942746445961
0.392442655917607 1.39266143183194
0.388221441046633 1.44086568637784
0.391233531670974 1.40638941408379
0.390608665157855 1.41726463250294
0.392062961144584 1.39875995304118
0.385958622397815 1.4715387974138
0.392952100741535 1.38897612148283
0.397432117713354 1.33109999663667
0.394148206162524 1.37126518276909
0.391746238506741 1.40012798851624
0.393654731844086 1.37917507754921
0.393684759283799 1.3747374610464
0.389166973395685 1.43419558594054
0.392765550282815 1.38516475907098
0.39206925931578 1.39918427139202
0.393341878096885 1.38523596821161
0.392967379685128 1.38260377201173
0.393731947091833 1.37780776657907
0.39142477927473 1.40697133342236
0.392469815386326 1.39249789157042
0.391888361242579 1.39722999215918
0.39650999755833 1.3403658408661
0.394510028792802 1.36651030055284
0.38615354470027 1.46711083750634
0.389470602669636 1.4297689456354
0.393803945341677 1.37403723458749
0.387539974205623 1.45333498639348
0.390666466668885 1.41348720121963
0.394903357051169 1.36235664421893
0.390373286828138 1.41850402726599
0.393089760825259 1.38189636052069
0.389089513189537 1.43505285849088
0.390921617177892 1.41369503787197
0.39471022167705 1.36673044036083
0.394242292245275 1.36971830776083
0.391988797130776 1.39829603104358
0.397191965973211 1.33565187069172
0.391765979890641 1.40429223303087
0.390922303083414 1.41078689686297
0.390356030639259 1.41653111269956
0.393583319850215 1.37955261961624
0.391979385707969 1.39907060236805
0.396112844630281 1.34979447404534
0.390462659336234 1.4191248611149
0.395336039786507 1.35676658174564
0.395038751799072 1.35772678281868
0.397587062931288 1.33001467551572
0.393330209005798 1.37822850507028
0.39452327168756 1.36669800559349
0.393230191481225 1.38328741063169
0.394763649261302 1.36313414338828
0.39184245802113 1.40015723685174
0.39460902300907 1.36361098471612
0.389213162181095 1.43393406877559
0.393397973864083 1.38122760936645
