0.314596062884434 0.0872816947984469
0.317065984806497 0.0624474854778177
0.314489444332643 0.0903716047004066
0.31626350639509 0.0723447107658895
0.311821378519491 0.11438532905468
0.314733517655358 0.0858792749671472
0.31544399574207 0.0820193835715925
0.31266119500867 0.105558078121475
0.318592309146301 0.0527764972633725
0.316765931582014 0.0697919221504203
0.31324629116097 0.0991025478294996
0.317496454416888 0.0624718250102914
0.315679171819774 0.0788116199104555
0.317314369112491 0.0618906032394105
0.31582799071543 0.0774258291879502
0.316513939855442 0.0746136377177819
0.315723009292023 0.0797187897586907
0.318134693115853 0.0543920789443517
0.315722443584846 0.0755713915614785
0.3144757650143 0.0923778510169632
0.317655228271315 0.0610809790910521
0.313083843882854 0.102840602515321
0.315754360679934 0.077227143989605
0.317656646195851 0.0601819853528277
0.31667423479872 0.0696319520655511
0.319709445679378 0.0397764397029805
0.319289186654644 0.0443364627751933
0.314047995556756 0.0935950568040557
0.315087476297359 0.0817672992091338
0.322172455591164 0.0175794231407355
0.3156000146576 0.0782222468684613
0.31584795897794 0.0770844958535279
0.318349307004023 0.0545154922754163
0.324929282560209 -0.00340740276718589
0.317663294297114 0.0618809790339792
0.318342605538596 0.0536078423165067
0.314003112782222 0.0925254878272086
0.315536799153748 0.0794772676068686
0.313558334802127 0.095710033443485
0.320275135575147 0.0386703855510847
0.312226278912498 0.106923009661213
0.313230314194577 0.0997962730537004
0.314407079819436 0.0888799065657848
0.313375010996324 0.0979334460177769
0.317417526544639 0.0664429393529443
0.314954142600848 0.0827912032612127
0.314581287837287 0.0885380240601481
0.323082298919513 0.0114780583663874
0.316527938742355 0.0703804522889999
0.318316795787044 0.0542071921181127
0.31974138041858 0.0417862973421356
0.312404877307976 0.107911645588915
0.319598680160822 0.0445980763674048
0.316504940138069 0.0711499331173173
0.319646808855078 0.0437523195890203
0.317570507993079 0.0627767600589619
0.315311038725667 0.0777840933760007
0.318835722786598 0.0512822214269616
0.318239874408893 0.055445337983136
0.31394339823758 0.0968169114298919
0.317603173656292 0.062903101111924
0.317201807644344 0.0645083052000689
0.314765363126645 0.0852917832926522
0.319567466614023 0.043639098504651
0.314420941963459 0.0896668040545595
0.318388462280459 0.0565492879962645
0.321043392046799 0.0290229254532811
0.319947703647662 0.042457317127871
0.314490835394256 0.0884416615893444
0.318778773898561 0.0500790546438072
0.316874691132988 0.0685437029373373
0.317536863923422 0.0596699014551667
0.319523244367785 0.0447112187849562
0.32282362942784 0.0159281208646052
0.319451788960897 0.0429963730519647
0.316308812618351 0.0740998563639727
0.315802172469234 0.076467227967339
0.318459026753915 0.0545285425477097
0.313531320842559 0.0969104578348202
0.31798165058557 0.0586489406787537
0.321967839351957 0.0215575550730166
0.317426665639044 0.0651470700291957
0.318537161357397 0.0520366461533717
0.315383567076598 0.0838786190686303
0.315626602353304 0.0779431557970853
0.317435873977114 0.0634187968529102
0.313903705971449 0.0979314781567688
0.315942298879913 0.0782851016650559
0.320189655098207 0.0360011427854087
0.314316257034155 0.0910777523150304
0.319345865819277 0.0461249942153323
0.316925054094436 0.0678096534710926
0.317636510258128 0.0631440530051771
0.32024225166046 0.0385664398604686
0.314629725763712 0.0897642241991665
0.320769263007657 0.0330658328136925
0.318231231433019 0.0562702135744839
0.313988446110186 0.0938979929453977
0.316197843117007 0.0735325699755698
0.316530099994493 0.0697244202118898
0.313223720106601 0.100652152103478
0.318428839206668 0.053964629501192
0.319729025500704 0.0430323645159799
0.314124228966192 0.0919422337623691
0.313822644768192 0.0959895800518999
0.31676268778833 0.0674445511700486
0.314516130019249 0.0907479698217916
0.310822259492454 0.121056472528323
0.312169605983846 0.108675488374498
0.316304966261268 0.0715709618165291
0.313633687870729 0.0972889812574672
0.311193106186334 0.119088267586749
0.316126150086144 0.0738419082851676
0.321751296914655 0.0225790041182901
0.318925599669872 0.0512681628002651
0.315568718854484 0.079008908483724
0.321574448276087 0.0268091197007061
0.31743222552328 0.0632623686327937
0.312900992770163 0.10377080149568
0.319997731160246 0.0396049505228284
0.31845360620988 0.0544263679026066
0.31940752416421 0.0451374619806065
0.316366995481002 0.0727619364408679
0.312417384371141 0.108459281283432
0.313042050107263 0.101780973361572
0.314922351824023 0.0820281682686779
0.31578395216824 0.0767845206630203
0.316189757457005 0.0729103866188162
0.318209411846231 0.0566695817047731
0.319065450580441 0.0491023779869746
0.314086616037423 0.093791715937699
0.317393695034294 0.0630432725016081
0.315339442390352 0.081076120484372
0.318452842800476 0.0529198078534175
0.318780524449764 0.0469511128912309
0.311515565207735 0.114207343404201
0.31747827931301 0.0608222874598532
0.32032312336423 0.035244972789831
0.318283545044 0.0551521335880659
0.310747563808174 0.122387560750029
0.315647327011738 0.076559399545257
0.313919201288201 0.0951624685682801
0.320628637524762 0.0349190964329575
0.31311324593239 0.102962355571407
0.317986633563626 0.0603074708102771
0.316636718364621 0.068437538937034
0.314718812362246 0.0875554216429433
0.317302760808259 0.0634594219010355
0.319905216135725 0.0387545180212701
0.31738330801382 0.063000456727641
0.313168956726433 0.101723081109159
0.317101034082396 0.0655756005020836
0.315077033829755 0.0839913594052971
0.316070241446747 0.0769759626412534
0.320211951429807 0.0364765449750438
0.319298960230031 0.047690654305898
0.318029574937919 0.0585715176327131
0.314104934119877 0.0946876560566916
0.320908011288897 0.0311188030972428
0.313623152564378 0.0986120948937022
0.31497702017833 0.0861578501092534
0.316696849957818 0.0679490631802937
0.318824935587461 0.0485097262909242
0.319579986292967 0.0449064638674059
0.315845065977694 0.0750666189309027
0.31728070315007 0.0657873209551251
0.317190832180099 0.0663578572213981
0.317987201963462 0.0593799008242944
0.322113326805915 0.0238936949186953
0.317733565482804 0.0608874289340028
0.314351386872447 0.0895384967836256
0.31750168581337 0.0614503989294201
0.313257658894269 0.101778758542907
0.322402669239532 0.0178806520016688
0.313421232694767 0.0979177734564917
0.320290139539645 0.0358542044299146
0.315862082069947 0.0760948963117233
0.320204772058401 0.0397522786096117
0.310557754364785 0.124322437641523
0.316845542878406 0.0718464521505753
0.3121739992365 0.110724957769009
0.320771135992793 0.0331022201721057
0.315697992259077 0.0806004433081385
0.321528644085158 0.025315193105231
0.318833360526454 0.0504076044834686
0.316757090778831 0.0685709106933554
0.315481040889827 0.0786393801692171
0.316177797894656 0.0725444051210062
0.315487974695042 0.0791369139373514
0.315695565766098 0.079355043159823
0.314139820108138 0.0951574120422289
0.319905588140165 0.0406650388821391
0.318101607877662 0.0577584216617698
0.313182354428915 0.0998934872772218
0.317897607781999 0.0579600828443135
0.313052075825152 0.103875913873242
0.317388299061745 0.0638643609828443
0.320246020595682 0.037834857701373
0.315237027776045 0.0841347399278175
0.313675144567171 0.0968906900427953
0.316108703613468 0.0759179848227619
0.317743903546296 0.0585748606384352
0.315257635338231 0.084278108981826
0.319730747552853 0.0421027610687774
0.316134224116652 0.0744464857134535
0.318314811799111 0.0570966803540641
0.319678409180917 0.0410069398329373
0.317841920730327 0.0584875227359167
0.319039224215871 0.049293705277049
0.317116247225769 0.0665932190900385
0.318201300480899 0.0561324894360502
0.318352132796079 0.0536996152125296
0.320093429268221 0.0416655959680317
0.308244784940948 0.141613817996345
0.313629874203892 0.0965374390217174
0.319283884549217 0.0485208145870521
0.317117550361866 0.0659223823123411
0.31804158715999 0.0579097717150145
0.31483425762949 0.0886957483715086
0.316049401166979 0.0757441608960662
0.320170377491457 0.0358071187617975
0.313908002958977 0.0949784283403373
0.315729887392532 0.0798553995859743
0.314603587832607 0.0890171962277055
0.316686601449679 0.0708122584409072
0.310862049120157 0.120249835977606
0.319922788121009 0.0431361149800736
0.313109094321151 0.0997624592947233
0.31920063449409 0.0463980259904406
0.319578448708506 0.0424930718863307
0.32384653654614 0.0054862759282765
0.3157202695191 0.0789586109296574
0.315407620312508 0.0792829730887695
0.319703239992492 0.0445904419469099
0.312709611679334 0.102849699322945
0.318218317158304 0.0566018268824419
0.317407603736906 0.0619331998610385
0.322308433011837 0.0164545877990388
0.318699252488561 0.0507406731165706
0.313160678015115 0.10028839282715
0.317989934063238 0.0567210629289077
0.320771369342306 0.0304001230720803
0.319579831795995 0.0441895915483805
0.316064111276647 0.073502269631636
0.318153914008225 0.0550533458728952
0.315825437413022 0.0781853361287159
0.318266260257168 0.0554134335898556
0.313547677582774 0.0974596278352084
0.317257362687532 0.065581344665524
0.315080717627601 0.0830534324069418
0.309505035078599 0.135089281002754
0.317590692646541 0.06111245034996
0.314385526939744 0.090326396278366
0.31557039783794 0.0797949861307496
0.312145932040499 0.108237141191874
0.318533666440643 0.0517771823589111
0.316153568960829 0.0745988997511194
0.320278046659653 0.0367796461311041
0.31646952881511 0.0724419097292601
0.319832090163241 0.0426219257119145
0.31725863216122 0.0655387498761738
0.312238641212754 0.105427563836792
0.31838006865081 0.0537377724094621
0.320556376702271 0.0361877670480705
0.318399445561174 0.0542228477053626
0.317379473932173 0.0634762748151507
0.318327521431769 0.0565437584434445
0.313927272777982 0.0921995977072889
0.320751124147565 0.0327325832034865
0.320921614640839 0.0325680356126826
0.311154242295725 0.120435369814668
0.311611037600175 0.113779603113083
0.317462970574137 0.0601925730846136
0.316511400880453 0.0735372850416669
0.314512420320933 0.0888851309425434
0.316114012422069 0.0738462264245436
0.316058694353485 0.0756898994435891
0.316724874623379 0.0704715802718008
0.316420227622563 0.0705904448149223
0.311980832743465 0.111044752594482
0.315952563193651 0.0757186671253775
0.320673317864111 0.0325801187613557
0.314415654124392 0.0900737780732979
0.316472884852586 0.070985535371849
0.315688896511755 0.0801099984305137
0.318412899452506 0.0561568114980742
0.315647509539959 0.0797032626632693
0.320785625970258 0.0347058401832904
0.321484059847246 0.0255882663526971
0.315479926787675 0.0800526204179065
0.316822661627546 0.0701991251865927
0.318754423204967 0.0508161714539093
0.318766389616676 0.0491684330635782
0.316570231915261 0.0712038394994557
0.314345936085471 0.0896050347856966
0.322693017129019 0.0143678704210139
0.316385778920504 0.0743783574873666
0.323071247324425 0.0092247468384945
0.318638838462387 0.0524287097141484
0.320738037363829 0.0317391340229468
0.312675256436079 0.105060778414017
0.318837355781875 0.0484171041818846
0.317253695302662 0.0633872984470797
0.316297644844886 0.0742057323052666
0.315622662232604 0.0785716021967055
0.315348319943194 0.0817355860824735
0.317960228799019 0.0581902540430925
0.320717393265193 0.0337461255856155
0.317656523293899 0.059902084179308
0.317411494094267 0.0614086843245699
0.314305530451133 0.0924280635826392
0.315735642750362 0.07559887447538
0.314607292142769 0.0882492738059926
0.316478274363801 0.070406466142691
0.314065846266285 0.0932301217749039
0.322569542505129 0.0158440720653136
0.31697032853073 0.0683671816635514
0.314332905748155 0.0896603325375645
0.314296339349678 0.0907711799947082
0.317215336608055 0.0653564553358055
0.315192130543531 0.0839562581116036
0.316763358976798 0.0686640183654362
0.320695996323547 0.0338426473743982
0.315973964584032 0.0776881486788116
0.314419651790933 0.0867009871993708
0.31856004509144 0.0531939561590555
0.315579945091216 0.0771350931871865
0.316834555170761 0.0691950130218141
0.31646424379216 0.0713166272725981
0.312134961928793 0.11113125726906
0.318530901767409 0.0524587592420289
0.318268207183649 0.0567711445085785
0.325890414239063 -0.0128676099130958
0.315804310036867 0.0766798946508675
0.317160162434781 0.0672514575428121
0.313387221471107 0.098277277506823
0.311457062253441 0.11732272413877
0.315730305904775 0.0764620866744986
0.321441314555155 0.0241171130381245
0.316488384241948 0.0700365989318802
0.319025046472279 0.0497276120207311
0.31578055350379 0.0773202373534843
0.317365718943126 0.0631124442267586
0.317427387353729 0.064734763558702
0.317154533092229 0.0660166952999094
0.320515287753822 0.0342571301026018
0.31526488590272 0.0828871717576809
0.317500122815136 0.0615852942083615
0.318863720064487 0.0486228445712628
0.319489858844446 0.0444523899044039
0.318023926497133 0.056732022108044
0.318818163505945 0.0533682199697499
0.317487692260908 0.0635122268039655
0.315833208527247 0.0755466900218416
0.318104614511641 0.0557409672356683
0.309605862891598 0.1329872130289
0.320201152325531 0.0379320718515818
0.313133200790476 0.0997864884504525
0.314264886370908 0.0908665950468266
0.313246529892153 0.100223782474587
0.318903725996919 0.0495040768167778
0.320546113066097 0.0358286249359165
0.314264122766684 0.0919739692035624
0.31728191679835 0.0650989229020365
0.316048199400865 0.0750567821350793
0.317140464254435 0.0661818536316185
0.314997232610389 0.0849534200703064
0.31824139760592 0.0551200121516489
0.314485453246887 0.0882521921468689
0.314557239929948 0.0878616923977089
0.321187547138929 0.0283795861675451
0.313290697524354 0.10552691846019
0.318915064072537 0.0495850167964346
0.318472498234702 0.052633226787251
0.311203593470882 0.118338962695627
0.313841892575476 0.0955237568035788
0.316859635845723 0.0692101692925916
0.316040419569158 0.0720073612171095
0.315408260820921 0.0819001669831259
0.316480753978007 0.0694964908269178
0.317638037053229 0.0613321954299815
0.317433896572254 0.0659042602191205
0.315312331424827 0.0818025462162475
0.318061779036616 0.0560097799824815
0.319260086766745 0.0454546867691399
0.31369378893838 0.095285437963668
0.317222206809051 0.0641250232070491
0.317160937755291 0.0632593753470398
0.316575904253873 0.0704841452213907
0.318335754098181 0.0544278297302511
0.325295057482794 -0.00977804678356045
0.315893780299501 0.0749315176907552
0.314079131652411 0.0923787702126374
0.31560644160876 0.0803305145253356
0.317656742278104 0.0580931536944331
0.31174580356155 0.115138861420016
0.317029313681702 0.0673707485337643
0.315247638712651 0.0808757304773494
0.314594072228249 0.0872784620547137
0.314349339791546 0.0903769720971419
0.314428987323873 0.0905691754173198
0.317201044944404 0.0657154359757927
0.316163127486589 0.075013207147316
0.316228876541567 0.0728405525672775
0.321087532706222 0.0351774189303151
0.308631203962509 0.140146441820123
0.314789049596502 0.0887801470281571
0.313004112779527 0.102107546813562
0.316580944569217 0.0698626410465711
0.316058729770504 0.0772106892159276
0.318348966560885 0.0557048526379049
0.315476168252346 0.0785393452616727
0.311883947068587 0.114995044786932
0.318541185107801 0.0524078860372995
0.317124804501034 0.0655258752468629
0.311121357391249 0.117687145122767
0.319549527436128 0.0434191905031665
0.321806114361678 0.0249156753704598
0.317479069963347 0.06383363868571
0.309631296235408 0.129668031301989
0.318589533475089 0.0544692763999053
0.31829362050497 0.0529093217810747
0.317282392346999 0.0635507351241243
0.314830185820509 0.0863412386593797
0.312703805919738 0.104348637785671
0.318343311582899 0.0540853477521112
0.317834199713567 0.0588522319542456
0.314422204789458 0.0889261239457402
0.318179924792752 0.0562733868507045
0.314942389739307 0.0850961553901133
0.319237544319184 0.0454983905388243
0.321282134467948 0.0275590574156443
0.318857383314449 0.050945353261077
0.320941042508752 0.0306539203328309
0.322273251180916 0.0196344180368895
0.31412290253886 0.0964958580364015
0.316988490045714 0.0673777728638286
0.315776408471391 0.0784015361673919
0.310510948233807 0.123844426093495
0.317764041067372 0.0595904030732494
0.319459973510268 0.0445842552063319
0.309642077646292 0.131684508732279
0.313754076481462 0.0932318133333976
0.313462824593232 0.102324651417766
0.319650459657803 0.0424535007604669
0.314244656957167 0.0906517639358781
0.31273452729875 0.105843475380362
0.318438396785663 0.0529024774541334
0.317502443999189 0.0615142228583593
0.315968835608498 0.0789751850492783
0.316389550875092 0.0725632268032794
0.322318620524864 0.0188724042149258
0.316343117593748 0.0726359148010427
0.31966263295743 0.0424066148433676
0.320512978560143 0.0334583226511187
0.317102600942036 0.0658796124461274
0.315921303951496 0.07638423580706
0.316155316783066 0.0739429479957597
0.319126326294737 0.0476987435322795
0.315430053670504 0.0788147471050308
0.318534978958866 0.0505280297904807
0.315863313153198 0.0735929575173143
0.311812562361109 0.111409841413044
0.31462465009222 0.0900128861808323
0.315734157478828 0.0796701762492344
0.317244697083005 0.0663475220258971
0.313399864088576 0.0974349637707912
0.316771810663221 0.069784196672654
0.318014058855798 0.0585496471503188
0.316608032800052 0.069636394216929
0.319221463716962 0.0458768763555312
0.316016759834387 0.0750205867758513
0.314819513595797 0.0887163299530653
0.317040643612102 0.0672471731169321
0.315276986795587 0.0829339342012749
0.311415822599013 0.117406970931151
0.315150645478829 0.0810004827237986
0.320128884560712 0.0364048550495162
0.317339258805136 0.0606206366960703
0.3154169910174 0.0779603034278979
0.31724574307299 0.0653318821601008
0.314190120105555 0.0914993942019657
0.31318324244026 0.102379303116248
0.315822474991265 0.0767450625794566
0.317886398757393 0.056597266934523
0.315530382957962 0.0785527583301407
0.321764585914848 0.0252085598506764
0.317240129908949 0.0652185868295988
0.312886121352022 0.101703310143067
0.319981402693454 0.0394845584226618
0.316550293127314 0.0683383805761182
0.314778207187545 0.0842117740735607
0.309925124639243 0.128507095347307
0.315688817374927 0.0786675755499481
0.320241238352489 0.039227108238383
0.31822234698827 0.0560992963523601
0.317485550638698 0.0598437659413823
0.312021515267107 0.111071176667127
0.31306388782748 0.102484296541919
0.313472068676386 0.0984787003122151
0.317101724770241 0.0632741774067956
0.318367869509831 0.0553481370459593
0.314899971553801 0.0861001716427022
0.315082826015465 0.0863065881579821
0.314787752934962 0.0848310617624561
0.318181470321763 0.0571485229533546
0.315986763865752 0.0775937801798613
0.317264566661558 0.0651058399171916
0.31756978240091 0.0602360011663192
0.31956759096461 0.0451852120553626
0.317316031123284 0.0648380069026627
0.317030993240785 0.0683457580401432
0.313639278374236 0.0978403042517779
0.314492360406629 0.0909191571844079
0.312026395648573 0.110996097538987
0.313988782191292 0.0928311571044597
0.320270342009496 0.0405729035079865
0.313562142976298 0.0977179154621325
0.31745271903527 0.0631237327382006
0.317296098778923 0.063553292848142
0.319637653635778 0.0421039959400837
0.318741853964663 0.0531117932457126
0.315311136189586 0.0796229354655517
0.319675483677257 0.0417139233637395
0.316308357195889 0.0738743642586284
0.314860775980075 0.0880639655624547
0.317942233183392 0.0566225144479435
0.323069912540158 0.0138053806065251
0.318692711427798 0.0537466000216283
0.311834817032192 0.114247382304411
0.320547093023469 0.0365154917809862
0.316063567662083 0.0750464886476341
0.315293067509391 0.0805602152976284
0.322550282942467 0.0174943302077816
0.319169930106453 0.0479898824421909
0.315813292080179 0.0768971555287385
0.314196265340319 0.0915455867843648
0.319474619844492 0.0422109370610606
0.317675461347984 0.0599914968434702
0.313667022878614 0.0966384448914522
0.316687844347752 0.0689795347672123
0.316753856113612 0.0690992886548748
0.319238304592685 0.0479382519651474
0.314794305559085 0.0866700388373003
0.313398296583316 0.0985502271802878
0.317682259206688 0.0625648890704599
0.317633818027446 0.0624633594940198
0.317370261679188 0.0625727727335795
0.315358349241728 0.0773765437462035
0.318932521597934 0.0499028595024102
0.319534925659957 0.0425585478281817
0.316949479919933 0.0635261861481414
0.318579204453378 0.0531659777516961
0.315623728952712 0.079066354660517
0.320141167998803 0.0384921055301741
0.311031885235049 0.122501784853848
0.312085562772211 0.108391757179827
0.317334361925528 0.0661476391160669
0.316604696521628 0.0722958564858882
0.315239404275948 0.0804787763554187
0.323238451745338 0.0095331432844146
0.315703435952476 0.0777494897048488
0.314670232485967 0.0883705751488965
0.313040283386517 0.0988393646651142
0.315646912000694 0.0787301277382262
0.319103684495271 0.0469517208305502
0.317214399140707 0.0645401792684741
0.318063399693522 0.0591200816767333
0.319148370495291 0.0490322129807164
0.314032601925446 0.090533779694336
0.317770251765121 0.0617012102594157
0.31631608005135 0.0713020857851444
0.319142333975826 0.0469659517819603
0.31096795293021 0.122482100315342
0.316647477583927 0.0706520372687778
0.315648041410724 0.0800851381047943
0.320091098958465 0.0404945299905625
0.325654784404157 -0.00933101337127892
0.310698068368516 0.123353932007121
0.314164512571165 0.0929881313652336
0.318120728481251 0.0573023679856568
0.31679359051543 0.0679790009375287
0.31468446967106 0.08596523093901
0.314860872701811 0.085575376898382
0.317891224170429 0.0589680220850359
0.317943208282617 0.0571259833773166
0.317699814056167 0.0608933462876947
0.319952276218755 0.0385652636885464
0.313433877048387 0.100625951690695
0.317432042940571 0.0629761075344671
0.319992516746024 0.0394022918642072
0.317186524837556 0.0641708725241923
0.31304717031934 0.103243043967954
0.315463208585023 0.0803516890726995
0.316540023673256 0.0727371110533022
0.324348827869646 0.00305683697642578
0.321288053907782 0.0269421017938498
0.318355419927403 0.0524469990002049
0.320038074611698 0.0381124258156427
0.323897380839336 0.00571339555141673
0.312782687509909 0.104068240575857
0.313922205429391 0.0934810609662532
0.318935357751377 0.0479780077341081
0.312308809115499 0.106437712035606
0.314498744068129 0.0882709719360309
0.318420907011339 0.0548917249620941
0.317789578528828 0.0583204379162885
0.314290679217807 0.0914342999192447
0.317032764971268 0.0684685142915024
0.322174131531511 0.0199567012081356
0.323680051128561 0.00592938366692608
0.315841759664047 0.0776394138055004
0.3180651771871 0.0574041916023453
0.318999376859977 0.0500008028094868
0.322109898095634 0.0171975452038013
0.309274991302588 0.135142204974002
0.319983430335788 0.0396471101181503
0.319939050617529 0.0425515984027216
0.317331513543735 0.0626050949299038
0.319402668027356 0.0419839218458565
0.318091017538082 0.0586885545486655
0.318926845098793 0.0500018799291714
0.318650678433761 0.0502622555439997
0.31221045719135 0.109715035356892
0.317285254715738 0.0643801773518963
0.31744118276132 0.064770930253997
0.317623775896239 0.0589547753248822
0.321785767577308 0.0228909388108792
0.320410499617429 0.0358722647349458
0.314559960206799 0.0903304295599777
0.31367020595729 0.0968473804658499
0.314785289047448 0.0885775288726447
0.316796904401734 0.0692659888984428
0.3192486322616 0.0467288853229713
0.313675196634717 0.0943956688247622
0.316584047936057 0.0681702714249962
0.320381093399061 0.0365910985555751
0.31815104790016 0.0568938858917679
0.310488429436411 0.124499551961663
0.320041158598101 0.0396713280294246
0.319742537300116 0.04303165083283
0.314115930068665 0.0924131831405693
0.315767100370145 0.0777838078348461
0.316242136666869 0.0726926839849218
0.315006528748153 0.0848969239992549
0.313213699940645 0.100675046589871
0.315082395523165 0.0822796930826097
0.314121380726588 0.0924341359199445
0.31468731954149 0.0865976414682239
0.318084215393345 0.0570417374579678
0.316285250256347 0.0741362952169336
0.315134819314917 0.0819433002537941
0.313549609380229 0.098234226407109
0.318273181560243 0.0567775684830844
0.322235098949146 0.0191469014294427
0.31655455751767 0.0711056077431131
0.320274091008767 0.0376901613376136
0.316307654811223 0.0726344568669397
0.317708055953305 0.0585361373729422
0.319607081249812 0.0422112468429853
0.317383363790908 0.0628325629705012
0.318721623694598 0.0521766958891088
0.319492131063355 0.042445097579122
0.315667130239813 0.0803758072449336
0.316509723923211 0.0698373574238552
0.313208152195237 0.101821676619429
0.314268116637912 0.0920781858631131
0.31403051005016 0.0962557309443234
0.317095471311817 0.065981061893665
0.316324445243231 0.0749078511170942
0.313768101600411 0.0962943331943733
0.312301601767727 0.108960443661566
0.312826146879529 0.104224568287608
0.324681988295362 -0.00156915759878834
0.315608067435837 0.0795800654794512
0.314062341632898 0.0930614960181148
0.315189205801786 0.0833638620287805
0.314884340979021 0.0872689890701074
0.31465831802312 0.0868477893407866
0.320042692604129 0.0372661150675796
0.312515341136833 0.106905538537235
0.320082521571876 0.0391677539680739
0.320919149848224 0.0327247900920838
0.323632077471913 0.0100062438338945
0.319938437994615 0.0411256337157913
0.32015945852244 0.0396109845602942
0.316909553543985 0.065703383277124
0.323414182970645 0.00940713117136265
0.315280038274795 0.0798070147199055
0.312218929361061 0.111163846975218
0.319013145888978 0.0456853402640721
0.321141671511548 0.031108188719199
0.312627476787915 0.106445862463257
0.315088846043737 0.0839635390007189
0.320262966863801 0.0361818670382157
0.313432897653995 0.098321035597897
0.318180592752175 0.0545321853245258
0.313676767907093 0.0953614428456272
0.320116247644741 0.0381854954731818
0.318113726220218 0.0542186765488386
0.318810524473587 0.0500361293428223
0.317250389761888 0.0646755634659805
0.319970533239117 0.0382995567142888
0.322392749173934 0.0198033980998272
0.319013008396413 0.0471470867986772
0.317183212674874 0.0654612113892639
0.317976401881573 0.0562714860207585
0.315888100306197 0.0770392549796814
0.317289845869075 0.0623419563417059
0.319036586467474 0.0480758725881781
0.320336206851009 0.0346663581057301
0.313385205060604 0.0999554588742253
0.313356367058786 0.10088737251369
0.319967933526144 0.0413243103170104
0.318580235143647 0.0521281752159986
0.313203263023086 0.0992442882496818
0.318860639614554 0.0518979915669214
0.321855923055575 0.0249248058126471
0.315404678908325 0.0812782806436275
0.313941422872133 0.0958082710730969
0.315039584565075 0.0833315386307842
0.317397730817247 0.0625159215902173
0.317692849505947 0.0602165951367325
0.314925856777268 0.0845763918853854
0.322398260173604 0.0159916633057669
0.3198546646281 0.0421444746173916
0.314989964703385 0.0849385377581224
0.317770535159016 0.0595350290568048
0.316839257045471 0.0691642914449944
0.31635008353583 0.071596591680427
0.315819581651665 0.0773333669443311
0.317700258036338 0.0618749740812257
0.315063189024947 0.0864219245875111
0.321734889550945 0.0218172579491001
0.315801406563255 0.0759235719199382
0.318575102908849 0.0517462710005276
0.316578445381758 0.0692058124946327
0.317072022761097 0.0663336358175686
0.316682452563984 0.0702502865822313
0.317675927097263 0.062684581945286
0.312556917282558 0.106138099947847
0.314155245330399 0.0905503556821056
0.315617386982199 0.0793911780491174
0.314083213499761 0.0922728332417394
0.31788419395402 0.0596116236602611
0.315433403057466 0.0808189536322221
0.319565338788087 0.042159943529623
0.315940854314797 0.0779068528337048
0.317302665949497 0.0644167630331228
0.318289388087112 0.0561229536303275
0.31304253090464 0.102513262687344
0.315485976805854 0.0803973574294028
0.314221790362343 0.0923081952340161
0.31501210382268 0.0820486316810202
0.314751316137541 0.0892374166665705
0.313501465432475 0.096643648626565
0.314802630849642 0.0867614439775279
0.315433691986066 0.0843371162510505
0.31330123309259 0.100921002326943
0.320246985430561 0.0389014713338949
0.316406685619266 0.071256972028106
0.320601590135219 0.0326813030755461
0.31664285729295 0.0710894895674981
0.320570998923258 0.0327658333573659
0.317057945113579 0.0648513120967466
0.313709585790889 0.0962733924600583
0.315433575968028 0.0813353718380068
0.317065447859244 0.0676696614723171
0.310394138246488 0.126104948028043
0.32287193099138 0.0126375839780403
0.310442901608123 0.126339753488547
0.313150602063207 0.101688410344935
0.313700843511081 0.0983304790915157
0.314735407184764 0.0873314862161659
0.316948233954652 0.0678554111882882
0.317685141455622 0.0613089788304434
0.318164459206807 0.0563218373432783
0.311515776806763 0.116236078005734
0.318669234303479 0.0512643659135095
0.32287951234203 0.0133738274338565
0.317679629746895 0.0592942462331362
0.313415921595427 0.100347842202285
0.316660241613148 0.0694776445752293
0.313093680631563 0.100672907311993
0.315722603656068 0.0793615557898681
0.318034650304944 0.054886734076593
0.316476544941617 0.0705421316212048
0.317551178238359 0.0601521874971826
0.314817553477433 0.0850648731598772
0.316086879180078 0.0733715685572417
0.309784692282829 0.130167427446231
0.319082500442908 0.0469213812763376
0.313567896132689 0.0977303457936143
0.319497871274458 0.0443034323908277
0.320299552400871 0.0366804458062305
0.315465988681308 0.0775678415963833
0.31957344634794 0.0424444282447141
0.319247960581741 0.0458611597561193
0.316289217242846 0.072257116094956
0.31661595349794 0.0703566558657774
0.312564862367058 0.110224429790843
0.315986045057478 0.0751713130036682
0.316070444398348 0.073690291332314
0.316593419895844 0.0692452056042464
0.313653390138996 0.0965685406203863
0.319691782633041 0.0419806766781631
0.317189340703628 0.065736208327137
0.316883085472583 0.0689203041196482
0.316506769813547 0.0710803961651236
0.314088105767942 0.0924991306677281
0.318874049975709 0.0500476016742967
0.315521516624456 0.0816528138576921
0.317749204670814 0.0574639950653514
0.313611900266233 0.0963801989997261
0.314640317980098 0.0861944668841417
0.316448254738259 0.0716660842575022
0.318787540168598 0.0518791003051397
0.316691199884835 0.0668370521807752
0.313583385458799 0.0990265223162347
0.314141822139679 0.0935489960947865
0.319637805666961 0.0403093234470958
0.316272149697755 0.07029395610617
0.314132802213049 0.0916689110955443
0.318148941189378 0.0557750426120747
0.318835978877858 0.0489762774846787
0.314706717171248 0.089260887963307
0.313411686945814 0.098097118052368
0.318349707831738 0.0529860036806137
0.316514738829889 0.0719401668553978
0.314990023155955 0.0861692636406538
0.321354804245972 0.0276865738891417
0.316559420160256 0.0698244506051125
0.314702772003165 0.090278679734933
0.318995646507452 0.0494769398093085
0.317209726675125 0.0668976957340214
0.317003478009233 0.0688449943099011
0.32259923266864 0.0178015495918853
0.312008723394092 0.112535843663426
0.318125654162788 0.0551526594519103
0.318967742160085 0.049732649302824
0.314840448797604 0.0856894104712836
0.318219848344488 0.0555808252685094
0.316268534752453 0.0722160177375326
0.317806472205778 0.057557019623492
0.316810933306316 0.0676897776014122
0.3141824486891 0.0922553537959827
0.317180182746016 0.0670009214362772
0.31763057094478 0.0629994007026633
0.321003319957023 0.0316953925676072
0.315972634971042 0.0754388909488157
0.320052597367433 0.040041406407794
0.316999383129494 0.0647955330589349
0.319149832408917 0.0483555389058848
0.312774924416385 0.101108676882612
0.325038583083829 -0.00726568883424093
0.310512508734499 0.123842072982013
0.315848436538029 0.0773138833729808
0.314631090908864 0.0870974413503913
0.318637523702025 0.052943877950868
0.314965773657178 0.0838391022414746
0.314905921999456 0.0883389032023163
0.312099495157101 0.108472197495688
0.319466497260504 0.0460250568277888
0.317906633101145 0.0576090308544308
0.314794214501608 0.0863129726990127
0.319768567218805 0.0431701131253288
0.315015512913786 0.0868162811877905
0.314135889513524 0.0891637883965315
0.31986415489593 0.0413538409377142
0.313344570445247 0.0989118403525032
0.313903798149077 0.0927110012257624
0.32160089734236 0.0270494932079007
0.320988428547317 0.0339990869143182
0.312998158344421 0.10175011715696
0.314515056573246 0.0882287922596886
0.320279194634934 0.035702437515055
0.316531635913889 0.069862223789368
0.316667549916215 0.068725087634752
0.314840147127173 0.0863940896540876
0.312506615445336 0.109384506885329
0.318193847140138 0.0550118687411518
0.314809947759678 0.0856102345335189
0.313814736012118 0.0922337286699201
0.316280353380515 0.074541651647578
0.315881199039968 0.0760349622076066
0.313086318762383 0.100627761118934
0.319682498971236 0.0447319587869478
0.318901573565374 0.0500936856336296
0.315201194389394 0.0835177046829905
0.320909982759198 0.0333052499342016
0.31546008015279 0.077964028984462
0.313290363010643 0.0996224033742714
0.321187535217042 0.0293999556639751
0.31589308666537 0.0771093359819459
0.317449060657211 0.0637990799235681
0.312604624779708 0.104374595448327
0.316142668910704 0.0742949419608762
0.316765366025919 0.071581747759351
0.321478552458117 0.0267210789910899
0.321317092451915 0.0281654424582096
0.31769906727148 0.0591584080556078
0.315286505877405 0.0807683702449392
0.321475439266315 0.0255104750700385
0.312659058132585 0.106524761698114
0.326175315070073 -0.0148138678019473
0.314817152938912 0.0838834783609332
0.313905355440199 0.0933889848837755
0.318633704557183 0.0518008495216393
0.314391574474983 0.0903678139095474
0.315296678152004 0.0841179691961643
0.312163215014851 0.109580683300312
0.317480328323719 0.0627567107583075
0.313797179587996 0.0937361681812817
0.319342477594152 0.0472315136068938
0.316082085632279 0.0741683902622157
0.313201158451601 0.101926462621097
0.318811388350929 0.0501352726996229
0.321401686419969 0.0275959162245042
0.317649818317874 0.0615313862854138
0.315512722447681 0.0789020721596146
0.321448474457864 0.027013020483666
0.320564246099095 0.0325818925750196
0.317520531698215 0.0622591286417156
0.312003875167241 0.108451970001901
0.315854793608199 0.0787438964383031
0.316421184932607 0.0715705796920564
0.317523853646971 0.0615911441674082
0.316068454256659 0.0734321457891252
0.320178488661313 0.0400580125590418
0.316407998098326 0.0718970436892398
0.320100286175436 0.0415875870250508
0.31746542670409 0.0638495000652573
0.318568857075888 0.0526312908616381
0.316013837115279 0.0737516112201591
0.316751612698311 0.0709637733459385
0.319044932053154 0.0472738442476623
0.321122269264305 0.029775461593219
0.316846001320524 0.0660058028582393
0.313862626786687 0.0970952409315681
0.314960330737175 0.0833228253927675
0.31668425672935 0.0690487219205003
0.316190854949879 0.0729937398095162
0.31815767635692 0.0584150841832342
0.31413120942122 0.0928423485799011
0.315970828807665 0.0758775128624096
0.319887757846656 0.0416232569539048
0.319933059469646 0.0397736625711449
0.316791579629428 0.066776298569289
0.319754423684179 0.04220492794445
0.312816705469148 0.101796204370734
0.316648782012205 0.0707306143671359
0.320190527326651 0.0392106792722031
0.316610102666635 0.0717290869555051
0.31382305311894 0.0975848710024919
0.320070876448927 0.0400234952621784
0.317883969506219 0.0583312884376101
0.318395488581966 0.0562163735140209
0.318014570623983 0.0584956579286628
0.317141033071519 0.0623877781867919
0.320075950136299 0.038600374145107
0.317048721059136 0.0670831330648015
0.320257829015009 0.0370373120225031
0.318269018766625 0.0537601378897895
0.315948253106568 0.0742222466605824
0.319795582943796 0.0400636810587601
0.320019154723942 0.0415307921818666
0.318149826537813 0.0567382126956582
0.316713141940863 0.0707110227656543
0.317161627187339 0.0691292531126939
0.318443740821255 0.0544143602049015
0.318618923407393 0.050200964777506
0.318819799274477 0.049759203714391
0.31934235120378 0.0465470613660932
0.31727386964961 0.0624325721536151
0.320484669679825 0.0368610990211544
0.318212744698089 0.057550702075494
0.318780591655322 0.0507294486282169
0.317605220130226 0.0603858262438
0.318268231392987 0.055738915544904
0.315337142309797 0.081541430994574
0.315835473361005 0.0776112744497805
0.315630987805121 0.079962385710827
0.314771262104501 0.0851681507065087
0.319660632434575 0.0446335164022794
0.314711662817882 0.0894760648235316
0.320441084584029 0.0330050859113686
0.317128014054181 0.0649223302895248
0.318307422602558 0.0574334882120335
0.317192323902781 0.0661108235464452
0.317510995603913 0.0619655241782976
0.314635936739658 0.0879633189821249
0.31730919593223 0.0666426242527422
0.317358294467553 0.0660781228064206
0.319812877469257 0.0430404390908329
0.321958403707367 0.0220793269470676
0.316237190688264 0.0736400970423094
0.315099551752502 0.0823504565464997
0.315856387860041 0.0793209253690396
0.319540879454702 0.0434257490338842
0.314286027689992 0.0908985878652246
0.320171818608156 0.0372808146129521
0.311347360164692 0.115363729860644
0.317515172604831 0.0586074401003274
0.319845761602562 0.0437219982680314
0.313190228312295 0.100009097537959
0.31844839168616 0.0551813994121632
0.317886690789781 0.0581046020243956
0.317687216146295 0.060928053128814
0.317251500571182 0.0659952838268166
0.314947075321884 0.0845022402316918
0.317656346292544 0.0622190375184735
0.319848437563984 0.0399562907013989
0.315778392186855 0.0763954733619808
0.316674930502101 0.068514993096482
0.316598382867969 0.0692568696831611
0.313297313742095 0.0990445495654709
0.314344287737471 0.0904762826051198
0.317353803513903 0.0636520682824253
0.317228030824688 0.0641279255035622
0.317407140280283 0.0619623604044656
0.317114784646066 0.0690538625766305
0.317504087149328 0.064231245814193
0.318390725147141 0.0543903686248076
0.318518220928815 0.0506083140064526
0.314682650679299 0.087655392934929
0.315704771368162 0.0790359004950558
0.315632028121008 0.0803101897579437
0.318933888712986 0.0493188231499099
0.319562379407204 0.0410740856867476
0.316573158452546 0.0719544622516753
0.321256935895529 0.0304743394716314
0.316577216637829 0.0713224608315146
0.317965289359809 0.0556560539794508
0.319933032368435 0.0394076605179493
0.320070785443663 0.039993673665263
0.320321953301059 0.0387465477911858
0.317634880008091 0.0598640068787208
0.317845558909891 0.0582865176184361
0.316027760113224 0.0763138859740769
0.319776442781595 0.0404396634915171
0.316745724931806 0.0700524937836596
0.315149927538084 0.0830173723850024
0.31777982114221 0.0588518491911692
0.313277721643053 0.0972638116837156
0.319542723316816 0.0442513862864005
0.320189455898343 0.0387774915665108
0.318879485633924 0.0504402089547025
0.312933230801305 0.104057401976368
0.312761794989342 0.107206637074956
0.314696814519963 0.087351028438738
0.317216276027333 0.0648518647692179
0.318691665129443 0.0501249436556086
0.316245999528556 0.0761494485067331
0.317948256301561 0.0602028597941517
0.312396181446144 0.107185972630881
0.316253965701027 0.075769204315537
0.317756343095715 0.0625127718805964
0.31494047663179 0.0841298339447946
0.314453432739257 0.0920644696714872
0.316341388672042 0.071801947356715
0.315632666259511 0.0799836624741186
0.316363248073195 0.0716811764844239
0.320544764594999 0.0355393959626825
0.321041562294441 0.0325638037166106
0.313883069551788 0.0972917694592757
0.31916889508078 0.04617737595316
0.319491471450554 0.0431045933827558
0.31258317914729 0.104712357395091
0.313959761112027 0.0956595366830155
0.316023085599699 0.0752275521107374
0.316271333192962 0.0726108244848441
0.316899585335563 0.0692010168278041
0.317080648046342 0.0662820468581507
0.315103300688307 0.0857906668963042
0.315923031247342 0.0766859281778078
0.316470099043124 0.0737818412627407
0.320061435550363 0.0385187347323675
0.319547383598213 0.040994191804949
0.316434957618215 0.0691484746719038
0.315848020981914 0.0754334466652785
0.314846950091926 0.0873687348304182
0.319689071040892 0.0420489884362126
0.310606304068237 0.12816192413792
0.316098087791245 0.0739742088164018
0.313724770649209 0.0963183264118123
0.316650620343694 0.0713635914687381
0.315758965455055 0.0765458738768935
0.313870096819092 0.0938692294073799
0.315248694619 0.0808336332673263
0.310942390395242 0.122666239242674
0.315961662940845 0.072960957889403
0.316521345195437 0.0714061497784404
0.31553889439855 0.0795127834617835
0.31950881390604 0.0434916090833714
0.316271102800365 0.0731349713983834
0.31822373480227 0.0529283760589545
0.312005255320871 0.113299285252386
0.314373973684907 0.0925058815380492
0.317071746765295 0.0646431383218334
0.314292405874644 0.0919454830364314
0.316089625415261 0.0744892370574027
0.319392522161047 0.0439121437364216
0.311993085491375 0.111650561251357
0.314662029349156 0.0877504462271673
0.313483192572911 0.0976927113547245
0.315060989079912 0.0830917088377771
0.314139598884968 0.0906313828560458
0.32069416562312 0.0320251589424956
0.313228799976927 0.0994333905337778
0.317052367589593 0.065162604820719
0.317766018646927 0.0612024636132799
0.31967286825671 0.0422443793012179
0.319595946515733 0.0430109622337201
0.317017038583487 0.0653544153310323
0.313493166029366 0.0981518287420634
0.315770108721506 0.0776207259785591
0.315084512763375 0.0834582372767372
0.314831839484272 0.0881237362210632
0.318455190554603 0.0537395279948308
0.313609729075313 0.0992594151527979
0.319138843932669 0.0496550936227499
0.316969802267583 0.0668002932739531
0.319901976602748 0.0386806902108501
0.31384968473868 0.0956079142600869
0.320010455382782 0.0387784925567393
0.319966021943783 0.0403986109286734
0.319768409364226 0.0410742236983086
0.316659727086153 0.070323841358104
0.317630563969052 0.0599193960683142
0.322881983164481 0.0138785188429439
0.321752515292551 0.0281008774051816
0.320317472065308 0.0393901848328438
0.315368299500559 0.0809493711967263
0.319070408982656 0.0491453640712617
0.313547172058025 0.0975005926129985
0.315739596290227 0.0763394248617759
0.316042962187065 0.0720784856924618
0.314655753600742 0.0860615840118699
0.316311767585007 0.0731674886033717
0.323680933573737 0.0063195971759009
0.313625292410174 0.0961889731997356
0.317733691006778 0.0598735606835779
0.316049760326382 0.0782380878855536
0.316173998311648 0.0754571471953006
0.314399585872021 0.0885747098733358
0.32014910330256 0.0383245297725907
0.320236152539296 0.038785566669419
0.318739109379857 0.0527640065399392
0.323048778995753 0.010877795378438
0.315407614323245 0.0784390870904866
0.316619800816836 0.0707071899677846
0.317327602773514 0.0631157901277921
0.319830672912524 0.0380602376185138
0.316147250200615 0.0755597531873844
0.319306465566292 0.0468172908970524
0.316712466953581 0.0693018849683689
0.318235297707016 0.0578367733063879
0.317627560989899 0.0579224321334462
0.320055539252569 0.0375338844706425
0.319008892740343 0.0477068284178866
0.318081309666766 0.0573182107832832
0.32269393112038 0.0157509139775195
0.316192618206098 0.0732305999257943
0.322203234266931 0.019565622108408
0.319205432751902 0.050443967346141
0.319876231724096 0.0405793539107341
0.31820089235638 0.0552389052395237
0.317721992692603 0.0590705467023365
0.315449800316841 0.0827810472691293
0.307736621990904 0.1478520069054
0.317869376838027 0.0592148726131134
0.315297538697012 0.0823087549760194
0.315020931131582 0.0843387329049941
0.315488936796759 0.078681315075153
0.314593572039441 0.0857981617685236
0.320103157660263 0.0406569108786803
0.321607903849549 0.0254967705893898
0.315048703826415 0.0851504542700658
0.312649322089962 0.104083945763991
0.312896917958275 0.105320271942978
0.319723146461936 0.0399206858463793
0.315895169352685 0.0758634232700378
0.313832143624308 0.0942218292187731
0.320397756648006 0.0339740932236808
0.31875739195207 0.0512765399283545
0.315480753110174 0.0794672489664797
0.315172049738369 0.0835581934503492
0.322069487115386 0.0214497289412534
0.314076713307863 0.0929793192339306
0.315529056853556 0.0803849687453429
0.317670089454819 0.0597999548219933
0.317216456277508 0.064020752505068
0.318127009832203 0.0565361555569421
0.312904601600178 0.101528831860267
0.317263785740921 0.0635788733342457
0.319082457119988 0.0476334536953332
0.315999567685506 0.0781626072496597
0.31593778375227 0.0747125009055063
0.319069647780903 0.0472998906852915
0.318405025545709 0.0538039948799431
0.319416228745369 0.0434382032921611
0.318368268757653 0.0555681216696296
0.319049039677903 0.0460665148388138
0.318122064257847 0.0554254410242594
0.312778317415644 0.103385873178733
0.317501181870135 0.0613532659848572
0.313684460218096 0.0967631920266245
0.317992161304715 0.0560757510753034
0.315842681391307 0.0766265173043244
0.315317408482324 0.0809472882448698
0.318728252282362 0.0518300601924934
0.317012149187619 0.0683684179724008
0.318409142463352 0.0550994476085122
0.324434952278029 -0.000806160469655592
0.31605058370919 0.0732245364798118
0.313105726609983 0.100458580910406
0.317628865271262 0.0636955131642494
0.314566675160148 0.0908546526230734
0.314634235243283 0.0860632413650217
0.319377004367253 0.047544901593681
0.317196996817427 0.0669139928878119
0.318137814992923 0.0542120140541857
0.318458817542219 0.0570411143306907
0.31464939719925 0.0885332836782383
0.317537073153078 0.0624518795019227
0.321295055145558 0.027967151886376
0.312028996304194 0.110283182583073
0.31431430945227 0.0913501506580661
0.31385267611754 0.0938849788869213
0.321574150619635 0.0267543875541417
0.318613978995733 0.0512437307545813
0.316185258008315 0.0752886472610852
0.317647615548244 0.0591057776210955
0.318684925310632 0.0515967179517964
0.31502473142349 0.0856362298078602
0.317386822261799 0.0646296900122023
0.318743082191445 0.0530143515485196
0.317709847538097 0.060432277054303
0.317376947858601 0.0661623311062063
0.321777627408128 0.0245211456827656
0.317008883066917 0.0682410942188962
0.318562475768295 0.0519446430797847
0.315593825968174 0.0784668353851864
0.319501525947004 0.044889384032118
0.31748417219852 0.0623097911504537
0.319592387814188 0.0462841103236872
0.316800582372891 0.0680025415531986
0.310945879563771 0.120359619089188
0.315473232320089 0.0833776800413473
0.315289886194128 0.0847824657654966
0.317909272970744 0.0585302711676393
0.319261000270411 0.0472452066034671
0.318202284073192 0.0550590390628232
0.316189908182929 0.0734492990335509
0.320309853921096 0.0355781195572779
0.317659782657691 0.0612488346976906
0.317362550302729 0.0650589848054687
0.318890504897748 0.0490020332506199
0.314048488259833 0.0931040472215242
0.314176343510342 0.0929038182764289
0.318973996363416 0.048424952728456
0.318234871223363 0.0562576250446465
0.314269696936258 0.090630158177982
0.320733077546503 0.0353497978300988
0.314174819496911 0.0911585695931787
0.317228611354332 0.0646113931790777
0.316225918854194 0.0742319724747187
0.318656821513109 0.0530620717336967
0.316501578453255 0.0717967934529139
0.314422522649361 0.0921206784854962
0.313812706819365 0.095677539861985
0.31682644225113 0.068249820622689
0.319036669377295 0.0486858157427696
0.320810838251221 0.03311444588452
0.314880924407305 0.0831605611136587
0.313627981165696 0.0972222944459589
0.318819254031828 0.0522200965506361
0.314084671586063 0.0916927157095162
0.3131778906953 0.100439815376266
0.31816426710531 0.0568834082300404
0.315319732285583 0.0808412471834146
0.313816084937429 0.0979258157505569
0.318800414108368 0.0508329652104038
0.316140813644989 0.0751511702869009
0.319238705549652 0.0473733673530443
0.312084141109281 0.112219796816608
0.317019258908648 0.0649267738327672
0.317841973136444 0.0585389189860144
0.314633367509047 0.087772265340603
0.318499265638393 0.0520970729618287
0.317708742745823 0.060969583642688
0.311298004725098 0.115683192908543
0.31077038431175 0.121075359999723
0.318272402597325 0.0557014008190855
0.321742135246149 0.025508689457695
0.314714580650181 0.0872424417606099
0.318531897211714 0.0565288453054175
0.318224466490689 0.0583553210544864
0.315092288942936 0.0837315874997157
0.321220319431106 0.0286280668288711
0.319243061143696 0.048762977457604
0.3135479413108 0.0959137247661349
0.322086180998031 0.0228797416147815
0.319948435867797 0.0391261732733116
0.319137715425371 0.0484213212933977
0.318435305472675 0.0506426756263588
0.317706790192041 0.0606483893969218
0.317086786533429 0.066315347308847
0.316882816643167 0.0665231721238544
0.317337105110888 0.0639995601609254
0.316574160220799 0.0720714241911345
0.31701250354919 0.0667365498029757
0.316603115252243 0.0700962596583427
0.315989835541868 0.0728083441381858
0.316959535367162 0.0645681418908869
0.313815727061457 0.0970453172224314
0.31951501668755 0.0458592180513016
0.315218275239638 0.0836150873149905
0.320996694424128 0.0293595146549612
0.317502515829967 0.0635140526337191
0.31834823099536 0.0550813144532164
0.315627886193291 0.0795253847831059
0.318242489141747 0.0565104527332514
0.317197916508294 0.065672955014925
0.316288693525262 0.0733566788056681
0.322573108194773 0.0150893649500318
0.315163338325476 0.0863162886205938
0.317994791300086 0.0537000040443868
0.313009069937122 0.10084904229147
0.314114852568236 0.0922327773435083
0.313520716187689 0.0967919438813706
0.314875112052473 0.0845151996072714
0.31649596231345 0.0695017249124351
0.315478485822704 0.0792956126509223
0.320724513095063 0.0310562816240888
0.319542747646526 0.0431125402818722
0.320611973011788 0.0337039816025907
0.319168540235531 0.048378949789814
0.314780642238245 0.0866257834165818
0.319618630084756 0.0435822045392951
0.320947888816721 0.0351115022382403
0.320090072946751 0.0415188790025748
0.313816583224847 0.0975362825905334
0.317932151598913 0.0606331183227518
0.314720142878972 0.0881411158217005
0.314320807047464 0.0895228587333414
0.31797294001769 0.0584153377635246
0.315124449137208 0.082704163048971
0.313010862042927 0.102347294726618
0.313269710703766 0.102317433908275
0.319174413799452 0.0466299696906221
0.316707820909422 0.0699308255061038
0.3178568469371 0.0598281540428947
0.313870145233348 0.093519452037252
0.322101002179275 0.0244546170855061
0.315033131776471 0.0812940759530497
0.317595036154466 0.0613759962810766
0.316380434050773 0.0723985819750508
0.314893594298801 0.0866408026770576
0.315036250060635 0.0831870275194193
0.316931767657358 0.0671472102344819
0.31716311440743 0.0647218233506317
0.3168137521576 0.0671584799271345
0.323496667791441 0.00763342212694329
0.320779154158382 0.0334164150800666
0.315364142485011 0.0822470896005028
0.319572176149122 0.0434062346824708
0.314054013842857 0.0946599726244879
0.320568398502074 0.0338704534834687
0.317566960139626 0.0598068162020233
0.320179691634422 0.0377607569832175
0.317429146355658 0.0621382728328245
0.313171508774826 0.100846868643054
0.314926692171241 0.0870693106586634
0.322875141045681 0.0133621365957354
0.314487196024597 0.0924667220214788
0.315386515670413 0.0799787003364295
0.316947311610634 0.0688550370068494
0.324114420922432 0.00357049084718498
0.31667607477476 0.0696258221067364
0.315211588197099 0.0839852049455835
0.314512443792757 0.0896877714146204
0.313589211023225 0.0978580502718975
0.318365610823734 0.0566570858657196
0.32297467031487 0.013652884701499
0.319265723442969 0.0465613885252442
0.317442087285959 0.0635043884906955
0.318332805677101 0.0524831963392716
0.315738233265284 0.0783395478557382
0.315195257418148 0.0832039477343949
0.312479229858632 0.109273207590941
0.316699764177927 0.0698823399456513
0.309901921816445 0.12761114464054
0.317671918103784 0.0610827153818553
0.314363876984674 0.0900394366083541
0.316150400689944 0.0733364704587189
0.31473081101845 0.0900208333903557
0.321167918269925 0.0281548749936662
0.312924107837399 0.103756870829416
0.3164356933892 0.0742815148353381
0.319763404997161 0.0420782522145894
0.321851955918879 0.0250493565532039
0.314028623254771 0.0943041728804296
0.320237530131653 0.0371206268220542
0.314528063969742 0.0902831174742423
0.314825027838247 0.0884949754513287
0.31927705498297 0.0465198554073328
0.315256867588464 0.0819860035895895
0.316201653347813 0.0749089545405453
0.314132033458498 0.093141485863051
0.318628443638955 0.0535031498561293
0.318504568555848 0.053414421346268
0.316766099335453 0.0679372968913814
0.317866836192492 0.0582127884708633
0.319401069528396 0.0440878427975858
0.314255174520317 0.0910328645696813
0.316840628964744 0.0681535606076461
0.318586341865666 0.0498168154115567
0.312111790226947 0.11217514684779
0.314336443159691 0.0925753235969294
0.321160800146048 0.0279037044643182
0.319725838365841 0.0408199767329815
0.320981344969303 0.0330783814955288
0.320154688144855 0.0406731643851412
0.319761491464597 0.0404723316410654
0.31884930097682 0.0524904793052865
0.315457675495845 0.0805060006688727
0.313422941663598 0.0966725862475026
0.316171176009948 0.0745758054829421
0.311265641144331 0.119361461436762
0.313173345728621 0.103961990296003
0.320025283333722 0.0391556275463225
0.313904518424274 0.0941321185087569
0.317264079460905 0.0656838170422971
0.31421274079117 0.0901857994220291
0.318187700771097 0.0543319137396923
0.321138417299078 0.0281901121152873
0.316936372469532 0.0655788945351597
0.314955924069153 0.0833079450375166
0.318126321533361 0.0539362906881348
0.317341230635982 0.0627234906425906
0.314590606034074 0.0885721256254206
0.319878762808452 0.0406661404440944
0.320044733333841 0.0407756941299076
0.317247148716412 0.0638682425071937
0.316024454766657 0.0755844208519848
0.314430918556202 0.0864918158337044
0.316279475374074 0.0722329650383979
0.317077213639197 0.0678934448849135
0.318278063395926 0.056515610617081
0.316738015749376 0.0682876471739715
0.321224948573843 0.0310663588666986
0.316862513939289 0.067899514069051
0.31972953796999 0.0418295065644363
0.322355468639085 0.0175145244051444
0.313737148661523 0.0974783521713223
0.31672013929496 0.0669227719782581
0.318724471195845 0.0522622839155767
0.321941813222744 0.0190394560159683
0.316802756011056 0.0702937913733002
0.317144734531078 0.0688060223077955
0.314284920538947 0.0879619207870922
0.312890191405249 0.104752277745709
0.317555009086314 0.063425610247118
0.314412186031549 0.0902519845074533
0.314992271220882 0.0828147762134389
0.312319752041224 0.106937639035734
0.318192942240217 0.055402003967618
0.318892837021796 0.0469699132641515
0.319728571306815 0.0426858785029226
0.315198345899745 0.0813822436809749
0.318966910955225 0.0493469208255639
0.317593659626354 0.0604791013934551
0.31550277434243 0.080259095572069
0.320131597444405 0.0389057432448199
0.313766835001857 0.0933851207116368
0.312838883204808 0.105220915959938
0.318769883648187 0.0529287780271132
0.315135862823914 0.0853959407973459
0.317579773142209 0.0608811739964711
0.320931957422175 0.0313784172370169
0.31571306420097 0.0797349924237741
0.316111537582296 0.0777763305900422
0.318554997016497 0.0522547137072709
0.318340689019992 0.0530814602711163
0.318309426999912 0.0558114221139663
0.320379118340156 0.0369549159239215
0.31313513934913 0.103710850656146
0.318816995071038 0.0522860694356316
0.317967534895269 0.0578441171084829
0.31700979400909 0.0640039082302664
0.319482379055223 0.0450374377364213
0.312377611902961 0.105277768005992
0.316515146311333 0.070873517682655
0.317288196210338 0.0644577820006546
0.3168659235305 0.0671188531573599
0.316829105402023 0.0684195279143202
0.318828864158067 0.0481330221864384
0.319713227674268 0.0437350484827794
0.31838663880561 0.0545928862017229
