0.411899871038487 2.2757004124477
0.40262606972854 2.39109702476481
0.401767770358023 2.40720742322157
0.405196443690718 2.3611261269266
0.406456067142706 2.34731908728663
0.401179476360461 2.41218578022789
0.400880352731762 2.41893845556882
0.406596087823678 2.34415651473394
0.411308859846225 2.28476472594052
0.403129151347892 2.38968462333591
0.423639256837628 2.12546265952893
0.402408986428361 2.39813824819006
0.405681530507509 2.35630350199763
0.403202636048305 2.38564167352607
0.401186286184214 2.41377804706105
0.405597950984544 2.36102956859888
0.398335297519943 2.45144567633758
0.402567542337878 2.39343645936296
0.398016645381244 2.45088111763331
0.428004749927608 2.07457224899088
0.396271033214779 2.47636594372498
0.410393974067045 2.29698782947949
0.401481903776223 2.40892927346365
0.408844056038111 2.31515082486946
0.41103681792994 2.28772220345555
0.398671411185911 2.44266710736609
0.421884731309448 2.14742211450161
0.422775405681926 2.13845754970617
0.421090344726095 2.15710125506021
0.403793895757235 2.37737833114855
0.4240809826653 2.12017844427221
0.399525090963191 2.43456313724037
0.406324710443239 2.34789865042105
0.396600676650337 2.47333989987321
0.408860601219886 2.31680851296866
0.406205900526526 2.34819734945897
0.409083964786943 2.31131924281677
0.399338614643048 2.43646049701821
0.387658055553257 2.58364845798444
0.409705284681908 2.30640858023499
0.396661173299645 2.46800868604842
0.415140119702615 2.23458420465921
0.411466767874165 2.2808415509164
0.40938326751081 2.30727160308689
0.395150210189919 2.4942718574997
0.410376934436239 2.29350721747139
0.411650028740038 2.27993556722752
0.402957389649563 2.39037083228603
0.396256700109862 2.47560793972759
0.415866191175801 2.2255463133829
0.409621768474884 2.30560459510841
0.415574651830197 2.22968173956891
0.416456230260906 2.22007896588156
0.395655428349401 2.48404894383985
0.41532093526496 2.23418163105212
0.406342648779703 2.34899898445113
0.408236589866917 2.31875781949027
0.417194377058796 2.21049001416964
0.41178924265554 2.278019635267
0.405037258097762 2.36708791379331
0.410999773604373 2.2899425696975
0.385265451841957 2.6159558391117
0.403575804703955 2.38126632207863
0.420890840467755 2.16215436313439
0.408570919719315 2.31891286988346
0.417599968567207 2.20660537166352
0.408429983134231 2.31972731928474
0.408516154062187 2.32248972502455
0.423201667631092 2.1316737290886
0.401350713263918 2.41057966260763
0.419210868153784 2.18429923642802
0.389441574280159 2.56090505397478
0.418774385217123 2.18997487111667
0.409618602469287 2.30775858977558
0.387400207856315 2.58751705366876
0.404637450882374 2.37067636205566
0.396448957656664 2.47282568545248
0.417260713248586 2.20932935556082
0.404829544450856 2.36592934746607
0.411056262733123 2.28840725723603
0.406196831088191 2.34893674350039
0.415534015773729 2.23284088595544
0.400288699069168 2.42390392982169
0.411595170296249 2.28354612185124
0.41068810854861 2.29102839463228
0.400822008231325 2.41881258884082
0.413429463161481 2.26083153260032
0.40008535385646 2.42961840430933
0.409392208816835 2.30661721652214
0.415013124776681 2.23738436164019
0.409050919411899 2.31371219730804
0.41930386271006 2.18277736981861
0.406633568812577 2.34629773422273
0.40734361964143 2.33616498176987
0.384581069142346 2.62718029455434
0.415084372828303 2.23637038095328
0.40149794613015 2.41011485436594
0.394158952562082 2.50313224787813
0.420282379616779 2.16941415904049
0.405711513260466 2.35442509145793
0.4152896967128 2.23345530830029
0.408010149146852 2.3266504817811
0.408323080095991 2.32338508894125
0.40171572542219 2.40572149268311
0.409324103311672 2.3103060880899
0.407907512646363 2.32615690842398
0.426328202981205 2.09455519001515
0.409500064714633 2.30601639752415
0.398901583719116 2.44085460375356
0.405687101938972 2.35448984858526
0.407493189030572 2.33329371823888
0.415856113097915 2.22631595739893
0.393360551247119 2.51244020953166
0.398424314288099 2.44709269846878
0.415611229340069 2.23146828602952
0.420757736823429 2.16310529787409
0.41038892339546 2.29748933552966
0.400553724429031 2.421911258576
0.386837900026399 2.59653252929316
0.400185112766899 2.42611424446339
0.402152487552341 2.40195296637893
0.410649559565064 2.29270847420746
0.416486560520787 2.21853883519623
0.406127769588675 2.35090748128831
0.399216216995436 2.43786106848421
0.399423349786232 2.43210563588624
0.411233608079944 2.28429024319156
0.394076312336771 2.50283093070778
0.409307280084568 2.31072834166636
0.423518804514837 2.12980464393535
0.423705522913751 2.12706973969002
0.406980196678834 2.33937515191361
0.406968891103403 2.33901397325835
0.416830971744855 2.21301369838197
0.412832512457067 2.26080075834859
0.403546479054082 2.38127628613201
0.404325937757214 2.37169151457705
0.394928750755113 2.49147707476362
0.399888933945854 2.42999318244082
0.421780874639604 2.15012284140842
0.4120716666875 2.2719172917237
0.403840554888368 2.38031779494488
0.411843963784961 2.27856629731708
0.412145581037678 2.27498907780334
0.41103315146252 2.29053363978697
0.409981314854939 2.29949776375367
0.417005857097103 2.2121439531664
0.397131738073441 2.46457599385968
0.415516178010486 2.22886534678193
0.39524381060317 2.48900167890904
0.418292949563129 2.19578077694724
0.399507943270309 2.43465229896925
0.421680743692443 2.15205855629627
0.426684503086822 2.09029335630886
0.4101709483838 2.29740136648347
0.408968664300403 2.31597789414895
0.418084247396654 2.19910124865024
0.395161187212115 2.49233961736374
0.403415929232042 2.38454063127921
0.413358833382977 2.25970408262751
0.419277067624762 2.18404357430943
0.423672254744287 2.12504394843149
0.409499213893817 2.30537243872927
0.404664081066051 2.37059229214569
0.41301557058527 2.26029905117913
0.399975559461708 2.4305758596881
0.404422207688043 2.3736805906118
0.398999870415252 2.44294391168285
0.422629190896236 2.14354179847138
0.408518957880012 2.32068124421514
0.400779031586822 2.41751376468672
0.403763841942736 2.37976205256239
0.411319143845055 2.2855946985097
0.400285866940176 2.4245931346871
0.405073648445772 2.36258166885912
0.417577001941386 2.2030159226763
0.403882809041451 2.37805110691643
0.416285263128439 2.2228562183757
0.407346759255893 2.33422961368975
0.421782873645307 2.15473044798878
0.397506727835251 2.46084388746879
0.420076775899895 2.17293389204937
0.415261482930054 2.23621703040744
0.423217245826161 2.13185438205094
0.417913899202267 2.20028442360262
0.429459873731941 2.05235804154052
0.409515893503579 2.3054500778578
0.386441373514269 2.59978743082702
0.406275388266657 2.34728465691725
0.423681759242709 2.12759865477944
0.422067888244925 2.15011906571128
0.406719654553851 2.34286228594337
0.4198286296344 2.17656466697658
0.415725046680397 2.22676717622708
0.400372033446983 2.42299742835993
0.407138139582319 2.3391786988882
0.418138350335536 2.1979237554103
0.419949262575899 2.17467000869954
0.417352036426076 2.20899893670889
0.414156890583207 2.24840234554093
0.416633541124085 2.21763338403266
0.404146871969317 2.37407236596693
0.413761083727396 2.25505115690404
0.41859490925375 2.19130754763761
0.40321460480901 2.38745052784403
0.40792682567932 2.32999306824256
0.416075133484435 2.22175137371417
0.417132515597743 2.20949056242613
0.407662503037287 2.33178700330756
0.402977876479984 2.39156488377262
0.428485811793654 2.06552887513808
0.413077087750686 2.26095857478493
0.417332097806317 2.21064046304974
0.400505307691393 2.41783504615013
0.419380303255216 2.18079263670004
0.41075426120942 2.29393795833745
0.400862842131613 2.41773592023601
0.401890579248404 2.40514695699087
0.404125614435477 2.37869367534729
0.401803944003429 2.40604323537135
0.397729328365233 2.45502192184631
0.396732406416275 2.47081666258225
0.403566164551148 2.38499162640806
0.414409985672103 2.24563133018816
0.418624565718483 2.1924326036795
0.403155760985945 2.38657460510418
0.428524446568158 2.06769600626626
0.408388368060543 2.31940334301615
0.416122393328145 2.22247498571647
0.402449060064136 2.39624751288415
0.4103393898952 2.29707631422747
0.398144259140543 2.45297599844475
0.402858060307208 2.39004791412286
0.411204045577739 2.28804039634965
0.393099421736387 2.51383956201514
0.422937542218927 2.13698642285068
0.415424228947553 2.23047081704124
0.405668638974244 2.35357830593311
0.40420019559925 2.37426004142572
0.394959106281775 2.49169977654643
0.400693056349311 2.41840917809979
0.40334459821421 2.38333075089617
0.413667724467692 2.25500740769966
0.413301952175218 2.25706935005303
0.403364727760804 2.38433564984851
0.41376469811441 2.25387390210321
0.417518670300759 2.20537842537615
0.408509420683698 2.3196947566065
0.3934498230344 2.51353394289137
0.41028195848452 2.29640809568982
0.414550993529252 2.24397355132148
0.408368467529639 2.32167654482599
0.396662101597762 2.47129043082303
0.401979280294418 2.40351468714792
0.385422598039657 2.61197239857367
0.403495051741098 2.38269359305134
0.401417174550828 2.41062152557226
0.409995679420656 2.30055318117567
0.389836857141947 2.55924165882933
0.428566566800925 2.0656745466004
0.406388089987185 2.34828253163424
0.410835845087852 2.28583633261625
0.424262632508923 2.11850154764348
0.408305105435761 2.32436984373138
0.409946884765859 2.30173212854411
0.416137610163047 2.22293688724306
0.406688781837024 2.34534280562328
0.408969493504442 2.31178706318716
0.39390648876919 2.50609772144525
0.41013781615934 2.30051482605655
0.409636338992654 2.30683467677311
0.404336333964 2.37155795443881
0.407153874646803 2.33477161105107
0.402322321743373 2.40160466761846
0.405823543550435 2.35406958503248
0.409589409268722 2.30542528446939
0.403785857475375 2.3809799612996
0.401900122796524 2.40593646248658
0.416614351361189 2.21521493389534
0.420193109177083 2.17000498513322
0.419720983576939 2.17663282241883
0.414031549542904 2.2484801126866
0.411556816401008 2.28126635095633
0.411084333805381 2.28662940985554
0.395567676031476 2.48679353300867
0.397729678140351 2.45988292028634
0.394455924140733 2.50002093488228
0.420287807616592 2.17233821641818
0.402791249055969 2.39209779514244
0.400492537965345 2.42194333400489
0.409428168396199 2.31052029607648
0.407508037410018 2.33273329542629
0.417559167983166 2.2029458486362
0.42063916045943 2.16595626108848
0.395610188209703 2.48342472017419
0.407432554129445 2.332688030249
0.420945484352183 2.16378530927497
0.416038938278477 2.22109339371812
0.41868871205895 2.19073182201322
0.415912403060099 2.2243558307554
0.405355882583842 2.35966733593728
0.423792804522046 2.12314783739571
0.409611037993084 2.30489744206438
0.399154277539918 2.44063888044155
0.406494975362603 2.34519863179372
0.415543673732751 2.23045293404437
0.398263194328392 2.45080989722429
0.406032591911031 2.35223762098146
0.401767981236809 2.40492625279279
0.404994210138542 2.36332960827283
0.402484683082152 2.39837541753166
0.407912735774677 2.32485151293595
0.409336073709549 2.30945347222908
0.414233463691729 2.2459458947191
0.421708431071159 2.15152609493569
0.413194659909394 2.25956060519133
0.422784811350533 2.13959413878891
0.413561787279142 2.2543461312605
0.417161354593628 2.20934261329667
0.418418227772528 2.19433747333021
0.400524334116334 2.42287764458778
0.397905905593768 2.45485929493291
0.407321869980789 2.33574645055593
0.39170770672379 2.53611534465004
0.40792660249349 2.32385139891711
0.417851417923996 2.20147519618919
0.403557449871563 2.38066371930977
0.397767788544201 2.45815574121419
0.410258147100702 2.2976642139703
0.395375915454603 2.48825465931006
0.407542040155537 2.33209930640494
0.398870481369134 2.44464306746589
0.392950294423929 2.51914663904579
0.403557367986299 2.38222751510587
0.412982891930944 2.26514673965365
0.408695064550283 2.31661172606596
0.416835604307458 2.21451079454792
0.389452803444815 2.56116440673367
0.403359433499173 2.3828978276471
0.406228451376356 2.34772566642217
0.39918021968745 2.44034926254189
0.39457514327946 2.49744194800583
0.392653806138996 2.52192362005027
0.423213642226478 2.13462978730893
0.396314401099276 2.47635115783044
0.396297490223694 2.4749507355195
0.406902674237562 2.34099853589926
0.412925225131742 2.26303208642844
0.409422804037651 2.30705854277901
0.413337383763718 2.25864430128256
0.401510304892334 2.40841519141217
0.411711277133621 2.282583280745
0.414251512266701 2.24830477688594
0.39719929677164 2.46244744944106
0.396895002887939 2.46697132033946
0.40952441655306 2.3065460202354
0.42271051810659 2.13905623073874
0.424103606831313 2.11929324038565
0.39426889294799 2.50111471421688
0.407639797269679 2.3308620997548
0.426390967520602 2.0917965377912
0.409850398413372 2.30411157299742
0.397729135215506 2.4581740188838
0.403327957475057 2.38729752016199
0.393420304346306 2.51230629079134
0.389475053419973 2.56357217076368
0.404357392333576 2.37326635293759
0.404037037487917 2.37661645874342
0.387479980440731 2.58705833157438
0.394166315531655 2.50219164428146
0.409963853957923 2.30082080511147
0.406711447134711 2.34889273895207
0.416920358238302 2.2128867652083
0.426080049449342 2.09499471247309
0.40736090037626 2.33389137763697
0.410634907449853 2.29332723421823
0.413122595025263 2.26248658172447
0.397074892437541 2.46215214774238
0.39749399254612 2.46145986383858
0.4114632942811 2.28035468616086
0.403590670002885 2.38318294544944
0.414544175936929 2.24644487031414
0.411000877844058 2.28805301406575
0.403474793120597 2.38300857338641
0.396035733001091 2.47833048813709
0.417690377086155 2.20151187554637
0.40711159011176 2.33733963894351
0.403822230895689 2.37760752867392
0.414533514834181 2.24311893122172
0.399531332692042 2.43436400131971
0.401281803575012 2.41028436889347
0.420968757818378 2.15913843183661
0.399137076460345 2.43892466903176
0.409303001456078 2.31101338007053
0.403463776556625 2.38129305653118
0.410406639283319 2.29698950200347
0.415945609950498 2.22621218772694
0.39761912596573 2.45708592530004
0.409779955006594 2.30283069192307
0.407679175029348 2.33047452871988
0.401109021878485 2.41525897169191
0.403704166335101 2.38229494210354
0.41358686722232 2.25605562930931
0.399693639022101 2.4314627538593
0.399605161184169 2.43939931075832
0.410690859169381 2.29002297297925
0.407816202486304 2.3312358651864
0.435910918637367 1.96992865635972
0.41137479976846 2.28284973003853
0.420141122491622 2.17391195049338
0.408226962781105 2.32507913707531
0.413141507731769 2.25893600786684
0.419781080331453 2.17872100075116
0.422048652790386 2.14685277237159
0.401142793348258 2.41397118285249
0.415387671012036 2.23012203409093
0.401112625279812 2.41406593326136
0.413353058989652 2.25993077659309
0.406312498487675 2.34958783792778
0.401239306323783 2.40898485966612
0.403044403032148 2.39207495005905
0.400811881113761 2.41598915089675
0.394277004771768 2.50095541756833
0.412116451010409 2.27413572324982
0.41921403225915 2.18245248768732
0.409753016118895 2.30360913591588
0.394181309083669 2.50245710189075
0.405916672792786 2.35195933045381
0.422206743034993 2.14558921466043
0.420227818685674 2.17036296093614
0.407591264633004 2.33059916611387
0.396657753341315 2.47071013650482
0.408618750700933 2.31956552797886
0.399146661314081 2.43887888772021
0.425210401426288 2.10751609148129
0.402031657379928 2.40686675682478
0.405042266426363 2.36474635251615
0.415932297812395 2.22608331558435
0.409024325084009 2.31188472197138
0.420849676454839 2.16236866351794
0.409797579963675 2.30370031587377
0.407310804282117 2.33376161191058
0.411860356467943 2.27432684632759
0.415587744198298 2.23377094379181
0.394502808018094 2.49812579502937
0.408436936710402 2.3200475183368
0.406558772360639 2.34566031244127
0.39905384362234 2.43968693828414
0.404205595920231 2.37426285621435
0.407032572300391 2.34225981323618
0.409117042196865 2.31269126193749
0.416668418477254 2.21604526809802
0.407808450378357 2.32900826365251
0.406918527692842 2.33993431404705
0.411632920246752 2.27836392285499
0.411547154593252 2.28146167028346
0.396448005377915 2.47383882609665
0.414008658809543 2.24941880671203
0.397741997740564 2.45755144879369
0.408297961143111 2.32048052351502
0.419861145783878 2.17273864986969
0.391722371666101 2.53038810462811
0.388444859562675 2.57377803917335
0.421409589852372 2.1576337603266
0.40410796367369 2.3778844151401
0.420533474722748 2.16871367590168
0.400635223047382 2.41846530125369
0.415503356294945 2.23192609006666
0.405202882413546 2.36333961793583
0.410550353122819 2.2933758778347
0.407727279644958 2.32919817234783
0.408135925281296 2.32430575526105
0.411471095970985 2.28483074790167
0.402742855235035 2.3945930209224
0.415129219509354 2.23628732201116
0.407939594337483 2.32772646589974
0.399673059141059 2.43021092967284
0.401061886237877 2.41277574066662
0.400873344309339 2.41406307574275
0.397283298017368 2.45990841487164
0.40948398972655 2.30850485191282
0.407874833827157 2.32740308181321
0.408438168449317 2.32230574671374
0.419314568988004 2.18167992426234
0.408475225230774 2.31810419076978
0.400408450122651 2.42184497837195
0.412828629055817 2.26651299384516
0.408267663929617 2.32392879055561
0.408547641876367 2.31721103353018
0.397720490173957 2.45720976374063
0.398529837931456 2.44470273488276
0.413136337522401 2.25825160080236
0.410406924067637 2.29377941619947
0.396012720779979 2.47973897812344
0.404043182696313 2.37868164136182
0.411843912976792 2.2780854280542
0.402013759875432 2.40011079332356
0.43712909888327 1.95447522829674
0.398763559560597 2.44462537159616
0.408780495565786 2.31662148287581
0.419340203787519 2.17913122025485
0.402287194856169 2.40056580236134
0.41752879069868 2.20540052894013
0.405796323179761 2.35721968327154
0.407707666218198 2.32828555052977
0.411230485415783 2.28640854222617
0.421338681943913 2.15843322666686
0.405370909203345 2.36102125269727
0.413057635609483 2.26056315938908
0.408611365402744 2.32053416237596
0.408884181875764 2.3162997663916
0.410898890741427 2.29187115052246
0.413924452326459 2.25173743989975
0.402844436516976 2.39404521689947
0.400575065367299 2.42072658971128
0.397769830121094 2.45592657895248
0.405496012378084 2.3621432756837
0.405257554468444 2.36157550427185
0.419480191633289 2.18041136286131
0.411391539177121 2.28265739246318
0.41165921169654 2.27895445240077
0.408650019746202 2.32050134325409
0.410322801254075 2.29440383568022
0.408640204437875 2.31738959452258
0.401301480882059 2.41307363641354
0.398218313840666 2.4536275661734
0.414416875641072 2.24297252957376
0.408608881891521 2.32081136004727
0.410919197298359 2.29188394997188
0.414857760830804 2.24009785462914
0.400650757448437 2.42219476320559
0.402218143525281 2.40022967165835
0.404031452940098 2.37529145386283
0.412435411355643 2.27093365218502
0.3884461284789 2.57683848321525
0.412299485593525 2.27123982480298
0.414560440577959 2.24239680671597
0.395677928121383 2.48127174475067
0.408079794118561 2.32470173340986
0.397497227857186 2.46050679665294
0.40181215091685 2.40484616145621
0.408041245594705 2.32630950032036
0.409332197147197 2.3110455397692
0.398288081145395 2.45051788564587
0.416186188007215 2.22156335145455
0.402152279885659 2.40349930453681
0.4153978483452 2.23384183619202
0.401388913409905 2.41000832188948
0.400964341581427 2.4117762834569
0.405878359944758 2.35419289266241
0.410505744708036 2.29310675779818
0.406794889762775 2.33796248374371
0.412561692845398 2.26898026085086
0.397450628128392 2.46097794298335
0.410657925998018 2.29260383441932
0.415074488409461 2.23843227877591
0.397049641405208 2.4633081867234
0.409187334109992 2.31409794511979
0.41055223672696 2.2961804229818
0.409250781384837 2.30821465916579
0.410378023391053 2.2951375187241
0.420500496894065 2.16631642197905
0.390006900143702 2.55683324670074
0.397886403856413 2.45171063362118
0.407684688657586 2.33031758459468
0.422930144799808 2.13509430683008
0.40445280000479 2.37157708549255
0.419687984338629 2.17963236451234
0.420439141177817 2.1697185921975
0.408848534907995 2.31245060430942
0.397999197532267 2.45616081611785
0.409261076266423 2.30865572903644
0.403761540033343 2.37999274903763
0.397003058442975 2.46830291829338
0.401611223452573 2.40899425779835
0.406637856838749 2.34511710914964
0.412901146029869 2.26593114272324
0.414380814136503 2.24721700293988
0.405019056283806 2.36434886314814
0.399849115107467 2.43125590373163
0.405876816798362 2.35426579039923
0.407999574837912 2.32594984020484
0.402863956465508 2.39007012351378
0.40627741936943 2.34811500970808
0.411986234899132 2.27587251366322
0.414072183320654 2.24784628654044
0.413845814428573 2.25262662773682
0.419312785196599 2.18051312922636
0.41260740223543 2.26985170397923
0.408169218155311 2.32449218716238
0.412736593274009 2.26570173672335
0.404555224678605 2.36956630250947
0.385027200906874 2.6204274227025
0.415484291664531 2.2309973935591
0.396913110691412 2.47008181554369
0.402892274166821 2.39458189117346
0.399705805195662 2.4309501714638
0.412916090538086 2.26159602557521
0.400818532280035 2.41677534424228
0.408353169559482 2.32309875764885
0.410010074997773 2.30010900198478
0.405429890800335 2.35832819997683
0.427095049681239 2.08144176502124
0.392859403603722 2.51679846407566
0.401455546109844 2.40880061453373
0.393502349201054 2.51262753608321
0.411904457165974 2.27528399306276
0.41921435970093 2.18376647742009
0.400207561066712 2.42803330191324
0.401531820216927 2.408916553642
0.422332413990275 2.14306265498415
0.414249810633633 2.24748509929736
0.407202432037932 2.33698066483789
0.397931459149878 2.45640446145978
0.401045230770877 2.41152529240951
0.407860459436725 2.3270804816544
0.395749347710721 2.48271831667975
0.418366354315651 2.19697128452096
0.410640746175861 2.29170833998678
0.412407161545341 2.26691732012177
0.415344841171667 2.23487479641664
0.403764174121311 2.38120966328381
0.419706684419338 2.17549122612952
0.405257406139958 2.36134970056745
0.403179730553257 2.38837762970362
0.411004139766241 2.29044261594394
0.417158806808139 2.20745625421927
0.406537058086182 2.34450149068262
0.409098281039987 2.31235920341569
0.407326517790546 2.33681408926535
0.412455978082023 2.26976180906867
0.400366414854003 2.42596152722243
0.411167960975667 2.28709572273236
0.412285719934885 2.27218496129803
0.414984110025364 2.23490585714294
0.412578059069538 2.26554510446193
0.413653221152525 2.25475813767607
0.408925323389292 2.31543216824621
0.406271305772084 2.3476633656202
0.409898095669776 2.30260289143097
0.411230186732641 2.28646687431579
0.417347345409742 2.20706692304349
0.41074383227182 2.29152336720657
0.408627250858944 2.31764099345184
0.412024140101339 2.2754361354507
0.375062735819058 2.74662514499195
0.40991219294506 2.30024856450881
0.413290162118535 2.25882226697819
0.418640070979219 2.18976787313774
0.407111977580703 2.33791995375223
0.4084260827979 2.32220296706438
0.389333525791864 2.56269515365534
0.40050703910383 2.42260427958065
0.410988760156769 2.2901390957311
0.416540933193166 2.21705444374338
0.392846877348175 2.52030934879939
0.404095351725233 2.37697270256313
0.412653485949166 2.26672778566867
0.419515175431669 2.17770699060702
0.413884766197811 2.25036808546837
0.427004645164326 2.08364627187634
0.418105452492141 2.19858881612548
0.415619727259083 2.2271613910024
0.400902649760363 2.4188570777187
0.410114706693221 2.29823900180564
0.403163142480083 2.38918672577218
0.40479013848594 2.36827177623431
0.409762024222087 2.30712524972318
0.421616065662374 2.1528721299547
0.396193842420176 2.47926445458479
0.411347227215051 2.28436042501655
0.414873312660727 2.23871005856052
0.398745266805303 2.44438596687298
0.409260891828831 2.31160172053718
0.422927112530168 2.13652169794026
0.429696165724616 2.04974513265246
0.412964667156978 2.26367237941297
0.412004601749329 2.27715995207303
0.396926997562023 2.46677659369154
0.413521050517521 2.25394125329741
0.41436740323571 2.24509345486492
0.41170880338566 2.27943578934272
0.398327180360166 2.45133670011478
0.402925963852198 2.39462992521266
0.412157315647387 2.27443473737593
0.409724049108227 2.30594822090363
0.407097229748364 2.33608343755864
0.40657638490226 2.34521860269709
0.406940647067215 2.33753947306113
0.393031879718421 2.51904247645516
0.404503245722665 2.367922810202
0.407808362181596 2.33094042764743
0.401691776289367 2.40740225059864
0.400355918660829 2.4239741004069
0.3945242230432 2.49729019635746
0.411611033566749 2.28003823960086
0.402579238094572 2.39384637883165
0.413030320947201 2.26082244697067
0.395443221854386 2.48605411996271
0.416705147978561 2.21282064405655
0.411348853272207 2.28338902853094
0.400291788978118 2.42522285873666
0.424268225829119 2.11720883033155
0.399580925457945 2.43582781804955
0.411480447296391 2.2805709702229
0.415686593734864 2.22884248003224
0.41207507017167 2.27284700535253
0.407483507238552 2.3334753450364
0.406636342162704 2.3421447360945
0.417887959647571 2.20003819792729
0.402254812661741 2.39765161278812
0.394097201136498 2.50473093475837
0.421568585703423 2.15497372261305
0.409851292800872 2.30450129597182
0.401102969431429 2.41419061223334
0.411397674787192 2.28145822072807
0.411015788770422 2.29018017291353
0.401833706291167 2.4072357928729
0.412200807884193 2.27322066107298
0.39883191023287 2.44519947306736
0.403374052480211 2.38441845794516
0.402741339000493 2.39300784716327
0.402658733826917 2.39436543951542
0.407909345891285 2.32667526127488
0.407722080395131 2.32779661006356
0.410958157736745 2.28992267540719
0.415879325115765 2.22622746031646
0.408771266360549 2.31630636896965
0.411410685432161 2.28417026230429
0.417892948626303 2.19928502399664
0.395529001073305 2.48552510686743
0.391274116148295 2.54138340648477
0.40071498329724 2.42182715071619
0.407792456710616 2.32667183503322
0.416174598005595 2.2205660864067
0.399939297701272 2.42846535024445
0.411967167085055 2.27441501043748
0.403285643329365 2.3869916352221
0.412427463059867 2.27071020865649
0.398058512263187 2.45546519903038
0.400614484815813 2.42012456360234
0.396265674453912 2.4742883604753
0.411875261508052 2.27714309615689
0.404039511051744 2.37614316033134
0.413549076571792 2.25679936995479
0.409910551476599 2.30207792907196
0.411968488228754 2.27421240166637
0.399400453875196 2.43792292019549
0.397192976934304 2.46483409619855
0.395969337253781 2.48107440000898
0.404238745728853 2.3747198435851
0.41789509421662 2.20034131092425
0.41498572390449 2.23806087767555
0.409309624293072 2.30693434692658
0.411228284781446 2.28797102773667
0.408034656914411 2.32441172751984
0.398095642381548 2.45312499771691
0.415694753156061 2.23229328625824
0.416358338304744 2.22087287340951
0.419828380578152 2.17729727757084
0.421534807925003 2.15301243202258
0.413955184110007 2.24900979851566
0.40980480118317 2.30486249087494
0.404312817757836 2.37170608663482
0.4090973742688 2.31111206457851
0.420061221967486 2.17261984723179
0.419727973182312 2.17740803634281
0.409534827263463 2.30872890944514
0.422450379668693 2.14190264526337
0.404816881127284 2.36578075337586
0.409466125689101 2.30840648491278
0.410427703942682 2.29593577073027
0.42308061851403 2.13628992778949
0.409061768837243 2.3132893461414
0.401501676824436 2.41018962452618
0.412875706257359 2.26514059738998
0.410977476523011 2.28868753297803
0.424567418846401 2.11545738453609
0.405287166431466 2.36058620799608
0.395915116101385 2.48043751119021
0.40311342832815 2.38752106695802
0.401984904214262 2.40473731625831
0.400685853294042 2.41957159717308
0.397023595244628 2.46515445175032
0.409847499826308 2.30422936022273
0.410357716404653 2.29367750555237
0.40035005928287 2.42324023251814
0.396786599688721 2.46787000372174
0.406497074724396 2.34420505224667
0.414143129482077 2.2464044111184
0.394021269618483 2.50316882476712
0.397200990592335 2.46324526952362
0.404865593702551 2.36677811302945
0.397657904925477 2.45853877577236
0.414051294046142 2.24908726131403
0.405929731723082 2.34969244102766
0.41205229799832 2.27365140520034
0.406145637127226 2.34951249844207
0.405139037368139 2.36204622688062
0.411310024242767 2.28455918418
0.414827272799969 2.2433692500372
0.408189372084771 2.32334490655745
0.396931106699002 2.46602572624273
0.40740973333156 2.33269919962325
0.409287832602096 2.3096532148107
0.388303168341476 2.57727541958179
0.423205478891774 2.13347339519768
0.408424928514764 2.32236940002339
0.394273096272548 2.50155257590623
0.40899061770642 2.31338608302705
0.406458244157722 2.34642198011006
0.415869926127243 2.2279510863007
0.408264985699118 2.32034767249873
0.410658667759353 2.29169175780763
0.408901399694855 2.31292399712977
0.413189633440471 2.26025054494953
0.409472219862576 2.30921818655909
0.418209817124086 2.19334498448922
0.425928446303664 2.09949432469653
0.411751673129962 2.27984025726565
0.404786631579109 2.36455120456579
0.405700935220499 2.35262940688513
0.417364250690972 2.20613635987023
0.409231265970184 2.31029377033255
0.410433650688131 2.29426805606317
0.407769492559495 2.33136974080759
0.392236252864473 2.52653118285859
0.416377274798915 2.21777086269851
0.396541005453664 2.47366276079948
0.417562025895305 2.2060755695461
0.417736917667642 2.20265378411356
0.391682761313145 2.53368849029633
0.397285016526051 2.46634365829708
0.398147995258443 2.45302332833462
0.405185826332219 2.36471042228909
0.414734263364662 2.24297589473419
0.407949752427869 2.32887500393763
0.41921187420386 2.18466291613226
0.411689461289343 2.27779731772916
0.403262183583011 2.38756530917264
0.410985856494745 2.28797553831137
0.409054225405274 2.3128677444568
0.406124996217173 2.34936859439467
0.412985805516681 2.26094350217162
0.415787818893267 2.22639121691026
0.392412404440549 2.52545269417402
0.413174959005495 2.26267529505563
0.405047560358615 2.36630049036546
0.396191239908352 2.47852037601378
0.421260329028385 2.15680414758223
0.40490067278848 2.36706469651055
0.398349786133414 2.44759271999292
0.409341035291358 2.31040840229823
0.400340731457771 2.41994288205061
0.41619947415095 2.2202350537303
0.41325412798739 2.25820437356282
0.412131324529814 2.27413771788567
0.398998317645544 2.44028431738322
0.406246063474824 2.34995917685011
0.414906943037013 2.23718029446144
0.403230176510837 2.39042016812323
0.399847324751368 2.42776432256911
0.412970392824179 2.26473213023894
0.394660596800281 2.49565447139707
0.401102397894102 2.41415360247512
0.407310859757224 2.33687652047153
0.389494965697871 2.56502443152697
0.407390317256107 2.33058643005304
0.419125450941172 2.1850686807291
0.389549402481989 2.56104908700696
0.408751111535106 2.31498786891065
0.395258257200294 2.49108765536903
0.419840782397214 2.17898559484055
0.398303101711473 2.44904767605329
0.405020814141218 2.3635853788307
0.398428746253427 2.44692827327693
0.40329286618307 2.38530558738683
0.405441204762568 2.35815810120088
0.418081043629252 2.1980917366484
0.408039989125767 2.32842286922013
0.375919060328734 2.73471296946018
0.43723495998069 1.95283314158043
0.393349095637508 2.51002402198728
0.39940306577463 2.43771949602452
0.409221560501425 2.31011036992339
0.39187322237877 2.53088821438721
0.415793406150411 2.22954658028175
0.417055075355685 2.21151984635181
0.402028326118395 2.4034381866763
0.403432677186966 2.38683117550731
0.414303919073581 2.24328828160224
0.416090622578466 2.22270869577276
0.406887792063773 2.34109505183341
0.407460172048839 2.33386843449036
0.403696787126158 2.38263454863289
0.412125325621728 2.27168342015437
0.414791093907442 2.23974847163238
0.389507029497485 2.56540952624531
0.408063641975734 2.32624439002189
0.3939032815373 2.50670550197875
0.410340281126489 2.29525290044585
0.404227889001934 2.37316713313471
0.407908278464793 2.32674586483113
0.404967728470739 2.36597455282389
0.398373127717309 2.45056525240433
0.413187989797091 2.25757239460092
0.408143350563111 2.3234944089404
0.406350928749278 2.34751960828419
0.402653944449817 2.39491446932726
0.402361405540774 2.40071906780487
0.427323582991464 2.07934056577037
0.411778837925605 2.27886615835017
0.43352729752709 1.99879249114201
0.432305082215237 2.0181814518581
0.416135337436619 2.22194747054152
0.40977601772272 2.30490125490784
0.401604454795842 2.40777110563376
0.413921465350464 2.25145643899746
0.421951706867189 2.14922841571705
0.404136911848068 2.37434655957539
0.419889519762595 2.17528655758179
0.412172687503928 2.27093658231045
0.422046076535199 2.14749806195063
0.402461092782416 2.39344351959791
0.409937178740569 2.30377003910128
0.407553621097297 2.33187975386831
0.406882422156785 2.34018726130852
0.396764705735775 2.46805038788283
0.435058628787612 1.98337932386535
0.422921405245872 2.13601844559147
0.406144392293622 2.35325626467626
0.411297314782895 2.28596047328179
0.4037005584972 2.38158315846102
0.415103487127089 2.23390971640001
0.418250488932523 2.1978830369477
0.403597563564188 2.38154594539603
0.412477267678598 2.2697246547689
0.407927683009882 2.32518305351957
0.404328698954816 2.37573181040537
0.426471614423471 2.0890063053514
0.403899973788071 2.37811893785199
0.405574243429443 2.35627222084589
0.406810831288947 2.34406616864493
0.422189325097594 2.14593416361731
0.393733077995074 2.50833128337515
0.412700913663397 2.2675151119668
0.418855947723916 2.18751961301851
0.401071178614603 2.4128577642619
0.416122828609829 2.22311015836882
0.433114010464469 2.00331585788969
0.393550617829577 2.5117106285723
0.403782235488527 2.38170167453476
0.400883393943528 2.41900114403533
0.409053440139579 2.31561826074844
0.413223668773944 2.26092394992242
0.394843392185024 2.4936969327318
0.39811358198956 2.45484652801415
0.43525694073976 1.97984503181916
0.425135080101945 2.10446438261897
0.412142351183071 2.27327712911734
0.417299993279928 2.20874597476591
0.411752684010608 2.27844362177185
0.409874782008421 2.30086113681242
0.416739703129352 2.21272731757894
0.418045232566093 2.19684935071073
0.407452457401451 2.335738049974
0.417547322141899 2.20524646100672
0.403064917513151 2.39106462912048
0.414355367720653 2.24967308308991
0.428579462053152 2.06483884174042
0.41979976465606 2.17379342169079
0.412982228997752 2.26230645329253
0.43034279813966 2.04277066260777
0.41229541828936 2.26977061121504
0.413689397337838 2.25569070757083
0.398959565870228 2.44366147356338
0.415984306893725 2.22486393759558
0.409032127740891 2.31244210796358
0.414897022241419 2.2390716031811
0.41592059433133 2.2254385027825
0.394986268986128 2.49288359044103
0.413319514292925 2.25963760812699
0.405877135491334 2.35186274342208
0.396443002407023 2.47611661146164
0.405451057544742 2.36139849051177
0.398155557810019 2.44907416711915
0.405624952651418 2.35614690006277
0.410085099915429 2.30273561190824
0.415545102130456 2.23143563098866
0.409110866497448 2.31217935856382
0.42363514348966 2.12703937118583
0.415200076993752 2.23760882395189
0.411999463286942 2.27846293060313
0.413965216230592 2.25230857475143
0.416094233090552 2.22316011446307
0.411022103786409 2.28807945571519
0.410356939154767 2.29488558126484
0.406362406898162 2.34984672984597
0.420838286302896 2.16236410747458
0.416590474906227 2.21671609704775
0.407443050199542 2.33255839149922
0.405787764351354 2.35222333025071
0.39199163109079 2.52669272931168
0.40546383350648 2.36174097054011
0.413710012867681 2.25254697819095
0.407170891546865 2.33883990054456
0.400471843841751 2.42175845188219
0.419009692651937 2.18650514755383
0.421732582028946 2.15301196717065
0.4258364699867 2.09818466011203
0.42985997629947 2.04909722647747
0.426409036229093 2.09061291889694
0.415368695405159 2.23103395122415
0.401165663944198 2.41252199880048
0.426261660906579 2.09239058056083
0.415395754963936 2.23100509552824
0.404932750499426 2.36546907667906
0.401989073175315 2.40329054079029
0.405920444550557 2.35255637873354
0.400164490175386 2.4254144739806
0.420644870299537 2.16905689793833
0.40875191103595 2.31911989349447
0.413439463246867 2.25732739518926
0.400436477883369 2.4204042846827
0.401569587231132 2.40854244370164
0.408331563337629 2.32293094794076
0.415250979127665 2.23555673142489
0.393660082245135 2.50946626263969
0.393191342807071 2.512670790198
0.419354889596967 2.18324456999076
0.414520673254488 2.24579889148989
0.403644243786489 2.38287557612725
0.401180696114899 2.41090578198009
0.402693533020577 2.39317504185421
0.389469400293831 2.56399646895727
0.410251378970422 2.2998705021402
0.385941140055508 2.60670776217051
0.40905869608176 2.31205425979507
0.405397713227819 2.36066391481726
0.424070314192402 2.12017995717048
0.408744886337987 2.3179450360659
0.403755195500939 2.38017431895423
0.406847916614631 2.3402871223451
0.409421892955052 2.30508846891533
0.405744218430295 2.35586156287155
0.414328063140734 2.24681611665223
0.417446822543585 2.20677577322688
0.403070161176835 2.38994578536391
0.39700849267815 2.46927379978812
0.388476117138057 2.57539566226419
0.406262447678633 2.34882117199948
0.403865941199135 2.37782987729337
0.40004279567033 2.43094458886615
0.414992962711902 2.23953597605145
0.419155486867919 2.18306293085931
0.426549216744669 2.09249273620448
0.430651095560414 2.04054431861219
0.408530962608298 2.31849556791355
0.410956885919748 2.29149566256704
0.390859839004523 2.54404961595176
0.412720547500264 2.26740194303944
0.416310325862951 2.21973186476647
0.404997081927284 2.36572623505124
0.419301739101156 2.18490890772847
0.39996070783893 2.43190343392372
0.40071204453537 2.41824800225996
0.425003088351664 2.10845455743121
0.405820203340852 2.35218076118127
0.395206027434877 2.49141937612014
0.401589345025119 2.40782458177951
0.414470010422066 2.24321435674384
0.404271638208506 2.37579975978995
0.404598050620656 2.37009391510708
0.41199695426033 2.27769330699939
0.427619852838887 2.07641307957105
0.410859073203088 2.29260777207897
0.414864541429503 2.23820296220955
0.418138739937373 2.19430394782148
0.42327826099495 2.12864368151876
0.402111618530595 2.39975022026572
0.408758579840766 2.31830670691864
0.40343046904031 2.38440010199385
0.416704082692955 2.21977905114332
0.400740134435812 2.41804217651209
0.418679051011413 2.19060431078944
0.409413608306999 2.31020638940492
0.40362069050893 2.38093789460126
0.412330672550668 2.27025823014432
0.418475537907231 2.19107013589076
0.395696585480869 2.48504395121277
0.410258989445286 2.29426762415387
0.408933092399944 2.31499883494982
0.409223423303914 2.31053192160996
0.406310193319038 2.34742976649795
0.426334599259118 2.09251727988934
0.386273965560141 2.60061874039216
0.390673072575152 2.54912316340927
0.39835938402157 2.45175852341103
0.412305712393685 2.27011005402443
0.409713793711833 2.30557614268917
0.4162943169034 2.22024871347885
0.405568839815666 2.35618590633967
0.420984189851104 2.16060504215376
0.413936466263517 2.25081313496129
0.390265398630235 2.55208607875777
0.421266485114357 2.15621052067689
0.395912213274857 2.47878588229589
0.40435860614163 2.37139759083021
0.404680528071771 2.3676627203375
0.404356661789174 2.37185575434861
0.398805753433591 2.44538758583288
0.423498125232929 2.12843898444772
0.423897100468722 2.12330525424596
0.403148646449247 2.38715103213583
0.422744843184215 2.13832508807684
0.410844434441059 2.28998556949735
0.424877099995588 2.11071892773367
0.418058321655316 2.20020354547275
0.404852035831759 2.36685147838239
0.416055447016053 2.2260609493172
0.406187012882695 2.35200766206173
0.4121699645782 2.27313805711434
0.405146973239322 2.3609420051442
0.408075246695988 2.32631410960489
0.392731210082296 2.52032799840336
0.416532324145599 2.21813492233232
0.40105627987815 2.41427458534201
0.397271430436726 2.46391455735039
0.404149938499535 2.37440096696
0.411582422407251 2.28102484425365
0.400017539246854 2.43298335295228
0.422517937042031 2.14431712722588
0.403372849351362 2.38510716523706
0.412945234937631 2.26478737971941
0.41156844626171 2.2806470419688
0.396638869692003 2.46957133810428
0.403873757211773 2.37549731166541
0.413308029764579 2.25682602996421
0.425200627590717 2.10737511169061
0.414752958132109 2.24017520228909
0.40000998233501 2.4274324205261
0.410845033151489 2.28984470171643
0.417197151617561 2.2124306688157
0.417876793476328 2.2020003855696
0.401019268361842 2.41379560213317
0.409585811425233 2.3063408973501
0.421999779341267 2.14911542194989
0.411256167364016 2.2869862574438
0.414757294971353 2.2388834160558
0.418291535135994 2.19242477840178
0.408014831974393 2.32712661130112
0.413909596816372 2.25056210686655
0.39582505074168 2.47833149053293
0.414762479567474 2.24153827735547
0.42400526837294 2.1233457127837
0.406166555514873 2.3499193194629
0.406284399503659 2.35083536933367
0.400892566058046 2.41368126559592
0.418539677764275 2.19040315652883
0.409277653214802 2.30924991985276
0.415837479896995 2.22685509369977
0.405096285305958 2.36390362274733
0.41393467355522 2.24991433035655
0.402361110307042 2.3981925850695
0.404601392059436 2.37382043250587
0.410211010701168 2.29808691829636
0.425408852838948 2.10381780689173
0.405158985627921 2.36144427590839
0.415287977764213 2.23583918076591
0.405756117905744 2.35253764370526
0.410634427248812 2.29330061070471
0.414166945961325 2.24799565339486
0.417556021478169 2.20434240716191
0.401467252853775 2.40814611116933
0.399887637213758 2.42720002508992
0.414178429974706 2.24994831131772
0.422210826854271 2.14559622822219
0.423040122511044 2.13576765940735
0.410084707764712 2.29788765086908
0.411951345912001 2.27787089989775
0.394100909932043 2.50127692667439
0.414462735434974 2.2431913739611
0.410521600894272 2.29338286553574
0.413454756192896 2.25470994410428
0.430313945922453 2.04228419450717
0.415109916357256 2.23482428028265
0.406089029421534 2.35130405093193
0.419055913646718 2.18601989911683
0.409851897632144 2.30282938768233
0.402658327163336 2.39523865633241
0.398720199516015 2.44407154558262
0.406080356211655 2.35017548704347
0.413559212411717 2.25557056661814
0.402036012592278 2.40027509930156
0.411676958670207 2.27883518366963
0.403861106439053 2.37897231070268
0.399339156054157 2.43970076353542
0.431348268280966 2.02703045444561
0.40582300999162 2.35352183922968
0.399129639896445 2.43954382458161
0.423821470785562 2.12320644924793
0.404186134769532 2.37642611357876
0.393434025815812 2.50998403914812
0.409093050506145 2.31134493284688
0.412117370130767 2.27253542816709
0.404420740207827 2.37108432894227
0.402847793448882 2.39228378991539
0.425595462785852 2.10031012523804
0.399042957598888 2.44007096244535
0.393591376932289 2.50935886368879
0.404039997972648 2.37786089772435
0.409510004950944 2.30931835100708
0.404508699601214 2.37228535973431
0.409068445415803 2.31241209419122
0.392400727867092 2.52323654365553
0.427361786292428 2.07811391301065
0.40315108227732 2.3912619287597
0.428197767185647 2.07121958083486
0.421013398936845 2.15849744698405
0.419786060721735 2.17864955646094
0.418887701455255 2.18978596168811
0.405654712962023 2.35392713233167
0.399065528552396 2.44431580595798
0.408611128225887 2.3193976483255
0.40243965203653 2.39805893821166
0.395297102430569 2.48839589012237
0.405184355620511 2.36122962980446
0.422167845449901 2.14616428969429
0.411843425354886 2.27624434670109
0.427276706817576 2.08209796040102
0.394110895406632 2.50259443627816
0.403839049133834 2.38100436010728
0.398480663483269 2.44593459586152
0.425234811070105 2.10675330881091
0.412052641008998 2.2759090249329
0.408871325175257 2.31709033655591
0.408642985114882 2.32056399889734
0.409371925226517 2.3091015183759
0.408397185758976 2.32455848223362
0.411646431243911 2.28090964374706
0.401583699118612 2.4102064752747
0.400607965047972 2.42011583985849
0.415023120530064 2.23590908447212
0.408598580043395 2.3196260262584
0.391769200696304 2.5337158376399
0.410054515113814 2.30355772987903
0.403527758153176 2.38297590050847
0.40002378706785 2.42731003739469
0.4140207213771 2.25282705438192
0.410573053796185 2.29672748027942
0.408549773631909 2.31930804536942
0.413217434017701 2.26099816555342
0.400889917706384 2.41638559433405
0.41720192094122 2.20857043859365
0.406950095531953 2.33843597247556
0.404299940933919 2.37426436847783
0.391452816763236 2.53933817181725
0.413720568957017 2.25283749497249
0.413716593641182 2.25345321304966
0.414276622383801 2.24745254652436
0.414163057475522 2.24732577062747
0.40234807703311 2.39927602058766
0.40902580821291 2.31262701262768
0.405987262672536 2.35460259852411
0.416283095538222 2.21994062907083
0.426105604835276 2.09551500970705
0.39947601537182 2.43574712059595
0.400657538145073 2.42151620553063
0.400892683930569 2.4179068608485
0.423302138726551 2.1337403405206
0.40115253311005 2.4142208336924
0.408322123864283 2.32236814154612
0.409068520591256 2.31323576997241
0.408081405254883 2.32638222852398
0.394435574868679 2.49664588306592
0.392377861339226 2.52599372271572
0.403632672055416 2.38444848567783
0.408393815693507 2.32012538883404
0.417057457801931 2.2101768570076
0.411041114223166 2.28838608999212
0.420453092357539 2.16642527362645
0.409346792875707 2.3121247914248
0.402570351488408 2.39614481940673
0.408860742666052 2.31624410818047
0.411602790836166 2.28149287595218
0.426272766484941 2.09476597210346
0.406891245852798 2.33894419565877
0.40290324090948 2.39097857271202
0.41087481896732 2.28965515348738
0.412561930898014 2.26708671982324
0.419372634980098 2.18227757713934
0.393158565562584 2.51306052946567
0.398085059299555 2.45104111622857
0.402680946597767 2.39486748924464
0.404452903730057 2.37317460447191
0.397940472787743 2.45474854392572
0.407354426014498 2.33873729399457
0.396340329549562 2.47817120231776
0.397941564160297 2.45472519029967
0.397974463617055 2.45424376817051
0.407531875829905 2.33499178779391
0.408526570085946 2.31772444480191
0.414580199632642 2.24472010068353
0.392230882428642 2.526607888101
0.41187217836202 2.27826259139116
0.409946907756365 2.29830217049441
0.40744660191434 2.33395764860209
0.404317627647453 2.37404270119376
0.408876334887539 2.3141008716397
0.413540583346792 2.25629002396646
0.409652922997307 2.30692754637713
0.405962096547555 2.35268385927259
0.406663203026396 2.34334143071552
0.413716559800218 2.25033145802322
0.401712361677725 2.40401541915596
0.397665394918534 2.46020375381086
0.4128608428395 2.26645713388914
0.416064752851164 2.22461344419399
0.406789582007925 2.34057263033556
0.388708941500297 2.5740029404285
0.417035359571405 2.21175541577882
0.405140239109007 2.36359754666149
0.399397973958045 2.43723020581974
0.416218531239032 2.22259207434409
0.405168153986124 2.36290271141437
0.402444384248171 2.39578077722619
0.406958408876235 2.34325224299857
0.419920040855553 2.16995852376567
0.410742519293655 2.28951434733707
0.41058605233372 2.29301122291165
0.412595142931094 2.266715666168
0.41553949147621 2.22899693129559
0.407103024762323 2.33596220691467
0.417201355453291 2.20797092248585
0.419183586791205 2.18154961635598
0.416897861657478 2.21227827685253
0.411561014609931 2.2807786905037
0.405733913903263 2.35660136947855
0.400824661542939 2.41803201294526
0.390818907258345 2.54636079018222
0.405251517051003 2.36590682925333
0.41926256831911 2.18557066082994
0.399379204903952 2.43886214630312
0.423566295559843 2.13066339753738
0.406044950066522 2.35239401664726
0.405684034064927 2.35470300476609
0.4091022150297 2.31315648025761
0.40346380996004 2.38336361820485
0.416839455990407 2.21337605557886
0.417184592059599 2.21143515559396
0.413487145922445 2.25598331067731
0.389015648512348 2.56935278811339
0.415061362438333 2.2374174531225
0.413578879646668 2.25364201275143
0.403418442540903 2.38900533282186
0.388661166700273 2.56968022962042
0.396749774626588 2.47025917484376
0.421995290998442 2.14809858260739
0.397673246952865 2.45933246918987
0.410018739757414 2.29955693140754
0.417947468706784 2.19940275324502
0.411201977841199 2.28513789755124
0.410763339010549 2.2899400860654
0.414556707937334 2.24239474360582
0.400610174791485 2.42146276300307
0.402228912032968 2.40099058513599
0.411758194775227 2.27828203989087
0.429991780915871 2.0474728185574
0.414346737334879 2.24496999031335
0.411178850579398 2.28400550099812
0.412000301594402 2.27530452998832
0.409999910415438 2.30010075578494
0.411557714902424 2.28077344094918
0.390131069892677 2.55621462157509
0.393427395551447 2.51186724538206
0.403140498047409 2.39192384768238
0.403645402558108 2.38080318865461
0.406187127204567 2.35146789821446
0.397360724161941 2.46327038328545
0.401829229455908 2.4051346740856
0.39824466806241 2.45223084114477
0.413258366703864 2.26024953671098
0.408837372722058 2.31626933176041
0.411192661865787 2.28818890895735
0.402387728080387 2.39910256014727
0.40819545115826 2.32419305966549
0.427162220807824 2.08302457654735
0.404005413793194 2.37506428315986
0.409250233665627 2.31081542662797
0.406412693742031 2.34691264123194
0.391610818903005 2.53759125266781
0.387564173246159 2.5877282454989
0.405551871287109 2.35446848780504
0.404375977343408 2.37324644514441
0.411403588481504 2.28264878300729
0.407874926632451 2.32701692746549
0.418039943883012 2.2016299667243
0.418056451487596 2.19707490357028
0.418219815612342 2.19645713423455
0.400627828796048 2.42331623876816
0.404904610035025 2.36633453214355
0.410225776919463 2.30042734300896
0.402405650657688 2.39883253945236
0.40585248675327 2.35343437749241
0.415438309476328 2.23311322368162
0.413008471894715 2.26491782339677
0.430604801807018 2.03864382490378
0.416652625131363 2.21576675497214
0.411632335279249 2.28122532736211
0.419890701785836 2.1755090043519
0.407832510731653 2.33022372500272
0.391681269363043 2.53493369088221
0.406170805227468 2.34884774706599
0.395454104356199 2.48570534488381
0.398563615964257 2.44585740157629
0.424178527811076 2.11961596476664
0.402592721510706 2.39540130769903
0.413495432136207 2.25367152666341
0.404035411820975 2.37873483476972
0.411234610812316 2.28727036809292
0.400548659850129 2.42018715512913
0.405645751282029 2.35516732912197
0.402673909783987 2.39681791648132
0.418843749382172 2.19098641975219
0.422192888834581 2.14409296066203
0.408460908853399 2.32349633741462
0.401554154340283 2.40855576543714
0.400892533444495 2.41472508509362
0.420403703905856 2.16886753226468
0.398474444645001 2.44915235746997
0.402846034416895 2.39517000837437
0.423098239672181 2.1334883398766
0.413048872853733 2.2616771781493
0.402807191625643 2.39429319919559
0.410355973392231 2.29471114546936
0.40365813466799 2.38008321279994
0.409026891867842 2.31206296439217
0.410237037404584 2.29609757869703
0.409050050977044 2.31114700589663
0.39149643290946 2.53425670297785
0.408303152212782 2.3217338643481
0.422141181972975 2.14636829537345
0.400089942873742 2.42742514755284
0.399129137834833 2.44130159613458
0.398037959886834 2.45294961806441
0.409956099645924 2.30169829042058
0.403799066563034 2.3764481078807
0.410006407118057 2.2998305393552
0.402573978133162 2.39777759245498
0.421932210872548 2.15024481088151
0.419392340661864 2.18031912113883
0.408393431630602 2.32407567759811
0.409438539392695 2.30803781402778
0.401655273370318 2.40697720190861
0.415601576274846 2.228419604244
0.425714712106622 2.10203832151987
0.409916620796489 2.29940631603454
0.414105419120845 2.24997255302986
0.403511392770969 2.3804138675704
0.395737113468415 2.48483805453376
0.427636510212838 2.07982811022193
0.404569600034946 2.36680305035225
0.407741095516449 2.33094138398889
0.427080066096393 2.08495088511808
0.407837707715921 2.32878674148212
0.398530685831903 2.44507632536746
0.396320469686682 2.47345792785088
0.422307553943815 2.14347539343175
0.420561809632931 2.16345303319177
0.413047794728575 2.26270127288216
0.413499555426815 2.25463931738741
0.425353253735361 2.10566344307767
0.40060301655274 2.41998862875414
0.41617007421948 2.22252782234353
0.411759820040773 2.2788940718386
0.400998824671233 2.41315312957114
0.405526498432159 2.35913000875305
0.423499628107201 2.13128013596764
0.395242847853444 2.4913958792706
0.414767295295253 2.23943977938755
0.406789443584243 2.34208975024056
0.408696101274405 2.31928565734087
0.409861283122368 2.30600892589562
0.3891081535826 2.56703663275885
0.421250886411506 2.15583377123929
0.400700219378659 2.4205963173833
0.39099795463771 2.54414017436191
0.425788193166999 2.10204690452928
0.412333663837193 2.27330938434317
0.397111721197106 2.46529226209773
0.404204057394832 2.37212341330916
0.417408450779697 2.20720950288347
0.401339076621263 2.40813223364845
0.426539274216508 2.08956510484734
0.410583229985649 2.29395411501293
0.418563237945456 2.19104305128087
0.401779293467958 2.40602657353678
0.400299101271818 2.42253495781173
0.418041575669145 2.2000482229795
0.41097915695645 2.28882876779662
