0.398022797305625 1.44052951003366
0.399603731579867 1.42029175332668
0.399412384932686 1.42703064084979
0.40151014256139 1.40154006804558
0.39965142688269 1.42433155849974
0.401297426047541 1.40369647940724
0.400460451556128 1.41559213570989
0.405964450975138 1.35246170207631
0.404616815807802 1.36820285090187
0.402538619051484 1.39201527218707
0.39927114239768 1.42616957595023
0.403071426432949 1.38527515192222
0.39951054011118 1.42512471734083
0.397755043185317 1.44261502194755
0.398930613579098 1.43157845321645
0.400356112436892 1.41893263581279
0.399477115954057 1.42681503524328
0.400440917393387 1.4124749442815
0.404259700831482 1.3691699765757
0.398279966213752 1.44154714812879
0.402473190599194 1.39205826550828
0.399824760288052 1.42226907948758
0.404740452343359 1.36569958796068
0.398624232132572 1.43427677785062
0.402271238452223 1.39403761136698
0.396447086899649 1.45673726670053
0.399994004594498 1.41778951383883
0.403412265650819 1.38158820076791
0.401624818078045 1.3991069166186
0.402386857159485 1.39027454890949
0.399258032560259 1.42666095645082
0.403540047181825 1.37980358564401
0.400468531367126 1.4142207348807
0.400042830610552 1.42027500538212
0.402318805365284 1.39465012007342
0.401324231654706 1.40363982863198
0.399065368479028 1.42866561840355
0.401498263987012 1.40224363429678
0.398308823506343 1.43641554432734
0.400264169805103 1.41793935445198
0.399292180445084 1.42462747914231
0.400053294747912 1.41803535360321
0.400302319954401 1.41492285797016
0.397603996335089 1.44483193558873
0.398059247518566 1.44461895750582
0.399993958547396 1.41716646112138
0.400906011793302 1.40934333662106
0.399249054480522 1.42743790257636
0.403106025110577 1.38412984696413
0.400390773795007 1.41441781571454
0.397385771305762 1.44847160906638
0.397283552577146 1.4497018987906
0.399870519259513 1.42222629354796
0.400934255313374 1.4089884377657
0.401180276381887 1.40713263411387
0.404296840948332 1.37250839397164
0.398309870549821 1.43424796368479
0.403046729099497 1.38648497846658
0.40060351829033 1.41261342780193
0.405668270365484 1.35854900415733
0.401561459850664 1.40359006490833
0.401585155702632 1.40132059683822
0.397536717062365 1.44545802989156
0.402709192336735 1.38920535853451
0.399072962185816 1.42954656064622
0.402228348844907 1.39683964923427
0.400926167001823 1.40785122065947
0.400849231392482 1.41220530006611
0.396140423832746 1.46174087946209
0.398987041103284 1.43024874981202
0.397785369728335 1.44490735947103
0.400368208774365 1.41320136138177
0.401228076040213 1.40643537496074
0.400258955491063 1.41825007525563
0.402410741057071 1.39087723744244
0.402214093485543 1.39578064944134
0.400847669236762 1.40896599147596
0.401466136228031 1.40397816471965
0.399614440689738 1.42273473883878
0.401431066352655 1.40419693910729
0.401598189534234 1.40118477091018
0.402802114386175 1.39031105975293
0.401648524712601 1.4001539691323
0.404340112050943 1.37346410389633
0.404276427958738 1.37046064233587
0.403264896580378 1.38357035339851
0.401292214300433 1.40825290543368
0.403796795465862 1.37898831957346
0.404957119177156 1.36203378506923
0.401290374444178 1.405171468512
0.402593115864045 1.39098402420397
0.40118693136674 1.40656199079181
0.400703569708063 1.41369499628094
0.399025784182851 1.43138014739592
0.405865383010208 1.35548467596236
0.400474821995021 1.41446634365271
0.398608646987967 1.43564924518997
0.400197876953644 1.41727161138753
0.403052486030896 1.38493620295737
0.395736439816678 1.46595063438123
0.400937851867514 1.40887309247894
0.402438476448713 1.39230413870339
0.401850503433745 1.39964973305009
0.398677841187712 1.43355265588924
0.396456998787452 1.45969347010858
0.39895312306132 1.42978723288877
0.401468057640783 1.40466087822468
0.402558163568868 1.38951634498145
0.404439980251016 1.36823861828341
0.402535922941145 1.38963308854923
0.401082254694185 1.40759916331705
0.399618396676617 1.42374318567644
0.404517750085438 1.36822110630208
0.400955250285028 1.40745600086201
0.40219059251986 1.396808747882
0.402652102196621 1.38923484845921
0.404658077761573 1.3686264525999
0.402583714803531 1.39099294441752
0.398861748255547 1.43230029905745
0.405738642568211 1.35516055636012
0.39692525832846 1.45466263487892
0.403145022542439 1.38439394575255
0.398792390445042 1.43328617165364
0.398638543419975 1.43511041593304
0.401895018203247 1.39763052472999
0.40102644542898 1.40455626874141
0.39799683424847 1.4409531582837
0.399837281579867 1.42017742943831
0.405414218009119 1.35977065980886
0.402404890197146 1.39354624664263
0.40010835155944 1.41907334303514
0.404730045364836 1.3664116107787
0.400720422036594 1.41080700442792
0.398985280816942 1.43009544541961
0.398662179003564 1.43076103534871
0.402696950436066 1.38739827772416
0.400738742811065 1.40964249197107
0.400958558642991 1.40725827357985
0.400084652266772 1.41852461114874
0.396324983148764 1.45994264801978
0.401970283628698 1.39513642445271
0.404247627388402 1.37261941164156
0.405752988725622 1.35598326179802
0.401543930541586 1.40341921796264
0.395893181646106 1.46783992907574
0.397913242821881 1.44128679680301
0.402502386083776 1.39176999943664
0.398529406594785 1.43538988425292
0.397111174652071 1.4500404005869
0.397486611505605 1.44732698613753
0.397243257204578 1.45077401147832
0.404775444562925 1.36580345242185
0.40207870234883 1.39614617251853
0.4030490832442 1.38719271413402
0.393206340273528 1.49421124349778
0.401650270983872 1.40269505183265
0.400712455454546 1.41260785101334
0.400894654394252 1.41131769977073
0.400696893802103 1.41128184211349
0.402264756971557 1.39557241674319
0.403355633525924 1.38313715990424
0.40228444343774 1.39243533966942
0.398288539090466 1.43682185213549
0.401546485984276 1.40362061702097
0.404974350350539 1.36177089271807
0.404123084144295 1.37492478636644
0.401332000701758 1.40584437342333
0.40056271593295 1.41468300623496
0.403462667514418 1.38391020625947
0.399175345851516 1.42942546884505
0.403142561189449 1.38328837084552
0.400323302533729 1.41514490729563
0.400280693761009 1.41765167990915
0.406422840160863 1.34744745210049
0.403132019837805 1.38335378606395
0.400594736610641 1.41157807699214
0.399120583774843 1.4284184402115
0.402302250588601 1.39561676987785
0.399907949898821 1.42002564481021
0.405182791651707 1.36512610311538
0.402942808212677 1.38700344973057
0.400721057026013 1.41175551321675
0.400086166751047 1.42062679757287
0.403750686717395 1.37689711407851
0.405542154958661 1.35765508051232
0.399717044387062 1.42231426338295
0.401824236988006 1.39734565916942
0.401520391939162 1.40092377555234
0.401753324705665 1.39863570113303
0.404798271225996 1.36665345524833
0.403761764815737 1.38003376308003
0.400974883072633 1.40865023079987
0.403342599520351 1.38298559793964
0.402245511098025 1.39312867833644
0.402001592913498 1.39644761711514
0.399750534779689 1.42378972548681
0.398152906874949 1.44073537251758
0.399736962493112 1.42275248121312
0.406041523329427 1.3533309617884
0.401187477326602 1.40636710621989
0.402738384105864 1.38996281339955
0.3980671745023 1.43968485116283
0.399286844488347 1.42928188914072
0.400683653724118 1.41178711428643
0.397140458640753 1.45143483039175
0.402288390548567 1.39606116053842
0.402086437700772 1.39455257962067
0.399856011811909 1.42047769214533
0.398920625349393 1.4324467621018
0.399899496003178 1.42145510761436
0.400406092450107 1.41517860842789
0.39886846434164 1.43130753247993
0.399353670566957 1.42943808133735
0.397458827761001 1.44394439400591
0.399520136628473 1.42423172635026
0.400945281836315 1.41120021065548
0.400924315689095 1.40934480119495
0.398481181379671 1.43703048515842
0.401198207840024 1.40849999823922
0.399303433773523 1.42772093473999
0.398507898566334 1.43388896540095
0.402171486178208 1.39554287648327
0.402754394082973 1.39029270617518
0.402005353715925 1.3977465612768
0.4001094338334 1.41945754640382
0.397185007369622 1.44921818927038
0.397347555296662 1.45181117407108
0.397443894171971 1.44608993476322
0.402756521102189 1.38811273516965
0.402724992094129 1.38802300934249
0.401212690620298 1.40637505489562
0.40275747082239 1.38932623871353
0.398457410670856 1.43491089593847
0.40118839786162 1.40836217485451
0.401970965423017 1.39491963052948
0.402095722230383 1.39684447920135
0.401519413819191 1.40136158427934
0.399566049207143 1.42192985378268
0.403823991298319 1.37607706413611
0.402309277846628 1.39264624748138
0.405390551099309 1.35806301345096
0.399442185235556 1.4234241355306
0.39871435629392 1.4345423488393
0.402274191140739 1.39239201311849
0.401394535868941 1.40261466843835
0.405860494983614 1.35475420445577
0.401662622498506 1.4010014316653
0.402346604991262 1.39287965036312
0.401580268930071 1.40291977651529
0.399907774527945 1.41958170276092
0.402519947242282 1.39209712852038
0.399520818547957 1.42454735191675
0.402198586509066 1.39490080206384
0.399749586380485 1.42243897659829
0.402245492502673 1.39212011957061
0.401153333098609 1.40543695320161
0.400301230769009 1.4163274603044
0.405621489901712 1.35618544771441
0.400690483192669 1.41265521624861
0.403268928440176 1.38425636882707
0.401272080146368 1.40638512792595
0.40225219849452 1.39016185172798
0.400384109087223 1.41460290223061
0.396160545577724 1.46392162938464
0.403133179211784 1.38451679491789
0.401054765443357 1.40785593824514
0.401158148519783 1.40825696703806
0.403226760057569 1.38122991157863
0.402704438663523 1.38906842450234
0.399678797576745 1.42425714792398
0.394108135378139 1.48639939138087
0.401553399043263 1.40057827460212
0.400547154566428 1.41103048987497
0.399383660148378 1.42870911781399
0.401313362157391 1.40451396764669
0.403534392113323 1.37911855015873
0.402647558009356 1.39036559148011
0.400155123520252 1.41901018582745
0.400570515419877 1.41171450353741
0.398123791956661 1.43960232621684
0.40545426158798 1.35793442703189
0.401127499005675 1.40585414329144
0.399560716319824 1.42443766961928
0.403489848835351 1.37995361189981
0.398551182269076 1.43717585108936
0.398717516081219 1.43592875092507
0.398236114612469 1.43995162100902
0.402067119507853 1.39840044468199
0.395988298867599 1.46364693334015
0.400395546120161 1.41467036218004
0.400968791950863 1.41050281908345
0.401420034845912 1.40345840722738
0.403482495613125 1.37892979152124
0.40143006245514 1.40406088953449
0.399426474145588 1.42485865922441
0.402313814101875 1.39254295160765
0.400625484262501 1.41455070851953
0.400512962757477 1.41102608715499
0.3991849998506 1.42906275097029
0.404146676101798 1.37183880914448
0.398957672623281 1.43046778308203
0.401935930693264 1.3960749068598
0.394677824276386 1.47799675595271
0.400766408016431 1.4120180058533
0.403320246312663 1.38172188883928
0.396110118585301 1.46310372268326
0.401012583504829 1.40820896295329
0.401656298417866 1.40144333700664
0.402553178355755 1.38999727388824
0.405845799860534 1.35250407694536
0.399617754399859 1.42513814015131
0.398142526888931 1.43776928782566
0.402729261912703 1.38887955003478
0.401397986150745 1.40286873911717
0.401826812829027 1.39904400761826
0.401324237978153 1.40399717741849
0.399127352787419 1.43057988108057
0.404223724935748 1.37107623576451
0.393553077295069 1.49128280026626
0.40080118772876 1.41105519829075
0.397019353811694 1.45374031484068
0.403019095582645 1.38545836365969
0.4031282787955 1.38489817529238
0.403947300760407 1.37695326535037
0.401480198978977 1.39967518880609
0.398274225516517 1.43929914945232
0.406675382673912 1.34246708005099
0.401013191001765 1.40913093304924
0.399684809156449 1.42275857370589
0.40310500229372 1.38527916945666
0.40076338959005 1.41048960203484
0.403865882732182 1.3775918251516
0.401427768652061 1.40404660627634
0.397177302147911 1.45028965442619
0.399643975737319 1.42534641443639
0.397446237149983 1.4470593577775
0.402397518448235 1.39324412785966
0.396636744590686 1.45544347159444
0.403896798409338 1.37335432105403
0.396475277211963 1.45763551878672
0.400653510218511 1.41339375894068
0.403290483342961 1.38227805181995
0.400535879238108 1.41312636610993
0.403164789569534 1.38597229763512
0.400937603561715 1.40963610708364
0.398281812613972 1.4379304590212
0.40431356820477 1.37169659461204
0.398896795277222 1.43117547646717
0.397120097060667 1.45042765538309
0.406298687073099 1.34919293479194
0.400416401941433 1.4140251401159
0.398654335039037 1.4374955033694
0.399001778348584 1.43182590760356
0.403009613657275 1.38412780895057
0.398636459490156 1.43370719219792
0.399627582055172 1.42326323980231
0.398736991223568 1.43369885370672
0.395669512830217 1.46615979276826
0.402062249743555 1.39592655484093
0.403559609538699 1.37929962596894
0.402553113382007 1.39087118343104
0.405955456875275 1.35388915169278
0.403612401279668 1.37961224966396
0.400675401721243 1.41285058883186
0.400104442282467 1.41807725246478
0.400986598121514 1.40912418963405
0.399081548487013 1.42989290272644
0.40562664421741 1.35609509494729
0.405522180800721 1.3566135893525
0.397680691482424 1.44456464599224
0.40295578262832 1.38581479942765
0.398608797114675 1.44027775863487
0.397847223488214 1.44363257768603
0.403082440348629 1.38414266822574
0.399031202266518 1.42968684323943
0.401814833074392 1.39947310191793
0.399024609064449 1.43153786989916
0.400850340559886 1.40666681240126
0.399883611639647 1.42161180626019
0.400984869770026 1.40657258436081
0.403995558223513 1.3751367467509
0.404515445856749 1.37199161780868
0.398099729740002 1.44059431502265
0.400653419560879 1.41099110498748
0.402661869831729 1.38881841390523
0.398318341738838 1.43704973476904
0.400429581575996 1.41413015350625
0.404840724193174 1.36333955035651
0.398200833542535 1.43952036375511
0.407058339821305 1.34025898035975
0.403653751822297 1.37686463883219
0.399107599877044 1.42773567386079
0.402025204609997 1.39618354647736
0.396623842665982 1.45829995434004
0.40451693640897 1.36625694379539
0.398956006273209 1.43216758674983
0.393369343579644 1.49453955221842
0.402712544881608 1.38749171931199
0.4008613199111 1.4087801527368
0.398846082323246 1.43216373118337
0.403019107471907 1.38636064781586
0.397101849709959 1.45265220684697
0.406368368710384 1.34894533738482
0.403584727523648 1.37848241509635
0.396698345836013 1.46161043448338
0.404314161425056 1.36923131063928
0.396098611977749 1.46522272455436
0.406152619545139 1.35000532995946
0.401116650683755 1.40632707328284
0.402777476238217 1.39033651812548
0.39925120424273 1.42900042784294
0.399756666598458 1.42029288441113
0.398679371130015 1.43632853737619
0.396470972940063 1.45849730325618
0.400211078981407 1.41703581973116
0.395327372976818 1.46978791727829
0.399700313844258 1.42253967140176
0.402728685157896 1.39047471096791
0.397104665108082 1.45326525193254
0.39906215156123 1.42654726488004
0.400906512534128 1.41136111123349
0.398012106059649 1.43961656285798
0.401323145372184 1.40405399449223
0.403549261133061 1.37980641045145
0.403433504735964 1.37995629948297
0.400234656435197 1.41636128534771
0.395431728938881 1.47027022455191
0.400440546395826 1.41353543725673
0.398896118555023 1.43198418499127
0.404259685103933 1.37161782066249
0.400148959753401 1.41674508460845
0.403690612062421 1.37765370445872
0.397555243440801 1.44771013152262
0.404275280808394 1.37110551750125
0.400775065792591 1.41121041058653
0.403347960603058 1.38580587189785
0.398453547613026 1.43735016052418
0.400069519170691 1.41932934875787
0.396751198353612 1.45445928925717
0.402089623830432 1.39585671058377
0.401869605306657 1.39862012355082
0.401092448611142 1.405872355353
0.399075597171648 1.42712550247392
0.404225906379091 1.37584137026446
0.401961207212138 1.39709599393717
0.400816832924608 1.4094899010075
0.399612789486176 1.42445868235874
0.400739500162897 1.41034788388151
0.403065836162504 1.38450547282394
0.406938614148867 1.34477527972014
0.399540049549956 1.42495942494513
0.404626493076679 1.36780882094568
0.399834129398117 1.42132803460307
0.398863788653303 1.43192553050239
0.400640070906349 1.41078090034855
0.399426960726721 1.42597858647413
0.40104021480371 1.40776015234991
0.401968361343185 1.39705503340563
0.404492810618557 1.36934384932678
0.398826909049148 1.43058100267802
0.40471161433526 1.36445292620084
0.399170499130684 1.42545200680904
0.401413287922596 1.40164632574099
0.395847517399042 1.46778591991665
0.398889865648834 1.43341208045186
0.399699035246812 1.42461036476023
0.396462363030023 1.45733883381758
0.400927715877276 1.41006352039221
0.398432337929017 1.43790457850896
0.399632356838197 1.42292992554265
0.398781001729343 1.43231585336572
0.40616850869604 1.34991029780921
0.400059098944281 1.42110991588273
0.400828824876527 1.41107375182331
0.396649401495273 1.45763168553815
0.403259270147865 1.38336405472062
0.400287021550317 1.41389997644774
0.397149056777303 1.44928732311193
0.398767900619606 1.430253221262
0.401649782607972 1.39801983778478
0.40229987609767 1.39455199598841
0.402935843698178 1.38608214287934
0.402214590235638 1.39592664831896
0.395683600244965 1.46718858847345
0.39856624986292 1.43339535199374
0.399270950206221 1.42623419912521
0.401803471626897 1.40068257572409
0.403598368198597 1.37987042294213
0.399874358962323 1.41878215619541
0.397881937578462 1.44275981720683
0.405794108894855 1.35226134801936
0.400147980999966 1.41529178438348
0.401665335085326 1.39890083719072
0.401173403640323 1.40651743949295
0.402405986927505 1.39421476245882
0.401479155922376 1.40329225160254
0.399609862226045 1.42139940828546
0.400855025650531 1.40937057582131
0.397217156011551 1.450852343076
0.398998153337474 1.4306399807682
0.400103977131752 1.41578595855723
0.400830071324302 1.41112944559699
0.404644771825632 1.36791565969317
0.40098838977914 1.41067099848057
0.399265464867166 1.42588251473738
0.400059514582375 1.4198259805736
0.405785299050063 1.356415402777
0.403326297137326 1.38302849467059
0.402654048821436 1.38844431265832
0.39993272859549 1.42175904117414
0.403046487234846 1.38630416895421
0.399734451843958 1.42433764149378
0.395060501652048 1.47556911976034
0.400010985705607 1.42085191066352
0.402771029632082 1.38793482403157
0.403052743093608 1.38429709029829
0.397069606137094 1.45555016422452
0.399586565075583 1.42414941910261
0.400261441869422 1.41701017128742
0.402419181741537 1.39189296234143
0.400952486633889 1.40800533277407
0.401857153379859 1.40073033440161
0.399479145109012 1.42303782389764
0.402914910987769 1.38594849905071
0.402412669937081 1.39341373555087
0.397773026166136 1.44642394410532
0.403722408867677 1.37622877452998
0.398861229467969 1.43392195618448
0.40118521982139 1.4084933218485
0.399373036439417 1.42738626156747
0.400199790213949 1.41891913667138
0.403211406214405 1.38347969993581
0.401051496879966 1.40615947776301
0.402155130753064 1.39614384916791
0.401054626662244 1.40846157030794
0.403515246905315 1.37964591491858
0.403423212216169 1.38072183407116
0.402309871702259 1.39141118453402
0.398523995411048 1.4353368574586
0.397276685351278 1.44977851713078
0.400435174033965 1.41406923237587
0.402692794275612 1.38949474085179
0.402904352650099 1.38834450745168
0.403814057443475 1.37687685235695
0.400322332342341 1.4152649170377
0.402051956154096 1.3984800868649
0.401438186964469 1.4048327838989
0.401246224003615 1.40471614407263
0.400823924654337 1.40615770120588
0.403808668160272 1.37743482749761
0.400525866168858 1.41222228068514
0.400862839642034 1.40628574609852
0.401589091416629 1.40236970581172
0.406720347159772 1.34423418289037
0.398997583150111 1.43079065957514
0.407358393608776 1.33912910456908
0.400906177876043 1.40677182532799
0.398668640220241 1.43675344146341
0.402741586469253 1.3907483990623
0.401046000845233 1.40569064718671
0.397902745078937 1.44198064687735
0.402898852941858 1.38634286768593
0.401712201704224 1.40099826189845
0.401887519703396 1.39485792950469
0.40219988608861 1.39466615352405
0.396900842672306 1.4532772439085
0.401691974086599 1.40031275932612
0.400027682005195 1.42108638005873
0.400941598337531 1.41056349070106
0.399773989706244 1.41907508177806
0.400549505543087 1.4152048684335
0.39865058068284 1.43296037223522
0.400793702195862 1.41015692508651
0.397149622175127 1.45269860922517
0.400475454918479 1.41486480559114
0.398056884821917 1.44235365717427
0.403495603203817 1.38194071448954
0.404760305698606 1.36810100533207
0.400538692957968 1.41327457429914
0.40296298517535 1.38702978224393
0.401276033070147 1.40582203268068
0.400530238781883 1.41297593974373
0.40408997691036 1.37210908359937
0.402668168950524 1.38918377042333
0.398961996573204 1.43132100033858
0.399252227789994 1.42675791087304
0.403648930416995 1.37909510332879
0.402903122618052 1.38546159992214
0.403945948004293 1.37708585576862
0.402210913470304 1.39485590728874
0.401844312589108 1.39851370981831
0.39844081989999 1.4360456103721
0.404652922484401 1.36827391723902
0.401574202575191 1.40167534563528
0.40121633374315 1.40768873269258
0.400961419864501 1.41124705031408
0.397404900707562 1.44736373996211
0.399643008099557 1.4214866724196
0.401473833318858 1.40177728231048
0.39574279374971 1.46815960687501
0.400836158752909 1.4094472882895
0.406325393583355 1.34773467962386
0.399654874266855 1.42202563476678
0.401371373543998 1.40158824973617
0.404151251412183 1.37202727905587
0.394798437584823 1.47861324445004
0.402294769431983 1.39253370766196
0.398353871353814 1.43820866593332
0.402038836101099 1.39862353930082
0.403550188341357 1.37960150490669
0.403612959748254 1.37854040763321
0.402034082206402 1.39717557890615
0.404155577667505 1.37326136156275
0.402742715107696 1.39005170733307
0.398945129948534 1.42783942120337
0.396965272060393 1.45221471982338
0.400503354126925 1.41365262589607
0.405556009266769 1.35960091752313
0.407033804219854 1.33971888039206
0.404622026680956 1.36471435010937
0.398563101788094 1.4372751018793
0.398337626021881 1.43867023387655
0.401586102506468 1.40014933856711
0.399382002782439 1.4262381227336
0.401660426935947 1.40110263263469
0.401441378572859 1.4053123233225
0.399329533532911 1.42485542085316
0.397915773706583 1.4421042417332
0.397949881109023 1.4423044268136
0.402542862962426 1.39258407994138
0.403957650829007 1.37529996192178
0.404627739299214 1.36955160183369
0.399554012862173 1.42514492375797
0.398987272569291 1.43107987423173
0.399854176988767 1.41885109180996
0.400977057286406 1.4062574280154
0.400570323504029 1.41347534587325
0.40110924575608 1.40760946899905
0.398547116032817 1.43483693609892
0.403094495834758 1.38519264386901
0.401371027363364 1.40513583009819
0.398277767326623 1.43844783152976
0.400732910430601 1.41121294335862
0.398973615769866 1.43013540634158
0.39971455272028 1.42283489345317
0.400651445319991 1.41203841138326
0.401295390997972 1.40331719877324
0.397734160620099 1.44458692185698
0.397912277809143 1.44186499363334
0.40329132282881 1.38275788785038
0.396596753406489 1.45847292894374
0.402845227111943 1.38609048745336
0.406222044629056 1.35028148827578
0.396455184265029 1.4606383949995
0.403697312598736 1.37772832344225
0.39887471838753 1.43240759182754
0.400583461630646 1.41342240308254
0.400367220817215 1.41498556338197
0.401691396211553 1.39878513739925
0.399736875688334 1.42141161432042
0.402270482627202 1.3936427474829
0.402209011467101 1.39566825532925
0.396924005064843 1.45206628526617
0.398861181006409 1.43385735359751
0.402793380802925 1.38692480940205
0.39948531228922 1.42611111372272
0.399411381915077 1.42679893738497
0.403837531968596 1.37923915893854
0.400994549909697 1.40844352389881
0.399232622966395 1.43007219799048
0.397395980297505 1.44905836484128
0.403642522518965 1.37863409802477
0.403212273791007 1.38342435550298
0.403106939285752 1.38562377810546
0.402573007140593 1.39100050062783
0.401533772473658 1.40217950450549
0.39834902219655 1.43821103028184
0.40504763576898 1.364451350812
0.402387656608814 1.39183763583698
0.399675601313904 1.42113263153551
0.401173335929201 1.406117902446
0.399586485503167 1.4243060053988
0.399653819160506 1.42463721444636
0.403721642042256 1.38084616400119
0.399949708362727 1.4209521410989
0.402395285429989 1.39400108226768
0.400358098672108 1.41366249595449
0.400875856651561 1.41015660942832
0.401770644550764 1.39732788902009
0.4026673879813 1.39094105448954
0.399640369998351 1.42065341437697
0.400150458619964 1.41946129553545
0.400868791683897 1.41003553986712
0.403160079853629 1.38411975966019
0.404806878041965 1.36458753765172
0.400777848289535 1.41024226418959
0.400800794345454 1.40899404476665
0.399332447672281 1.42562578162709
0.397907640357432 1.44245325462558
0.39886757362862 1.42967676658179
0.402618364104501 1.38982684738646
0.402580723418767 1.39081928756728
0.398327689020157 1.43658257095145
0.399180671177852 1.43025957977849
0.398294501892119 1.43709988646977
0.400568459607108 1.41348109280451
0.396517995374225 1.45682000305861
0.40201248580796 1.39723577370932
0.406095342541425 1.34954964829804
0.405067579599397 1.36245467805757
0.398346821798198 1.4360247935553
0.402421419545065 1.39301453677984
0.400584673019991 1.41425288080603
0.401846362349691 1.40014422391504
0.402397800777963 1.39229694520268
0.400367543705039 1.41367177255973
0.401585101418083 1.40361221904945
0.403018878626214 1.3875945019408
0.401390989798042 1.40410189019837
0.405490897716826 1.35950098889238
0.404112448453845 1.37239984057262
0.401100976953859 1.4065652580393
0.398005718031364 1.44152987132655
0.401351445329606 1.40352877297155
0.399674790667424 1.42108213965561
0.397825597193252 1.44488781359599
0.400404190062853 1.41504180087049
0.399761040216328 1.42193273327947
0.400186697382855 1.41836366986453
0.398643390311162 1.43368237078584
0.401733138618838 1.40006139181802
0.399630689208464 1.42503179202838
0.399312569686716 1.42937318515677
0.400054023605454 1.41667402072925
0.398148780626162 1.43862213667659
0.403710265645526 1.37719732554748
0.401569598692862 1.40056987340914
0.399329406896649 1.42722386288444
0.399004877062888 1.43121954862756
0.401883431891218 1.40039176360629
0.400269444692596 1.4158667466308
0.4024092387399 1.39074036074111
0.406392974024225 1.34808947998638
0.402219224180291 1.3939219424356
0.403704847743295 1.37890518678942
0.400216423599821 1.41696190610867
0.39967740190465 1.4216589165756
0.404687102625944 1.36861521622427
0.401543487829343 1.40261239546832
0.404389296351295 1.37134589835257
0.40167566863226 1.4008480097441
0.39578819028888 1.46663644147625
0.399887761628792 1.42125418254126
0.399302319843694 1.42470847298976
0.406108908213781 1.35336822016643
0.401248884044883 1.40393891012313
0.395363359713262 1.47156103162871
0.401397721229805 1.40727972252837
0.401169458795513 1.40719789246436
0.40458429050347 1.36959376904822
0.40041658841071 1.41399149621913
0.406582455859819 1.34430401943447
0.402109499184797 1.39695071933704
0.399671004152251 1.42142063550946
0.398575211001256 1.43407007806112
0.399305583973169 1.4271434535438
0.398936571155387 1.43183641790356
0.401379664708224 1.40554783884356
0.401313332126597 1.40460066249295
0.398321572699392 1.4371053577376
0.399508733111657 1.42549910218545
0.398323782807326 1.43846677929877
0.399387055779596 1.42816822791647
0.40078510524571 1.4108678470403
0.398486618987207 1.43705215278069
0.401697040553456 1.4011916296919
0.399861716808819 1.42111510049045
0.398179856463307 1.43993590897092
0.397448942130961 1.44759668560859
0.397990183485724 1.44158582073802
0.399594904069108 1.42275113385128
0.397712984959026 1.44635561090085
0.399208717731034 1.42801328352686
0.402013932782979 1.3957393708164
0.39988433522774 1.42181742676973
0.402514714641726 1.38887338884991
0.402625661121833 1.38918855652604
0.406435503182658 1.34590271688739
0.395362229470091 1.4700179369623
0.400561077035255 1.41160358448183
0.401597388677152 1.40007810424008
0.400896847520919 1.40841542550256
0.399144529943171 1.42913709250341
0.400622210330279 1.41255805942395
0.401298140905451 1.40463916635419
0.40372262110969 1.37489778724245
0.402786013358638 1.38725454124112
0.402032966818037 1.39611318522273
0.401093361594146 1.40638375280776
0.398946277408261 1.43143341115785
0.397686541633334 1.44880023693919
0.40245603159778 1.39130551936823
0.401757714831031 1.39842041493804
0.403276242408314 1.38171246000173
0.404470955838085 1.36916306703153
0.399091323126086 1.42919081064494
0.403615435091388 1.37971304544281
0.399235788445783 1.42918263739975
0.405721427433094 1.35542536130691
0.405253206354461 1.36023897896518
0.399491970887772 1.42537617132056
0.399772140220974 1.42360189177429
0.405527058286647 1.35514113598255
0.400017993899263 1.41840630633287
0.399283502509836 1.42570688222389
0.40293510175197 1.38659882695075
0.402798815258097 1.38945410833432
0.404150511386556 1.37041812434727
0.395729499553117 1.46873662820858
0.399851472582646 1.42218232131942
0.401630241471231 1.39865140621825
0.402522039358674 1.38831860913211
0.403168372379787 1.38319190440859
0.403060636846649 1.38465563054352
0.403065950924861 1.38396161193246
0.40302093297768 1.38751175532196
0.398411667834082 1.43628788341029
0.400903970717312 1.40779444089937
0.403125443738233 1.38534499608333
0.401215157097145 1.40717752811469
0.400429551716533 1.41488799548555
0.400096788951276 1.41751822052748
0.399237969331689 1.43083414149111
0.403571246983323 1.38021195215416
0.398816990410888 1.43471021991438
0.400316124061587 1.41806662821483
0.399416160701559 1.42751939131194
0.397854166734375 1.44433054059604
0.399992256016196 1.41817328945364
0.398197908795607 1.44033147071246
0.402673711031882 1.38904805381121
0.402314465367221 1.39342467068389
0.401373555370697 1.40305360279032
0.406873386678964 1.3407170084456
0.400146823107575 1.41713651664906
0.398279937514678 1.43881782447128
0.400590634786157 1.41474745852219
0.399359191508163 1.42860435166431
0.399924333244479 1.42132365660362
0.399233529635726 1.42753462323297
0.399842551512228 1.42203139513015
0.398086464591145 1.43901900586148
0.39821973759367 1.44036886483531
0.395515160414547 1.46598896659226
0.403315352958863 1.38085034621206
0.401101611638948 1.40584456586609
0.400874464117482 1.40991693812955
0.404608837449801 1.36696327591682
0.403198718909142 1.38465316556544
0.403674183876224 1.37716177592595
0.40012443264878 1.42074378052037
0.400864147798542 1.40741046446655
0.400038597246548 1.420552569107
0.400383422339209 1.41426282264471
0.403034685608632 1.38523900455732
0.398167148210582 1.4412764603406
0.399931001413875 1.42237243830157
0.403125591321 1.38118407969544
0.399574791497004 1.42466344101136
0.401348978999456 1.40365862306139
0.399470077026224 1.42353647458478
0.400527826878513 1.41530999951556
0.400882774805002 1.41279227344162
0.398609593747772 1.43402347494027
0.400122557689141 1.41723318368151
0.403302625975081 1.38109254590262
0.403888927438289 1.3749244756304
0.39894718615056 1.43031269608603
0.400333681820075 1.41590628043482
0.400674063715067 1.41403937202923
0.401392205541125 1.40295688605904
0.400251410399477 1.41583985524572
0.404494126629694 1.36606730399822
0.401229208976789 1.40701824325421
0.398480808461291 1.43570328416603
0.4008215148165 1.40898432470859
0.399549791500375 1.42661536039241
0.401136667173574 1.40725089045053
0.404366568457452 1.37115354133065
0.400730952583934 1.41308813521483
0.407677377777507 1.33098799349082
0.401193740839717 1.40562762165244
0.402723439941656 1.3893991238526
0.401715455710897 1.4007243619381
0.39734913559066 1.45021922873678
0.398451676749559 1.43483121514151
0.403847367488931 1.37625514818335
0.404210150818802 1.37503297464767
0.398081069607415 1.44135469108474
0.40204323472849 1.39696543169638
0.398849592522747 1.43107252320043
0.398553799593906 1.43425989070349
0.400145120842356 1.41697379889333
0.398828151052108 1.4332282650104
0.401139383546234 1.4078690195587
0.401523010576221 1.39994756708287
0.39769761773838 1.4440155039136
0.40353262806422 1.37975208785674
0.401313777917613 1.40487551146822
0.400537230908756 1.41544653550853
0.399539627807286 1.42389155396114
0.399693745975825 1.42327311152344
0.403151173387267 1.38237604505606
0.395667447632023 1.46951883334009
0.401141797251852 1.4058395136908
0.400525347987727 1.41452564467063
0.401493627762848 1.40250947718388
0.401751047741778 1.40037596748452
0.400828123274216 1.41083470594607
0.397516641086305 1.44599815763932
0.40300780408219 1.38622567432035
0.400978203268295 1.40652383758984
0.397374781070154 1.44904216302661
0.401053887361306 1.40446236456512
0.400054663500647 1.4205302983117
0.400071000615435 1.41830179246272
0.402552050070566 1.39050220684114
0.398753323208443 1.43176783890053
0.397496810609829 1.44939047055541
0.399391429520114 1.4260847962778
0.397402176342384 1.45130250967359
0.39986571935448 1.42228058090264
0.402928999890759 1.38676928965923
0.398269683700082 1.43702317006397
0.397480490442214 1.44959014828665
0.403186054964757 1.38281538019656
0.398522790366221 1.43620957062329
0.401886965356382 1.3963053641308
0.402044269217145 1.39868205948621
0.401115132318975 1.40520695997013
0.401059594346389 1.40711119551108
0.399812723232615 1.42059114054255
0.401547936960395 1.40428250415021
0.399261136222001 1.42795931899343
0.402569027253383 1.3906350690451
0.400299774416049 1.41701256182274
0.399365300859884 1.4260863459659
0.403352124532427 1.38023083141833
0.399362359869285 1.4268967864589
0.396499316019642 1.45604361357382
0.399422985757235 1.42673237508119
0.399772899247245 1.42322809170411
0.398592803873993 1.43664435208755
0.401896010702154 1.40040965155495
0.399402701631437 1.42712142555814
0.401761462062283 1.39928048913491
0.398885943310421 1.43396438801688
0.399897582943531 1.4215100026508
0.399193964762119 1.42547330667923
0.399669082037535 1.42271630268014
0.396663220671142 1.4575542927925
0.400289817871613 1.41592191799882
0.400305922776241 1.41452983627893
0.399540669311114 1.42263967119206
0.406030605408316 1.35055623210408
0.404755501861574 1.36823742345301
0.398297420936206 1.43891063685182
0.40124901119428 1.40688484206997
0.396485088800615 1.46255796150392
0.399158188776762 1.42957239392259
0.401855533159539 1.39682574114209
0.398888034306438 1.43134957796298
0.395849528106943 1.46681597709488
0.406103969754217 1.34940353612735
0.400410348052857 1.41637602746175
0.402746234306596 1.39042545288297
0.404354050270532 1.37079419022841
0.407596308614734 1.33360181207115
0.400417241865011 1.41521466594507
0.402672660084873 1.38937973544589
0.400716887322112 1.41182227135013
0.397693334809735 1.44612940519578
0.399745062889901 1.42071920978781
0.401881011246077 1.40028743145659
0.401685311524532 1.40268142993378
0.397775603006978 1.4417106040645
0.399219566966976 1.42755781905687
0.404442235094472 1.37222596468423
0.404494581604978 1.37028191313529
0.399033833508471 1.43005904004575
0.401215939039384 1.40583192979262
0.403186247493643 1.38646492792353
0.401343476822568 1.40691593413184
0.397241193114458 1.45196998150021
0.399858998316959 1.42110435083194
0.404019778920143 1.37451494738587
0.402080680482947 1.39473770793815
0.402897102606196 1.38930660505007
0.399791276874519 1.42142329103786
0.40055283327789 1.41301169389282
0.402332659296726 1.39248499057466
0.398617016726906 1.43267961879991
0.397793960672232 1.4407077910408
0.404278165183785 1.37419483885272
0.399472501544268 1.42433079924422
0.398870266578542 1.43361139981021
0.402932330678484 1.38603299551834
0.402287170757817 1.3942850574414
0.401391169467929 1.40539250765763
0.402938396689751 1.38588061528596
0.395981499479065 1.46581897055872
0.400777339863527 1.40969698923004
0.405012183141452 1.36206992899271
0.398928182275329 1.43034659015462
0.399672802264411 1.42208080309004
0.400697291009084 1.4106444674666
0.398773708556936 1.43300415860975
0.398167073946215 1.44007912975528
0.39759769052765 1.4457859774531
0.395858294413242 1.46473001129106
0.401118152895888 1.41028011183567
0.401737952932355 1.40200861448611
0.404281755217949 1.37173491546578
0.400771299349237 1.40846811560205
0.402877449794939 1.38734825058779
0.399623387787851 1.42430268409192
0.402460716609251 1.39317666133943
0.398644912383373 1.434661305994
0.399925456518518 1.41782466217884
0.399041418409404 1.43158232898116
0.398026378333616 1.44363842561361
0.406435410551103 1.34823582233173
0.394754614721711 1.4758281581118
0.403660444006947 1.37764076006006
0.40142037301912 1.40453636790284
0.404344752025265 1.37278054870394
0.402952967940831 1.38530596320554
0.400833034592534 1.40930727785231
0.400690892814714 1.41252772801222
0.404671652526916 1.36601970228936
0.401388637951248 1.40493753750753
0.402300172939831 1.39333438748943
0.40129562405634 1.40417612351785
0.394212527623525 1.48129803160121
0.400015151751095 1.41973579115788
0.401630368349749 1.40201797337248
0.397443050080894 1.44874240375373
0.403516487774845 1.3807704561347
0.407970462924353 1.33253562517887
0.398265829851521 1.43875023569553
0.401510543260801 1.40265865217965
0.399279643804772 1.4262471345117
0.399516089994058 1.42749350014954
0.403373782499566 1.38369862853152
0.399191521161474 1.42751458376354
0.401513407573641 1.40478800263867
0.406036301149603 1.35448957057136
0.402410341555784 1.39137532365143
0.397615885908175 1.44851887335588
0.400297332425753 1.41529295675977
0.403707953331135 1.37889837500544
0.40038787886826 1.41437198032165
0.402244924089021 1.39510809755768
0.400186426851239 1.41961715271904
0.404738981197942 1.36892384283959
0.403261496652663 1.38201144449429
0.400499548518735 1.41275032206196
0.402964805250973 1.38449207904614
0.39753634541032 1.44853911285442
0.396370647215554 1.45975091551132
0.40163468178783 1.40045753998891
0.404878627484231 1.36639073338507
0.398512052081762 1.43640202400763
0.399563521087819 1.42626350744669
0.401420366665173 1.40387251081388
0.401824898179432 1.40128939026341
0.401447735856541 1.40263830154573
0.403053076857527 1.38254607414487
0.399851782071528 1.41851910542707
0.399939225490657 1.41851199841446
0.400340772617679 1.41685352664613
0.39750705069022 1.44692212265576
0.402588290717555 1.39424924309814
0.401023803920922 1.40712108581701
0.401663204252884 1.40095902887151
0.401874428387363 1.39993115147501
0.403028161420124 1.38426073996856
0.402341328875948 1.39219466264889
0.39830207899459 1.43679940848454
0.398069284906997 1.44240205014219
0.403437927239011 1.37792530290152
0.405383324636244 1.35957300640771
0.399732406926907 1.42208275561084
0.398929074592295 1.43087089487572
0.398189814231271 1.43952068446198
0.400918077871447 1.40647030214329
0.403984699213758 1.37642917028938
0.397674466655053 1.44756348743951
0.400802381891705 1.40909205322564
0.399552343256797 1.42531175668081
0.400835023018282 1.40970103944191
0.399070945488271 1.42863034893121
0.401549344154652 1.40194859988639
0.404123793901325 1.37330236411062
0.403563084865611 1.37889666696727
0.40343769680655 1.37989968103687
0.401019276910678 1.40621421463591
0.404442904452614 1.3683888427452
0.405331228898096 1.35862274257725
0.402769820674362 1.38741986460731
0.402916909109376 1.38816911617988
0.393207359810918 1.49509743256952
0.403894413432594 1.37558105512901
0.39955832200525 1.4232216838878
0.400592339600461 1.41267456339197
0.404511707461144 1.36881710912833
0.397340667458026 1.44866819081532
0.399760213777046 1.42396218469321
0.401718042707302 1.40037537013888
0.398608393277661 1.43700005084287
0.393682227984673 1.49231448466298
0.400893017449922 1.40924384342906
0.399088808902286 1.42785604456575
0.403623789356816 1.37944248882958
0.396430776371791 1.45860333578698
0.39986984972374 1.42133342222454
0.402418543846061 1.39171348491921
0.403333735452956 1.38272370840332
0.399250188368163 1.42675561442914
0.401809427109727 1.3993554949987
0.404315153152896 1.37533527639361
0.400616344948319 1.41512219803703
0.398363903732473 1.43729455426719
0.40453339308524 1.36984709981932
0.400506326663805 1.41341974999637
0.400444631379242 1.41277040252174
0.402142326005119 1.39231761272046
0.402008013597626 1.39520788030234
0.402405034906067 1.39277843012751
0.401627481500849 1.40104515727039
0.399974319229012 1.41883650349095
0.403004406122091 1.385598503546
0.399265812913474 1.43058833449943
0.401355909168336 1.40557119490614
0.402775092202261 1.38686424317974
0.403069116218076 1.38512335394613
0.401201197824682 1.40723573980727
0.402521551508001 1.39292728210647
0.400712183665765 1.41018243379474
0.40305979901996 1.38265768826779
0.403529030908076 1.38054167720743
0.395259375045054 1.47189464511447
0.400664585249263 1.40891803095417
0.397533609823864 1.44819346875338
0.403067238918992 1.38598710358503
0.401361197434728 1.40423031968682
0.401293736929637 1.40714517290843
0.398859355218177 1.42914729229818
0.398959401962801 1.42949340655501
0.401904539523199 1.39722726328354
0.403810726594102 1.37713690982368
0.400633950547089 1.4127431364994
0.403992443309548 1.374019483651
0.402999587956779 1.38568066683258
0.400463223945975 1.417791384724
0.399632860813272 1.42334284888807
0.404087379241381 1.37313940098742
0.40235015999334 1.39201160934995
0.398356479701623 1.43990242863207
0.393415155605494 1.49082282473057
0.403805796805536 1.37716681190374
0.402258601171529 1.39445120028433
0.401218625525841 1.40560618654625
0.402283993547154 1.39231355929385
0.401723041623909 1.39762837256883
0.40040772068564 1.41677218936365
0.401936061137524 1.39810634973006
0.401222417768639 1.40662923339886
0.40357754057527 1.37763768892151
0.402550361153798 1.392550541934
0.398811777067979 1.43052815381531
0.395774468885079 1.46593995576004
0.398133428109375 1.43936082524837
0.402146405462873 1.39339568399881
0.397111047861817 1.45218539092832
0.401332085219778 1.40365937125212
0.399500066394033 1.42540428881822
0.398440330847385 1.43731594366511
0.402498779020222 1.3914160758215
0.399026008073513 1.43079164001976
0.399191301920091 1.42762571688561
0.405268467620278 1.35975257211183
0.399256604552838 1.42776258408064
0.398897452102564 1.42976119495065
0.398423527744068 1.43634423391913
0.402981719783805 1.38579831590933
0.400499764177046 1.41625705957028
0.399881323893776 1.41921851530963
0.398969459804301 1.43024157282005
0.402202570212913 1.39462984307681
0.400703075857499 1.41012803159513
0.396570008141263 1.4589586909702
0.400661603762948 1.40992333524307
0.401074165339592 1.40632740128067
0.404165915024222 1.37148464911728
0.404307362976266 1.37042719937373
0.398894874720942 1.43200368489037
0.400324519623198 1.41414713962127
0.403166771649941 1.38351837730788
0.400808637441244 1.40958519315241
0.399099185762033 1.43025316556093
0.401525529973216 1.40413450767955
0.404043445338061 1.3752723015033
0.402706906812674 1.38870437922262
0.399878857181042 1.41877803835835
0.400625594021231 1.41111191101323
0.400886468895946 1.41214819948948
0.40022739912532 1.41905152512841
0.400812852083484 1.40848526098644
0.400909488246845 1.41154550234995
0.401230025558084 1.40759356750535
0.398329479509288 1.43593546722398
0.403417411878405 1.38466286446719
0.400191495075014 1.41791897224253
0.401773379581573 1.40017920280348
0.404353924800359 1.37071771741003
0.396673492063917 1.45544550771218
0.399306305962813 1.42762462306479
0.404443678627412 1.36859728546488
0.400418745206491 1.41600353437037
0.401915910879087 1.39710384104128
0.402687061758723 1.39062086933852
0.406580543014101 1.34413050893089
0.400609636507976 1.41270962198009
0.396114375392858 1.4640196269645
0.400421509511092 1.4161150981975
0.401530263249093 1.40431585435228
0.394434476590132 1.48185709746296
0.401865619743713 1.40133417761846
0.400798438939203 1.41137552362202
0.401841500806989 1.40042154280314
0.403691278284848 1.37747106906911
0.400254942538864 1.4156887146959
0.397921940203582 1.44339278403675
0.402028953466473 1.39672140143811
0.402644558782949 1.39275101950972
0.404624982385825 1.36719206587517
0.402040563546584 1.39571292307947
0.403248893224278 1.38593940578696
0.40027085915527 1.41904490222961
0.397235102483113 1.45039750508898
0.409065386420952 1.31889971890464
0.399603979196239 1.42310516106653
0.398673981885738 1.43374097164428
0.397377864380022 1.4474915033719
0.401902928206309 1.39859909560976
0.397710840674622 1.4466550076615
0.399349788599095 1.42609607538778
0.402422353519467 1.39211480653744
0.399427461232456 1.42662861422774
0.402207100259071 1.39429099871146
0.400203978786067 1.41781646005671
0.399163852561251 1.42809529780302
0.401879368917515 1.40067859521972
0.399532635495231 1.4236984613013
0.401783401293251 1.39947348697819
0.397789841478837 1.4447116978081
0.400909009289876 1.41050858931188
0.402746395440817 1.38932775816534
0.401136483113895 1.40886678907178
0.403134456010547 1.38461971253066
0.396407742885087 1.45961111721355
0.398576183919632 1.43568773545055
0.40145280721786 1.40392866951866
0.402297443890304 1.39113488471319
0.405707458737706 1.35569902638339
0.399571301108571 1.42612144277055
0.398369073135322 1.436441469945
0.400531139020931 1.41280374458628
0.400418529552089 1.41545916502634
0.402616769803895 1.38912081400606
0.401343091050519 1.40688023872537
0.398098905022915 1.44104140181989
0.401215809679868 1.40653225147029
0.402861610233207 1.38827622775657
0.397911741092823 1.44400980347198
0.399861174083711 1.41941880993532
0.405725320163253 1.35484493862452
0.400413012300659 1.4145541977507
0.401794309096379 1.3983040314991
0.396738895413407 1.45659299612833
0.398926252132583 1.42910807430804
0.402819247348653 1.38613835034237
0.403855835471129 1.37674578856277
0.401411302893089 1.40514375726012
0.40282821190911 1.38774904934681
0.402597130824868 1.39398164643276
0.400178766643735 1.42011405507835
0.400963934192234 1.40847097154013
0.402115421565275 1.39573014150392
0.402939087359897 1.38881223077191
0.39936888469729 1.42463533034653
0.396324628506978 1.46258916629569
0.399824894638348 1.42041597508712
0.397892247297637 1.4439802989781
0.39952217622911 1.42172580616755
0.398174680876377 1.44017739233867
0.404100115134074 1.37398755331965
0.396959807836329 1.45229195944362
0.402289951292733 1.39415337984881
0.402311069225543 1.39507754029267
0.402268004631688 1.39422434006114
0.394949563785984 1.47579993336082
0.403820205413988 1.37377177169844
0.40276327515589 1.3860224559512
0.401063487771829 1.40914960886833
0.399448236172143 1.42743160945237
0.402858447787622 1.38832058874307
0.40016960948896 1.4163193030429
0.401051777184978 1.40900977724435
0.399752813479746 1.42268728128458
0.402491693717063 1.39198899707216
0.40050933306394 1.41469838708627
0.39741377761617 1.44914555596106
0.398661923450777 1.43467053243221
0.401322492594618 1.40325774046853
0.402087197500378 1.39914062020809
0.401915363618566 1.39406988874849
0.400772971252218 1.40898482772607
0.399828448118556 1.42086503946102
0.403694457385261 1.37690959409919
0.39958116165945 1.42283734044881
0.402306882292574 1.39195964666766
0.401130746805742 1.40570980931075
0.398384918887879 1.43544249772495
0.400048628443914 1.41823441640881
0.401643220974779 1.40066867961417
0.399088705081464 1.43086206212101
0.402107304216448 1.39582696898421
0.40241034943378 1.39295006151069
0.403737477055617 1.38153720148728
0.400913046917914 1.41185299689327
0.401644159512785 1.40311850990019
0.401029924215731 1.41020508187229
0.398570512355519 1.43626782050828
0.401842476677316 1.39752171717003
0.403276498585262 1.38327274299346
0.399604541768877 1.4229786703654
0.401615335403685 1.4010901991126
0.402155144934332 1.39725978787707
0.40228330528554 1.39343488978607
0.405365961768826 1.35999141871711
0.399658096402156 1.42414210453055
0.39773139393136 1.44341382507432
0.403057302442536 1.38890809441037
0.399302628611195 1.42416310136863
0.398816851897461 1.43273823628143
0.402683461590399 1.38953554613156
0.401501083480976 1.40359886618459
0.397885749381047 1.44198490702249
0.400314305603141 1.41574287074811
0.403543281186708 1.37928624997296
0.40151543441843 1.40122781918512
0.403393420417928 1.38095926445232
0.396110533611506 1.46371054227288
0.402319875788025 1.3942638636949
0.397048073761496 1.45233757494099
0.401975801937368 1.39871296552227
0.398482385952046 1.43578707369614
0.401837078650396 1.39714363464565
0.401678600010188 1.40040556079572
0.402556203339233 1.39011905452465
0.401222013140015 1.40545717161143
0.401051485142404 1.40934865256659
0.400856633617633 1.40948279686207
0.398886169399902 1.43499417923338
0.401109085710714 1.4057771769828
0.396609460262924 1.45899442425772
0.400413986617291 1.41578223111846
0.404227674201538 1.37210707786524
0.403391976311327 1.38266247956841
0.400149635979607 1.41833100089979
0.40322335779129 1.38378679804618
0.400931856227962 1.41118582643625
0.403550259511794 1.38051699978491
0.402974534815488 1.38641389059609
0.402072978328558 1.3969950988379
0.398672729174755 1.43212338349648
0.399525208771119 1.42497702030428
0.398847229330499 1.43253542831595
0.401802756863571 1.40106191939542
0.399002681962032 1.43105103246143
0.40306938319083 1.3820930264555
0.39984829880126 1.42157227514662
0.401654600875548 1.40054368886289
0.406703904637676 1.34338540368294
0.40309302678866 1.3876431286022
0.399979311725707 1.41869809554332
0.400952578762055 1.40906300567456
0.4023111446548 1.39603069510552
0.403597602350383 1.37947999660968
0.399514732654005 1.42692845910693
0.401207643107381 1.40676055992737
0.405287919267264 1.35985611791584
0.401516508631118 1.40377255664777
0.401182017011149 1.40839970944599
0.40111782027682 1.4072714564531
0.40124173355633 1.40511500008269
0.40116758101136 1.40741932749
0.398542880958432 1.43631265777976
0.403193701023282 1.38514069161651
0.401551682235529 1.4023808894826
0.402232961040093 1.39359283749645
0.397800171233806 1.44333357392285
0.401145240469263 1.40566260380897
0.398127142478733 1.44001336284376
0.401244598668279 1.40550449821819
0.39917503805416 1.42616430989302
0.398192070392682 1.441067276038
0.401929471076453 1.39972103151608
0.399768928026469 1.42075777033244
0.399779834363055 1.42064617765987
0.404243119117719 1.37412391325221
0.398040876636795 1.44369324751464
0.402286866290441 1.39250555028922
0.400678280023523 1.4142534354418
0.400945891648418 1.40879732276002
0.402828865806424 1.38554744640513
0.399028549072275 1.43069788569959
0.403041215464816 1.38638833866169
0.404102844593413 1.37626953425517
0.400399884508158 1.41466845006691
0.397470236943066 1.44726656647815
0.400914610224761 1.4105440235709
0.402498966076703 1.38986568152712
0.400237341661232 1.41515816565472
0.398837566112076 1.43126405275938
0.395707553311902 1.4658191501524
0.40028509648495 1.41444056458411
0.400705921678652 1.40899442165258
0.397098089712762 1.45101001824049
0.398046518049535 1.44142422363445
0.401672566506645 1.40067084467091
0.403576886591397 1.38089927394029
0.39916965117941 1.42813666010972
0.399570846684268 1.42431661986252
0.399094755764273 1.42627972055164
0.399274923738729 1.42659191608382
0.399881263438611 1.42264332361873
0.39914645850167 1.43033219197825
0.401910718275148 1.39727630701443
0.399266405063216 1.43003028787995
0.395587480138518 1.4687740313219
0.40647947430462 1.34667562467264
0.40378029797876 1.37623335970498
0.401554458229421 1.40340546423898
0.400607472955739 1.41037594103138
0.405200915911971 1.36239769018042
0.400245774162527 1.41363072398292
0.399487882284735 1.4269585469112
0.401848397867369 1.40208752593273
0.399869896930269 1.41776677922372
0.402932729889243 1.3876167237543
0.400589860647276 1.41449972033287
0.401021415250998 1.40824184175162
0.395348108276373 1.46954982506031
0.398744723439996 1.43158900442934
0.405276720685369 1.35986391092144
0.401369650951559 1.40152289886189
0.397961496191782 1.44277506712929
0.399867825307865 1.41933647716048
0.406605362320396 1.34588697902834
0.404351756050998 1.36989835569034
0.405178304087801 1.36157816172674
0.402278594687553 1.39434338026751
0.399536475219922 1.42220993979422
0.40318184169051 1.38490014752549
0.397288267257157 1.4519059490849
0.401196713786308 1.40790012603558
0.402544593254276 1.39035097005639
0.401184327301002 1.40630725879786
0.400365666268228 1.41673817580046
0.402252291177233 1.39725803315957
0.398221605635714 1.43888225910178
0.398881945256549 1.43039718416913
0.402910109386022 1.38779130772073
0.401236890901955 1.40630670115337
0.404651370062924 1.36955133626376
0.397542940580688 1.44886131503921
0.401392691297413 1.40370083353211
0.40155171248819 1.39951185605769
0.399016283338292 1.43114895696272
0.395887394247015 1.46240475286679
0.396907607352245 1.45380885930257
0.400481031123631 1.41442289689934
0.402073588664114 1.39547484228369
0.401682531214337 1.40078511924955
0.399553487648351 1.42239603499136
0.400361185849874 1.41681673502137
0.402428319840921 1.39264287533034
