0.370736243915775 0.637389625044985
0.361509398333194 0.775795363044977
0.378697983527729 0.517845427301607
0.372605426151888 0.608587270958523
0.368163413284463 0.680006062353558
0.372374116666581 0.611892905236005
0.364579830927792 0.735853497544893
0.360646109117219 0.79411867201648
0.366095047090328 0.711041798153146
0.366658242269468 0.703243612230037
0.368623131866083 0.669349799196219
0.369870203724397 0.652608274496006
0.37071791637312 0.639571094630607
0.369581168237431 0.653861512516183
0.369243995970252 0.662316906273832
0.380743393044939 0.489900270699718
0.369563314606613 0.659355785000197
0.373515377998149 0.593084929596318
0.370123609052545 0.644408737030589
0.371876964652201 0.625673474752586
0.372870920067205 0.606353371359708
0.361430661948277 0.7836697391747
0.365988585400549 0.71116134727222
0.373737515763036 0.591901949557027
0.367526877144041 0.688352685182879
0.375964378604483 0.554715971745871
0.372249961764585 0.613063332296453
0.365984926136964 0.712692393942029
0.357491683146377 0.839953224267607
0.376661910583866 0.543889555445876
0.366054642844491 0.709417996527027
0.366263632157732 0.707889952352021
0.364262023975296 0.738836079483544
0.370402516354072 0.645982061618817
0.377149536807567 0.54186901508965
0.368144470628316 0.677442826205155
0.368363734162171 0.673599333413747
0.372848646052256 0.605737255121108
0.367706339765939 0.682780691308235
0.363005405013269 0.76037126959165
0.373812514600342 0.587535683904627
0.364818806887406 0.72890163275955
0.377622431524088 0.531101490796528
0.369302392932898 0.65893945368771
0.371334045788351 0.634886197741626
0.360638793069936 0.791079538266471
0.37397003588909 0.589137722975394
0.363795728038772 0.745302724107517
0.375703756262171 0.561547055377586
0.364110776632393 0.740056536335193
0.372163950953335 0.616559381435532
0.365830447055746 0.714377947037719
0.370509716947723 0.644455632563828
0.371912711706094 0.620844073280701
0.354576881662562 0.889268118784829
0.394019022398828 0.281828346226006
0.375263427654099 0.563033656758259
0.38006669271356 0.496846323891978
0.369593842212143 0.656556594167
0.385021357200429 0.422533004869905
0.379010472146168 0.513717168830576
0.366587829812886 0.702272569182848
0.369839550234127 0.6504333657373
0.362626022761906 0.76405598137623
0.378079235344787 0.525356309000541
0.382722428774518 0.457728379008471
0.359650140596379 0.808007815924184
0.383150107210429 0.451021404292569
0.380653115094412 0.484909266070117
0.368022227672796 0.679972869499668
0.392433215679011 0.305413801328148
0.376973839368225 0.53964558629575
0.364076412430968 0.742729348685388
0.371509072082529 0.629649450008002
0.372503374630818 0.609367603073531
0.353831130520042 0.901197243405747
0.380357858978865 0.489232542698541
0.365332871264871 0.723696008614242
0.369799722223014 0.651814856274397
0.369889298563684 0.653098157458684
0.376870038495244 0.543938626941406
0.375129923742218 0.574480339651791
0.378061146188821 0.524850883103649
0.373187480267348 0.604947593105736
0.372534276874323 0.609588769203832
0.371009002426253 0.635648043282184
0.368457694941537 0.678890208265465
0.373018472389702 0.606830744163287
0.364015853338142 0.739624366182227
0.37533409797488 0.568324398434029
0.377641529630271 0.533448616261759
0.364306984148362 0.738620850072197
0.382099382548435 0.466962453571817
0.371232504111142 0.6328428570113
0.358622149210693 0.82812636006921
0.356800541334856 0.854318753277847
0.375766619212351 0.562303583834898
0.375824405835021 0.560616156605981
0.371859218180116 0.621128071218076
0.383911837323928 0.434017405927266
0.37278313227463 0.60720878243194
0.365959187962568 0.712761843733879
0.37562656815594 0.564846502278971
0.365874011098083 0.712992577837061
0.377012278803678 0.543194290307203
0.377034154266132 0.539975851158175
0.382717224028551 0.45672288470345
0.378898806562726 0.511232287882817
0.363645440521541 0.746053243415896
0.354130047494834 0.892785366800934
0.366443151229761 0.705532722181116
0.3819119883055 0.466635267760154
0.379701922965147 0.499674597126578
0.368668408531099 0.668956827708071
0.380494944147731 0.491369557177844
0.368245970765722 0.676506076586253
0.37943830093796 0.506723047029251
0.358156465822248 0.833577309226484
0.370676749741623 0.640045246424155
0.384342341805688 0.429117418739342
0.382608069369225 0.457243379068149
0.373689992719873 0.593643475996656
0.364695717864886 0.732676267104314
0.363192581507172 0.755974131385332
0.367908511244926 0.681655656305525
0.372567369668292 0.605731738537537
0.360410048109644 0.796864202812379
0.379687397406815 0.499457904796539
0.371617374637662 0.626753755961682
0.372469416693599 0.613813172729604
0.365199166953037 0.725563930392336
0.382603024545166 0.455854429871883
0.379410255337997 0.5044278770093
0.362282664894953 0.768198738489294
0.363844698636882 0.739803393500201
0.387095871494295 0.384052919007809
0.369268757625773 0.659317725857662
0.378501467426113 0.517140941156678
0.368684430121469 0.670605018767605
0.379264091200681 0.50647881792214
0.365324720101932 0.718989066272177
0.368937410017671 0.667670362423609
0.366721164944527 0.702093000852277
0.359928998812252 0.807405547135553
0.363782594194925 0.749799702849324
0.373573867694131 0.593066400932959
0.355585676716745 0.873008668098811
0.376343150270547 0.551739749955852
0.373043085287785 0.600737803844482
0.378480899979776 0.519289982250646
0.371114918409515 0.633793622641113
0.372118781109603 0.617204074942161
0.373606839052941 0.594672989069603
0.365439466547633 0.723329960755229
0.372196868059241 0.61461379797715
0.378153755231743 0.5271609106246
0.386788413935937 0.393112321820838
0.379133630473899 0.512244452997357
0.366082004825237 0.710130576481816
0.361590325994304 0.782019984026606
0.368571391029898 0.674278423944128
0.370770804608675 0.63628068349731
0.365785578208634 0.71267639083731
0.372144448106186 0.619461155405271
0.370349273974467 0.64191618563016
0.356062482982044 0.867475886051208
0.372301337766344 0.616793966696481
0.366900242146779 0.700322683783689
0.375955635754693 0.563331583579298
0.378062681302018 0.527118112882876
0.366300260688175 0.70584407322886
0.369804850097422 0.652281406351117
0.371991007450376 0.621612482214389
0.365512734916027 0.719336715752277
0.376819297564679 0.543614378178959
0.357602898178829 0.83961332984576
0.371178123059709 0.630809982569654
0.366628129305028 0.705170681570101
0.366217295014428 0.707971787084596
0.379502093234043 0.509354692022841
0.365977204510943 0.713069916557446
0.383679483330452 0.44005333661545
0.375245068045307 0.572598286183339
0.369582517251975 0.655883415882258
0.370861307984276 0.6373454979579
0.373910710501886 0.58957697358161
0.370575502001452 0.638969257273757
0.376366683654536 0.549996593800024
0.381863518058868 0.465673030351337
0.375195466952876 0.571521801676668
0.377823481055584 0.533632489619994
0.380124186030731 0.49445382779822
0.362390524783788 0.768970010365325
0.370243228983106 0.644790069069644
0.367322575187474 0.690688921401983
0.371580764664843 0.628211369996885
0.372978489603041 0.605315725382829
0.381466344194508 0.474000822015567
0.377933586628551 0.530198137960112
0.369357752071225 0.660446152478343
0.38290831703383 0.453057417814875
0.366703986815117 0.698941452379439
0.362336987468589 0.77117098372432
0.364128162495093 0.740760390948359
0.376354813278639 0.552466553062104
0.366837743099758 0.702338429637669
0.353383606812508 0.904123985591248
0.36503619206245 0.725807689539517
0.374886317307812 0.576342873372501
0.358278768081609 0.832234522413021
0.363196964708696 0.755597528618874
0.379464930844736 0.503198398374426
0.374261839901313 0.588773203755158
0.357784508768045 0.832722695122192
0.376302480035463 0.552259543623776
0.379348909755384 0.509763928988022
0.367447317276912 0.689970226326072
0.377996910413019 0.527987460575403
0.383465835617566 0.446513544660537
0.385165900521375 0.417232582876662
0.370547042535103 0.63858292847457
0.348677213689264 0.979725545605625
0.379086253229034 0.512698757797677
0.372029970768276 0.620075189411837
0.385115735099777 0.419120855185803
0.377942629150397 0.525295734412299
0.374730697783104 0.581246336466351
0.370970185977081 0.632407799704776
0.376502624722698 0.549348576199978
0.384113826892577 0.431443960820303
0.368540884312997 0.673551545201281
0.381619432064951 0.47235922826341
0.365025548646007 0.724301521799374
0.371202400817862 0.635096869786284
0.368872908720206 0.664079602893368
0.368750784100025 0.670896753656788
0.372011514079426 0.617730380032643
0.378814960687831 0.510940174351621
0.385385775422769 0.412254631216089
0.384901958810328 0.419225104448766
0.381490631733694 0.471575431041629
0.365049172265427 0.723252025799472
0.360364875822731 0.799858768480404
0.36573893310633 0.713538355163409
0.362153465165188 0.769438651594716
0.382327629992282 0.461677777574716
0.359008207890627 0.819957670008866
0.386711579164026 0.392252983068199
0.374045843734067 0.58973674670325
0.370869236208468 0.635606259463672
0.350567104844145 0.951096581777736
0.37369840662553 0.592900069098257
0.391533986458381 0.318476866160524
0.378485240549992 0.519694421970685
0.366854318966767 0.695571557383409
0.37305674730688 0.601642482232148
0.372564828918501 0.611151937561678
0.375581899431332 0.563780540898526
0.370016218781725 0.651373561000926
0.376572328316731 0.551063157759691
0.366176486282524 0.711005219074793
0.372957741979911 0.598653872837327
0.366322141514652 0.706234484101087
0.384953561732798 0.422161349733311
0.376950065078991 0.543332505560086
0.379040762354345 0.511332190132768
0.368966351513133 0.668858013981994
0.378195801131972 0.520785772105881
0.364524332728948 0.734534143107243
0.371411021295355 0.630311233655993
0.36971103147814 0.65626979772835
0.371858508679125 0.619452413958904
0.370693172297166 0.636199879010679
0.371308779173379 0.633604386834567
0.368401834863545 0.67463413780502
0.363454990791077 0.750019788711054
0.36474224379133 0.732169503252027
0.37292342892491 0.607192717094976
0.371187349556184 0.630077385675604
0.374816824422514 0.574826567168174
0.366436860101714 0.704479333135799
0.369032406860279 0.663831977708794
0.367613676882679 0.687276378346636
0.369150935054924 0.662760567184028
0.362657406848175 0.765737874046603
0.3836120416725 0.443771061917241
0.3702151262507 0.6481196483952
0.369274101745336 0.664555987006876
0.362486491837795 0.764978086718194
0.367113597479602 0.694402976624591
0.386846984491238 0.393512123953178
0.37470753928376 0.577633102194952
0.385821573944917 0.404151573194962
0.383141959731939 0.448610226797013
0.362718939393267 0.761148551710317
0.36834646137746 0.6742919188478
0.383440163978595 0.446259230649983
0.370789863861436 0.634123682707595
0.369838898715936 0.653504985624282
0.367114654625164 0.692948926321214
0.370272778783847 0.645253354601488
0.370406623282468 0.641546457051682
0.360278031994132 0.798608938385497
0.373119285884413 0.603814997675701
0.363486579005394 0.749908914098185
0.36816554092197 0.678810169632198
0.37108912886542 0.633672293447135
0.375802542432551 0.561618454747098
0.358765134538597 0.822243246864828
0.367981275849384 0.679182392925908
0.372109043033967 0.619889949676199
0.358396041046748 0.825491193017862
0.37925213765198 0.507656617863649
0.363273466642292 0.752573584835952
0.363574896754557 0.749336286209111
0.373457651117544 0.596184022599226
0.363428965025864 0.753640816984771
0.371047708638235 0.63262128622222
0.37563620349834 0.56299706807435
0.379518905509578 0.504513803673164
0.364349523878498 0.738804862103379
0.367547707521381 0.687803554801195
0.38610366113105 0.402828145425608
0.368446230197111 0.676801278561283
0.375885413428455 0.554799168177011
0.368948071404718 0.667318163364521
0.370236251898479 0.643208555908741
0.368017356002612 0.682380741809274
0.373632393564998 0.594043074836571
0.364466218971893 0.736453200463957
0.369978564885652 0.650170882407523
0.379532673995124 0.505476965507277
0.369917716797323 0.652385888644082
0.384179740819271 0.43066137310697
0.371604487929612 0.628475445411591
0.366547017549447 0.701945517076794
0.372782090621706 0.608434570904241
0.363866315639766 0.742493923497849
0.3627410199855 0.758559314445982
0.382290721132367 0.459003933981121
0.371570698084921 0.627992129385504
0.376606664703111 0.54798077651835
0.369748418433025 0.653734537094807
0.378439193037051 0.523213381920197
0.362914988998981 0.760524609332937
0.370593732487735 0.639989490205465
0.364184388582224 0.740705225337267
0.373703814559884 0.592260304850398
0.364488420424388 0.733455112512698
0.372380869437581 0.613913438107852
0.360006657134896 0.803165442560339
0.3639399392403 0.748200450617026
0.372096559216728 0.619831963185956
0.362658732732161 0.761006406051614
0.355134208813535 0.877895915823058
0.369524243194295 0.657171568863247
0.364029521958819 0.742523637083297
0.36613109484845 0.707406153611159
0.3714465429452 0.627373366816911
0.378924540114355 0.512319846678595
0.370279664274291 0.645974102102296
0.371409716497133 0.630149540979046
0.367941302386413 0.682880815528478
0.378508325012149 0.520723437990641
0.365189074558448 0.724312622190792
0.382135304152555 0.464374093519933
0.361909797359924 0.77523918654218
0.369505676973162 0.657268362185151
0.370242158059996 0.645039368289836
0.372971273179886 0.603258937269414
0.379974692136475 0.495684443732019
0.367005100443711 0.70427355408353
0.379064067186922 0.510808348183827
0.368577586984028 0.671009170941115
0.379638306214746 0.500844238063349
0.366619901427828 0.702801427277768
0.36693699070777 0.699200579561764
0.372881062312313 0.600988368853598
0.373757909208007 0.593687374819292
0.381868617855753 0.464602869085067
0.382805143929837 0.453498836565084
0.380231433485804 0.497167983930588
0.382119082852001 0.463352583933365
0.380314744260266 0.489509708471162
0.368692696529356 0.669169567951003
0.367837647922496 0.681829124963819
0.367044081742379 0.695096571034371
0.380643866478779 0.483289910099082
0.367785367062795 0.684333377864491
0.378354864527359 0.521175931203101
0.365455577298477 0.717872966174151
0.366498088526286 0.701778224717211
0.349651922929429 0.963032706309547
0.376156096371287 0.556962026828124
0.369781154686663 0.649831372571866
0.360370688458999 0.800254528561437
0.362841296082946 0.762034715803831
0.370955489372128 0.633122223929958
0.358991979979021 0.818447432604058
0.367091915079417 0.69480943362696
0.363419955825498 0.752687798354541
0.365669435587634 0.718275831224754
0.364918726096653 0.729829147013378
0.371475426486301 0.626316183825976
0.365908186236608 0.721092235328672
0.388853152309427 0.35683716392374
0.358069393372876 0.837342206088061
0.372543829332947 0.610164599696212
0.376082582578227 0.55553983994041
0.389588251988177 0.351455783777671
0.368420180030213 0.676395822967797
0.378710501400219 0.513218569899582
0.371979671889176 0.622951172736683
0.35606244821685 0.864506645735409
0.378469766106176 0.519722739801248
0.358909660225216 0.818371962485458
0.370842172928695 0.636963905544842
0.368890501325585 0.669770352439413
0.365610199412702 0.720032797561658
0.353393229526398 0.901280954087629
0.375081801191522 0.57513631575663
0.378359395491621 0.518409334224072
0.373258717698853 0.599238650562796
0.379551994163108 0.503188575274409
0.372750381688985 0.606284021843819
0.360231781695119 0.800129494270518
0.365273158472561 0.722601306966241
0.375383537031396 0.565872985494311
0.374686467845857 0.578392980648908
0.381964648456872 0.465681116228041
0.373158593637048 0.600023082571822
0.365324519009983 0.721779356000242
0.37271526438592 0.609847273414648
0.376833323132576 0.544168901738641
0.371079742293888 0.634281609441523
0.369671931616045 0.66107616209536
0.364874800939896 0.730113640157775
0.369053385053422 0.665840617157865
0.371489485711922 0.625379768242134
0.378940252040905 0.512128185326121
0.376795289095564 0.545707586502199
0.351887527313354 0.927372743653774
0.364830635527941 0.726079429694284
0.382257067069466 0.46687255812213
0.369998292215396 0.64966934253091
0.368862342307934 0.666629164529837
0.372914486122789 0.606361065696389
0.364699625322434 0.730832003296728
0.371271361939116 0.629722093877179
0.366678731446872 0.705869032902856
0.363577385305074 0.749843438051602
0.379703516716432 0.501001923221154
0.359760221935446 0.808189224483121
0.373190890145537 0.600768565135558
0.37349993625477 0.594109759292711
0.369056944883652 0.665085353804922
0.369503921392343 0.657932653436402
0.37934755153512 0.505610192957783
0.373061227651249 0.603364654644987
0.366355347269539 0.703519077394949
0.380844284816717 0.479732553887785
0.379089509174457 0.505378605377159
0.370309050680678 0.642539862128429
0.361233136354801 0.788324382608967
0.374346482749104 0.585659472804064
0.367588686175624 0.690087520073238
0.364456276011234 0.733217360793769
0.373274461460424 0.601410247782842
0.366367044397154 0.707690976524046
0.370680638060599 0.638872752925466
0.363254818384821 0.753115782119908
0.383538367211282 0.440838307146432
0.365407959344698 0.724515895364043
0.368376134368984 0.676734066691623
0.378625316605043 0.518358322118685
0.363418172478956 0.752349426401843
0.379239322665153 0.504447606044919
0.375075298603635 0.56907997828219
0.372225972709908 0.611641115389528
0.365930452978937 0.708646420156922
0.365866800532536 0.715203034702943
0.368248993681518 0.676598069468206
0.37710131894512 0.542877937299738
0.374746458020673 0.576212200641705
0.384399281056349 0.425274824865919
0.359620686710166 0.808326649733236
0.367714955671547 0.687679736084052
0.371165112842308 0.633362781313797
0.383024209052002 0.446469711582617
0.376637854464214 0.547467173553553
0.375974553972183 0.554733403693798
0.361493533716879 0.777726237557362
0.372944497363156 0.602040395195083
0.377550145322905 0.534320503174057
0.367302940168149 0.694370610371514
0.368379041854771 0.675986043586423
0.374740111840359 0.573652296117994
0.374800134902392 0.575564586100426
0.367718441990913 0.685861132305501
0.361156824882462 0.786626594642566
0.361791254730784 0.773079319086267
0.376763860609404 0.547569022359843
0.372158988267974 0.617715912835006
0.37353735044462 0.599206016933506
0.36404883465531 0.739446687937482
0.376297344406263 0.554718969403128
0.374581814968645 0.582314276504641
0.3872154299175 0.386135017090835
0.377768745030321 0.528666161041972
0.375106237702308 0.573942895862541
0.384503415754775 0.428062157963786
0.376601256274478 0.551375317735621
0.361201770523746 0.787219460357389
0.364359492947755 0.739533235178342
0.368196842151202 0.677283760403982
0.376632535701765 0.546581099449116
0.374766434849523 0.581778689521456
0.370154189692882 0.648089293293066
0.375289224921157 0.569522104569888
0.368877546813352 0.666918041407492
0.371672503223867 0.623436797135123
0.378266733454321 0.525995904957453
0.375058418943477 0.568998962801611
0.384069253287369 0.432216545613096
0.36719024451139 0.695139382734035
0.37467376580909 0.581322619001546
0.377673609792244 0.529685299276279
0.379389962300668 0.508114450356758
0.376909059736828 0.547205643852252
0.369628541418986 0.657331366235834
0.372212800671802 0.618732551390735
0.359910548789215 0.805752463704316
0.372133591905284 0.615095440927445
0.362779812496487 0.762780304647535
0.36499370818734 0.728818496717638
0.377897654697387 0.52786803966715
0.38822775679803 0.368675603374943
0.378098825762703 0.522088705631144
0.371489484755823 0.626383389812
0.378777339493103 0.514849842530088
0.369545505092995 0.656520536882729
0.37095581036029 0.635849960350326
0.364261121489598 0.740855580213013
0.378582330936668 0.518200942717017
0.379070288279719 0.509650830243589
0.373480577820698 0.599621661271473
0.379897696976088 0.499938850123709
0.375550530711163 0.563585791348678
0.371963139727061 0.614041023122317
0.373065994769122 0.603979025236299
0.367702622772698 0.683754701246252
0.371706286154196 0.618838540468063
0.374659131077907 0.57951736857863
0.388973435311305 0.357764070440256
0.366225264944524 0.70866428655067
0.376122908800102 0.558937768599617
0.372672074851662 0.605409543924663
0.361412464304813 0.786343828816954
0.372932227710525 0.608018772415622
0.373543494988789 0.592703563755936
0.362533821625825 0.763973054497442
0.367181177779747 0.692764102589923
0.370949510293131 0.636770616389076
0.377425322498794 0.530762674203094
0.391530251524913 0.318157392298295
0.36887401376213 0.666432645282393
0.369520342142854 0.657424001695497
0.370064732401722 0.652138965959798
0.375836730110118 0.562828816955629
0.37298403437467 0.600073068617383
0.371494649703486 0.630153171559864
0.363991013315681 0.740563286801833
0.366747660841326 0.699885759962328
0.366837169634059 0.70119702708844
0.377081694510608 0.542201542188091
0.368582508211505 0.673872566121918
0.385486313209911 0.413968716421398
0.385865422416529 0.408543080618994
0.366728049990264 0.700538053045515
0.384868735045779 0.422226757306473
0.359953193617906 0.80616955991668
0.368594426512823 0.671131980401879
0.369799376994434 0.651115662286551
0.371599610569684 0.62511098716371
0.380222071601247 0.49308999251477
0.364257131538485 0.737256662951004
0.360377136634324 0.799412825347003
0.366547298712402 0.70129289199016
0.364926434291651 0.731068467109529
0.365895657120414 0.713819833796647
0.369755576041562 0.653624384184218
0.378859790071236 0.512513404679534
0.380108585725585 0.495800726616076
0.372014739890657 0.619112254687739
0.362300367856165 0.771757346984018
0.371677401507508 0.628254054085468
0.365298400464873 0.721090037436864
0.378961308619492 0.509296378474792
0.352533578514537 0.917796014741564
0.363823392488551 0.747194377419199
0.364811629294541 0.729366287954696
0.38617299844042 0.399616244328224
0.374296990836941 0.582148477917158
0.360791617439499 0.788522326352735
0.370934798857962 0.634486639635177
0.377079785309709 0.542702235928867
0.375284189565766 0.566952611479378
0.359415656248406 0.813877254640169
0.366624285218088 0.705230905462187
0.378743546583936 0.515387161670015
0.384852205360115 0.420569542627453
0.368024365483671 0.681501875796257
0.364734447816434 0.731898903321758
0.380468087798764 0.490912024441348
0.391657439285435 0.31138425422115
0.359271527730065 0.813971845752499
0.376297036433936 0.553148741205025
0.384338000765306 0.432701377506647
0.366605382615838 0.70114251448298
0.381680250284597 0.465762532655607
0.36838003429349 0.677791500483651
0.370109039577857 0.649596761011501
0.363440947353821 0.749040628850098
0.372696534319595 0.60858053885108
0.364560814905652 0.734472148187029
0.375023395995417 0.575842156267471
0.378698450761355 0.513153032294458
0.369066289947828 0.663793730099989
0.370851860954835 0.637125899048846
0.375000205536692 0.575658533821949
0.379533225984232 0.503626853974024
0.37328897342133 0.602449530597686
0.378507318973549 0.520316648666271
0.375839629143926 0.560813936747179
0.375952373740204 0.555197395669752
0.363641443053485 0.744993217582453
0.371302604167553 0.630819972551789
0.38873557809335 0.362293276366768
0.364085828611766 0.740197782730261
0.386431336483588 0.397606544859211
0.374948303352025 0.575617667415319
0.378590549798058 0.517531969638235
0.366566936009378 0.70328048361069
0.36088425026911 0.789575298666649
0.381548218224792 0.472589832313117
0.373391665974736 0.597883038319049
0.37052618037739 0.639770152391234
0.370889328022249 0.636327292901084
0.375230755107757 0.568315374224203
0.357214177589394 0.84758019366437
0.368978717663436 0.667367467787769
0.375943878968373 0.556410464355438
0.372765360975125 0.60830604991816
0.359097452801022 0.820625604042467
0.368233903523347 0.677036669741404
0.366005397082489 0.712482843153031
0.373503706049204 0.597090270262298
0.368305890606609 0.675855240744974
0.382147116849759 0.460544753362877
0.376704912495274 0.545560312192031
0.375688164165576 0.561991607643815
0.379525286900786 0.504849748852978
0.371379368893179 0.626505878068112
0.387007106601838 0.390656734940152
0.373792851352535 0.589945156497353
0.366724688494644 0.702044472565642
0.374524742306145 0.581757612792052
0.375157832925592 0.574880209472955
0.37291573642721 0.605549919820554
0.365063016845416 0.729444236119633
0.381355871684014 0.475942382964742
0.371943518578178 0.620159162879941
0.35824321384014 0.831410639218482
0.376943286260922 0.544649850241128
0.371506714621793 0.627570902307382
0.387216349579305 0.384813057285403
0.373778312656688 0.592488751575825
0.365536910225324 0.721201695038581
0.385448065316411 0.410897288712721
0.377065816987949 0.538444540051207
0.365358728572848 0.721610893436997
0.380842389938704 0.483469903817977
0.374701001644066 0.579710552907806
0.372951599954899 0.609318997796152
0.363289986597725 0.755063500940813
0.369317798732074 0.66285068444282
0.371106550418985 0.630665931612329
0.366555333482673 0.704259984327065
0.369947638573529 0.647807921872965
0.360961720015901 0.791624981922429
0.381415692803999 0.470203248738318
0.378878905930689 0.515973512184148
0.370840651523379 0.637724754023266
0.363757009666418 0.746569737178361
0.382752081566597 0.452226625537425
0.371583191449603 0.62528594745939
0.383936428400629 0.433234840038475
0.371888280752155 0.619366114458283
0.372326349289089 0.613830223890421
0.369320243912541 0.657066732224384
0.373506606007795 0.595817767501325
0.378172915281087 0.524665602904499
0.38206969832377 0.461844073102607
0.377386970541565 0.53883758390429
0.361948454493446 0.772261677801145
0.381206994122427 0.478276379194885
0.3765583054741 0.546946311185319
0.37409021052055 0.587750391902983
0.377343042792233 0.534588213007992
0.372949445793793 0.604408368260758
0.370762345573383 0.635728118702376
0.369514829576283 0.658850802899511
0.360253612404491 0.80253298780559
0.356013274591727 0.86792317776579
0.378521788166128 0.518545676718259
0.365074827650473 0.723743736018381
0.366816676993048 0.702270416196201
0.370948524075476 0.63854087383657
0.377942764312275 0.528252644902785
0.371747562208202 0.625644350110959
0.376337195970826 0.551036184119733
0.371724929615294 0.623017408153002
0.374565545896909 0.579600664538521
0.373304446741641 0.598293184606228
0.384349187004928 0.426212176680903
0.374684273464351 0.579738937113
0.390965599109008 0.327304779011341
0.375060823277588 0.572045972183581
0.370168071656128 0.649183384229197
0.386283294022217 0.3979351767258
0.366077855923765 0.710762752130632
0.367228188370213 0.695267868189604
0.359149656548539 0.820805373364703
0.359992005438085 0.801454534472838
0.376035131190816 0.555001041834178
0.371808643776321 0.62132884955928
0.367697906870303 0.683832959680342
0.359218418078823 0.81686461875767
0.378094504854943 0.52647652342656
0.364228755159713 0.742240847071219
0.363502773004686 0.749601148842477
0.36861837073469 0.668992099597058
0.393566246037133 0.287330616458494
0.365737741539946 0.714961111563029
0.371328467300199 0.631202475959138
0.364627999605839 0.732892889771134
0.379097242025198 0.50806319807972
0.364691987772322 0.734511819025359
0.363319465852828 0.753880281501033
0.367049717508448 0.697289977216727
0.376329350659377 0.552967117991657
0.384426735033397 0.428000922797372
0.371587952232123 0.626575616248628
0.37495195210567 0.57015763281601
0.379452292923033 0.507944504519397
0.378752859390304 0.513154880447059
0.382670737629686 0.45528708736314
0.376864868267212 0.549617606531825
0.377062366865983 0.542668527328334
0.373988864519969 0.590927529161627
0.371445555477186 0.626757069647205
0.357104129913211 0.846909211709892
0.384656384632961 0.426101975648642
0.377078497030837 0.538751627676168
0.360007884634983 0.802350077340436
0.366179937328782 0.709063645203475
0.382473048346824 0.458801195794648
0.355382612095012 0.877876888355651
0.360668612292872 0.793846662220098
0.370743531925548 0.637151838900422
0.369042384338902 0.665858743626298
0.378057339496939 0.526529401251571
0.370702247569349 0.642252903093823
0.363288408507823 0.754056775874808
0.379428662924385 0.505996194126739
0.373136261248534 0.603073027279543
0.380610681620394 0.486868004347091
0.369429824776032 0.659334886769405
0.373188433139452 0.600677021141209
0.378837660712738 0.513582714474121
0.371512906067623 0.625123986660766
0.374849043684758 0.577540396649912
0.366081630503492 0.710300767951002
0.369412114888107 0.657685411769807
0.381123342832742 0.480445743639946
0.375803006027039 0.557246729296511
0.373639676555406 0.592940895800743
0.373044245891274 0.60109456022527
0.371189992762346 0.629971876121045
0.36074171796831 0.790713983532451
0.373154598839686 0.599573543678057
0.381685443954136 0.468741759178949
0.370876212858736 0.636932920110346
0.370709658564738 0.639460906805598
0.375976921557289 0.55782018704613
0.36512534959153 0.721070307593907
0.368224379330118 0.676191273918635
0.37356623620291 0.594515525309843
0.388081367188332 0.370409154815883
0.3733011155055 0.599730864880687
0.378904305649259 0.51806958311713
0.371269288727367 0.629662586478015
0.358880759772431 0.819768628815082
0.388052066381135 0.370468793034739
0.375861192074492 0.559610484872534
0.366106830572704 0.709707192728286
0.370893602741956 0.637584305635572
0.373201102804712 0.602639786235231
0.379237584741411 0.507953808264842
0.385257207536271 0.414638879285433
0.374153834286847 0.586616230316212
0.365074805622861 0.728686828945007
0.366287325558153 0.703894827575348
0.371684516440601 0.623101504223041
0.374637956829458 0.576284186371472
0.386113044086403 0.401987859575636
0.370872423907251 0.638742814082083
0.374741773093809 0.57339042380811
0.381681384779717 0.472538369620371
0.375127752400713 0.572849948387235
0.368299185657439 0.672746938821855
0.358850072741064 0.817848405917677
0.369693229312809 0.653849980037964
0.372743913558445 0.607213893345904
0.372367509659637 0.612060745220324
0.37016504951817 0.650554774037518
0.367026812791664 0.694763671051273
0.366787535512654 0.697613886246776
0.37694171457511 0.544595515328502
0.37012222992513 0.65032529877704
0.359339315261597 0.814903243140696
0.362864321797466 0.759096086932425
0.372182037360497 0.620947268406624
0.36967870597056 0.656422770198041
0.36118398207211 0.789213752625773
0.360507930547573 0.799764151782815
0.373173192729145 0.603685641440551
0.370671617849847 0.64133852259092
0.382822866316837 0.450583101549955
0.375167428460566 0.5717083010562
0.381633972557249 0.470355185676854
0.368473508908061 0.673645934847529
0.388333248223771 0.366215016184127
0.373425146956164 0.594742936785732
0.369312964526249 0.660003841342956
0.381668202284493 0.470608574582149
0.378834726067419 0.516973071276972
0.376922371505992 0.546610657300782
0.384163073750418 0.433512555458543
0.382157809661242 0.462100360569503
0.362744051189059 0.763385904321246
0.36919373867285 0.660025744526427
0.369133928600576 0.665132723068648
0.374927276681704 0.568916834175935
0.361734406769706 0.775452770662429
0.34681179128107 1.00581993853519
0.365659428825541 0.717574732110148
0.377989873715677 0.525803790090279
0.390697765860414 0.332718922446455
0.363457860109549 0.749427255814327
0.36460658248016 0.737511735178371
0.372385539834051 0.610035224796947
0.377398792605833 0.53855741921748
0.371877671266857 0.62004414980709
0.367477716646403 0.688793906115076
0.375177836361405 0.572480806619915
0.362473075292704 0.769573466262949
0.364396845360102 0.731835642688778
0.379745648353095 0.500779778074593
0.375290558936166 0.567693264749716
0.377840270005373 0.526668311223921
0.373102784407119 0.605100552607721
0.366226867770427 0.713287901276192
0.375815397920992 0.559136967568473
0.379178691927101 0.507575346204881
0.372252897280822 0.613462175966065
0.362442501384177 0.765307834010336
0.378134238942741 0.523522179852756
0.362689253404148 0.763358919340354
0.368398993362926 0.678116260436483
0.379234719917229 0.50659236823453
0.36620932618968 0.707618055993989
0.368429203984517 0.669921723173518
0.368571565505942 0.674326605714893
0.358335378231788 0.829014892438228
0.380643563494195 0.484299381510843
0.374693815037344 0.581107732269357
0.374752362516195 0.577858718849704
0.376951576962132 0.543977483609153
0.371843892493816 0.624608116898304
0.374182142656597 0.581961465076009
0.371746769203466 0.622745533358549
0.369450452197662 0.659471614250574
0.374207290713792 0.586093486266931
0.362148719939002 0.772983528522203
0.36551388391264 0.716584203257454
0.376325395583552 0.552634043810494
0.367418422566657 0.694132549440536
0.370928786125017 0.636652714717991
0.365687225613047 0.717363998676475
0.36330148655035 0.751670159033978
0.359449489995447 0.810902111415326
0.358204925332572 0.830866455519931
0.377278686884896 0.53906829600682
0.370160992486166 0.64957101341132
0.383392038014492 0.440117454604
0.370917290344815 0.634490926571482
0.36932678206104 0.660427831601716
0.364264766897624 0.738920542983111
0.377094378104838 0.543977606356798
0.361145909241284 0.78575902765263
0.378049674563632 0.526874736081711
0.381380947977276 0.472135006266905
0.372308096770078 0.617077359196244
0.368608806774481 0.67058226005565
0.364102623649983 0.742563310538869
0.388464524205793 0.365293560159348
0.381450504057501 0.474521516465349
0.368146455649452 0.679863030272018
0.372285328481274 0.613407591948333
0.362778009096768 0.762270413537419
0.367752002295759 0.681900285285735
0.378832887847769 0.514423817330296
0.388450079770839 0.361137235712657
0.369632650719806 0.658571497942181
0.369434763663162 0.658595588801696
0.369239958136042 0.661385598604599
0.374822416086488 0.573631942238381
0.377563640276229 0.536543228734766
0.367805236099575 0.683760062898478
0.364528583239478 0.738753588232318
0.370002157527681 0.652233682494158
0.368140474504889 0.679128274244294
0.381174437575347 0.475440425288047
0.380616683236773 0.489540372922391
0.381805000712544 0.466863623427876
0.372359084515289 0.614195336888377
0.387271920715234 0.381116801466091
0.368588276782807 0.675219857575227
0.360618267387672 0.792215484813381
0.368944557464005 0.665849408531402
0.370892365297377 0.635192155456375
0.371157668357374 0.635623458903043
0.368759307968788 0.669838255427078
0.361812216354 0.776428470470917
0.378059176313621 0.527494743691803
0.361437074379931 0.781636894832981
0.367336066359347 0.688820804535003
0.373101596845543 0.602899280154853
0.384834236026034 0.417810909116965
0.381446736736277 0.475061694259049
0.376403835008557 0.55352524306212
0.368699984260398 0.672505888416376
0.371816924527226 0.625486645544605
0.367964726049109 0.683167363585368
0.362961049133359 0.758178555976942
0.377162917726529 0.543017484948812
0.373697685003547 0.594649976332714
0.369374807022831 0.655515659363982
0.39843041479864 0.211502539956679
0.380373460423078 0.491560653408535
0.356805751846837 0.853223295062141
0.387691016637069 0.375490573925691
0.371947014748909 0.617394921378118
0.37965351831769 0.499386352540462
0.368284962330186 0.67973842261422
0.374010611007774 0.589089387649566
0.355609832635899 0.874259496720743
0.363554067657806 0.755245161503901
0.367390122105116 0.691604769845642
0.359099265455332 0.815615503421441
0.364615490699568 0.732496523231574
0.366532341180141 0.705144391659958
0.36771101405991 0.682947952789
0.360186777297021 0.803721535712038
0.379144821218698 0.511869380435401
0.378419500778481 0.520629695981958
0.372426072494963 0.611582489554284
0.369818056981627 0.653834153155513
0.376371731415958 0.551943773348313
0.374534490072101 0.580920722536177
0.375711625479159 0.563520178370545
0.369071107175747 0.662346463844845
0.373701216906877 0.596064014930983
0.375130458786644 0.574454205407304
0.366664339198762 0.697809250501695
0.375553001270547 0.563875167739325
0.378285046197011 0.526319367980272
0.374270413783113 0.586187558183641
0.38614719015893 0.401141509642934
0.367523257242268 0.688432821005977
0.37265469713138 0.613281729832201
0.36908531495722 0.668152742664282
0.366008082139182 0.714317111097502
0.36586607053281 0.714195985285341
0.380437788163766 0.489493582717479
0.37145272997324 0.62578775822321
0.374610758183911 0.582632018569376
0.381679126514653 0.469851192477315
0.360719886715951 0.793026399629671
0.361628825110948 0.778027300747178
0.368792104380639 0.665546694965789
0.37543321966931 0.56140411212507
0.370530409387097 0.645974441835508
0.3769861741954 0.541218944639569
0.359802697161873 0.809723213220488
0.365254884139172 0.722636698132622
0.376065990260571 0.557464265607
0.3617184357076 0.780230305783584
0.378419047197955 0.519514477002858
0.371464957942025 0.629904185003953
0.377900451125987 0.526889734943337
0.369904077105795 0.649836957200217
0.376755124484924 0.54460609831897
0.378549977244056 0.516933545948046
0.371351018123134 0.628091046937155
0.376525709267178 0.549449757652412
0.37336904572179 0.5985504556996
0.373391297666833 0.597270938435577
0.367624849528326 0.685379335095526
0.378359667310064 0.526377934344463
0.371058586688897 0.636952743571103
0.378391785507541 0.521137375779539
0.365189160023273 0.720890130885216
0.369891057826625 0.652085144688946
0.370862543043492 0.638071933519362
0.364063185143196 0.743705932748399
0.373768588616486 0.592320574123835
0.391467341431053 0.315737320851431
0.372442315630292 0.614789211911329
0.364226543044255 0.742431766683282
0.35100128469197 0.944337519919225
0.354273479836545 0.889319301767884
0.359681497161754 0.808136892265791
0.363924724344297 0.745391357514391
0.386972057503128 0.391660668542281
0.372221317403314 0.614416298500269
0.369511070737053 0.656627867245406
0.371383044273283 0.63019759145449
0.380615381733388 0.484868985682844
0.368776043410893 0.67064488973067
0.369925933061548 0.650919651504975
0.374990438362663 0.572297798059422
0.367752594481489 0.680784358350206
0.376053301588423 0.557635566828089
0.379430082645737 0.506092246840888
0.386402336146651 0.398555923033178
0.377776830537523 0.531376778710479
0.358126807044343 0.836599992724669
0.373196233573595 0.600960023468496
0.371150471638873 0.632699859717826
0.380940320917043 0.479781335299291
0.3677197746874 0.689516682001524
0.355291034227986 0.879920771072664
0.369067633972164 0.663342163039339
0.368771803631524 0.672556108808026
0.380621492672733 0.490452014085347
0.380341292807288 0.489298434180438
0.372325211120633 0.61803719994432
0.373277570065556 0.598571816871313
0.37272128167324 0.609883617988353
0.354781830433822 0.883810959100815
0.377681525834807 0.533070988629286
0.373516787966378 0.599454215643845
0.381240442982604 0.480837769887676
0.374484494721654 0.57985455596012
0.370247410839336 0.644872040325097
0.387229177502017 0.382063225529597
0.370379476256345 0.646738855958316
0.377745768943488 0.530425723262215
0.35411127139515 0.894166547236693
0.364043481369023 0.744398652623964
0.379954124537735 0.497366479629103
0.367413589610519 0.693031791949497
0.384091443246253 0.433595052548303
0.365712500531037 0.719751148660636
0.378248780825127 0.522255978483479
0.37470096961975 0.573816927621577
0.367576829200212 0.68381573589684
0.383824711918655 0.43485667121077
0.3813731086137 0.476822079327917
0.379084346061662 0.509597969186005
0.367663684831863 0.6918658761316
0.371353279193717 0.628189429261039
0.364431483503706 0.736324338664063
0.355055313598218 0.882759867092734
0.35533917296232 0.874363183584458
0.391341022849551 0.319812668472312
0.381651329033123 0.468323960875028
0.377807298625394 0.53204924255013
0.374813723632994 0.571580389310864
0.371082466897491 0.634153518089083
0.37173651896295 0.623029392079485
0.377457908276067 0.534519421785795
0.368396872477028 0.674781599939373
0.373322786692405 0.595076598954006
0.364499135000965 0.737319436639375
0.3556233870145 0.875028579620319
0.369573314063433 0.654869968401548
0.374913590916231 0.575855338990349
0.376881773871563 0.543681387412043
0.375880668106513 0.557753284745088
0.372619179064828 0.609681061557515
0.366720525861361 0.700799035559527
0.358421478085629 0.827755177471868
0.364202578725571 0.738027556141962
0.362874467693383 0.75740850410836
0.362990921169227 0.756328317985002
0.36636299996998 0.704637579954654
0.372803875380409 0.605572952006239
0.367977808542021 0.683510227397861
0.375769902314243 0.560903432227901
0.364885498033868 0.728758542182256
0.359997988339929 0.802701517733954
0.364413650690201 0.736197731548597
0.360471533673674 0.796897947636477
0.359727133450229 0.807856958071227
0.358711062235645 0.826986278179212
0.366296467359137 0.707565463107806
0.375259033869373 0.57221016704124
0.392753236639406 0.302919014266005
0.368818608226516 0.668173976578137
0.392855456907514 0.295316812416008
0.367821052640571 0.684691298501535
0.373962432114118 0.588050398521903
0.362816328395846 0.761687990863752
0.368534910095065 0.671879831673712
0.373429435792604 0.598203614390497
0.374409796621547 0.5806891516588
0.37396049692105 0.589578640876438
0.368786092220699 0.675252787628417
0.373345106076438 0.60253565818957
0.369472494758202 0.657780417637665
0.363098520788693 0.758334996310051
0.364414108735169 0.735772061086272
0.364779909091828 0.72826637701314
0.371211886138431 0.626923644691425
0.35488983667326 0.880443237855027
0.373711658564807 0.593536090130665
0.376378143744123 0.551607129073308
0.377349433409509 0.535795025438174
0.377382908270822 0.536134104976757
0.370906261106548 0.640688111093927
0.368901125285935 0.66914360397764
0.380751999501835 0.482325670609827
0.361940782615493 0.774596702154291
0.368871973630817 0.669510242406693
0.384562423733872 0.428333811742436
0.372945129605401 0.602967404430326
0.367162225141098 0.690279820439096
0.373307460084893 0.600233654471867
0.374538111986161 0.579480061123775
0.369566461763343 0.652450554341124
0.3734288680279 0.599112154264202
0.364070188906056 0.743047759792171
0.357309852320577 0.845898793970965
0.374320906426058 0.58695242792283
0.362675433139261 0.758694188597725
0.376502768764989 0.547723670836963
0.365092913452148 0.724639461643794
0.375046710461525 0.5729667541311
0.381436263318878 0.474615693017846
0.370887482713041 0.635525272778087
0.377963388086378 0.527171173391068
0.375919154372083 0.564284365369078
0.376339190788702 0.552330519252596
0.371234043816962 0.630458653827423
0.365336537648821 0.7204516257625
0.382678232774168 0.458026062089572
0.363078480977026 0.753556219546316
0.377387977470861 0.536859199515966
0.369432068841284 0.659485836583041
0.36374920322217 0.746353634192134
0.370679585161076 0.637455835489015
0.36468598844861 0.728461742875721
0.376507061000214 0.552725886132401
0.37752747676584 0.534698677407646
0.375910207287116 0.560539928325544
0.366725015098667 0.698117833308947
0.364663153531803 0.734963346073206
0.372995857927229 0.600806917892448
0.353346694571978 0.905839428165233
0.3855477895349 0.409277815327987
0.37158370719542 0.622894762272526
0.372687933150461 0.609465427244203
0.372675959065237 0.607731477060358
0.380845335760713 0.483562258302661
0.36776378424683 0.685402591913147
0.380859593806859 0.482709750937294
0.378056756679861 0.526690574562374
0.369602263827943 0.655202074065077
0.380907185426631 0.481156640507051
0.381791292459851 0.468563700036684
0.375909533110692 0.556261483789957
0.369382230537957 0.658813189286604
0.371628321480509 0.624876831471031
0.374504994634592 0.584359254916284
0.366383960335906 0.703735356202752
0.380716672284108 0.484087725060598
0.364393050171801 0.736446971690481
0.376010358987593 0.555383263090614
0.370856289592639 0.6387999569458
0.369278319562359 0.658325033507738
0.382960219858427 0.448975820997288
0.392861847880917 0.295828225920884
0.363142537774005 0.754718728806227
0.381210251271303 0.47784211768535
0.369840311969017 0.65034934494331
0.364762093703782 0.730312750224298
0.368040160119023 0.679329607901979
0.371049521983264 0.635190509052664
0.358823541180936 0.825208891417989
0.374923988290153 0.575872380508492
0.360928375574515 0.789499790882105
0.365184740237673 0.721588357594333
0.371960662697598 0.618200009238761
0.385446574964058 0.416099694954008
0.367446718021167 0.692908400862416
0.376006680939917 0.554933316981451
0.36621009403483 0.712137819943894
0.37100599100722 0.637636841364558
0.377119384078521 0.537268739718829
0.371339432037007 0.634877877175289
0.38187323408835 0.46814578960581
0.355600275459648 0.873207554668426
0.372746028013855 0.608040459873128
0.378074410988223 0.524116133929359
0.37304595524901 0.603979060696356
0.369609091648815 0.654676164498073
0.386540383290264 0.397261882697614
0.374210431151905 0.584072476807018
0.392236371662795 0.309442368887988
0.377472863548577 0.532653155070874
0.358432999370119 0.828683467588459
0.378966345976885 0.513630615261248
0.369886967110228 0.654109627601231
0.370925847156379 0.639016923781478
0.367755614892314 0.685090491845775
0.380113655931165 0.498602987867781
0.396900408277174 0.236947593727351
0.37948628179229 0.506462867581343
0.37123167574139 0.630325085830151
0.369303096980117 0.659764917261216
0.368558640219665 0.673597129547552
0.370396848076843 0.644052245258769
0.383923975972053 0.439985353163571
0.380226013397794 0.491853385169605
0.370744003017377 0.637471217550249
0.369842423494377 0.656954036612796
0.364490491869114 0.739199571695089
0.353500037689561 0.90466276446434
0.373604499978365 0.595947218062965
0.369547824454935 0.656154205803849
0.378292091936063 0.521839851885702
0.380786703655215 0.482110185628399
0.374069195782973 0.58829857878488
0.370648457613017 0.642632305161171
0.368425809957189 0.673656884282754
0.365546519790708 0.718528902769813
0.377911639715473 0.529521235419073
0.361687568546567 0.777781112150713
0.371147705153884 0.633591568839663
0.369062967083608 0.663745339031189
0.377586258351741 0.536716999410597
0.367123260277353 0.693268715610651
0.377060379055891 0.541489364020752
0.369061606211455 0.665600673586699
0.362915053379803 0.761290358746285
0.364458580688226 0.73662707386487
0.378153067442046 0.527803852995013
0.360004382271236 0.804706272257875
0.370261795177566 0.646147350669085
0.376556399667804 0.549713273627105
0.369936462274711 0.652370419987803
0.369781140267204 0.649757056450551
0.360743148117723 0.793127073875584
0.383574615932238 0.443889980890241
0.375015543081813 0.57110172266267
0.371948548050552 0.619240134517687
0.378373521713108 0.522263584319274
0.365143375686699 0.723622418857151
0.360610002656871 0.798796154114033
0.380026052254868 0.496161221115665
0.384199298939654 0.432527180732803
0.354494366965181 0.890532705516235
0.37447243269727 0.583126932156121
0.376001080772651 0.5554957968667
0.371194190817249 0.631090505008733
0.377038826165326 0.541511242070837
0.369284577296108 0.659724321197166
0.364735087391785 0.732478687231812
0.371808504022671 0.619038211470904
0.374384458046938 0.580160129592169
0.364663175359827 0.733169957218389
0.384284272033006 0.432367402283609
0.371705772773998 0.623951045627541
0.371537568218883 0.632022134858646
0.372172729015796 0.620858616549149
0.368972774235555 0.665881172205835
0.368502905678409 0.673296312141651
0.377872110517047 0.532324768306692
0.365257614532216 0.720588812451827
0.376179566046451 0.558046534625663
0.370188501336162 0.64587314126475
0.375985506886541 0.559495537134969
0.375051603325063 0.567956333954905
0.374793414943048 0.576802694772656
0.368670281546702 0.671402084439388
0.374716700129338 0.575837534678632
0.377490515905111 0.53539008490122
0.372552310985007 0.613145811468871
0.361416379811554 0.782901456978393
0.375252610044287 0.569167201565241
0.370577444048551 0.637072037095356
0.354585958077496 0.884125144556719
0.38181174034848 0.47060505898686
0.361656872256794 0.781592110361654
0.35960738326748 0.811783787397186
0.375979033975342 0.556256938438856
0.369265029435837 0.663567138205362
0.373132739042582 0.602690662362238
0.365189452990401 0.725170700620887
0.372889318033761 0.607156428034467
0.370358388399953 0.645889460206122
0.366665408041166 0.702115698113437
0.367688871118639 0.683883553125871
0.375711057651951 0.566742759955268
0.371367872959691 0.62341712923495
0.36126458346749 0.782244754673399
0.383415234459133 0.44278649954863
0.371506051650333 0.625259593201782
0.36952136936331 0.655685860703516
0.368084956694798 0.677380789261235
0.356237892513974 0.860792773368811
0.369784462130414 0.650564826483577
0.371033599406972 0.633317024421572
0.368808017464062 0.668158770994337
0.375328173771171 0.56993967739
0.355723207649579 0.870314359761428
0.372438557324023 0.61338582688763
0.361762182919533 0.783111048573933
0.37436139737935 0.586910720705869
0.363109928210544 0.759547719122267
0.361989777715405 0.777133052140115
0.360328336954114 0.800603990219775
0.378850234080923 0.511966502576529
0.352563020145413 0.919727525704984
0.361953746023651 0.772983002786037
0.370400846432934 0.643784698244391
0.375903645568841 0.562179745483542
0.370832255091212 0.636797109867132
0.362497016580739 0.766902118713686
0.377084500597984 0.542323137698806
0.365502086812055 0.717519057371953
0.369073869612364 0.670061853240834
0.377485279036131 0.530312098332281
0.365043466495318 0.726805436709586
0.365490377386875 0.720075285020381
0.376625031599813 0.549589466560527
0.35980765945071 0.805757839687323
0.372818455920569 0.606703609968381
0.378413236608195 0.519762896425646
0.365494225720476 0.717842813824355
0.384228182683359 0.430210157102855
0.380190107824672 0.494419614536299
0.361572298680423 0.781406869454882
0.367355991011147 0.691006095728735
0.3832451020391 0.448203156216899
0.375571715139699 0.563654211774143
0.374989161476173 0.570946576448818
0.369454327402993 0.658324017470881
0.378386987179595 0.519943683972821
0.363626325227116 0.748095085504125
0.374601447094627 0.581847874127118
0.366538530859887 0.703117653273818
0.380249534079423 0.496883903467796
0.364382785112186 0.734997970050153
0.363046308190286 0.759842678195439
0.372435415066363 0.61425111107582
0.365839491568502 0.714421439973809
0.374050066596417 0.589633717093245
0.37851921005731 0.519853686378803
0.367736807623784 0.685807942590949
0.375215888119083 0.573064080980482
0.379481081092899 0.505360879175659
0.372534573147221 0.611601667033321
0.390610108304442 0.333774605191572
0.370800147760372 0.634737156324459
0.361491225571143 0.78177670831803
0.370289649321141 0.646009894810706
0.360501833337791 0.799472284282829
0.373747354394639 0.593228770918716
0.360564652869566 0.791184262145798
0.362853112332898 0.761151899097013
0.356786849725838 0.853341115761989
0.3660583279559 0.709494908715939
0.351451990733844 0.940354133377715
0.379343111468068 0.50478397408408
0.364327249023124 0.738191511967249
0.362881236360793 0.763595216462295
0.372200614660843 0.616842321161105
0.372135750915494 0.620399548490611
0.371919568064781 0.62188851707749
0.37158521511441 0.625169895934417
0.371170487390483 0.634226196407007
0.377426523497361 0.539104861680677
0.378542451946951 0.519136532181651
0.379489330315229 0.503356502818527
0.370208651105592 0.648680095742399
0.372799080524258 0.608103775462813
0.381075383339346 0.481778009053872
0.365858256596282 0.714572132487543
0.36955346668232 0.656054546370616
0.360896873535616 0.789593666503085
0.373151070089744 0.600319141257555
0.372785967322659 0.606769655143821
0.383298942399256 0.445420074150814
0.363619357245287 0.745001255130705
0.371104378833674 0.635446495424862
0.37859946102587 0.520543006465842
0.372604674104969 0.60823915973773
0.368867361941942 0.665874493995611
0.366574125269868 0.706287694773193
0.378387029363233 0.524502641809352
0.384135333956074 0.43045472965777
0.372098732562723 0.621524286078622
0.362737348128675 0.762166388751647
0.367295126344627 0.688698429891745
0.37477550070249 0.577301262448626
0.371623380842852 0.626740068021568
0.363760945911164 0.750502460191862
0.367092362662063 0.694635570998827
0.378860235356252 0.51302097868518
0.362401087998808 0.769356953394073
0.362473979785004 0.763879992194367
0.358276760864541 0.828504252891521
0.37074990937542 0.637017342155974
0.372158202836944 0.614626713644664
0.368064106729088 0.677463276967297
0.374911362309169 0.570891873533523
0.378277716915459 0.521430907918418
0.384696763357181 0.424076544816085
0.369774890950004 0.653729804469444
0.371408051773692 0.630784539214102
0.365972117173529 0.711425528385488
0.365325148021561 0.722498217406647
0.378487146205251 0.514585696263267
0.371492343990783 0.625843207443252
0.368274766462154 0.679741152387939
0.368937494648823 0.668665809403846
0.363689007790908 0.746528200687293
0.372362552429112 0.617463926367352
0.373495445135845 0.596551139095871
0.36699549843213 0.696232470202076
0.370671477592653 0.63859591721169
0.372495212811686 0.613766282416519
0.366488930344364 0.700985864344634
0.376558875845274 0.550857414201873
0.375797849628912 0.556438981708972
0.372542144332593 0.613816391810826
0.3743776777402 0.587770036584304
0.37354184143905 0.591153632038938
0.364323704595904 0.73932188898367
0.372375509311976 0.616047322597817
0.376129915895629 0.556122890056134
0.371484772907457 0.624472204910496
0.390710058962098 0.3282856403419
0.376692839214794 0.546242080723736
0.374558292416138 0.576230170767886
0.372390065784011 0.614212883121278
0.366312598976951 0.704765933375862
0.376701330041602 0.547461338990071
0.374428375790764 0.58084599585264
0.383685195536234 0.439566944130584
0.362349020578474 0.768843412389
0.368355265580537 0.672057030096816
0.376948418645064 0.54475483435587
0.369029027433284 0.66839039592641
0.368666602843395 0.673609300314599
0.379312952437696 0.505813848305479
0.37428840123548 0.584338254934684
0.362279138718878 0.771382234501099
0.365125352234993 0.729907291949956
0.388933947706695 0.357700374539629
0.365459057215218 0.718010749259105
0.372663557452312 0.610559753572199
0.374563409212548 0.581004148352864
0.359924891148407 0.808838262366214
0.361181125230755 0.789052611730408
0.378720453460182 0.51563382551963
0.368513776615282 0.669383060067479
0.382249465981782 0.462539673768257
0.366373629429887 0.701771295797905
0.369581261108044 0.656501110238942
0.369587019017 0.657254995959991
0.3721429579932 0.616137709944055
0.374713111077304 0.577834417986755
0.376080245579708 0.553580355480673
0.38419705228028 0.433569861390379
0.359244805337831 0.816639773374381
