0.449536665645453 2.68615801006013
0.460901371487145 2.53568196334414
0.454213299675836 2.6274059218592
0.450305209537928 2.67618245717424
0.455857623878864 2.60598013325272
0.464032485534824 2.49734578274696
0.45849531812687 2.57198803765314
0.456917495201962 2.59092310259286
0.45581935559336 2.60588961404189
0.455115535147955 2.61562127329397
0.458058411298369 2.5748787682788
0.449418692816612 2.68895202138892
0.451744736326404 2.65869757953728
0.456765999255918 2.5911638868637
0.456561840210487 2.59598436141984
0.458707025734021 2.57144954151466
0.456372125952801 2.5998281548341
0.453675698099685 2.63128014608559
0.460562286350005 2.54108310692769
0.457850764843642 2.5819646829106
0.452102008013508 2.65412681103402
0.454954725425467 2.61760543432902
0.454263990609975 2.62498113830465
0.456535881740422 2.59557686131221
0.453269343829998 2.63865596295255
0.451058436039866 2.66490212432172
0.455891716976307 2.60276637474903
0.449537553340393 2.68753539154111
0.456194357830577 2.59838364958439
0.451756745850474 2.65581078247584
0.455291028270847 2.61123639173688
0.459326258730551 2.5598053993084
0.45635064056386 2.59857308207335
0.451959744505668 2.6570233482186
0.453213225926322 2.64055752197354
0.449466758001417 2.68711778567298
0.460067484811514 2.5489335623199
0.461776192238161 2.52751644792008
0.45642842634972 2.5955522247348
0.444504898896221 2.75416829654833
0.454692568778412 2.61733326107367
0.454596697729208 2.62054919788204
0.454023305920771 2.6276795760927
0.458453212045829 2.56975440327928
0.454912069174053 2.62081810749998
0.457958817905049 2.57523119204673
0.449901597758149 2.68250746272892
0.457610541608066 2.58175009123077
0.464672499621376 2.48970186554206
0.454663688449575 2.61983754886663
0.461452757942977 2.53195563274704
0.456843784052267 2.59200332038977
0.453614317585337 2.635521960965
0.459200484484849 2.56147362628594
0.453483264008842 2.63677604790896
0.451560496115183 2.66204968588373
0.459255257427714 2.55656433485729
0.453473961712885 2.63713688791779
0.457735051805881 2.58046935788488
0.460217491655917 2.55082195695883
0.456550550239866 2.59761491880887
0.459132591589155 2.56196941641429
0.456252528825626 2.59824989671806
0.456640436191259 2.59486311784631
0.45622793706148 2.59988311955941
0.452472611184622 2.65138774488944
0.455102459902927 2.61353681599092
0.453465657919643 2.63840475698466
0.45824619652859 2.57298885938701
0.457720783454813 2.58018744259351
0.456539727604243 2.59679904409464
0.456969562012498 2.58833501171742
0.452114593189385 2.65442434933047
0.457359228694013 2.58717589391755
0.457862846049219 2.57725133602549
0.451743342111065 2.6596318669346
0.46257225015359 2.51658571317409
0.454885066350461 2.61859070153614
0.456114547108591 2.60058281674656
0.460769005239385 2.54184684533797
0.459642797370473 2.55533468269238
0.450133142800003 2.68172210633152
0.456097456517614 2.60098661548435
0.455586456190486 2.61113560754361
0.464228071054616 2.49490250349426
0.455773876447521 2.60673229946554
0.457216342364636 2.5906375394044
0.458900043500044 2.56745815479209
0.462462180544391 2.51704504793671
0.458154904659189 2.57524415018052
0.463329407733053 2.50831616808173
0.452425255568449 2.65004204928167
0.463440994673888 2.50847378437625
0.458832368336856 2.56732905797039
0.455212996999044 2.61505693194701
0.455868587978926 2.6051803182033
0.454657443154997 2.62124089327461
0.444832331819243 2.74846819084454
0.456623524884351 2.59464653189261
0.457644529675411 2.58050654931837
0.454997430424456 2.61608605013301
0.450753291953678 2.67153214667133
0.457631968365347 2.58281587191113
0.453406836059883 2.63616410594431
0.452526133951749 2.64894201417039
0.451504737846571 2.66020724963706
0.453651299690826 2.63536039911956
0.453295777004088 2.63696795447811
0.464165772137198 2.49531038586965
0.454269372496535 2.62416392867734
0.464172376772928 2.49705606476357
0.453817238296677 2.63154803234037
0.459033631045627 2.56295571597249
0.457072696125682 2.58783545343885
0.451566077232007 2.6627250267723
0.462441618509467 2.51875789497536
0.46160064401657 2.53157030236742
0.455519002030084 2.60984304900409
0.460525323679924 2.54436546452062
0.452336834786464 2.65069852403253
0.451765245519307 2.65905558273729
0.459461179304415 2.55823110905818
0.454989703743996 2.61660484599592
0.454714703765338 2.62028889792003
0.454455081328542 2.62259374170849
0.456946640371327 2.58732189804122
0.453627843918644 2.6330642714053
0.459337498561899 2.55858067555823
0.455041845151868 2.61650942476565
0.459820352368255 2.554444691223
0.458890695610756 2.56637099186497
0.456234960707634 2.59994528590675
0.460249477951085 2.5472474042412
0.457123933888737 2.58777450864726
0.454216874561412 2.62258386603012
0.452422036278515 2.64776049500376
0.45731324147482 2.58446095391759
0.452042943400688 2.65311553837516
0.461764795926078 2.52814125746722
0.455468257723762 2.60940801955842
0.454482586493202 2.62055817835976
0.459764734920645 2.55484346427379
0.455227908054351 2.61408687742591
0.454455242372869 2.62449628068331
0.459314816331131 2.56250182065987
0.455981806956706 2.6018196381238
0.458318728216008 2.57328514629056
0.452551057087928 2.6474784292841
0.446947445019715 2.71914629796439
0.454684163205981 2.61999303268463
0.455492120917929 2.61022728003642
0.460519714718129 2.54409658265336
0.454584012055408 2.62150607667987
0.456192357574154 2.60251865872484
0.460109554111698 2.54838308214673
0.456540957691788 2.59784053770609
0.44777592287959 2.71128275679957
0.459994854057745 2.55306995164919
0.462102740966596 2.52334184725332
0.45924377341452 2.56241762770168
0.451507349981767 2.66283730381555
0.449877072248703 2.68130599620373
0.456622873207398 2.59320897800515
0.460280414002204 2.54894153724235
0.449867331831725 2.68084533516434
0.452030117001852 2.65641916985664
0.455769645307569 2.60744915830401
0.457617585371341 2.58364035689447
0.450882528069226 2.67297784872724
0.452608372248986 2.6480262606958
0.455114612009165 2.61361505686653
0.453599767729398 2.63365147990597
0.451981704393673 2.65678193192259
0.461610945577811 2.52997132650744
0.4549316790916 2.61594779255479
0.451325257408614 2.66270621930909
0.464368002578044 2.49335792159348
0.458322144122634 2.57487783286356
0.450160275712416 2.67864708516543
0.462809977253905 2.51826254629214
0.451233044731627 2.66563364106918
0.45638149480496 2.59854078214064
0.453504996614993 2.63777652726112
0.454577933563003 2.62101902679624
0.453180502015604 2.64002556846428
0.454946100035538 2.61652846725612
0.451268102222061 2.66296030754147
0.460728550599205 2.54004879471054
0.452833011498924 2.64311076016318
0.455409093582225 2.61172292474633
0.449337302560572 2.69254749998772
0.454742114830033 2.61960044782847
0.460334720057784 2.54767888848935
0.461646135169855 2.52844436802716
0.460029926434999 2.55006814743881
0.45165358229536 2.66126367027978
0.457218380549529 2.58790862670361
0.461468668996409 2.53233668545754
0.457028857274213 2.59124689464109
0.448687772656008 2.69847861043408
0.453656254021604 2.63479345931637
0.459949996766305 2.55031623589202
0.4617477268298 2.53024262565845
0.451232016784341 2.66514666061502
0.452719411162855 2.64580584397959
0.451338143545607 2.66604473201293
0.458366765044394 2.57073391215223
0.454782810265156 2.61836921305391
0.446135496669003 2.73241564219197
0.462109026349111 2.52454498079939
0.454313307530562 2.62535442461642
0.456802214572076 2.59187518578592
0.45175428884682 2.66118609392922
0.452303632094445 2.64719774976619
0.462431065254794 2.51885205046387
0.455905291252306 2.60673510490112
0.454664003638213 2.62074422984778
0.44877488003407 2.6977399768891
0.454606869308382 2.62376217065191
0.45720647532152 2.58791729916
0.457013883611691 2.58763644321381
0.452484824617213 2.64926093582419
0.459263198806403 2.56236409956884
0.457086092815498 2.58974701006272
0.457465277128587 2.58531877551428
0.459640391860551 2.55399627972264
0.459539363534107 2.55982060912515
0.459426540440613 2.55654431150173
0.453871396520523 2.63031582989748
0.455154820375339 2.61316032439288
0.452478607869584 2.6494450592806
0.451897513064984 2.65723976663361
0.456397232998538 2.59612243220945
0.453944455416648 2.63213110110501
0.457422788754752 2.58208241780299
0.456005925173152 2.60391235449599
0.454016570835553 2.62781810596342
0.458776014189761 2.56457736636038
0.462978458128934 2.51172815217407
0.455872580039127 2.60379956674485
0.456702852087032 2.5928717439095
0.449517504838539 2.68515183897496
0.460949935926534 2.53944911621753
0.459990677184716 2.54954869196714
0.450905605331415 2.66814784191489
0.453730162646773 2.63354611406929
0.454188164349166 2.62685444238194
0.455746516896361 2.6061013977243
0.457565333541666 2.58394069895653
0.445000119949289 2.7453199600501
0.464614427746882 2.4919007564304
0.458328180247131 2.57256520490308
0.450403080917508 2.67599750064208
0.458592240037237 2.56959077103168
0.457712799667646 2.57858259647001
0.459314477321084 2.55886672724602
0.454454328770527 2.62349349602798
0.454298761636744 2.62488237888841
0.456930732583807 2.5919670248147
0.458831632515099 2.56769301286664
0.46033035989193 2.5479850759746
0.454300064958084 2.62106298751912
0.457677815983116 2.5807366536426
0.451577439121263 2.6622180369386
0.451836776438655 2.65741771797382
0.452279782441379 2.65173884185154
0.458799670536399 2.56850266735488
0.462375792725248 2.51800267809755
0.459340592045225 2.55953085404346
0.45901057403722 2.56519823247758
0.45795694829536 2.57872705225967
0.456490954451848 2.59521610852295
0.454739596404731 2.61717668270125
0.462318411642418 2.52333605748558
0.458510300401835 2.57021539001411
0.455548946373429 2.6081943658929
0.458262067832595 2.5742392672819
0.458671324358723 2.56969504682974
0.458531672706015 2.56879795765535
0.458201347979116 2.57362722291582
0.458287761469523 2.57285148862286
0.45420255865391 2.6255075053649
0.458605814703241 2.56930636526375
0.454964115607566 2.61614188983297
0.456425931825199 2.59913668422593
0.460561418748609 2.54595212955301
0.460191500327508 2.54937846436682
0.458016217176858 2.57901618484582
0.46090536154301 2.53859548184395
0.459477121245187 2.55752823625718
0.455113059350113 2.61660146252062
0.458563144020186 2.56966315824991
0.452406047070137 2.64829251831324
0.454744730359839 2.62008292503597
0.457120862155 2.58751352406532
0.457068375523741 2.58818384170894
0.450472253304462 2.67719010058377
0.455007300447597 2.61329119183645
0.448518025570268 2.70097984810973
0.457799339575008 2.57846667091004
0.457268920743828 2.58595441409255
0.455375202834453 2.60950487238684
0.45376442643129 2.63119745802156
0.456394968475775 2.59915398649738
0.451626400002975 2.65943747268202
0.456882084166761 2.59178833118194
0.452145208208051 2.65337089399764
0.458747489786828 2.56791716937434
0.458304955032024 2.5722294659631
0.452040795997082 2.65306043248203
0.460846794886993 2.54150656071159
0.457400707114092 2.58238327301288
0.455809263225845 2.60556988111019
0.447412861865802 2.71388952694157
0.456805075799914 2.59269297072426
0.460062259735046 2.54961834468525
0.452278588259785 2.65294004163666
0.45295023919639 2.64166622009371
0.454433314773905 2.62322081672338
0.461258859433781 2.53528541973433
0.454988702395658 2.61724933707677
0.453187615449939 2.63949103768152
0.450315520057642 2.67754400801344
0.454771004427366 2.62082305079738
0.464258615826296 2.4923883411944
0.460970900600205 2.53900666431642
0.454364544171947 2.6220529304657
0.455393649927592 2.61205070246613
0.459558295805067 2.55660525893949
0.455407864498455 2.61141188333148
0.449644006727395 2.68539046194452
0.456454874944049 2.59862907787842
0.454634393513535 2.62147014892299
0.45792797495674 2.57728615962815
0.454901365804267 2.61937843493931
0.452746420908625 2.64447741388263
0.452479736232469 2.6495620424223
0.450953545604653 2.66711849124186
0.459477441924617 2.55532798063199
0.453221410081372 2.63800022147207
0.460900953114355 2.54064476544616
0.451232906335254 2.66478783827879
0.456319754503369 2.59862721981261
0.456000728422301 2.60508674642815
0.453735582553338 2.63327963568728
0.459481041533013 2.55707623590286
0.456454342229645 2.59773173956612
0.45117907820131 2.66522001859993
0.447313538056836 2.71487850534718
0.456683470883635 2.5944517745256
0.455056365868586 2.61461951688852
0.4509935593699 2.67132986943466
0.457065901209423 2.59049532922419
0.460652439161391 2.54091174686434
0.461275723017447 2.53346886331925
0.45355121333572 2.63462168481866
0.456409089267978 2.59792221767677
0.449786934828576 2.68218925765502
0.458045752540204 2.57604914589104
0.459889303883613 2.55219158751216
0.463541122834727 2.50499919371599
0.464142979597962 2.49826202437055
0.456664835508945 2.59506904808838
0.457134597006391 2.58934110524675
0.457138956253828 2.58809930129574
0.457942611185157 2.57858452931696
0.455960629855994 2.60380724037948
0.455024063565642 2.61541205612266
0.463982689808616 2.49818029594069
0.447297684184045 2.71550087255061
0.458818925721532 2.56586895760208
0.45843253935635 2.57686007593488
0.454052828146329 2.628561596059
0.453690225387624 2.63233618853442
0.453162126769252 2.63943281800004
0.461453200002466 2.532510889457
0.452818959248223 2.6457163577746
0.457811528150806 2.57621488349736
0.452253844082605 2.6527443754651
0.448437207730338 2.69962254758257
0.457239008307179 2.58740063458749
0.455980263025728 2.60651645640161
0.453497923985527 2.63556005187413
0.459570468610264 2.55549535010029
0.460144684601154 2.54833039213446
0.453599437901004 2.63311152917662
0.451497435990078 2.66118323053993
0.449831715143619 2.68138411655279
0.461493513992151 2.53159023926768
0.45476362203359 2.6189814024848
0.458685491208207 2.5664357488323
0.466034751280215 2.4708183136584
0.456302674932527 2.59856725190136
0.457742291083369 2.58156045371743
0.453728655932516 2.6299625696151
0.457993616356145 2.57824820423299
0.457785146390173 2.58083270531893
0.458018480874334 2.57521388320913
0.456322605642718 2.5978721814046
0.454616707871876 2.6209271659714
0.462556945642881 2.51851684472008
0.456720956053415 2.59453830858789
0.45903429263905 2.56440741660663
0.459625140199459 2.55508262571274
0.456991682965247 2.59556705346192
0.457064954374313 2.58727771678397
0.461734229756015 2.53068720608815
0.45994441476344 2.55118094812966
0.456899719273245 2.59077771525606
0.451453125235606 2.66428267911999
0.450443549283039 2.67662485611868
0.449618332969833 2.68423355185757
0.454477348059714 2.62509023310552
0.454419122907672 2.62325251175059
0.461273042392389 2.53446681627962
0.457198526388875 2.58556069753248
0.455404190542738 2.61061256576594
0.456330637196572 2.60040911849765
0.455820499811101 2.60691697697459
0.458176306982667 2.57133842576269
0.44989596605863 2.68464092423477
0.453654099659135 2.6315317835447
0.457006132241652 2.58943253713832
0.459030062299316 2.56376600509388
0.460238832960129 2.54687130141288
0.460062278579947 2.54980084529381
0.454009962302679 2.6287226562449
0.458205596475421 2.57342178344121
0.454846466072201 2.61832992849205
0.458209525853584 2.57419803392844
0.456961936534045 2.5895455272194
0.457218693867558 2.58675317623503
0.460862700540551 2.54078570837506
0.455015269346618 2.61541791265075
0.452049791699848 2.65496477785441
0.455223871421065 2.61712167344808
0.455480557054785 2.61049327484696
0.454427181485836 2.62426505579203
0.459112144138169 2.56126190903483
0.455765813437989 2.60594984269122
0.450110383499798 2.6798465712503
0.454967186618426 2.61517616200335
0.462221084684562 2.51945638784404
0.451095291144657 2.67070012487979
0.460171533864032 2.54842489284244
0.454610401748039 2.62036326296159
0.458278884463108 2.57416501520861
0.452338603651831 2.64991542447212
0.464953015537566 2.48597654523435
0.455511823505173 2.6124999073401
0.450357569365505 2.67691634816257
0.456344192313173 2.59876621437564
0.452989338514701 2.64231981761465
0.4542953610709 2.62506698990252
0.454285306761702 2.62389808896455
0.455934400837732 2.60410553906215
0.457578882610366 2.58253125651807
0.46086551070339 2.53943313357803
0.449036378386268 2.69389238337418
0.460606502843794 2.54114756152884
0.452813742717258 2.64224479101397
0.453895883885519 2.62715106978705
0.452554404539921 2.64591816832634
0.457316766757868 2.58791555279538
0.45968032282335 2.55682007495948
0.451839135259425 2.65909669418498
0.4565811995089 2.59384194718307
0.455145102324073 2.61526292855836
0.454615806119122 2.6220727040171
0.46305700180381 2.51065935358762
0.451902805952633 2.65564614449592
0.454282827503459 2.62493309284536
0.453091998992291 2.64334765268937
0.461205287264714 2.53631877580189
0.458470137177266 2.5716977414957
0.453352678611736 2.63795681998991
0.455327010558065 2.60949208013416
0.446311826539246 2.72706897143919
0.457079377478258 2.5860367125973
0.465099210341203 2.48169410817436
0.458290808090465 2.57416642419564
0.463201771464049 2.50889783052588
0.450023873051662 2.68215892376097
0.45040474044544 2.67536424978547
0.456172535066134 2.59873828645464
0.455182836502587 2.61235404308828
0.462032960217208 2.52606948054171
0.458794154047988 2.56746211446083
0.455435539130355 2.60835178901908
0.459161167406602 2.56160133242931
0.455516404931185 2.60700088461024
0.454777887100744 2.61646973799356
0.455972959342648 2.60151733254515
0.45247193461032 2.64922646717772
0.461012238941252 2.53963046540859
0.461993754204496 2.52554259903252
0.452855067649221 2.64157386537386
0.450706555902944 2.67147315408506
0.453299002606018 2.63854745363451
0.45673140445893 2.59358784951605
0.462651384245282 2.51403028987572
0.449232591709831 2.69216868605527
0.450154821139053 2.67961697277547
0.457258115273022 2.58908749729966
0.45171530156402 2.65705329871553
0.456603312557602 2.59634170365515
0.460394669207515 2.54766903996049
0.455446787476761 2.61114162236954
0.454145099726219 2.62592136543016
0.455805017907801 2.60725873999393
0.451571463058944 2.66170587794248
0.453515506374483 2.637411786722
0.448300514749855 2.70418042105899
0.459767904938017 2.55566254770966
0.453326551664899 2.63738633457607
0.463160700685905 2.50893618464784
0.44812154844368 2.70902824800732
0.452725365310316 2.64580699520983
0.457600169399413 2.58280152876933
0.452466362267262 2.6485981851475
0.463877118666758 2.49983090622303
0.457425307630823 2.58668773723374
0.450812816431118 2.66832385117027
0.461538664846314 2.53015570324784
0.454706016699659 2.62094131450991
0.459733853752973 2.55664618078616
0.457794193671811 2.57816366833909
0.451263801349267 2.66651770234929
0.455798512563229 2.60810391170313
0.451526439114576 2.66227332752049
0.455344462408363 2.61339917104344
0.451308389074972 2.66412422640455
0.451150063377974 2.66466575624854
0.461996989537024 2.52592017384692
0.458235083055011 2.57487009677543
0.451781532001804 2.65752478859606
0.45146613309141 2.66167483997487
0.459615953568645 2.5538334639033
0.456561648741899 2.59518192203739
0.454582632784914 2.62142984709071
0.461764099518635 2.52760197911886
0.453483279463748 2.6360486528534
0.452159960912205 2.65450190160722
0.464996483499678 2.48617420649791
0.45164502327556 2.65919535140224
0.451362667305433 2.66549595235192
0.456736339564918 2.59505111131668
0.450862805864964 2.66915904003991
0.452078576088701 2.64998643459653
0.45551627528521 2.61002936227877
0.455910434620442 2.60292326389974
0.4544114613553 2.6201997960233
0.456715602217414 2.59452924598564
0.459052091884094 2.56338396155338
0.460317229545979 2.54708574267507
0.452474865732073 2.65103952969106
0.455740035468468 2.60390806381352
0.457493915373613 2.5861565581037
0.461283448049629 2.53640183882682
0.46171397406375 2.52667968055883
0.455280666258864 2.61153207533758
0.452508184152384 2.64787034227647
0.455568055701651 2.60946267577195
0.453604610978387 2.6307391352759
0.456344174181852 2.59847618064526
0.452572450253643 2.64685269245051
0.458336717845546 2.57250796148858
0.459935293385383 2.55391559385836
0.457322588824014 2.58760260786529
0.445209710362564 2.74054705263286
0.457255558982314 2.5887391326182
0.454698533097727 2.61844380593564
0.448755547147798 2.69696366075018
0.455969550654796 2.60491125444674
0.452336357967494 2.65154526737254
0.459941052868917 2.55303938329037
0.453319362410361 2.63963435411272
0.458434027951911 2.5734097023327
0.451422574324305 2.66252962480086
0.451843205993435 2.65795850753113
0.455515865761242 2.61009529899744
0.454586325076319 2.6209656270748
0.456645260702731 2.593112870616
0.453488261466585 2.63537837403772
0.452479016758183 2.64919768182253
0.457228692517115 2.5860587507194
0.455614498160049 2.60861969450863
0.455555331599319 2.60736755106775
0.455267857931608 2.61447504633067
0.450756119044244 2.67149963318015
0.458731682239877 2.56727294325434
0.457919547307371 2.57728192599915
0.453163434774535 2.64092999546137
0.451279856466886 2.66436988396532
0.454678300264772 2.62221402708411
0.44891115698862 2.69796751881578
0.452187020943408 2.65158270153803
0.463515993172949 2.50333511579373
0.46110840940227 2.53544904549668
0.460524442192757 2.54536417457469
0.451739588050704 2.65790266330484
0.456875144846425 2.59077115771658
0.45391795738897 2.62890161053253
0.455770225857732 2.60353982310801
0.457751781471637 2.57932963320138
0.4559178749371 2.6051869112324
0.455297737920195 2.61098928790217
0.45717863843639 2.58813956563373
0.453629608044754 2.63599858689193
0.459626125652162 2.5558162591153
0.462794247449738 2.51422619299859
0.45516574788173 2.61447511021182
0.452808203740188 2.64496966118104
0.463834126714248 2.50251229588916
0.45742599826279 2.58108437329842
0.457797826375012 2.57851579764567
0.455017724499451 2.61573736122598
0.454323865515447 2.6272922152859
0.456160595021053 2.59997348177931
0.457958905211692 2.57454202846129
0.453863972906984 2.63270362830926
0.45733789145807 2.58635582617843
0.452378021021709 2.6486636708702
0.449927728262231 2.68200136612179
0.457027179259225 2.58999336378396
0.452114540994473 2.65570755882261
0.456136021234798 2.59921618901049
0.453759933877857 2.63159088046069
0.451048091402576 2.66746960462826
0.460629554827296 2.54451589364145
0.455338452959563 2.61187081878881
0.4574396841757 2.58630995384397
0.453348203222772 2.63835007862438
0.45272825838083 2.64599667328425
0.460084186252903 2.54770671119671
0.455784033092488 2.60362817403489
0.453386166485008 2.63755106957913
0.458452218577572 2.57180057126837
0.45621579662495 2.59943742653654
0.457856404988937 2.57934138114578
0.464241136804282 2.49694513521906
0.45959450041893 2.55608200217009
0.460377839690006 2.54613393352085
0.461382343279039 2.53228560200534
0.456783527315415 2.59313163363215
0.457845422119649 2.57899085694091
0.454622613240868 2.61936828672165
0.460420771265495 2.54539214535853
0.458681412953147 2.56727950544438
0.451863661170019 2.65707641355053
0.457779011905558 2.58094471780834
0.451293716062425 2.66279889017109
0.462115736995681 2.52400040492963
0.455148056946711 2.61577705529499
0.463319283537885 2.5075312403802
0.457493649890362 2.5840607588064
0.457899630906693 2.57892185433259
0.464560171482633 2.49138243643918
0.456959089632677 2.58886067965445
0.449394112050185 2.68806982878444
0.460683666485795 2.54177021842632
0.452127144006145 2.65446720590814
0.457287065023157 2.58454367953172
0.4569611439445 2.59232824695387
0.455801833473411 2.60440685583792
0.45653691659064 2.5970617543091
0.460816772555587 2.54123783479791
0.449921528009426 2.68500432459494
0.461258002165321 2.53483241265516
0.459372103228338 2.5613390865539
0.454893445535385 2.61801817439403
0.452439749124561 2.64938418053536
0.45458833264918 2.62141471021103
0.453183999270998 2.64071945241316
0.460780266773534 2.54127779220394
0.455128953396368 2.61434556867358
0.454704029625673 2.62029328172528
0.457660471514713 2.58303137119467
0.450133514315624 2.6785306152434
0.452367261987425 2.64839909410586
0.454521551594367 2.62215011932526
0.46302746691803 2.51192972218
0.460316006831441 2.54831174831364
0.463297970961474 2.51126803170615
0.452194668642965 2.65359930413862
0.450076278118099 2.68157700309669
0.461940357550457 2.52401579285107
0.460296180691223 2.54774554811238
0.452642849070977 2.64444257565557
0.448044395043176 2.70800090818131
0.456964316436111 2.58769195660503
0.452641847778547 2.64854953565508
0.452422637786829 2.64998811641908
0.463752164255837 2.50228118140096
0.460432750088325 2.54434303369134
0.454153393770659 2.62663875053505
0.466559814756871 2.46419819705102
0.459723883958184 2.55335014911045
0.455402812842803 2.61048425394711
0.455289392769584 2.60987759175466
0.450549263548002 2.67371066723162
0.451643006405447 2.6600627738276
0.452426943502319 2.64799354853382
0.459123093976529 2.56417304513969
0.460005405925181 2.54954824429273
0.455213450239299 2.6137623102399
0.446730778333199 2.72210600301684
0.454900190137444 2.61774161701357
0.454756801380291 2.61755848681901
0.460271052082991 2.54724458848662
0.453439582805753 2.63448175157666
0.451430542206948 2.66324664186836
0.453652695684513 2.63503550181208
0.456853361520632 2.59339849238164
0.456284644141084 2.59909311087793
0.450289627980421 2.67572724185801
0.451487109794043 2.66378552345313
0.456232633429098 2.60206396078767
0.454037892234439 2.62887444908598
0.457214780268933 2.58883326169053
0.450127539351607 2.67847116966333
0.459009925597399 2.56338680809016
0.45647216691961 2.59674728954939
0.454775730029556 2.61823394093735
0.449167151080595 2.68997723747582
0.453529946220767 2.63639933255625
0.454970860879007 2.61662807379538
0.449542412383333 2.6869511510205
0.457537534937105 2.58414926090342
0.454451274642603 2.62230952658708
0.451254240891488 2.66487240920903
0.455803326268902 2.60716913555531
0.452432446047343 2.65183190136003
0.456933187111236 2.58876726209283
0.459358977609196 2.55784497459077
0.46247249456548 2.5181514206076
0.450394121566793 2.67471753362149
0.461200956788099 2.53573661084518
0.455937180024054 2.60459642800197
0.45486501090579 2.61995019098427
0.455263876971261 2.61212608618565
0.459268903805124 2.558801695499
0.453005651278041 2.64225078231953
0.452689904212809 2.64547668611422
0.451698562177489 2.6600203217056
0.458852371969886 2.56594821994135
0.453441810240578 2.63497543054302
0.46036949448928 2.54791806320873
0.460595747345602 2.54377326282225
0.457087222197749 2.59000628172628
0.455698469691666 2.6071963401457
0.45273914474854 2.64561977407656
0.459625145598513 2.55652330230737
0.457015819858029 2.58730756870049
0.457174528276398 2.59015741227574
0.455548118201367 2.60743170842575
0.451447481224432 2.66260535323031
0.45792092434136 2.58167662522882
0.458998959320688 2.5649548093603
0.456331000180582 2.60028062603343
0.457054058233204 2.58859002788482
0.450488313080735 2.67330345318615
0.459607390177307 2.55731613322651
0.461213742156144 2.53353627451608
0.461487086586156 2.53038138840238
0.449459751635711 2.68814825374591
0.454986955994269 2.61680354250993
0.454797731391522 2.62033559666872
0.457930391955036 2.57785508018281
0.455273637595285 2.61142635133333
0.456380320851329 2.59874450026437
0.454496236029639 2.62296249987766
0.460549399285415 2.54583688984098
0.454944698315347 2.61706456338198
0.460196264503664 2.54921346319691
0.456065583265022 2.60301385737805
0.448222138181409 2.7044457439842
0.460110940364544 2.54976606630977
0.449219397796085 2.69094413232097
0.454381600076952 2.62382484638374
0.456470847139993 2.5957397652185
0.45030328725567 2.67860023263285
0.455971457179089 2.6032028880265
0.458698827584039 2.56680379091553
0.457279447921456 2.5875770651926
0.450845002209645 2.66770359893156
0.458402303442534 2.57096501088802
0.453190303421793 2.63809907304788
0.458775925253673 2.56566666634397
0.458242942696633 2.572336798857
0.452073600859174 2.652682593746
0.452077448319493 2.65313853465611
0.463485432098044 2.50584859221433
0.455175245621207 2.6139297863841
0.454809552438952 2.618319198132
0.455414754885102 2.60777397293491
0.451582715153623 2.65954551538802
0.454793270812086 2.61822326135567
0.449397633580605 2.68818160273259
0.453780344742875 2.63220178041852
0.460747680289794 2.54489923061672
0.459713474095416 2.55412724140627
0.454399271540336 2.62255290730262
0.456276815449113 2.59841271206413
0.456987889253166 2.58999737206615
0.455769178194443 2.6056932454843
0.457366830105195 2.58607514845424
0.454920905925639 2.61838347416671
0.454373284735276 2.62428196835327
0.458827908553841 2.56588481239889
0.449148666063796 2.69251644414308
0.456375553822588 2.5998719689889
0.453577292126904 2.63211243460381
0.453405794482218 2.63602087816403
0.458040550811209 2.57477210403171
0.461052099392458 2.53738364036153
0.45444588798889 2.62469536474052
0.460373769775635 2.54356348757792
0.452092152139491 2.6555151679013
0.456646979880426 2.59579941764379
0.457379229560411 2.58256702682196
0.452247269539975 2.64897179178173
0.448337842973117 2.70198819810576
0.456129468956882 2.60087708823171
0.458356449289606 2.57125865338456
0.452081885866369 2.65600760120586
0.45596546151213 2.60262598047506
0.452641387144661 2.64524599808498
0.456925898930595 2.5919691230115
0.466651853650084 2.46588671168273
0.45326985089343 2.63889583934051
0.460539451813899 2.54319720923802
0.454569568009467 2.62465966469
0.455724337647536 2.60744490048675
0.45337450615688 2.63935632298115
0.452758502736932 2.64750650879239
0.450941639364566 2.67051552680478
0.455381248585618 2.61206851801571
0.461585787719954 2.52905517084896
0.453761804209435 2.63298268087048
0.45504070671061 2.61510780006806
0.460843758042112 2.53996639374415
0.451025224790407 2.6668031833845
0.456036314448539 2.60077944872679
0.457696274217033 2.58036363811731
0.461223183198643 2.53529843788094
0.448844713133913 2.69817250795332
0.454283794936855 2.62749002109828
0.44995249056331 2.68285816639342
0.450655301205543 2.67216759430462
0.458608732005591 2.57002482253543
0.456347965744927 2.59671861175318
0.457922966397472 2.57913682252382
0.454521839723034 2.61864000062359
0.455759988748793 2.60470072094393
0.455675460803052 2.60603573341019
0.460630085318087 2.54313477841011
0.455757465578729 2.60533827736292
0.447715897938907 2.71192727074743
0.460106004792253 2.5484891342912
0.460270622607322 2.55031005556063
0.458235140882402 2.57161696063274
0.454136285274036 2.62894534823697
0.453086548353252 2.64011920414589
0.452110241966325 2.65346835380318
0.466024827377934 2.47404153655584
0.458524296579085 2.57248581117314
0.456054702750426 2.59904513064562
0.455752752808571 2.60681194885177
0.4571219169494 2.58781035068837
0.453430129894648 2.63468403544957
0.453546822916686 2.63685094637652
0.45592091857126 2.6074457993874
0.454914998908054 2.61624169782659
0.457394889975423 2.58411493066719
0.457573985164239 2.58121296256853
0.457273496612584 2.58552185625742
0.459514694188521 2.55646291970026
0.447605148916304 2.71254557569194
0.458733701503672 2.56973091374937
0.453391576610678 2.63612202580774
0.456850154785788 2.5912515881782
0.455449724494266 2.60710920602693
0.45139147645714 2.66444139563285
0.453100496808949 2.64009031775976
0.458009945587453 2.5756706956199
0.456324087147624 2.60108650676935
0.462554182811541 2.51838075539257
0.458551466970049 2.57049376782747
0.450492770861565 2.67664285981112
0.454645849870654 2.6181165925692
0.453204145418887 2.63902642733137
0.450720476270752 2.6722456520533
0.454429627686306 2.62404127108381
0.457304028621084 2.58729778884954
0.447426745360871 2.71268291596273
0.461950574729969 2.52554905158889
0.448260831457668 2.70656432343498
0.46295942761629 2.51302687674915
0.456554870854897 2.59628843441097
0.457002077237717 2.58881408190184
0.452973058685238 2.64110862115174
0.460099896798277 2.54891200568743
0.460801743103054 2.54133053919511
0.456252203161518 2.60103815596196
0.451387086383903 2.66062849349878
0.452462701027154 2.64793003779696
0.455684209155278 2.60705569240699
0.465879878982548 2.47470611292435
0.457861243098739 2.58096627484691
0.457531428475691 2.58247320673432
0.452455492503956 2.64965078535503
0.460409447852791 2.54389440053252
0.454605238540663 2.62290437242914
0.455619707347209 2.60721959084896
0.45109616040413 2.66790516846505
0.455315112863274 2.61180016502791
0.451499398766939 2.6622122578736
0.458895343922179 2.5661212928968
0.451867465683987 2.6556327682367
0.465846877051485 2.47544905036254
0.460100698455061 2.54774359986966
0.453395485731578 2.63723928947207
0.455637462138323 2.60456996226011
0.456140858151584 2.60302343265275
0.453232045104281 2.63877376340941
0.456766481609775 2.59274943455078
0.450844362988265 2.66854244070657
0.461016239726609 2.53984139097034
0.453916146983636 2.63006132009984
0.456453967725541 2.60006809981798
0.447091064019981 2.72040088242839
0.460001215671061 2.55115248201699
0.454431995771605 2.62170571517089
0.455115722582173 2.61662594844505
0.457880529883573 2.57763880628802
0.453438380034495 2.63669347751391
0.456056878284876 2.60030636817512
0.45873484289976 2.56969789355389
0.455082594190336 2.61325467020293
0.451930134101957 2.65558794651287
0.456776147010922 2.59205559941406
0.457598959964495 2.5845266224442
0.458992888021413 2.56443767172923
0.452751589801315 2.64531893344867
0.459316078061882 2.56091641909865
0.452485928400021 2.64837417526134
0.461405011728824 2.5310456154457
0.463720419777647 2.50299546346944
0.456713332558318 2.59121655432257
0.450232405904379 2.67901563685522
0.448087268663939 2.70734674410518
0.452316079172017 2.65254584642003
0.453496303705619 2.63791724853688
0.453161340418498 2.64106539836776
0.460171769302286 2.54837572305161
0.456618288637406 2.5971766597887
0.455508360582663 2.61045796348867
0.45311427070521 2.63761136885389
0.453754815013983 2.6318881400867
0.45637439341132 2.59904510264513
0.45752679665695 2.58296643348638
0.453383000606561 2.63564165955653
0.454785143178231 2.61694262144066
0.452098186217731 2.65243588492037
0.45937640824474 2.56123110454265
0.452704937356909 2.64642365713476
0.444632556060085 2.75246984146328
0.449122877486115 2.69647768132943
0.454414425650288 2.62447494004678
0.457112734844937 2.58674081285636
0.458972846340903 2.56389776040212
0.455041711599612 2.61654734026352
0.457714764782284 2.57901974060519
0.453387388758164 2.63866810268651
0.453355467369196 2.63926979737509
0.452247490259611 2.65200712669149
0.449246279321472 2.69010961559197
0.456713978470706 2.59428103703395
0.455794073410531 2.60563294350334
0.453973673752868 2.62989181068852
0.457337995406635 2.58661122294241
0.448313028732132 2.70152798945004
0.456803779844882 2.5945868934762
0.453417328253244 2.63886098193949
0.458140175606038 2.57259612648586
0.453409151505036 2.63619798062337
0.449297667873309 2.69286241313725
0.456884885945618 2.59275107375051
0.454610206789437 2.62100092827713
0.458962157043175 2.56457508597585
0.452986658462207 2.64505215826031
0.454157960398114 2.62964279150404
0.460139391991132 2.55096283405629
0.461154006208908 2.5361435237303
0.458426403121334 2.57158910885795
0.46192890152115 2.52451348528404
0.463223435351659 2.51146592971641
0.449797247487368 2.68345827547752
0.455691346483088 2.60688550806711
0.456992139786066 2.58933054534228
0.456372377150994 2.59598436952359
0.450642019421113 2.66933799197407
0.457168869194406 2.59058609468673
0.457775524066417 2.57897622414176
0.459831028988747 2.55484273258478
0.458253387702417 2.57318648346093
0.452161805531554 2.65349886691913
0.459673599589413 2.55687200033336
0.453057577332954 2.64070259478633
0.456289073406752 2.60080778159332
0.45965594263131 2.55447361643485
0.459927332584156 2.55069719092699
0.457514138994389 2.58230374414942
0.45221096018356 2.65137909052314
0.457944188828336 2.57681123666856
0.455759957258819 2.60608245706041
0.450883074104641 2.66982927342678
0.457501192460207 2.58304544932915
0.458837211673831 2.56512587208583
0.45544604154831 2.6137467342287
0.4613298057992 2.53582548640089
0.451524250270053 2.66154999073298
0.456811051179419 2.59017036319294
0.452687128408092 2.64632917161815
0.447769246491288 2.71087287380115
0.44904586374464 2.69489021450005
0.459217345997441 2.56131677940644
0.458470143191891 2.56847303769272
0.45515165498709 2.61560692548852
0.454880418796213 2.61985102654947
0.459907590628096 2.55308740244083
0.451152801448431 2.6638357862684
0.456552678729218 2.5950635434424
0.453933543367062 2.63100856849341
0.452859462562943 2.64597470765373
0.45520029158502 2.61239416761012
0.458507807948665 2.56965806599472
0.461084192827809 2.53780263675527
0.458182638764391 2.57353107130867
0.455789211563894 2.60691804417187
0.450089704667486 2.67963538196722
0.457981974395283 2.57653808851408
0.454614131515914 2.61819632522495
0.458849804050069 2.5665119412817
0.454018785731233 2.62973133998735
0.462479292349507 2.51952725719866
0.458119571141186 2.57622202322677
0.456987987673956 2.59257833951785
0.450742795688289 2.67142725003102
0.454170192959917 2.62704356851134
0.455204284459319 2.61218735061039
0.456712592802992 2.59654705349574
0.456051886842231 2.60449255352859
0.459605265366303 2.55521631539874
0.460926881168133 2.5413402420612
0.457973308797007 2.58007812758825
0.456666049213703 2.59332558738531
0.452281882739548 2.65395763915494
0.453356576825374 2.63667013357524
0.455686753542006 2.60815729760571
0.45461107615193 2.62044669928568
0.45892464660024 2.5658606020598
0.449806837535567 2.68601466153442
0.458321193885747 2.57547710200835
0.450350945746264 2.67565159590621
0.45743889783192 2.58326828452799
0.453073589564283 2.63937526519204
0.444588049850331 2.7531678412466
0.459925760934077 2.55174174736043
0.455320626866182 2.61123900444941
0.453295760342026 2.63986978256301
0.454554299312442 2.62224953646102
0.455807065261338 2.60761634914836
0.459677570272126 2.55560227533618
0.457734726959283 2.5828621355706
0.457354888269023 2.58487121930201
0.460027649878556 2.54791173415353
0.454862285565688 2.615287524872
0.448917814648398 2.69361572732176
0.453435788437015 2.63773402132753
0.45533012701023 2.61141500651086
0.460337611598563 2.5505291193698
0.455554572598596 2.60802693087703
0.457715547083294 2.58092559241953
0.457564207796753 2.58425530458989
0.456860121540553 2.59059421249745
0.458193671458276 2.57350437625831
0.455782741962031 2.60427039904092
0.453264730011408 2.64009370262416
0.458976388791546 2.56127352076807
0.461978852261892 2.52568921968346
0.455177354234341 2.61346994797217
0.456433125565683 2.59691761164033
0.454021737921652 2.62868138680635
0.455864296460542 2.60212249282033
0.454652925860455 2.62225305725868
0.4572935781197 2.588437956997
0.461174977427029 2.53438283585505
0.458561764162082 2.57067217491321
0.461346828528914 2.53314031343758
0.458952026145857 2.56348091630389
0.453832931132872 2.63115066545844
0.456254387606884 2.5997985327087
0.463751492802841 2.50156447391781
0.454225165338415 2.62510546682615
0.456822410508628 2.59055314676141
0.456535173195211 2.59477621489877
0.457882281822477 2.57743256367839
0.459650651739944 2.55455681888725
0.449472121825074 2.68944181947786
0.444880373569295 2.74744917937478
0.456781279779626 2.5926564656099
0.457154654027059 2.58690817282019
0.460241500636298 2.54779289386362
0.455526408626041 2.60912774620571
0.45523034659743 2.61259162881224
0.456992324556308 2.59208853945384
0.456708450531095 2.59405486981188
0.461438398883414 2.53439942861422
0.454642792613916 2.62301984086917
0.45788548549916 2.57836902031217
0.458137313011693 2.57348557876159
0.460181995674089 2.54926239248759
0.459393757618134 2.55816964711701
0.455357988029073 2.61191639602284
0.459687613198219 2.55445496649442
0.451675792121868 2.65997574406772
0.461238653677398 2.53385800868935
0.45963751866571 2.5559495014344
0.454897540606047 2.62172548487793
0.447767914371055 2.71286161552972
0.461437941875503 2.53190831636048
0.458462749253098 2.57222621012725
0.46377331859458 2.50161013877714
0.459087127129317 2.56121901252951
0.44713184777716 2.71527445695433
0.457216595993152 2.58548249847749
0.455633409285794 2.6081336509524
0.450153449500943 2.67899908006326
0.457816195481316 2.57857308670178
0.458093451561027 2.57564405009725
0.454722551809874 2.62274284081506
0.451117147108749 2.66797714128572
0.46196076828458 2.52399795235042
0.459484976055093 2.55779632842959
0.455787650506106 2.60713896972288
0.456286565955313 2.60112470086691
0.459531534312056 2.55584009362268
0.457039504983666 2.58698767908918
0.453017144365395 2.64252513535147
0.456761697844071 2.59261329272135
0.4558840934956 2.60147107585804
0.450523082164737 2.67556658231701
0.450108796907743 2.68064683411639
0.462592624863851 2.51736269072986
0.445814354573721 2.73787403570208
0.455341454859942 2.60855815306927
0.449456993484639 2.68662711473179
0.456986692689603 2.58935048854007
0.452841773823157 2.64454437956281
0.457593536809535 2.58278870267752
0.451956545942665 2.65495333922781
0.460972024264703 2.53821983563365
0.454268298968916 2.62926429732029
0.457924011345576 2.57787881577033
0.457748757119113 2.57977667984184
0.446664395467746 2.72342043502206
0.45147106892992 2.66416566233084
0.455584421247003 2.60618325852765
0.460079656569289 2.55034682072536
0.457007718250129 2.59029096143534
0.457292427386013 2.58609388251594
0.449496694363692 2.68612656004407
0.453899009363124 2.62785820196667
0.4635989513194 2.50618254033788
0.462815561570495 2.51477249073152
0.460595827228604 2.54420081155352
0.457273841335181 2.58472893536583
0.456154214538902 2.60279668871794
0.453452486019199 2.63401506475493
0.453471868470047 2.63522239768042
0.449979762495789 2.68045419188834
0.457395777167251 2.58288193626807
0.456245900197353 2.60035234805079
0.458838497318738 2.56529233551915
0.455235667954837 2.61344384959
0.450310122742109 2.6775824643333
0.453452127277368 2.6362000382625
0.455330968541254 2.61228884879673
0.455645062453901 2.60684954326724
0.45273042690525 2.6448960415035
0.451285442925646 2.66447051776897
0.455507410555121 2.6074690619026
0.453067904121256 2.6405173193596
0.459195010001119 2.56125900156204
0.450837261137283 2.67275071627681
0.453692339859127 2.63155542975675
0.455018812129998 2.61514313613727
0.4584413145179 2.57118050204224
0.454687293359033 2.61871367146158
0.456900722503264 2.59257179060812
0.456537653758393 2.59395849277121
0.454010519066814 2.62788336827836
0.451974670042807 2.65411467608389
0.45923499499247 2.56018167101957
0.458143576807794 2.57543474039658
0.45263560621899 2.64518670255207
0.45358793047214 2.63399844052315
0.458988263862233 2.56340772904123
0.452740609064127 2.64627954999377
0.451662976483389 2.66134504107876
0.453780079639144 2.63309522257799
0.459647876622515 2.55519059494712
0.45564199578752 2.60571063071539
0.4491402753098 2.69101008703353
0.4509446602169 2.67157768422477
0.44925639438402 2.6930604479325
0.452516332380215 2.64654424962771
0.452536672406245 2.65051001490375
0.452165284087591 2.65496648452127
0.455100119790428 2.61258219270321
0.459325384513134 2.56338703137874
0.455148611341767 2.61483300570472
0.462449915156332 2.51979012836622
0.455767743920115 2.60612601883501
0.451159453635094 2.66486157948697
0.455132205552206 2.61484640427073
0.455298679551207 2.6110906978541
0.4515191041723 2.66269974234312
0.453532645491943 2.63429369743291
0.454551398601918 2.62323229154482
0.460044261741413 2.54877395781073
0.459026410201016 2.56382939946512
0.450838139324075 2.67141267282207
0.457387117788772 2.586492880314
0.451474784470318 2.66403225467168
0.456118259753574 2.60173670411817
0.460047740537922 2.55328174768382
0.45529167236161 2.61322252107346
0.463428323660634 2.50808333952677
0.457416116592369 2.58400507653447
0.456266743131609 2.59871794060852
0.457045856585741 2.59022745002847
0.45299883297663 2.64214472709182
0.459021166034353 2.56676706040927
0.458089854267466 2.57541251609905
0.453911692339565 2.62937242090852
0.454985192607203 2.61923843941262
0.458163850393224 2.57765961038336
0.455626148737805 2.60800640173564
0.452363304228697 2.6513391085464
0.450659972468573 2.67180849560616
0.454395144751757 2.6234537353499
0.45664489655699 2.59340700292988
0.45539038745129 2.61150706306744
0.457435340637726 2.58608196746469
0.455870958801711 2.60416504278869
0.453869431621457 2.63060268597527
0.460489951011065 2.54549654759816
0.458307656980754 2.57262809008281
0.454833364967358 2.6189695229801
0.455172378212123 2.61317261991551
0.45747459379909 2.58625056619742
0.455515246641647 2.60843678112977
0.455141335476593 2.61427479539951
0.458805795739801 2.56716554342574
0.451587130547165 2.66179460829218
0.461074649511097 2.5377199703744
0.459303376827611 2.56232289991478
0.456238969354512 2.60026057881253
0.455892947319824 2.60449608307085
0.4496014609247 2.6866940743224
0.452918185274064 2.64397181135092
0.455759077782143 2.60359212624925
0.459641624835823 2.55584959471154
0.451557668780447 2.66284454639533
0.452157290374768 2.65183498584706
0.460158392986256 2.54830313616743
0.461231991849659 2.53576083303955
0.459089268728674 2.56184355680589
0.454391924226023 2.6265668264549
0.457062217566828 2.589637689839
0.451730030322159 2.65938591821888
0.455266690620951 2.61352158404342
0.453774324360628 2.63330985244298
0.446339643495412 2.72719987081686
0.453710352360678 2.63235431162998
0.456584471707109 2.59524015598388
0.452716606208992 2.64475478057983
0.452232173010603 2.65282206706542
0.45479107925821 2.6164462686736
0.451257633820721 2.6630185662953
0.458573486976073 2.57008701708196
0.464419242085781 2.49509558039406
0.452995406010947 2.64215814559935
0.455772550959613 2.60975021614488
0.451863894141772 2.65966205841535
0.459873043097381 2.55254175007887
0.459118785096464 2.56249192404236
0.45529508230917 2.61459153020747
0.449782993232999 2.68210110223689
0.456820180952617 2.59452512676282
0.458135498152577 2.57432738536397
0.459145051731088 2.56317582789893
0.45148720613864 2.65870842308523
0.454461910972496 2.6234477112071
0.457081082164983 2.58948392677683
0.458300775275532 2.57199764573363
0.450834183664648 2.67066667581636
0.457207266457714 2.58893090713505
0.45710499507178 2.58889806561313
0.461050254084265 2.53726470066598
0.455019766624539 2.61287028096881
0.455465031861623 2.60751147763894
0.451786283774834 2.65958876854375
0.451408378043112 2.66471235939994
0.447466328482327 2.71502928145561
0.455679992863879 2.60602870888791
0.455284088954969 2.61379558562885
0.45542233384877 2.6111279267058
0.455723160208821 2.6071538510003
0.458827148700702 2.56731224611253
0.458447930833685 2.57205601220024
0.453435955557831 2.63673837895827
0.45166122723843 2.65815209641208
0.459239638575834 2.56408974639689
0.457512456005677 2.57940750808458
0.45387829442802 2.62887655724265
0.461450496792384 2.53170171670173
0.454091546364101 2.62672702537544
0.461685541301447 2.52782091518694
0.455027400623918 2.6140555452359
0.453052538970136 2.64036797944722
0.459844082543321 2.55098283258695
0.457032871010125 2.58900172669329
0.454086569318383 2.6276104658754
0.452599726075928 2.64861448522243
0.46267282116361 2.5162623390947
0.45659467047716 2.59586756362408
0.455460415431799 2.61413478514956
0.454484376187269 2.62552338374626
0.456654930913547 2.59671558842732
0.460603715448738 2.54556050929723
0.461539334617828 2.53189264158043
0.453124009351823 2.63920297137385
0.449819364263927 2.68403069915901
0.459342953657147 2.55871562653007
0.450668551860872 2.67220227160289
0.455803519607146 2.60764193974752
0.454439888262129 2.62294897198965
0.463121147468081 2.51106168859798
0.451434841706674 2.66340975637397
0.453862320956472 2.62949321875889
0.459954062304634 2.55542611534324
0.450028132719146 2.67766786144512
0.45993185508368 2.55202409043378
0.454577257947516 2.62174622259055
0.451830439428483 2.65834218298052
0.455016501883008 2.61478025111007
0.457285658917661 2.58620866221944
0.4581462455216 2.57466810314156
0.457963096368887 2.57628072938119
0.456870190683698 2.59126559857325
0.453156847211826 2.64087973561779
0.451429479099666 2.66337650839648
0.460013038021315 2.55077736303543
0.451454739056832 2.66366392362355
0.451632170321636 2.65930229692778
0.460825311105479 2.53855396310404
0.457852831868143 2.57874769858214
0.457369157700667 2.58455739673955
0.457824239466662 2.57905716913681
0.455788015769225 2.60758053646176
0.457922354894304 2.57772443568793
0.453586435294031 2.63768182492623
0.460725820905681 2.54034967332312
0.46255804871081 2.51944728350135
0.452447448412945 2.65033499856118
0.460242674046883 2.54787620432112
0.460530959985757 2.54535975156986
0.454556783415799 2.6224690330178
0.455236276133246 2.61347189064194
0.457498711552738 2.58583499517356
0.454830634645775 2.61914736530319
0.45200811581903 2.65531328082362
0.460753587546709 2.54202995127189
0.460766526408349 2.53888726699229
0.451899377966106 2.65670520594188
0.462209184008824 2.52252753745593
0.458694865939255 2.56988491957707
0.454338506895395 2.62520358923554
0.455483161146195 2.60676405906332
0.458072046930022 2.57660083610165
0.458746257691314 2.56699111932322
0.459970997136838 2.55037164607589
0.452028759633901 2.65765747561178
0.465933317166259 2.47288049122282
0.457816873579136 2.57975726312556
0.457465127696432 2.58655348063433
0.459489347866253 2.55801023050047
0.455612230054808 2.61026987897735
0.458358230256981 2.57328775916943
0.456570341860054 2.59526823716609
0.460461857915501 2.54639152154008
0.462796602152055 2.5169187188548
0.45178844041249 2.658258696622
0.453384751213312 2.63670488840129
0.454210277456832 2.62746996225366
0.452427354531011 2.65018541694391
0.457745475528051 2.58186902129653
0.454019926633987 2.62918664983448
0.456556496441597 2.5949913632998
0.451492873613901 2.66102488060745
0.45184353510137 2.65620843400704
0.45175197978878 2.65799581355809
0.458303981310398 2.57313166262565
0.458629272484504 2.56634805972973
0.453187237320232 2.64114709636583
0.457247860151406 2.58879102129628
0.45585675878242 2.60368068076072
0.453828549473112 2.63008220289419
0.456680183174333 2.59647014409179
0.457226147184345 2.58955157378742
0.457969490678198 2.57610929752277
0.453727420498449 2.63514658205092
0.454343913314306 2.62460428287702
0.449941545715383 2.67965385960418
0.459396086706278 2.55933118592043
0.46365399349187 2.50452926869632
0.452920755652376 2.64597466098767
0.452619721864152 2.64679336708397
0.450989918362754 2.66781588545291
0.459583798629017 2.55785429563541
0.450657753802112 2.6709770801647
0.45993555780534 2.55025032959212
0.449410701416385 2.6876440821983
0.456055871998575 2.60071593740783
0.45690044467153 2.58954741615669
0.459974398437087 2.5488078490805
0.453624421736204 2.63310992746856
0.453048219627446 2.64165498901087
0.454696735862075 2.62001288657436
0.455759860957052 2.60774799385641
0.461368552403387 2.53266251707066
0.457351572022276 2.58560654242067
0.457551765498863 2.57956706718446
0.459322978052585 2.55889590883716
0.455040250774406 2.61751702906228
0.456476538058152 2.59829137563262
0.456430948114122 2.5967016501262
0.45304848170408 2.64395543444838
0.456197179312904 2.60051983258711
0.465145145906498 2.48384391946546
0.459718462159585 2.55380380650718
0.458134888282378 2.57672703443419
0.460412203613135 2.54339084555504
0.451165957286138 2.66718057521723
0.457017205281315 2.58675592167585
0.456148130041125 2.60302011051184
0.45503812026313 2.61903583672608
0.455803747281726 2.60247099192861
0.455585627702983 2.6095145875797
0.457659189706496 2.58322480763135
0.45517063079537 2.61413498839852
0.457206911617113 2.58543915583696
0.451466256813922 2.66016446589551
0.454723581513477 2.61917138342866
0.457877190447131 2.57603713849915
0.455604338820889 2.60880428998423
0.453263916819271 2.63709718029246
0.451343303377433 2.66405596279742
0.45147742367111 2.66108279585151
0.455375575820497 2.61131191612455
0.457188314169313 2.58805327088773
0.460937998163456 2.53639610743698
0.452298332252994 2.65236061298206
0.456831161620186 2.59448101500011
0.45992067739505 2.55399582667863
0.456103124891607 2.60114337179019
0.458206777057124 2.57452931994845
0.459662121882629 2.55689420417919
0.45373081593753 2.63572261608066
0.458339139430709 2.5722232823772
0.448019178967864 2.70536405352463
0.456064753378777 2.60320163630958
0.454122084179461 2.62827052895561
0.457791263202469 2.5820117606702
0.448797492197059 2.6988091961949
0.457005090471018 2.58987436964946
0.457403997220834 2.58222011770362
0.450768820729094 2.67190185146904
0.458014493418948 2.57379510582454
0.452582894509146 2.64734381042536
0.459180388034715 2.56210280939795
0.458673297731351 2.56754132495794
0.454879114485682 2.61787593358641
0.452158416013855 2.65101494917851
0.455103283881492 2.61623548895834
0.457500808737127 2.5839652587518
