0.392384390174316 2.77979368282093
0.39452829098049 2.7464176496382
0.393558159537524 2.76249501828227
0.393263144193891 2.76876494151422
0.392634170050656 2.77636879621289
0.392523068465622 2.77617193846711
0.392636798823759 2.7754212282024
0.391950810726483 2.78308313636283
0.392692058610955 2.77273594705262
0.39334088573544 2.77007963630827
0.391117877462361 2.79523503694224
0.394114624769774 2.75579753983121
0.394071895407043 2.75492996080151
0.391467888010713 2.78698094240809
0.393817360999948 2.75972466642364
0.393303567280899 2.76723468526509
0.388839270970942 2.82326980426671
0.390770279773603 2.79976593042054
0.393708306392034 2.76547075586074
0.391055514019026 2.79525010701432
0.392195115939419 2.78349681177441
0.392856300845514 2.77467196607212
0.391579349117382 2.790678496673
0.391076419949739 2.79331224776805
0.394877525163486 2.74833742229233
0.393390440990066 2.76598853362282
0.387933805501518 2.8346731828874
0.390884426630152 2.79346936383247
0.390671558985728 2.79548199915779
0.390933197953835 2.7931537961167
0.391829641685212 2.78327978651978
0.393256666864369 2.76966066227444
0.390002205525295 2.80898548325487
0.391719982581376 2.78612859802721
0.39093696622945 2.79618325282034
0.391188136890793 2.79024790007434
0.391218655654604 2.79436080311183
0.393616253316527 2.7629762204012
0.393409410241971 2.76363617432295
0.393958080705218 2.75739019096495
0.393024243538779 2.77035682807887
0.39136606350771 2.78868233809709
0.392619199756037 2.77327752401778
0.393435034821872 2.76425919516627
0.392739383988183 2.7739333491894
0.389957794424537 2.80934858437657
0.39169509463362 2.78241176914885
0.38970281112254 2.8087091050683
0.391089541722198 2.79819316333312
0.392203217880924 2.78477824160954
0.392124950290092 2.78017565061316
0.392408495948473 2.77684382509762
0.392778007036627 2.77293434414113
0.392733063952008 2.77286509798757
0.391379549799014 2.79078697530171
0.394393652412233 2.75144663540693
0.394099364379313 2.75828596803179
0.392141555300628 2.78027715440421
0.394199260369684 2.75326384947292
0.391847620505989 2.78530663945654
0.392379714839817 2.77776959864918
0.389560811313553 2.81064464518983
0.391672847170629 2.79140972797129
0.392077759826799 2.77970535280656
0.392063974410409 2.78215735250338
0.390845960498977 2.79660932008012
0.390515799838405 2.80371990731596
0.396707966028387 2.7240446737732
0.392063432390606 2.77952028831016
0.390220132708765 2.80501671456799
0.390463459360819 2.80195244767327
0.393457479624896 2.76371624409009
0.394098042474491 2.75845857584055
0.392938621715639 2.77182402664706
0.395473976008496 2.74313550282967
0.390963605487242 2.79325258306176
0.392196063435001 2.78287273047862
0.394952461800031 2.74787333288889
0.393765490350464 2.76263642533797
0.391997587904831 2.78261805940435
0.395566172236149 2.74206291878897
0.391302275648359 2.79399675836407
0.394332316368452 2.75613074556467
0.39156755333988 2.79129138025043
0.390741177350999 2.79800784444609
0.39089811617196 2.7966599386596
0.393724084691354 2.76322025832265
0.392086781245454 2.78319993396698
0.391512595173156 2.78725988452835
0.390945835373025 2.79526266375605
0.391690456163685 2.78577996445292
0.390957005296637 2.79549203766574
0.390932950145429 2.7969919129508
0.392717892331088 2.77486234394744
0.391538179467855 2.783933446573
0.393606729172046 2.76406306151391
0.391998034372793 2.78431038547812
0.394768835730253 2.74686246671656
0.390345769889603 2.80077735890473
0.390449209465816 2.80368492589716
0.390465665702048 2.80255689197535
0.392002691415519 2.77933015491482
0.390523241371486 2.80178096819218
0.394007356019731 2.75923669176792
0.391045322223522 2.79324872796672
0.393036763165098 2.77227999966974
0.390786602835532 2.79695643577868
0.3918423230156 2.7855431676637
0.391835423425603 2.78276162224989
0.393376380805877 2.765613890055
0.393370151071833 2.7661934940787
0.394956819857755 2.74932741557657
0.391513823698845 2.7889369977112
0.394279481228572 2.75372218830982
0.391082530779039 2.79214694159013
0.39231871038626 2.7795249127579
0.391876762807222 2.78462213433574
0.395026660458631 2.74621933392378
0.392610196016174 2.77217975518595
0.393725861146338 2.76108115298103
0.394310970556736 2.7519110086787
0.391866337402039 2.78308844039424
0.392451474726947 2.7793559054346
0.391288932156776 2.79379347072388
0.393712067076027 2.76147077830862
0.39123103907883 2.78722983636521
0.390378041025421 2.8061505819398
0.392450203237323 2.779967626827
0.391683319946649 2.78655861674006
0.394529813344983 2.75057365563672
0.389413489750411 2.80978432561685
0.392762202204199 2.77706008183709
0.395963603854161 2.73205030815608
0.392036362374112 2.7824187904429
0.391873920309957 2.78570764576239
0.393309970077504 2.76460287674743
0.395277437836592 2.74341746311889
0.395186776824367 2.74607702979885
0.391534747301495 2.78916708067156
0.391572419728729 2.78922558297125
0.393138549139458 2.7660406325715
0.391434861053861 2.78990652161743
0.390163501328295 2.80370052322051
0.394569070826316 2.75043255481937
0.391827638478946 2.78729370459374
0.39057215303918 2.80150738929024
0.392257071799069 2.78359674991264
0.392718922139797 2.77385546540109
0.392032584688378 2.78159572451112
0.393856486165446 2.76230441806033
0.390110382913309 2.80290696463949
0.391177148779873 2.79310078468575
0.392793488732906 2.77466184293604
0.392633474466296 2.77537540191755
0.392380063539059 2.77537920629751
0.39213173082529 2.77933044135572
0.392790090940116 2.77494133511087
0.39085011089047 2.79498918780905
0.392843548456438 2.77301501295579
0.394210803036408 2.75696362030193
0.392481534920274 2.77713054670556
0.393574037721813 2.76236235384841
0.390909480148106 2.79672876997775
0.389615238432802 2.81447338975182
0.390291718395882 2.80581984248026
0.394603213635601 2.7491922252087
0.392810105403187 2.77204186472038
0.391836538308986 2.78728277532106
0.391264650363396 2.79475531823656
0.395560397832253 2.73723554250224
0.390424752704035 2.79820395965444
0.39421240567244 2.75625180521017
0.391676767263423 2.78438964594314
0.39070061307898 2.79706525833607
0.395568278838668 2.73696762993781
0.392063392807344 2.78213196886238
0.393341817571846 2.76817996172527
0.392070482123885 2.78117574709248
0.388742802326366 2.82197157846485
0.390277816657594 2.80168349656553
0.391814229678428 2.78484277913465
0.39385132579879 2.76230035692837
0.395120968413503 2.74239792322317
0.391833019119304 2.78456293998783
0.391577561541817 2.78641229395687
0.392490310735077 2.77847805228689
0.390978564903046 2.79771074220554
0.391159124287202 2.79221080892073
0.390971658949419 2.79918899007572
0.391925138121029 2.78050937618708
0.39412152268269 2.75537869557867
0.392541612119429 2.7769494431399
0.392964680663689 2.7699166110876
0.392493096636429 2.77765859792855
0.391984152740583 2.78420408124737
0.391475885985193 2.78965580007433
0.393568142729783 2.76426682676499
0.392707585420948 2.76878360907507
0.390332322272805 2.80074449459944
0.391741967958258 2.78459200801709
0.393998783836108 2.75900757011762
0.390884396918815 2.79588742268348
0.392614088293176 2.78027835926471
0.393326986395481 2.77267416772368
0.393276169163386 2.76896544812386
0.392244043090306 2.77943700028656
0.39309686905409 2.76581609457907
0.392075740341778 2.78271719938065
0.390896698611642 2.79145572474468
0.391990261079509 2.78274618953841
0.391682743013572 2.78906981846557
0.393287545299503 2.77025534557135
0.3912773975066 2.79471348866335
0.392276310858768 2.77947526565229
0.391373745689176 2.7872840677526
0.392638908292984 2.77541187025729
0.39525513001486 2.74279161627394
0.391924830507148 2.78054222865573
0.392725402015289 2.77443077913462
0.391542147748123 2.79314866807858
0.393395779575165 2.77138784637252
0.392147292991501 2.7798598280499
0.391354960572553 2.78934370077374
0.391887903908264 2.78541883563823
0.393207417938219 2.76597276543694
0.391543046148743 2.78890613047715
0.390447539974852 2.80384071727127
0.389809717347525 2.80874750165601
0.39069857526182 2.8000523811127
0.391671357741322 2.78501312387705
0.391667714621562 2.78880045052748
0.393127476927363 2.77069542039273
0.390475510416071 2.8041386903762
0.390050598281452 2.80407130416369
0.390505392944301 2.8022072771781
0.393627848149803 2.76143160542483
0.39108462032685 2.79343286712035
0.390809979888405 2.79102954592307
0.392156017441447 2.77638010586712
0.391099527809855 2.80079049879994
0.388945307100021 2.81981185398138
0.390613153380889 2.8031024095368
0.392668537072321 2.77043358823178
0.39188599835803 2.78229616870685
0.393309822090598 2.76522400078352
0.394367476092636 2.75330512805824
0.393280615460344 2.76780280321016
0.393653323141804 2.76024548944781
0.390270183612177 2.8044174486494
0.391440113575949 2.78904088968464
0.390941404109592 2.79593625374252
0.391953217552502 2.78248327774979
0.392372161888258 2.77348884023572
0.3918003134541 2.78347377132821
0.391960096573536 2.7831029179996
0.390739671531077 2.79359030220498
0.391890042912912 2.78458677884262
0.390052619199757 2.80695352492344
0.393689445821266 2.76348185747387
0.392896936670205 2.77289636280332
0.391574215207691 2.78821303134965
0.393076810773711 2.77046410123118
0.391635864335222 2.78720499898347
0.389489875932303 2.81356517039422
0.393793222001043 2.75750457298841
0.392174857427472 2.77775716310847
0.390483473232321 2.80086715722438
0.390230342212226 2.8028834071747
0.391779150949169 2.78529318162246
0.393735499162732 2.76303439835558
0.393773771964949 2.76152638303517
0.392107171120416 2.78224718326894
0.390049225746606 2.8085468523761
0.392635372506654 2.77424620644862
0.390853397563264 2.79927925951355
0.391698333094313 2.78724292341867
0.393426222776692 2.76459864914614
0.391226091796823 2.78961750446234
0.392432678758556 2.7754210373043
0.39618557178414 2.73098428524822
0.392052104640621 2.78476476991233
0.392513194511602 2.77820201663401
0.391402074047216 2.78773900041975
0.391725248922351 2.78560381000204
0.391739051307539 2.78643520374052
0.393456471534468 2.76538737385114
0.393373888023902 2.76597257164748
0.394152932230819 2.75987289274497
0.390271814723986 2.80086153402528
0.390930382145426 2.79845622218886
0.394033407260675 2.7572061757876
0.393227750639849 2.76673101153683
0.393111704328946 2.77383125791762
0.391797517368887 2.78623753852364
0.389170961055727 2.81916434893393
0.395176322630054 2.74902844746549
0.391943096301509 2.78372675003673
0.391622635368269 2.78836772291168
0.391863512674032 2.78510482193598
0.39261486827379 2.77369734544534
0.391873902620698 2.78168644083324
0.390538862175082 2.79935939222392
0.392954905434289 2.76656208451807
0.38851562846889 2.82328040729118
0.390473558604881 2.80185101012526
0.393411763130805 2.76294480208384
0.392956940445598 2.77056425096008
0.390481076937954 2.80374930693364
0.391134841236432 2.79318661298076
0.392563357987041 2.77516776411187
0.392903886456965 2.77317876652125
0.39465894167994 2.74980879088507
0.391398944056544 2.78607938040899
0.393375843654788 2.76431150740376
0.394373063120076 2.75033235825508
0.390222483422999 2.80156148977271
0.393009401123441 2.77245738579844
0.39325818404253 2.76443623562029
0.393086353898903 2.76724471877177
0.393804767267325 2.7600035677285
0.3944049156685 2.75357630578095
0.392397987923099 2.77939308249921
0.394208498780832 2.75436936650225
0.391356124595885 2.7903524392298
0.391600547186226 2.78868013296153
0.391846683125221 2.78504981933268
0.393644081831134 2.76024954618884
0.391882811102532 2.78881126085321
0.394617429318519 2.74942182461531
0.391482827173014 2.79246981350136
0.387770896318401 2.83768270573479
0.390890878179882 2.7949953676246
0.392789057835416 2.77212617264153
0.395310102847841 2.74159136450778
0.392355120731426 2.7774448330512
0.391482904663511 2.78667380273444
0.390451833631348 2.80499407116185
0.39266389761606 2.77316053096353
0.39445748624356 2.75187372088092
0.391846036862587 2.78469117495024
0.391206825610933 2.79404414976362
0.393342237191249 2.76770536234352
0.392620440752985 2.77767056116086
0.392368178916272 2.78178150381692
0.393171259945046 2.76790781843752
0.391501759386106 2.78877626359915
0.391455655871177 2.79079966932399
0.392863696253711 2.77195985353448
0.389937405477755 2.80224808981068
0.391220714742553 2.78690644199454
0.392403164224802 2.77866509118339
0.391225706844238 2.78806029661625
0.39069537959776 2.80035914604483
0.392771981202608 2.77057376388725
0.391705078215806 2.78623295009538
0.393071811934374 2.7689936129478
0.392564364586291 2.77469447206391
0.38915742052117 2.81406686044517
0.39266997897815 2.77358263449374
0.393933995321116 2.75823992897345
0.391802000458677 2.78522039995111
0.393409841057427 2.76474470286217
0.394171829464326 2.75588535054012
0.394199047743205 2.75500042032046
0.391005126826295 2.79711416081108
0.394764257315407 2.75045222994291
0.395865649626169 2.73431502625173
0.395093767245988 2.74548550978625
0.392706786107239 2.77400615184673
0.392846316422798 2.77554834346195
0.392953669696367 2.77429450986015
0.391613548608115 2.788335443422
0.392234692981289 2.78231186454755
0.391498963798794 2.78912800415569
0.389655219686297 2.81339158109316
0.391263113895667 2.79007002492087
0.393713850790048 2.75891579614208
0.392783542154178 2.77274113386061
0.392478594071326 2.77896434785171
0.391261920145398 2.7902342225868
0.392443431742148 2.78065215574201
0.393281208213278 2.76631499964441
0.391404098369637 2.79169473596171
0.390619527732004 2.79760406354949
0.394135334246756 2.75643331402018
0.392370394189044 2.77697595130376
0.392529099641792 2.77711787193851
0.391778975050654 2.79089255876947
0.389784232204822 2.81003809443043
0.391559878202376 2.78802938290368
0.393204397591025 2.76999182462856
0.39525739106006 2.74174999268643
0.392418598194912 2.7770014885642
0.391613010501438 2.78568160009347
0.390713319141881 2.79317578808974
0.390962406920173 2.79443728365744
0.391072395620786 2.79050245343554
0.392603955733099 2.77725056786655
0.391323316626627 2.79101473899609
0.392804532975943 2.77334244437989
0.39081519184379 2.79735045132204
0.391956485966027 2.78216890037622
0.392340609528231 2.77876892229175
0.397422684605687 2.71948807113141
0.391432460269312 2.79366547067792
0.394665576939533 2.75343991448816
0.393971760854665 2.75970763472157
0.391370818780808 2.78835695877983
0.39143764394763 2.78624166251581
0.388596594131771 2.82541588177237
0.393245576738651 2.76849047522444
0.392701223235502 2.77240349698274
0.391189630942428 2.7904454692497
0.390245646558803 2.80327862841491
0.392432078267149 2.77792338348491
0.39335905580257 2.76660386715567
0.393106321023661 2.76876630404523
0.389511275703555 2.81403815988127
0.392068916979408 2.78293054959173
0.392064913273266 2.78331825039379
0.395148658195408 2.74401898639186
0.393176390443987 2.76875917566628
0.392654983071424 2.77810866758507
0.393256349649278 2.76593215847582
0.395045597402128 2.74469698600311
0.393009377249854 2.77145003656577
0.394269865412311 2.75518493952128
0.394371894923032 2.75144171993448
0.391353106565452 2.7944619341004
0.388829840516535 2.8230230597076
0.39137667200828 2.79505945486989
0.39402483295768 2.75668599642566
0.393060164645621 2.76738998079651
0.393338814331217 2.76598316995126
0.394626461463325 2.75047288885691
0.393136660216738 2.76963104657862
0.391228083516476 2.7912793871648
0.389944913646957 2.80483601155257
0.393676945788378 2.76122038456596
0.39274277677463 2.77514456060589
0.392197894740006 2.78263631638687
0.393613005764661 2.76172444992496
0.392210347368571 2.78095686988966
0.391210280687331 2.79516570767907
0.392169388711804 2.77936111571842
0.389897658233425 2.80709156564231
0.395909422629691 2.73569957370448
0.390345505657431 2.80085917928849
0.391623169971045 2.78193254035991
0.394133492609909 2.75100526957038
0.392523404158878 2.77900177736019
0.390787060977223 2.80126646476026
0.39257887152617 2.77937387048518
0.392098149926782 2.78154331052501
0.391878536348094 2.78555290163303
0.393872316571243 2.76087845599974
0.391883869366992 2.78584494334085
0.392027337359185 2.7849002455469
0.393249263060947 2.7726474664162
0.392432952510714 2.77972862942372
0.393246320095117 2.76813262704751
0.394024386659949 2.7584277683595
0.392665444948315 2.77404017333909
0.392942727105593 2.77070706640759
0.393950251605874 2.76196371127705
0.391997468958886 2.78499562190233
0.390790280589902 2.79961032956133
0.392705370731828 2.77480028986743
0.39165782307876 2.78672784771657
0.392961676864703 2.77238179053132
0.390952571060946 2.79623599683383
0.392499564022204 2.77661987320959
0.391219826342579 2.78840645314236
0.394374007637003 2.757506377475
0.392042347115211 2.78299022695196
0.393322674583862 2.76532252171559
0.389344958418338 2.81759177045696
0.391376021532445 2.79231372992214
0.392744958158992 2.7749578882475
0.390511657844408 2.8005530793466
0.391236148545931 2.7963542756413
0.393907187425466 2.76200685479558
0.391051616055962 2.79700472108853
0.390273155724256 2.8013654354144
0.393142875137261 2.76848280580463
0.392237632541299 2.78253160088358
0.392669858599639 2.77452559551974
0.393004474653121 2.77405818465494
0.394036921355485 2.76003949201585
0.390320235944981 2.80461811428465
0.39208177733887 2.78434201492063
0.392212432139153 2.77921811495758
0.390952291585427 2.79907019468804
0.392479222047066 2.78053499589473
0.393385591934422 2.76583241217202
0.393376691907252 2.77063575233243
0.393545717320752 2.76486505584413
0.392628570294504 2.77703053594515
0.392565816093667 2.7755775287031
0.392751135547646 2.77181147430336
0.394669915455015 2.75426596538112
0.393419161328623 2.76703706762045
0.392821718298094 2.77189980714103
0.392737500506556 2.77604357358187
0.389468204327284 2.81427751114983
0.391214669196205 2.79029013326321
0.391604625210174 2.78736857423191
0.390058190832247 2.80512382388884
0.391842074129855 2.7854245888428
0.391884239931512 2.78130816883923
0.392661240745208 2.77669871610188
0.392028176754609 2.78220649742844
0.392169086058255 2.77856629220164
0.390054646590044 2.81181615665746
0.395253897550098 2.74093936290746
0.394232524457176 2.75712743191882
0.391556266462413 2.78825160479013
0.392165309996273 2.78339031133041
0.392975690933806 2.76985272758279
0.391721996149436 2.78672490272934
0.391053236171189 2.78982439467286
0.391218180085637 2.79066120764504
0.391369647612843 2.79342158415369
0.390674907322835 2.80181615301819
0.392840422659679 2.77315515365553
0.392859257226687 2.76970067230592
0.392101223670549 2.7796687481489
0.392830134572617 2.77426556210791
0.393580633010845 2.7675192132003
0.393870175144179 2.76018754865502
0.392144242929054 2.78098634749185
0.39164586616282 2.78558867762193
0.393081177909299 2.77042322311986
0.392114461069532 2.78083367909123
0.389333038560386 2.81473652709482
0.39037317674566 2.80292344015701
0.392397055110527 2.78280566725668
0.391239241028577 2.79482460192871
0.393423589402016 2.76574947196891
0.392619059251048 2.77280763567438
0.393833484292638 2.75977780164415
0.392708578063648 2.77559646884153
0.392795268736611 2.77362424289546
0.393603285530995 2.76412517588465
0.392393384869622 2.78109555767669
0.39349248154728 2.76379937366494
0.3928312356237 2.77152048344056
0.394203549685973 2.75631818120293
0.394629117327462 2.75396762812588
0.393644680189292 2.76486167168522
0.391443738143154 2.78904441071349
0.392591470949652 2.77741221626439
0.392668947360807 2.7762783637418
0.391697762849894 2.78458554474567
0.391128366929595 2.78928793467721
0.391553947674604 2.78938175813283
0.393850351161231 2.76083156921757
0.393845276239306 2.76011488609409
0.390361449895927 2.80345955595927
0.391797957706401 2.78566085055062
0.39427377256113 2.75552839163306
0.392663465260673 2.77400279015496
0.392230560559211 2.77914918708416
0.392361845182996 2.78125924606359
0.393740704119682 2.76159690302455
0.391429942786493 2.78917905375087
0.390156036179368 2.80439620383919
0.394397864325802 2.75260107066645
0.3924585220524 2.77652890211456
0.391773303373438 2.78660495757973
0.39468986882052 2.74963851185246
0.394527035729198 2.75052639516307
0.392630080972199 2.77236952156277
0.394078604093421 2.76146945110326
0.392411214766302 2.77562584286224
0.390651894579734 2.80210205553009
0.394502677473313 2.75202084249894
0.396778540197521 2.72402832369516
0.394567552618937 2.75210762939192
0.394041414309093 2.75696500226284
0.394370511953109 2.7558740803683
0.392164450153582 2.78169830499722
0.392360451121304 2.77934123206331
0.39211640826377 2.78294559610215
0.390219211789888 2.80957058111281
0.392383335382207 2.77735636061278
0.393420708092458 2.76610355170754
0.392190303801716 2.77662949310721
0.391633211407937 2.7839833531811
0.38941958831345 2.81189808510224
0.39189952447819 2.78736517552787
0.393953433462253 2.7571767213754
0.393431322090084 2.76840053300455
0.392147656580342 2.78439371466977
0.391756179537459 2.7893581634465
0.395261381875198 2.74579371030715
0.391397024269229 2.788904903563
0.393925093179104 2.75955425819711
0.393306153937477 2.76789447767144
0.391727399030147 2.78513737141182
0.393092543019503 2.76832910453688
0.393074002423264 2.77424322805164
0.389852483270483 2.80860487635625
0.392217353389201 2.78260030784345
0.390187971086171 2.8109049468297
0.390463130493953 2.79967619535516
0.392551616026353 2.77519567315482
0.390127775996246 2.80238693125214
0.390566011039168 2.80043239521991
0.390762550767282 2.79443862604631
0.393477855095429 2.75940375453954
0.392582191027201 2.77529495200862
0.391249725065399 2.78979469974437
0.39340070534706 2.76841964422108
0.391047727890096 2.79152049465742
0.390859121796089 2.79920302174663
0.391902372892377 2.7839373670469
0.394159611671412 2.75586781469038
0.392988020846096 2.77517062832028
0.390531211594431 2.79831644108388
0.393008929531023 2.77339508578968
0.393109219956984 2.76937992369291
0.391807166518097 2.78621125342149
0.390838811208156 2.79943386051878
0.39331723054529 2.76738101557474
0.392952299687919 2.77182038069301
0.395480734728938 2.7437067868805
0.391666361169598 2.78626785494177
0.390325318434264 2.80675486040829
0.393187043650036 2.76992592087298
0.392065448677079 2.78164815503106
0.392825856329174 2.77035159628196
0.394504127456587 2.75252196910052
0.392335191554359 2.77466936822039
0.393029313546168 2.76997673209336
0.393147876398369 2.76940654066597
0.391746933713527 2.78712342162326
0.392896071553922 2.77222862927835
0.394467164691448 2.74942357500523
0.392073774264003 2.78067536924042
0.393646301222561 2.76146387247091
0.391952698568765 2.78604828915477
0.390398800662139 2.80335217833471
0.3917784715883 2.78607970065632
0.39248255446375 2.77719822270713
0.393351506715919 2.76738980901413
0.393533906704319 2.7646058217312
0.392782664170726 2.77395991089815
0.393785268942011 2.76079745305527
0.391389419177211 2.78994773485153
0.392651403465864 2.77472461630441
0.393277175286797 2.77021954682199
0.390033156269377 2.80927744115976
0.392025832089965 2.78462413877839
0.391170620185722 2.79676382571746
0.391856287316571 2.78760572759973
0.392016935258857 2.78426922034668
0.394985958319892 2.74680456178531
0.393810638796676 2.7608197451591
0.395067158662772 2.74036423906638
0.391869762618421 2.78495325439556
0.393694915937129 2.76413002813876
0.393785526603737 2.75989372209919
0.394393172812358 2.75849476203215
0.392988207134057 2.76956644629613
0.393565201502969 2.75931957490433
0.389882226749802 2.806739302227
0.39351522207141 2.76588476892638
0.392793668023905 2.77126986710053
0.392130694864641 2.78254930548505
0.390509209099936 2.80578651829304
0.39098945109055 2.79404276497313
0.391773663639029 2.78449801737315
0.392423671521912 2.77917064879902
0.393034261123003 2.76408238970728
0.393482998211661 2.76552050808174
0.390763387761817 2.79869135261072
0.394394571327582 2.75878195012934
0.393618229194014 2.76373856367226
0.389657244810611 2.80690368160492
0.391707670097272 2.78491860814816
0.390659609139052 2.79924804929306
0.391704810038338 2.78669516085837
0.390354310307127 2.8048821727841
0.393444856871468 2.76492728384321
0.39277013081809 2.77178111592239
0.390621322721075 2.80271839541155
0.392170268210331 2.78234739324416
0.3901060266152 2.80394444369111
0.390597656744241 2.8010120272518
0.392893880592507 2.77382848424879
0.39180164394133 2.78438985875553
0.393473765548037 2.76416608527346
0.390698894991322 2.79533469102025
0.394774342886929 2.75183908789839
0.389301671596398 2.81807747980985
0.39198270720149 2.78320281523501
0.392627417315786 2.77526789045559
0.390989906604521 2.79195966273676
0.393956222595317 2.76119694797412
0.391982461145543 2.78391366150203
0.395189931226323 2.74573961887453
0.393584798714689 2.767358994862
0.393948166359317 2.75663039650313
0.393738103971789 2.76162492529172
0.391713284095882 2.79007786600231
0.391980044097048 2.78170453141224
0.394036124473137 2.75625974114469
0.392124769446175 2.78007233169583
0.393148683596858 2.77476456877951
0.392247806836748 2.77339568283434
0.39404259909471 2.76095712667441
0.392672608534403 2.77680652221495
0.394266635814843 2.75353132464163
0.393455809493611 2.76530323598003
0.394394294694718 2.75967739752832
0.392503966445356 2.7756888709464
0.392647365725401 2.77369697502037
0.391641465418876 2.78361811693178
0.392864227100969 2.76990036405722
0.391003432774254 2.79641523490017
0.392250456028021 2.77812723422209
0.393049838029207 2.76988596890847
0.394951786114108 2.74773831090421
0.392897887290741 2.77088726860161
0.392122157321245 2.78165506856271
0.392570470435784 2.77443755552346
0.393038924418906 2.76772498437495
0.392228359162112 2.7794113552739
0.392424569399743 2.77729473145287
0.389276256070416 2.81541660240852
0.392389414114374 2.77968639662998
0.392464522222319 2.77542531235948
0.389080497986132 2.81519228558876
0.390943093732328 2.79469163837827
0.392918663429383 2.77064701861521
0.394555095612234 2.75143737491129
0.390600787511576 2.79827156649396
0.394754411265353 2.74907612174004
0.392993692282364 2.76767488707208
0.393886640186821 2.76052023919906
0.391256940393109 2.79481933351172
0.391912635834176 2.78497926587247
0.393502410100723 2.76210777261504
0.392681528891814 2.77310538760131
0.392097599361574 2.7820409947444
0.39357214755268 2.7667351227583
0.393493918880703 2.7666197543484
0.391774834093972 2.78517859642676
0.394367000704017 2.75292522371921
0.392800250873364 2.7681128372966
0.38924112751305 2.81550214489905
0.391224148736253 2.79193129439497
0.391045602981181 2.79113281485704
0.393087834749725 2.76447579186026
0.390527948394736 2.79902726654583
0.392664207127666 2.77643435661856
0.390687139200488 2.80156888723825
0.391519164403589 2.79004847656246
0.391334728313005 2.78736030816299
0.393033084501594 2.77267741649768
0.392896458585034 2.76860646151509
0.393080793650671 2.77128608045134
0.390233451202527 2.80448173638287
0.388855343718876 2.82007084537992
0.392593227414501 2.77840998827576
0.391915461538929 2.78296719424558
0.392869495212228 2.77194839229758
0.393637407943581 2.76538729334827
0.391542788611701 2.79240229321668
0.392382139650417 2.78037034403486
0.38935554262207 2.81523249039792
0.393002579342205 2.77005580738308
0.392360711478686 2.77598783764303
0.394106165594821 2.7577715386918
0.389655934760271 2.81394175110737
0.389444129455298 2.81426765703696
0.391141718204717 2.79338245892076
0.391590667261869 2.78793900189771
0.393301855659345 2.76621893291469
0.391242057434592 2.79176016575606
0.392891223875111 2.77091234585719
0.395801098726568 2.73779174760154
0.394823254662667 2.75067965429417
0.394561926058451 2.7509015194002
0.391842687489626 2.78440935705788
0.391709877259612 2.79234096054361
0.391986739896692 2.78309751927766
0.392060830688975 2.78057527314204
0.392270458756825 2.78367364018275
0.391515936964193 2.78603301875957
0.392550272965817 2.77647139314076
0.389428848389331 2.8185335589094
0.391565145372446 2.79224941310843
0.393079968899074 2.77140309471842
0.391128878296229 2.7923890799034
0.393056357883553 2.76949041782729
0.392112622778525 2.7833416872854
0.391012010638424 2.79618165168491
0.3911410854918 2.79595705798463
0.391373841980962 2.78694416900275
0.392740752917667 2.77011078113445
0.393291316783799 2.76327265452947
0.388219941831123 2.82895722573053
0.39441194409583 2.75556537717718
0.391735731732855 2.78412171998004
0.393442858403044 2.76440005952491
0.392229159893326 2.78066506464278
0.393578287238698 2.76322467281916
0.391858754719158 2.78371828370239
0.392404872290803 2.77760714502233
0.392490609755159 2.77709910872798
0.390485573756795 2.80123681042766
0.392246110665947 2.78056400666472
0.388580739502852 2.82292321979771
0.392755518275951 2.77661131121447
0.391954252060051 2.78279402652733
0.392427685134973 2.78033362446934
0.391302436381256 2.79260101002161
0.39037836681521 2.80116914950561
0.393187382591826 2.77016658147675
0.390962004735056 2.79389489294895
0.393507740220724 2.76468375547758
0.390192081056227 2.80533711194886
0.391988739275277 2.77947455266941
0.392775680960404 2.77223222513546
0.393548294462582 2.76214312681182
0.392126807691345 2.77897675830991
0.391305793010035 2.79382447727185
0.392965814600325 2.77195689525294
0.392971773853605 2.7734480099076
0.394073591456274 2.75729926907238
0.392104216381359 2.78140895329748
0.393105024695669 2.77155713752203
0.391140631776288 2.79391837549017
0.392659275111502 2.77591203322618
0.390764592852957 2.79760237779716
0.39284735201657 2.77333985808965
0.39247789112132 2.77739532200795
0.391372042695416 2.7929750232378
0.392197596145177 2.77889172120913
0.392457801874713 2.78213516255689
0.392509872826884 2.78023985907205
0.389576567573765 2.81158960037624
0.39262592286073 2.77707745215833
0.392437601157679 2.77563389859031
0.39247465231515 2.77576695669082
0.392603057777432 2.77425446607623
0.390965056881252 2.79521999263898
0.390490608892995 2.80158167101516
0.391377244910391 2.78867009535251
0.39364840317564 2.7655091630153
0.392950995336456 2.77125743963467
0.393658468695712 2.76514771031454
0.394195443506601 2.75931785539073
0.390652431020351 2.79928737670955
0.393029196800117 2.77494351500306
0.390881286065528 2.79549721828519
0.394422718353098 2.74842048668595
0.394965924809119 2.74362379778674
0.39341024247775 2.76824665565342
0.389264248053408 2.8169581006951
0.392415921191939 2.77936923976531
0.393217987164446 2.76660662512627
0.393815950588528 2.75751923669488
0.393843432609415 2.76244029549963
0.391018696657167 2.79650361028794
0.391594723236099 2.78619758333516
0.391354229682626 2.79068001773018
0.39063918027637 2.79962113880201
0.392526294799614 2.77829395557074
0.392557580783298 2.77398135662095
0.39513143889405 2.74197906483546
0.394994401446711 2.7497836596395
0.390351986039014 2.80640773711093
0.394031376973994 2.75930769640336
0.390638544172052 2.7980143167184
0.390752820058256 2.79591503204183
0.392577550083117 2.77521235029859
0.392292420327784 2.78016374265133
0.392388143450643 2.77715250479909
0.391397339080875 2.78903365933515
0.392535399925202 2.77390119544468
0.389924620598142 2.80993843163095
0.390460458334659 2.80130822508467
0.39270142515736 2.77747639046915
0.389799006661513 2.8090676708567
0.391994196612602 2.78369072254559
0.391777660992063 2.78748412209915
0.393422365208773 2.7634174037655
0.392562538192803 2.77653441316138
0.392954315107056 2.76785220182489
0.391034185485478 2.79447580971095
0.390463896928917 2.80025280305486
0.388824235711345 2.82497324484755
0.392111020679864 2.78284378146212
0.39079781531907 2.79807067908535
0.393687947025681 2.76279672214723
0.394347906434297 2.75586271771612
0.392914269231886 2.77465615113243
0.390315513806937 2.80627895768188
0.392778438150253 2.77339743686644
0.39212239516223 2.78513270039225
0.394304627801044 2.75719010224088
0.393331526300183 2.7643144796694
0.394687000517092 2.75141593987121
0.394434156076547 2.75682040984011
0.39110335295925 2.79558139756797
0.394057531930206 2.75569560527614
0.392367660740615 2.77902663460112
0.393084027897567 2.77162241017272
0.39432839129409 2.75386710231852
0.394393474231275 2.75315000957963
0.392229896693653 2.78038582423477
0.390219628447962 2.80281700203353
0.390255870287004 2.80522581380087
0.396515968272171 2.73040231211303
0.390996852169317 2.79482100714684
0.394970763230923 2.746996277197
0.393841465121953 2.76025797728891
0.394059022888429 2.75703703268722
0.390808514682093 2.80028294826999
0.394855617377106 2.74670161439394
0.390819547413506 2.79959275031587
0.393620533383153 2.76592268546705
0.389760503233124 2.80924789762018
0.394323503240706 2.75259880421848
0.390443301756755 2.80060903663846
0.391501716072194 2.79206677231266
0.389562565273059 2.81199402472698
0.391008948434292 2.79399343091445
0.39045305095138 2.80295754190538
0.393545646960158 2.76685976789777
0.393137797007008 2.77152824320894
0.394893262324251 2.74869636524927
0.393502526797914 2.76510718255762
0.391016367704561 2.79487976305225
0.392751391832007 2.77396022395565
0.392002732988767 2.78793833152593
0.393289499476873 2.76524468734937
0.392277560826924 2.78034382836019
0.394666382604522 2.74969162498831
0.392332235282543 2.78135500390248
0.393012245067005 2.76902248018319
0.389891684568307 2.80703594866341
0.391574930482267 2.78975207424432
0.389524589761028 2.81232455260083
0.3910971757247 2.79739547361122
0.393849047611264 2.75642993833779
0.392025685256562 2.77676575504313
0.389039637978791 2.81892798995116
0.392404636297378 2.78130704313426
0.391994925177624 2.78485762995902
0.390051223424997 2.80449745900637
0.39240852971238 2.77583652383545
0.392209961251602 2.77937558906296
0.391412436141939 2.78471514246017
0.392749645434796 2.76979729651611
0.39244893615751 2.77508782401186
0.39137438076232 2.78941336497661
0.392692662215509 2.7773287014988
0.390845706084123 2.79580737196066
0.39228900383335 2.77762823865176
0.394799648092094 2.74976211674837
0.390342919095012 2.80336181395873
0.390235855170345 2.80058993858052
0.39468291195961 2.7460882058024
0.388959965252028 2.81870487905435
0.394961817475211 2.74934699586392
0.390374197751847 2.80302857887474
0.391913598339779 2.78396430737117
0.394211944098951 2.75725628121581
0.393003456617996 2.76900202642227
0.391896561699748 2.78439333916739
0.394097010134334 2.75703006242894
0.389859078080612 2.80590538367953
0.390979556730301 2.79184511037475
0.392084204489988 2.7834794200664
0.389865995315138 2.8068186708652
0.392070373320143 2.78195453599936
0.392349270161501 2.77763430631341
0.392962502164164 2.76573148512061
0.392767250936972 2.77237945012679
0.39013304923803 2.81126266722314
0.391741251023255 2.78503346018034
0.390156100189147 2.80329743990125
0.389364993423966 2.81781053968319
0.387562841779875 2.8342785326137
0.391463191962098 2.78903834091233
0.39175350970025 2.78911288866141
0.395666681156036 2.73794357970702
0.391874104596129 2.78810564100886
0.391936566326716 2.78536262501646
0.3922891340506 2.77810879038412
0.389342309476079 2.81563485714575
0.39135022527381 2.7939971773105
0.390421975233509 2.80118479813955
0.390766386171492 2.79982771125117
0.393420254204552 2.76311906654165
0.391813583166612 2.78496648744686
0.39299791611685 2.76961142894327
0.394409968089666 2.75385346848206
0.390014784375587 2.80622347261065
0.391159611434976 2.79188749624886
0.393253316953967 2.76775937728357
0.39071485410395 2.79884903096606
0.389062241621398 2.81671652339111
0.390313184577955 2.80719614444075
0.392863802240902 2.76921901747221
0.390232176873954 2.80259220178957
0.394000310732933 2.75613381505276
0.393546222371329 2.76016181886418
0.392160179798356 2.78047775360477
0.39421910456808 2.75760494844958
0.392864717326857 2.76934477445602
0.396084995124611 2.73531852045027
0.3899734326249 2.80431661536529
0.393666125496343 2.7612069240968
0.39228851224875 2.77754973816946
0.393022990525108 2.77256545397619
0.390790719571809 2.79761409062004
0.391013483764958 2.79112947087679
0.390916752894285 2.79465496953133
0.388415255708915 2.82975938818647
0.392713006062921 2.77189699997606
0.390534073380833 2.79777795267185
0.39109385045493 2.79295036805444
0.391604978833151 2.78802186351589
0.392444903554861 2.77872783106968
0.39295989925711 2.77018413922045
0.392218783126385 2.77855659391582
0.392200182396551 2.78053668292708
0.393455195819987 2.76729398987855
0.3918426056285 2.78691363475408
0.391529031805255 2.78807811534302
0.39283677085667 2.77035981551429
0.391816267672195 2.78382801454158
0.394910315171173 2.74799622544161
0.392197987959924 2.77839418947141
0.394309175113992 2.75597736485106
0.390356678418691 2.79995551064055
0.393815592962763 2.76233664483167
0.390399762755526 2.80212280710748
0.392200784929812 2.78059730223979
0.39157337676349 2.78718852088209
0.39331730151 2.76453133337799
0.390495207655716 2.80147728172828
0.392524749941073 2.77469932137892
0.391539332975846 2.78657448800493
0.392541775630059 2.77480798032842
0.392587281936666 2.77250568365567
0.391836103619932 2.78755455840094
0.391153909698676 2.79693610587619
0.390978752845918 2.80129433541592
0.392379510217665 2.77648232796016
0.393068455175746 2.77166420179962
0.392271073182809 2.77896469363766
0.393018697798671 2.76960507785453
0.392927847044273 2.76676842986612
0.389220098008548 2.81509704793858
0.393038875128514 2.76987833662431
0.392202950622034 2.78248965765107
0.391818577312003 2.78897865554172
0.390945141962017 2.7920406593845
0.393814157107032 2.76178570684495
0.394467784333896 2.75575735642116
0.392343300313129 2.78015782384289
0.390407970122722 2.80684921659523
0.390282779751491 2.80174698404283
0.392130425233372 2.78104790925789
0.391265045754868 2.78957348488632
0.390171846643424 2.8029894112015
0.395262024987493 2.74152032153795
0.393490835621463 2.76580152645107
0.392768287903808 2.77289091536591
0.393017921568512 2.77003466232062
0.393121382752028 2.76768246932335
0.388898932053845 2.81979872322845
0.390649835854122 2.79888320438998
0.393341490224475 2.7634513428241
0.394168124628654 2.75560843009442
0.390328093287796 2.80448515660958
0.390296070028938 2.80262539155695
0.390437284711668 2.8013849517025
0.391820062740888 2.7865115317727
0.391153846993409 2.79405613231426
0.390894217555096 2.79750005299715
0.390959287678845 2.79197956738093
0.392400773401696 2.77651638439804
0.392907657845353 2.77105019622625
0.39251319430603 2.77472921179118
0.393325200356623 2.76270671410161
0.39214630849419 2.78253542073474
0.392941253444821 2.7728847965794
0.39126937795355 2.79273866288725
0.391087413875594 2.79433783310273
0.390430816787771 2.80294825255961
0.392283214920818 2.78230100588361
0.391930127669678 2.78424873643088
0.393213515432166 2.76811556469042
0.392711130275883 2.77252988361372
0.390826614869149 2.79906887410662
0.388042901120261 2.83091586030424
0.392514217158625 2.77876430826518
0.38906035452399 2.81953693925422
0.394110074326868 2.7555620779204
0.389314949242054 2.81581774532021
0.395767742423935 2.73778647184341
0.392138340616544 2.7797789425106
0.393053203438919 2.76890969995309
0.389452937396626 2.81720443479187
0.391399412309149 2.79177959267302
0.393455630390496 2.76622389615207
0.391703786914215 2.78905058263024
0.392817660498412 2.77218835527249
0.39103062062575 2.7944090961641
0.394446523344169 2.75745897771742
0.389963467831212 2.80658901178115
0.393546028816639 2.76221931744263
0.391645870751606 2.78988133779697
0.393763339476761 2.76164227496557
0.391604817733825 2.78831006322007
0.388203003404001 2.82614158301575
0.391723876198225 2.78520789653897
0.391762611960532 2.78974664533681
0.391506922284434 2.78865277915049
0.391942180775758 2.78260198041882
0.395057949740348 2.74439006844259
0.391595547726677 2.79055261661155
0.395016685628832 2.74453520682439
0.394133089242565 2.76039597346989
0.392415279230498 2.78012019952089
0.390481243785537 2.79681712868843
0.391354569908059 2.79281861733342
0.392479951121063 2.77759730688752
0.392411603267954 2.77745558501135
0.390490982393311 2.7982034914005
0.393136248185391 2.76846972873305
0.391764180744818 2.78181806751958
0.392455078805505 2.7816811002799
0.392492968808565 2.77254905524948
0.392408399732847 2.77862565132485
0.390208776780093 2.80522713056628
0.391481517324131 2.78993200798275
0.389467826645507 2.81624447480145
0.391053515679598 2.79554468724355
0.393797384792983 2.75865336455894
0.393657367828622 2.75900109914563
0.393523729436353 2.7668314189371
0.392489670742882 2.77487236636087
0.391074278727427 2.79500441692663
0.391635379268165 2.7865865418536
0.391471049455359 2.78919269674675
0.391402638051121 2.79311651774421
0.392591871867544 2.77603139920101
0.393737231177802 2.75696768542227
0.395338046425203 2.74488618687493
0.391376334037601 2.79249079868653
0.391203785441066 2.79320332868867
0.39003597191035 2.80614422305675
0.394280168977811 2.7576529115493
0.392276751997829 2.77683909901519
0.390193393389113 2.80112464752439
0.395026842097221 2.75001895126426
0.393447303982339 2.76303373759258
0.394793111102679 2.74735712198495
0.394485436607082 2.75094760174383
0.392398526179214 2.77788992233144
0.39443932961296 2.75440035723079
0.388731507110453 2.82330660511905
0.394727796350157 2.75006471525575
0.393721412233092 2.76198380663333
0.392654675304816 2.77131934006558
0.390001223876347 2.8082312212066
0.394248237160109 2.7581416103635
0.389969864750342 2.80433579006901
0.392065511472415 2.78274476506758
0.391802452921153 2.78869011372026
0.391840091964224 2.78407491435186
0.394729819018842 2.74904098547458
0.393275414519073 2.76774950237369
0.394342770127953 2.75278514643575
0.393604464470303 2.76920239933574
0.389325569569409 2.81336697994719
0.393358378711801 2.76222117764705
0.390625263429571 2.79492992326332
0.393751522425153 2.76680847530833
0.391150962851416 2.79467188806815
0.394829664736197 2.74575106905058
0.391216327874292 2.79526525815287
0.392207051643977 2.77772032958915
0.390278708917397 2.80546725598243
0.392407955549495 2.77868642757935
0.389809558175816 2.8102857661074
0.392327632139186 2.7790092224542
0.391970998281203 2.7785954851091
0.393084253659863 2.76853885231303
0.391443314410632 2.78957182976257
0.39416466198364 2.75955582990788
0.390252714826942 2.8050864056001
0.393548947771862 2.76207136103941
0.392937377059607 2.7722413585058
0.393778452307798 2.76064290362468
0.391406775944343 2.79252205579173
0.39282980776471 2.77185131994764
0.391233895340022 2.79057834131768
0.392658724668177 2.77595067336662
0.392296607117521 2.78121008561894
0.39242419330664 2.78112818263042
0.392419649532687 2.7748025832355
0.390706212668578 2.80119525545057
0.390791957745307 2.79539899463645
0.392372020395465 2.78027655818251
0.39187883866168 2.7845010026073
0.389081142002351 2.8196659629632
0.389194467089301 2.81633857296497
0.395474808390437 2.73938149172451
0.39228292708391 2.78063353370381
0.392704261118782 2.7750228008802
0.392412044085499 2.7788070690281
0.389339303473908 2.81162212327327
0.39214209840576 2.77862382909656
0.393318498725894 2.76567337047587
0.392246082022612 2.77978352411336
0.394378278915064 2.75656490310718
0.390617964515634 2.79750308742029
0.39295701346395 2.77397980429384
0.393400254306695 2.76479648021794
0.391002291590855 2.79653714906466
0.3921540783713 2.78380192156651
0.393310814705071 2.76568636532794
0.393833449035115 2.7572639461147
0.392953636014944 2.77468414581374
0.391029118928555 2.79220478288701
0.391909961649608 2.78555069957828
0.390761911685634 2.80199747885681
0.39141586459021 2.78957565712814
0.391629346450757 2.78736112161765
0.391327865347747 2.79150799342824
0.391196160267205 2.79653738009863
0.38957582722263 2.81231665810247
0.392810891378465 2.77310981094244
0.391158728305167 2.78999342889376
0.39310774151085 2.76908169982207
0.392697171721889 2.77853756364784
0.392169311309629 2.77703972125486
0.389088960694223 2.81681485542508
0.391607342807536 2.78482768820119
0.392456326064903 2.77558856844933
0.390979580116161 2.79397238697626
0.391471096543286 2.7891275574585
0.391824428218112 2.78345801058216
0.392197284802422 2.77926199632421
0.392779763498388 2.77321135563055
0.393626454275495 2.76401347271462
0.394911050257077 2.7461857563392
0.394418002149672 2.75320292117748
0.393699493965525 2.75826501017338
0.390459345254586 2.80436545137779
0.39168102535333 2.78217542467048
0.391451905807387 2.78755363777015
0.393129058550806 2.76509678363448
0.393116358503033 2.76887187169361
0.391513548499132 2.79056074783997
0.391314745985404 2.79059982298804
0.391806736242781 2.78559594335065
0.390304378296412 2.80245101783656
0.392627672917261 2.7743265744904
0.390133490997594 2.80156926850901
0.392216218268842 2.77760060389894
0.392215415178114 2.77900285119122
0.394459716005604 2.75528620005655
0.3907370240895 2.79679163827389
0.391978873582044 2.78293022966568
0.388356423562957 2.82177959072492
0.393789970194851 2.75966479156807
0.393836897878392 2.75825520902303
0.393673497201525 2.76482135203798
0.392436422428771 2.77350747633038
0.393081350804882 2.77084974408269
0.392913496082993 2.77362843803085
0.391887585054273 2.78632653207854
0.392603188571882 2.77793574241714
0.392059459990533 2.78158700290329
0.393646192806152 2.76028222416742
0.391814743396554 2.78588143702137
0.390129394447037 2.80162151915204
0.394581092274458 2.75172954558139
0.393737958087084 2.7616294758198
0.393418970609145 2.76627583888239
0.392682161010316 2.77500559277959
0.392294569957928 2.78289603355583
0.391610593089458 2.78657971641085
0.391700283419266 2.78605207567918
0.391367306061536 2.78779639705058
0.390757489945606 2.79596440499385
0.390042668748757 2.80910949265662
0.392768894418372 2.76793018103152
0.391251835120821 2.78981607681926
0.392976654906782 2.77040781929342
0.391814980612861 2.78410736932462
0.39286896961273 2.76841955179156
0.392945890988124 2.76819138828604
0.393567585313184 2.76137296629636
0.392461685101806 2.77894853090189
0.392166214166201 2.78464870270343
0.392650181764051 2.77674898108196
0.390034728395718 2.80637773658002
0.390841868701986 2.79372569567349
0.39215632545146 2.78349489184823
0.39309677100061 2.77007007816712
0.392534754907545 2.77315212808242
0.39157662039182 2.78625627366231
0.394667466705605 2.75104640631437
0.39048206672425 2.80197696861289
0.39140092263356 2.78511946118758
0.392614284541057 2.77359180160606
0.393740042710779 2.76125633660719
0.391291489959065 2.79383144408373
0.391044634466285 2.79624848903501
0.39159677578378 2.78536657030351
0.391138374700346 2.79532429796463
0.393955816694774 2.75635975908392
0.391784607737311 2.78678150294869
0.391594757680996 2.78904771532529
0.392552875760512 2.77178400120572
0.392438539889891 2.78390611059625
0.390995298011095 2.79512279228548
0.395357509758275 2.74239129812241
0.391660567189628 2.78667957062259
0.392595752505308 2.77577368632403
0.395367737470283 2.74149146994167
0.392003177191779 2.78079615587461
0.389335449012542 2.81194837978428
0.393226927302218 2.76613304428211
0.394807813129059 2.74747043484215
0.392252103702388 2.77919133069758
0.39191968788722 2.78414489305926
0.390345917556033 2.80062373179047
0.392837981615605 2.77679022181507
0.389828521278619 2.80875196273012
0.392308233271548 2.77715624779459
0.390172737751237 2.80435757982809
0.392147485983218 2.78222385031777
0.391709882310761 2.78417846996509
0.394193567516393 2.7514450461748
0.393000562350157 2.76662093012455
0.392549774294211 2.77592547698952
0.39546759202462 2.74541182426512
0.39535284209676 2.7394516654966
0.393486605250774 2.76397989463801
0.392553680106964 2.77589698292079
0.39072508040264 2.79728181367092
0.39029363619223 2.80778734398962
0.390702846688606 2.7965489379901
0.391504518622013 2.78797171539795
0.394095414593291 2.75535802113333
0.392494085748511 2.77630897514908
0.390788521957366 2.79946477426014
0.393245174035646 2.76919544521742
0.392617400666146 2.77532368219008
0.392903621552433 2.77005968969564
0.392113909080499 2.78516253026193
0.391511873545091 2.79244085538149
0.392507272437528 2.77619584203271
0.390993932276789 2.79644277490863
0.391516547388213 2.78391903775846
0.393172453068955 2.76546025042625
0.392094988749209 2.78201334944431
0.391920985821238 2.78551267500642
0.393391185312451 2.76454632461276
0.392610991348058 2.77215103136194
0.389757855632796 2.81474890905997
0.394381894287867 2.75421738623394
0.392105922540341 2.77652043452303
0.391086035478359 2.79362724182446
0.391713537683709 2.78270609307444
0.390054659606414 2.80547527533181
0.393075883022219 2.76840358009587
0.391970059502461 2.78313358160136
0.392999081736487 2.77703949524469
0.39159274172636 2.78773116067276
0.392080275468377 2.78059229257303
0.39145505886728 2.78715398370737
0.389999171925843 2.80835884178246
0.393921061919351 2.76127924271288
0.391190421749618 2.79203182474085
0.392681690937869 2.77289492135017
0.391224312133489 2.79257916380898
0.393696230014084 2.75730561913353
0.389942929093301 2.80691810447479
0.392098665344764 2.78147394632901
0.392983372583655 2.77108665239416
0.390527665258889 2.80145185113923
0.394113730933053 2.7524863024984
0.39001595628209 2.80907764724416
0.393604798874945 2.7635021436209
0.391638667260149 2.78513639429162
0.392464988480541 2.77997623354197
0.392659298611073 2.77554995773735
0.390240548666063 2.80496843439124
0.393816832640772 2.75998557356992
0.391308290596813 2.78717921222855
0.392365827367392 2.77793765161655
0.391906863584194 2.78279376419131
0.390741323330885 2.79817536163107
0.390821542149052 2.79702629982029
0.393820306551658 2.7616581849193
0.390140907576632 2.80239739956013
0.391526241070512 2.78666903387726
0.391067903793827 2.79402475006207
0.394051854110033 2.75541176865294
0.391573381724368 2.78727615843676
0.393060615869497 2.76686643849601
0.390556675409815 2.8039003929395
0.393427766721912 2.76382682324205
0.395059307343548 2.74757594151895
0.393484481422064 2.76979524694308
0.393285455376255 2.76733828818725
0.393642659926905 2.76467613775604
0.391732817376751 2.77973764420649
0.392444774253859 2.77766775023294
0.394577451625879 2.7547010860932
0.390613240573677 2.79608004888858
0.391658233875421 2.78708602060126
0.392381186511114 2.77798153437556
0.390631661524048 2.79900844173512
0.389478637968899 2.81215852577564
0.390792844390767 2.79750909720067
0.390570253153962 2.79563004165474
0.394334904203657 2.75689079704557
0.390415088766579 2.8014752916679
0.390282703964003 2.80458932013608
0.390529221499896 2.80152936836913
0.390860716302298 2.79799522172271
0.392880491660239 2.77559060405428
0.393852167855923 2.75624716914485
0.39209680998085 2.78263920333624
0.394040856920666 2.75697752360126
0.390704375083856 2.79477252187488
0.391618192802212 2.78476622680851
0.390504713338857 2.79862298346402
0.390296874079319 2.80709856290489
0.393235372057694 2.76549466254001
0.392066549037828 2.78359646020196
0.393599663510356 2.76330107456602
0.391912812402145 2.784341156228
0.392640002473438 2.77560145028088
0.388215373054404 2.82384079437431
0.391715589463558 2.7868617769718
0.392768838185527 2.77411693060064
0.391713504553301 2.78948914516432
0.389557219015063 2.8161733993668
0.392482577546965 2.78137886300271
0.395177005450822 2.74841437688633
0.391176870127644 2.79297742714074
0.390152418856995 2.80704048821876
0.393836852023831 2.76035392052118
0.387724218953628 2.83738395585678
0.393195333679072 2.77079248654635
0.390995138409709 2.79389941544605
0.392236484888242 2.77899658014979
0.391794607946543 2.78752824631162
0.391509351598952 2.78974264664573
0.393058150061466 2.76571011859235
0.391840458541818 2.7823736773796
0.391486447120589 2.78817492925732
0.394326439247136 2.75666599032933
0.391670242602724 2.78738153420922
0.393675269370683 2.76181535542894
0.394026264844798 2.75941161648846
0.392451078011128 2.77811970291378
0.393379426146428 2.76536595419586
0.394978822317797 2.74885144157366
0.39061493696216 2.80440322131737
0.392387920345576 2.77863617520373
0.390574385472862 2.80020970597448
0.390182786359 2.80459568993996
0.391613848510819 2.78994408785117
0.392955066837112 2.77026190849279
0.388797280634829 2.82310133266745
0.391920694633522 2.78432804854941
0.390729835806964 2.79735463824782
0.392621529010811 2.77321052464541
0.3936286464647 2.76231878073076
0.391785515720418 2.78250048882279
0.39369984601935 2.75934799716614
0.392618959502907 2.77367864798081
0.391261294121712 2.79565948499462
0.390204577259136 2.80317462981796
0.392234180509278 2.78163434753166
0.39049967113947 2.80197723944874
0.391878751786961 2.7853883870134
0.393045511925328 2.76822912001081
0.393068114428109 2.77100557861502
0.394045819245326 2.75824033510052
0.393536197816751 2.7656657681255
0.393222640425348 2.76285313237337
0.391447543713698 2.79203200025179
0.392131391470787 2.78048346176857
