0.376575314822926 2.25558743941072
0.382254407234382 2.17126167914071
0.381730690017972 2.18314778485457
0.378626060271897 2.22774505105186
0.38020034012845 2.20664066851408
0.379711152080065 2.21142151368229
0.379125716976869 2.21996836963715
0.380069950818538 2.2065711206916
0.380724419100298 2.19628829624668
0.380159268870265 2.20979730794625
0.381596158113262 2.18845375639533
0.37978261319103 2.20928388403152
0.382214318268006 2.17516642926014
0.382739754872027 2.16860579066461
0.3811609073819 2.19120475509548
0.38250078847286 2.17471082207041
0.380370406146474 2.20524509486948
0.377823858884191 2.23928619896494
0.377072364750122 2.25094161128159
0.378820550766307 2.22475405727878
0.382904606347446 2.17249326576618
0.380707461554078 2.20098762444351
0.378660972630932 2.22893507019458
0.381501283376527 2.18696305918899
0.380293343503443 2.20450730022333
0.379291269905114 2.21744334005916
0.3795819265956 2.21626731376069
0.380421311117981 2.19895868756706
0.379726672749691 2.20759508115157
0.382252207028166 2.17476543619814
0.380070057247601 2.20513118994864
0.379946233986965 2.21100404265862
0.37813035421536 2.23504908931044
0.382479363485495 2.17460929766959
0.379617127452214 2.21351685092961
0.380202239758233 2.20241655825195
0.378419748711171 2.2313636818218
0.380600404645785 2.19962320684023
0.379422851216615 2.21327496229661
0.381444265093342 2.18671503984208
0.380303031021215 2.20381792194905
0.381425686067824 2.18672029721461
0.379046972375645 2.21834314399283
0.381118470148541 2.19164054657753
0.380182272280145 2.20556056720486
0.382089965718967 2.18186784761197
0.380407265158229 2.19776774450608
0.375524498521965 2.26547661571973
0.380207586424485 2.20999150858817
0.380175444222188 2.21057249805582
0.379790075286681 2.20942493543685
0.381211981508736 2.19050933935218
0.380072827583389 2.20642075685657
0.379082878614207 2.21897083005651
0.384567750280714 2.14725568236464
0.382351404758702 2.17381375003752
0.379044164950156 2.22178702179172
0.381673315911517 2.184557355101
0.38001589278978 2.20445954047008
0.379169465192688 2.219717581525
0.382227267873655 2.17757234224031
0.379366971210227 2.21430452087768
0.380270033868753 2.20951894301526
0.381074055372568 2.19105082489027
0.378476469268289 2.22840183868307
0.381415522837878 2.18868976550347
0.378863527825759 2.22635840129268
0.378148545261284 2.23087686790257
0.381729521484578 2.18187129705428
0.380800492385183 2.19783280468231
0.38247439881648 2.17528820297149
0.381672930421072 2.18392202936662
0.38028829401156 2.20531967001154
0.379855138584428 2.21029523812982
0.378144946778532 2.23558570175239
0.380002882972396 2.20539990727408
0.377522911029006 2.24380950784795
0.379820385031503 2.21135032592585
0.381624489823407 2.18759215132426
0.381462715359206 2.18806451834487
0.384851771915592 2.14587805134425
0.378985824368098 2.22452062749121
0.381641829025783 2.18779276336039
0.379596238882566 2.21693813546378
0.382223001864365 2.1780138208444
0.381065876758442 2.19413492801591
0.384487037696293 2.14938035124597
0.381612682371812 2.18794286921864
0.380214311710345 2.20333614583745
0.382714909439362 2.17114191193169
0.379015290964551 2.22015323377595
0.380921602864624 2.19556059723919
0.379811382826117 2.21178636739768
0.379305199056041 2.21805528526602
0.379394690768384 2.21087775634376
0.379690352822417 2.21289698434083
0.379524730062793 2.21592359458633
0.377669742118143 2.2364387239295
0.378709005341296 2.22272675702524
0.380769966954222 2.19988405371452
0.381793496117933 2.18512570282645
0.377862446705853 2.23257549703583
0.383010349652988 2.16876200148287
0.380947103536844 2.19612661003179
0.377584802588807 2.23888688315694
0.3800184691418 2.20997456354157
0.377634566535239 2.2388461476904
0.380153384911098 2.20675808370272
0.377817211292837 2.23475816866437
0.38235846412204 2.17578152246716
0.378564877717701 2.22711504854149
0.379978820324361 2.21094299403528
0.380828601854039 2.19703730512468
0.382996132152155 2.16620565438881
0.384226851430366 2.1492615365613
0.380779300074343 2.19811453525773
0.377052194676261 2.24768593988315
0.380797563297127 2.19740982799969
0.380906441882817 2.19208865550284
0.378775145156895 2.2234122627673
0.380308054401852 2.2005523061979
0.37814199689694 2.23121270257764
0.384266576294063 2.15308951962326
0.381701679307142 2.18776688798044
0.378561690119251 2.22651831252661
0.379811696832559 2.20480552041409
0.380675321290679 2.2029642502158
0.378859375426204 2.2261280742685
0.383176487678497 2.16523716471599
0.37863591759869 2.22441408047085
0.382984303588271 2.16288066353393
0.381510008127638 2.19166052881775
0.381142429880691 2.18964175229996
0.380212857857938 2.20507575123298
0.380401973249345 2.20405069718217
0.380688654439375 2.19606109330345
0.381124239849075 2.19332572062914
0.378861290805075 2.22538441405117
0.380556036871362 2.20122992133118
0.37781853979937 2.23845426403961
0.379281558466645 2.21414779102433
0.380163471501028 2.2059492137917
0.377923214503205 2.23404629250657
0.378997393927439 2.21996214409378
0.380216860174271 2.20768680691748
0.38045045016056 2.20338242888012
0.378049996837265 2.23841190200786
0.383139177378212 2.16562228903832
0.38091258255587 2.19473444323005
0.381243741075592 2.19356114113515
0.381115236547714 2.18969004912244
0.378834185724567 2.22381433563851
0.378918940470695 2.22403456872886
0.378997075815306 2.2216001658694
0.38119602424017 2.18867044175214
0.382181614916829 2.17654024737839
0.381882764356451 2.1846389437906
0.37903959049767 2.21869487743256
0.381208961854143 2.19221739899311
0.381019473790461 2.19538951225988
0.37874916529564 2.2248108747359
0.380261268192716 2.20287558008359
0.380689141323464 2.19942453191569
0.378816164351198 2.2267642781366
0.381805005741045 2.18628303003535
0.380004107522434 2.20555600090409
0.380116488068884 2.20526181017016
0.382178014907573 2.18155785829039
0.379403362989088 2.21927985348862
0.378858886074535 2.22052117841801
0.37891677636486 2.2181139202196
0.380287526683755 2.20439509548459
0.380594509925239 2.19725856396455
0.381518173795709 2.18581608062266
0.381255848900786 2.18824999112547
0.380501811777274 2.20125544863143
0.379474238673642 2.2168115352671
0.381656849989724 2.1848261318704
0.377480416269681 2.24112158117665
0.3807693145247 2.19525017361731
0.379679220162905 2.21190898317109
0.380777431658263 2.19972793512563
0.378412301754377 2.22630259001875
0.381658412913502 2.18537360893929
0.379072660967679 2.2185562088885
0.380770672401042 2.19941096419534
0.379682378731499 2.21495024172852
0.378228120529687 2.23065356029386
0.378653727136016 2.23030329078629
0.380404008350198 2.19881549263301
0.379115632028836 2.21783478820148
0.382877618605516 2.17019271723352
0.375484436449658 2.26696914703492
0.38123278312666 2.19233715172789
0.378670942388425 2.22703110027461
0.382191984700706 2.1790769846781
0.382767441332824 2.17141076706298
0.380232626940185 2.19859319644041
0.380804242809942 2.19446743605699
0.381638806340466 2.18440854706531
0.377678955640179 2.23948673767162
0.380877772089717 2.19558935780408
0.379658722344141 2.21803726045697
0.380746752222276 2.20469676563869
0.383276326683114 2.16590994846031
0.380128139322555 2.20569827904103
0.377613750827066 2.23564746403947
0.376646810972001 2.25369263728276
0.380274542336577 2.19878798773011
0.381600896256578 2.18624767627289
0.379393639052905 2.21872078041188
0.38058178463224 2.20360262806103
0.382779602230362 2.17423044347212
0.379113763368144 2.21975522042339
0.380692475827974 2.19505168044766
0.37808454844144 2.23392574716835
0.3788791909468 2.22233661445549
0.377818430714054 2.233454334328
0.378683990130633 2.22598583593226
0.381511872473221 2.19307682947787
0.385129585180294 2.14552194317641
0.380356061003352 2.20179274533454
0.379720356136123 2.21013476660705
0.381156409092482 2.19382081624843
0.380314394052561 2.20120393239037
0.382042197006242 2.18116183462549
0.380567700937409 2.20273639492594
0.381335025889775 2.18924645039969
0.381704005280649 2.18669696563257
0.377994663535662 2.23268094933505
0.379400306363518 2.21813290332033
0.381362633515404 2.19143788464201
0.377829617348095 2.24009771204402
0.38368716806491 2.15578033315832
0.380663123339955 2.20041277199415
0.379693272512975 2.21016601386248
0.379124187179018 2.21902277700168
0.378510665109887 2.22072111827266
0.38022549182859 2.19971173696079
0.379588462817871 2.221388742287
0.383582366727228 2.15980139865069
0.378125281882439 2.23686868286493
0.380578573518619 2.19530393513759
0.382510921989835 2.17212848244927
0.385135909030694 2.13725710887776
0.38241269924433 2.17475635413507
0.378913862524652 2.22304656372841
0.379877992496839 2.20670940033241
0.378780144312256 2.22486419412179
0.379251973399428 2.21724288265215
0.38347525864332 2.16167819769469
0.380403756435296 2.20146185421883
0.381752452578301 2.17896504392498
0.38032333860839 2.20154430874378
0.379320160922676 2.21675110083081
0.380598537718311 2.1947136344207
0.381317660479851 2.19074256003634
0.380411457598179 2.20291857926782
0.379688964549701 2.21339727495147
0.379508254399843 2.21557881578997
0.379865193222368 2.20994213651659
0.378551476546661 2.22810254607917
0.379737954892416 2.21134664395191
0.381045361173868 2.19418016283994
0.381527367761991 2.1834376789227
0.382180905952497 2.17535817764397
0.379539252005623 2.213619708634
0.383309207264041 2.16196715552045
0.379125087902488 2.2193574891304
0.382471971004333 2.17629339513811
0.380460090441785 2.20202180650458
0.381487172465276 2.18881948479528
0.380207429371084 2.20742066172486
0.37815281803575 2.23162505032316
0.380654112126652 2.20201682088013
0.382737291411465 2.17210488276014
0.37975697787846 2.21012275058194
0.380275944861627 2.20124127814154
0.379987033163508 2.20563998523905
0.382314061831027 2.17580096145263
0.38176725797122 2.18716882343638
0.378462762036222 2.23029382300923
0.379313829331884 2.21440018701143
0.381008270234468 2.19376502101526
0.382620289400768 2.17333487552558
0.378468149672217 2.22867982559896
0.378827517677515 2.2234042506037
0.379201346357219 2.22223700311805
0.38114248673358 2.18923997317973
0.378846083436976 2.22632592158758
0.382620934752989 2.17178425584623
0.379545329242497 2.21264031900599
0.379320653715382 2.22210624305003
0.380374535781517 2.20395973428851
0.380370546512214 2.20517696351296
0.380501173721233 2.20663876706241
0.377375984000553 2.24324819854275
0.378617602346034 2.22747518043984
0.38213793371113 2.17999133156219
0.381730654464534 2.18285103430554
0.381525061767821 2.18444107424771
0.381047216383759 2.19249200015946
0.380504252311686 2.19585361367337
0.380466105265486 2.19951812938849
0.379218845922397 2.21888823938679
0.379968670525135 2.20521955614216
0.382174563333443 2.17808070572023
0.382294791110031 2.1799913359045
0.379516350200033 2.21420189983605
0.381806356002169 2.18280192016537
0.381501320419387 2.18931548634164
0.382978677289298 2.16722102903442
0.380484724102201 2.19680081897335
0.383319440607719 2.161426798653
0.382932208238973 2.16450048940071
0.380395804282992 2.1993468434464
0.381583717526725 2.18886184679383
0.383078123396221 2.16317508623417
0.384051155244179 2.1509671882448
0.379860487813161 2.208751666141
0.381024260121648 2.19415610920226
0.378661208166756 2.22740723932961
0.376002405702064 2.25955614883263
0.380544999066649 2.20026835373781
0.379043277374723 2.22183134826512
0.383769475365523 2.15786721666093
0.380345975874733 2.20031768529621
0.379115809560208 2.22490804892242
0.380190679449477 2.20352654275236
0.38215176452575 2.18292297998814
0.382004211582095 2.18500683302317
0.380606381897931 2.19829456924674
0.379823588018172 2.20898262546528
0.382137220791698 2.1781345825236
0.382928065163115 2.16750103143399
0.382619912500481 2.17007174318684
0.379911291555327 2.21289478728411
0.37757238741265 2.23855692707458
0.376296367339164 2.25622507079987
0.377440101838045 2.24215058477486
0.378786972311015 2.22592167920418
0.379714525587971 2.21306299731296
0.38226117928126 2.18033319211203
0.380434557224829 2.20597397416698
0.379522930000648 2.2135008839069
0.380667545068736 2.1988467448427
0.382305084877447 2.17860126560203
0.376455100192667 2.25491602748328
0.383500818258661 2.15464507894626
0.381524949418916 2.18135919969891
0.380435675385471 2.20289448581168
0.379625882422394 2.20816061502477
0.380863928433878 2.19823944032503
0.381460728632261 2.18508492139491
0.378893062627905 2.22251473972609
0.378386882556868 2.22856857748271
0.380148574289878 2.20445271320477
0.381476604769085 2.18438101790968
0.37972578392335 2.2103070590072
0.381406335504911 2.18783866743151
0.378308491407058 2.23052155572052
0.379449378159328 2.21420671974749
0.379231938965637 2.21754902574993
0.379482695978251 2.21355284829676
0.380147386786466 2.20843023494604
0.380499977414178 2.20258878205527
0.380000632378035 2.20613207960772
0.381011876755067 2.19464014854447
0.381534182033507 2.18709516140229
0.377397449229213 2.246142741969
0.381432677393965 2.19219884160779
0.378473700359876 2.22924176242882
0.383024585301037 2.17006660469383
0.380820162540164 2.19715949121762
0.385734614646714 2.13351153963809
0.379449799372155 2.21331915970502
0.38562298847548 2.12913670458074
0.37896983644805 2.22103108157398
0.379254142047375 2.22010626500134
0.381902958881147 2.18065233734747
0.381156781266904 2.19606429219428
0.380433944456687 2.20100525189319
0.380607985472214 2.20159991365472
0.377866859247157 2.23416595962869
0.381937950186571 2.18146288689681
0.381554421747159 2.18557029160076
0.381822809962107 2.18432308483281
0.381564198133187 2.19308290032752
0.378608407960517 2.22683972048773
0.381696983886884 2.1850216734143
0.377378328451477 2.245025861161
0.379962796633557 2.2066936522758
0.382423706059549 2.17462587889452
0.377399125469822 2.24061133041896
0.38170174082104 2.17912208623253
0.378137919579429 2.23169062928674
0.382897034968019 2.16503765018273
0.379824406905678 2.21224876914115
0.380626257647055 2.19947437126709
0.381759825423957 2.18467888983151
0.382561483587635 2.1737666240405
0.378951825543913 2.2205705429084
0.378090207670728 2.23354798427725
0.379543029564824 2.21691334686475
0.379023311403295 2.22545383228707
0.381373431858512 2.1929243464417
0.382329022073094 2.17767674877945
0.379838101596354 2.20766315746316
0.384650567452696 2.14177756551132
0.381508066162819 2.18912571341937
0.379669407721861 2.21322535870802
0.382189294724853 2.17642940599848
0.380108342294631 2.20391549058597
0.37971011838083 2.21079290712502
0.379443391598477 2.21574314304748
0.382105766861819 2.18004768993446
0.380733941177268 2.19737896017807
0.380120208678797 2.20739124204713
0.381917456449836 2.18330021490717
0.381051959783304 2.19526514305295
0.380218081034122 2.2043454897701
0.383164305828506 2.16579674913734
0.380087992234085 2.21040669700383
0.382201493648361 2.17658379495978
0.377847748346063 2.23542213403449
0.378439856961699 2.2297785005931
0.385145467732279 2.13896278196423
0.382323487212931 2.17389329159714
0.379331317617674 2.2211306357573
0.377047869106871 2.24930839782296
0.380310932074717 2.20903164673593
0.381030859271992 2.19236113728724
0.379142068191002 2.21648259756622
0.380024142691364 2.2069177648882
0.378674656876886 2.22512579915738
0.380319304098942 2.20431634010501
0.37690889453496 2.24820725832356
0.38055332463502 2.19712570535501
0.38231767943732 2.17548557873078
0.383964229160319 2.15636763743228
0.382017566898983 2.18340565887534
0.377708638753486 2.23684346915568
0.377638793526064 2.2402708664689
0.38416409045953 2.15527579744451
0.380899596263126 2.19425823735053
0.380501954071563 2.19972264672779
0.37840215335302 2.2297045284198
0.380488712764423 2.19898962973386
0.381529935367806 2.18120532922971
0.378087485896231 2.2267845326553
0.379516185224704 2.2172495797052
0.382661047442083 2.17649215035388
0.378987548976239 2.22551144249327
0.382020222976668 2.18075839701761
0.380956066357576 2.19651566994039
0.380768575474456 2.19852718929297
0.377187704996387 2.24735829962904
0.37962128903868 2.21570253689713
0.381365558953073 2.1953076793631
0.382794485785286 2.17295534907669
0.377825661066968 2.23751689628381
0.381792706641177 2.18412967462205
0.38003742463557 2.20659940041433
0.377147123608641 2.24531341433503
0.380456713050421 2.2050016844408
0.377551892577331 2.24307968869397
0.382226180797812 2.18046732217956
0.380121780025873 2.20688603006605
0.378810212764628 2.22352815609002
0.378599384551535 2.22804361494308
0.381013334245633 2.1951122417601
0.384041461902229 2.15365410359187
0.379474452456946 2.21048830559729
0.380328956685215 2.20750172077303
0.379629577217879 2.21364145909903
0.378567339606672 2.22543856142801
0.380627280106513 2.20234693151396
0.379715343622474 2.21386060157413
0.381157025047335 2.19375105552749
0.377837537890043 2.23642740519586
0.380229070277237 2.20964850665247
0.379376001184298 2.21892229851556
0.381229587292776 2.19444962784157
0.381847086787498 2.18039581248849
0.380910683418655 2.19517076450551
0.375868132323975 2.26612615951537
0.379906200559192 2.2089686545706
0.380068867353529 2.21086927793968
0.380551718603261 2.20273863913136
0.379695325640395 2.21355292241037
0.378513984190661 2.23063149579836
0.381123363912036 2.19170029820468
0.381226419236371 2.19547652126407
0.378566008233605 2.23109780721038
0.381108537928145 2.19288856653607
0.37970114910708 2.21704749355932
0.378917499464681 2.22331119756592
0.379325553200342 2.21902682902101
0.381324011534639 2.18975719413297
0.380588037743821 2.19788446176071
0.382307277965089 2.18142465087322
0.378942528433643 2.22369147434184
0.376915028459015 2.24810498887092
0.379005027789357 2.22368069425445
0.379588702310454 2.21418579593561
0.377882683717051 2.23387779478108
0.382715723602285 2.17125679499749
0.381820467680516 2.18206936750884
0.381172142779638 2.19297343242888
0.378003156746487 2.23129709072515
0.383889397287109 2.15801414964944
0.382834473431764 2.16964343729107
0.378134332069035 2.23035714380004
0.378977674236315 2.22765282412729
0.378937909894409 2.21943835234807
0.380381254554171 2.20442120856539
0.379080349792486 2.22024714073346
0.377572119718751 2.2433024367029
0.379989455250592 2.20677449798423
0.380805094385074 2.19771627112949
0.379926450606118 2.20375786161159
0.38162795317119 2.18421796221952
0.37747159549143 2.24506054508325
0.377895738391042 2.23934214424551
0.381507857881004 2.18833369718158
0.378902530499711 2.21953378691439
0.385963341017658 2.12589969057151
0.378865574239972 2.22481399635695
0.383129036011806 2.17045458548616
0.381022589741378 2.19430594566419
0.379399391938427 2.21583471907773
0.377106051612582 2.24486137627289
0.380893742016818 2.1967754201699
0.380466913055903 2.20096976187992
0.382670645895595 2.17159699369151
0.379608330930504 2.21350239093302
0.380501523165888 2.20664179561384
0.380917038768314 2.19874837452503
0.379481546795907 2.21508669024097
0.381632509552022 2.18320027803113
0.381719476740639 2.18402369265907
0.381149702958374 2.19408754264333
0.375909200506635 2.2631525984373
0.381009688001052 2.1952739784135
0.379851005380979 2.21335468234308
0.376650652602841 2.25170820013619
0.378608596901741 2.22514571865447
0.377500822083462 2.24164391906464
0.378791543404705 2.22756847814536
0.380437564816998 2.2043271907887
0.381085629618837 2.19275664652819
0.379321894769996 2.21898155839251
0.378812687763787 2.22558380661155
0.379986242439568 2.20590373742513
0.380283392422946 2.19941183698831
0.380625069735085 2.20082048903832
0.381450616590656 2.18903177173265
0.379751535086343 2.21088641823157
0.380096939862852 2.20741719267391
0.382404500257437 2.1761507730961
0.379691254576033 2.21239877748491
0.38067652518237 2.19797132104428
0.379043892407793 2.21969609176103
0.38177855157891 2.18729500494932
0.380838613919048 2.19658296534167
0.37979731370908 2.20996075486657
0.380382371753455 2.20181818795603
0.381779073453073 2.18284148168818
0.38009251552208 2.2058371069915
0.381435581902836 2.18984982505249
0.383761787402754 2.15698359153422
0.3814341468592 2.18688851602546
0.380458366184625 2.19858401943965
0.379070040909386 2.22477614744418
0.38501645766378 2.13826427575951
0.378608467778403 2.22980413273761
0.379306099259151 2.21673052738423
0.380274621262528 2.20338746794372
0.378263400161848 2.23168577801772
0.380495697378734 2.2000589916692
0.378908810293686 2.22460331479655
0.383151006558188 2.16670947835958
0.381015144522064 2.19532091126261
0.381837345924824 2.18505146323273
0.381662083304981 2.19145886623333
0.37975450119818 2.21025827370357
0.381611827784061 2.18693953781887
0.377482649100565 2.2371685414623
0.381027155443523 2.19040237871554
0.380265253146889 2.20175143251923
0.380432357907298 2.20588128167843
0.380387575435738 2.20053272349617
0.378347569184715 2.23337820487797
0.382843610425554 2.17366984551122
0.380504425122788 2.20520398528911
0.384971274966941 2.144324162039
0.380150102326715 2.20446732414374
0.377192707243047 2.245582729227
0.382929895219618 2.16975196920589
0.384074518767347 2.15224644798392
0.38077140265373 2.19618846343665
0.382706291881788 2.17675257529401
0.380922927192853 2.19518272236808
0.380674756385949 2.20160434993513
0.381774133351589 2.19103821014251
0.378358805647934 2.22778868000062
0.383469805343386 2.16040735514259
0.382305592722541 2.17340820606663
0.379935086422554 2.2089764942396
0.380703886661366 2.19459059753064
0.377979712525626 2.22872605477336
0.376475166568626 2.25455704942735
0.381083574669101 2.19095576671045
0.380513114179236 2.20398308961567
0.380170597998153 2.20234433295419
0.381113206579121 2.19585597416991
0.382446559328766 2.17506528315253
0.376630150690603 2.25217112006626
0.380693061447542 2.20356405191653
0.382842978212821 2.16717528230642
0.38107884152203 2.19666447359397
0.381672520418862 2.18555104091538
0.378791805143926 2.22525321463334
0.379827073281486 2.21304594267235
0.378785764479214 2.22477762163799
0.379864295649088 2.21034724576037
0.3837604574851 2.16118225945377
0.381528842802728 2.18672582319593
0.377888416267248 2.24021453093972
0.38140617158079 2.19080199237248
0.377670527765651 2.2386324922305
0.382458727932245 2.17222332223009
0.379274713204645 2.21774066093189
0.378089723598548 2.22882999912799
0.383883950930126 2.15553090575884
0.375932592945053 2.26293223988884
0.382294865533732 2.17857554474838
0.381851015117272 2.18345971614963
0.382835294099863 2.16605574483022
0.381790767653516 2.18250774287221
0.380992307478329 2.19308369948773
0.380707894798905 2.20143272420251
0.380835067450534 2.19791457184852
0.381569338078433 2.18751996520674
0.381423623360089 2.18911013045178
0.378954512680015 2.22299966430737
0.379271410042479 2.21812215232825
0.37886069785371 2.22386997386991
0.377163060331733 2.24546607822478
0.37888974160953 2.22241937666714
0.379281718901301 2.21729666745726
0.380861592683772 2.19966231628888
0.379339195289742 2.21965501699831
0.378207892591635 2.23427995108553
0.378625370020613 2.23067536328592
0.380772551646606 2.20100379073332
0.38013987413136 2.20788931591204
0.376923386439734 2.24936727711934
0.381658472184453 2.18569431556237
0.380065212500046 2.20111234126222
0.381904085662544 2.18302324946238
0.380409897450318 2.20456920450687
0.377892743177775 2.23468754723107
0.382809673185438 2.17567484497867
0.384739398404736 2.14304975220629
0.381514162389804 2.18253109736006
0.38075159843406 2.19576357151224
0.379609537621628 2.2147866879556
0.381638015014378 2.18380402356251
0.376545735260423 2.25561449845731
0.37770990926613 2.24404432576149
0.376992703085703 2.24693143302754
0.381264985164028 2.18973450985018
0.379570578573975 2.21533496764984
0.377204407461531 2.23828350195956
0.378938031163666 2.22292571726247
0.378055642593694 2.23487664803712
0.380902707914004 2.20155260456427
0.37706629423516 2.24779709400358
0.378615264915989 2.22144686839236
0.381382097181811 2.18773794848296
0.38218854336042 2.17875587665021
0.381837114643932 2.18363196043289
0.378583401982075 2.22919002967418
0.381712429714673 2.18458850972882
0.38288792242183 2.16732780410612
0.38275094278022 2.17465316670431
0.382220196664301 2.17999147901103
0.381108847779818 2.19091025184293
0.382031433471023 2.18200274014351
0.384344522733493 2.15187975245341
0.37929881723475 2.21632029447762
0.379813947311874 2.20953097104551
0.381289842402535 2.18687482299176
0.382723957737712 2.17454629630671
0.382162830112228 2.18174728952356
0.381639669681792 2.18613783635801
0.381447292290499 2.18859660675642
0.380864717434799 2.19275176025061
0.37912191816894 2.2220772655624
0.383950279960573 2.15602562652116
0.37676939070991 2.2530373012996
0.383291329766134 2.16815161390537
0.379711515921975 2.20888056293568
0.378700699262726 2.22518001565758
0.381383958182361 2.19364816599322
0.382355910989538 2.1748121915302
0.380659000151847 2.19700972542992
0.380741262653963 2.19656402083562
0.382110422853636 2.18634232215493
0.38117392559507 2.18488730507005
0.381909914093378 2.18568033184975
0.380168937991669 2.20807544303432
0.380573019317643 2.19824310860675
0.378063531321288 2.23400797450729
0.379174467497905 2.22568922952775
0.37988214204431 2.20830918748318
0.382184423115054 2.17723423008639
0.377618216438893 2.2357230326674
0.380857704508778 2.19366238749007
0.382692334362631 2.17354198707165
0.379792693206092 2.20878364583007
0.377225258937924 2.24482346049766
0.380811520198324 2.19791984659168
0.382190268259548 2.17742095740683
0.379829346421425 2.21053127046915
0.381095249460835 2.19157709713358
0.380600774085954 2.19703957901204
0.382151841103808 2.17836970475323
0.379313796804804 2.21666192355813
0.382563133475703 2.17302914577842
0.380939331864066 2.19712910543733
0.382592775793889 2.17120494905346
0.381299758295079 2.18698276244358
0.379309724281555 2.21603570347505
0.378026882077348 2.23315472751951
0.378453192158413 2.22821092353619
0.376430216775319 2.25390928217676
0.378800330995743 2.22362724983977
0.377187838361772 2.24202401837555
0.378033831958622 2.23489818747166
0.377946504105387 2.23874426337561
0.377750264977209 2.23924568975411
0.379293444960261 2.21454101254074
0.382169596700627 2.17722336689794
0.379052032349969 2.22102396895397
0.381244737856838 2.19465841604709
0.379888896538592 2.21158567847623
0.381959264645204 2.18123334324572
0.38088469549276 2.19476424543099
0.379309482732893 2.21146228276476
0.379478766673742 2.21390518696578
0.378531571508677 2.22718200287589
0.378255677560366 2.22749935721223
0.382816274524075 2.16437242610238
0.378595989350383 2.22476846491225
0.38233912737826 2.17850372152854
0.38026379398105 2.20753449627313
0.377613622190642 2.2413892895449
0.380671864491463 2.19487969792903
0.378252552754646 2.23400584216941
0.383327989306475 2.15956729578039
0.378692619171784 2.22719862971727
0.377781736840129 2.23778795436024
0.381821616948881 2.1824267050471
0.378893172334489 2.22587576921442
0.379654181459388 2.21153085109198
0.379060732548078 2.22010313088395
0.382761487881892 2.17373831908721
0.377630101707974 2.24417716353305
0.379315447959141 2.21953926017221
0.38028823411616 2.20434905571531
0.377484670907472 2.24088442759181
0.381123900074974 2.19007071873905
0.376858099833372 2.25054789785473
0.381289999497149 2.19362507943627
0.378243156199429 2.23183173506846
0.379464092644199 2.21521003033693
0.38112188702242 2.19303563555557
0.383039314957629 2.16632077087794
0.378257453278762 2.23090307691361
0.381308179710408 2.18916121538687
0.380193381847804 2.20661406072681
0.381238071573885 2.19378446878645
0.380056291453734 2.20623668337997
0.380041979054387 2.20695645106914
0.379420917691394 2.22244699883155
0.377680650003582 2.23905972820503
0.382008932068253 2.17929213451958
0.380422542258057 2.20693909214462
0.381674086485783 2.18246078751204
0.380966049880563 2.19533249327053
0.379602613615336 2.21829894508157
0.380737489940854 2.20271865053366
0.380934780320405 2.1973104668869
0.377440573592119 2.24098547029802
0.38265311335398 2.17182079225187
0.381651689096299 2.18793772302288
0.380491634885786 2.20284808792022
0.382100733340363 2.18284198113506
0.379511415320471 2.21047668229256
0.379841680226624 2.20579832597407
0.380890672801206 2.19157497325503
0.380959741458849 2.19528936946525
0.379023915361857 2.22327982694722
0.380184748931177 2.20324188406796
0.380620979338482 2.19857782807232
0.383036671218394 2.16795730233174
0.382556479377519 2.17320400123378
0.379953237494202 2.20758532827498
0.380635798854456 2.19903993860777
0.379167415312646 2.21930886933416
0.379231523732461 2.2181907710131
0.38405057898799 2.1545145313443
0.38143926141856 2.18698626809916
0.381164959358438 2.19566536102419
0.380056393216357 2.20647011753507
0.380805453034622 2.20018570559688
0.382368765487322 2.17767387966699
0.379874749236661 2.20802289503879
0.377274287141741 2.24637544544644
0.380783335077888 2.19565534398522
0.379999204600561 2.20810957124915
0.380552014585903 2.20112955216092
0.382653153034038 2.16843481656743
0.379254282185449 2.21654734126309
0.379269922980426 2.21553606130027
0.381276555496946 2.18818294795293
0.386307398355909 2.12640313018612
0.381580304674003 2.18773292726849
0.375956213717455 2.26476365117428
0.379137303695816 2.2190583822265
0.381148092057834 2.19235627815617
0.38068160830091 2.2012242159761
0.379770714469607 2.21169337481134
0.379563265429889 2.21499201947736
0.379272225358309 2.21736518260177
0.380696217930968 2.19949712166353
0.379838208470642 2.21047691890142
0.383673956397129 2.16158429609996
0.378964841936131 2.22001363382238
0.382966523886538 2.17373321709799
0.380934827901344 2.1994821126098
0.381163927681091 2.19154064773322
0.379416602193699 2.21781629259005
0.383883907148547 2.15378620455105
0.37942459845257 2.21412393728258
0.377952094072843 2.23389301124013
0.378584796647208 2.22662659350928
0.38170227156818 2.18559977574901
0.377590600260383 2.23818543824202
0.384765222108994 2.14721109769225
0.380742559120759 2.19793272470791
0.378667988066722 2.22851755746685
0.384881868233762 2.14616527845014
0.382776347772327 2.17084801853977
0.377993956014795 2.23998938871951
0.381532279125919 2.18634245760527
0.378042810576074 2.22843658372695
0.379171056388539 2.21539257978703
0.382008577377247 2.18391350634014
0.377697524234958 2.23972982135971
0.383097300046676 2.16826010256373
0.379608002385698 2.21152189884582
0.38088658269055 2.19235163019133
0.378171336003251 2.23465729746077
0.380796423644801 2.19922495939251
0.3830480138234 2.16534498554329
0.383561732790613 2.16025110578075
0.379067784020703 2.22066283100849
0.378899335309039 2.22473717430606
0.378800152189122 2.22160802360811
0.380695267182911 2.19541720753374
0.378382412711933 2.2333335814977
0.383525977307958 2.16474540014843
0.379050738408127 2.22191644147017
0.379196907534964 2.21711025021602
0.381468071243609 2.18589848878226
0.379776137078266 2.21021812317126
0.377631699238187 2.24060003023649
0.378526984118392 2.22651547049833
0.379205078018683 2.2172682751181
0.382769168962213 2.16808855515001
0.380214078155994 2.20716970206708
0.379235305681688 2.21787970797683
0.379302267301149 2.22083930287939
0.379710441914895 2.21119001713871
0.381434440298313 2.18960570405563
0.382043286247231 2.18276687041072
0.379200909078968 2.21617081212653
0.379128527813313 2.22017975160871
0.38174356540904 2.18072292510459
0.379829141113369 2.21007987683671
0.382316979120699 2.17547847394495
0.375138654028986 2.27700015160093
0.377795620383147 2.23895593025933
0.380068393893724 2.20770916594899
0.381788828487244 2.18450230016748
0.378494358576378 2.22982212053255
0.377926823448451 2.23899257377501
0.382176646970343 2.18215955519778
0.383695142204026 2.15846894955308
0.379923901086485 2.21322209572268
0.381027291835941 2.19683480382106
0.379308506033649 2.21450438390673
0.380601501196858 2.20125389908244
0.379587950644856 2.21745205437112
0.384524965301035 2.14945743589143
0.381009505241275 2.19195497282197
0.379540681462299 2.21480466602024
0.381797157732306 2.18608342643754
0.379038155268795 2.22001645266555
0.38735260394721 2.10882308435142
0.382438697912931 2.17566358917851
0.376692829694932 2.25029615076624
0.380910056036112 2.19709877401002
0.378509733112598 2.23061659403637
0.380226885807956 2.20463877579577
0.380835314301083 2.19702405117588
0.379671332467746 2.21207229452308
0.379218518205598 2.21747856085626
0.380594257118713 2.2033201810979
0.381875199143057 2.18117992802042
0.381379648070437 2.19218337099676
0.382652437533877 2.1755606757227
0.380504249957807 2.20025614688136
0.381039123291323 2.19172725404553
0.377118898613177 2.24515762298935
0.380392165101228 2.20626276062118
0.379807148378317 2.20997028230995
0.380723391542 2.19723093577212
0.382174935828861 2.18030060784659
0.383667402641677 2.16201279430073
0.380925858765955 2.19837541050083
0.379916558525229 2.21017492565241
0.383138413012863 2.16650742804111
0.380695683973889 2.19870478100823
0.383711965516382 2.15851614624087
0.379188742382432 2.22459203456026
0.377677438457304 2.23680748654781
0.381879798160106 2.18374284557053
0.383825041584972 2.15587639469186
0.379725236912445 2.21448134881394
0.380806159343359 2.19540596050285
0.378382327090015 2.2279490269175
0.381574947517898 2.18882318586131
0.381558036685439 2.18638703304408
0.384658461719988 2.14963786728256
0.379365520262184 2.21192380161497
0.382084383909841 2.17346096424651
0.381523105205174 2.18766364505703
0.380647595157342 2.20308830493663
0.377822347452417 2.23928973350182
0.382358923192327 2.17403764552972
0.378887994535476 2.22047791138689
0.379166192277835 2.21803268163812
0.379871030567995 2.20365011721243
0.378464998947492 2.22398274581096
0.379726189954182 2.20896403779587
0.377249152271535 2.24355664989454
0.379188570067856 2.22205729205811
0.380694199293973 2.19741649172007
0.38126957050125 2.18899210194435
0.383163986157734 2.16662770487921
0.377837045218675 2.23729244348997
0.379445700100469 2.21114395025546
0.380739226964251 2.19330153569649
0.379092395319578 2.21884577692729
0.380360268473896 2.20592795400797
0.376379629006402 2.25685336408923
0.378017248536233 2.23452530327464
0.379413724256725 2.21722045244131
0.382448920473732 2.17326355625036
0.381261211560678 2.19136730918355
0.381165308824235 2.19194326524421
0.380771932274094 2.19424126991531
0.376324397254642 2.25324227527645
0.382719132654644 2.17340907619305
0.382332944945063 2.17448068533288
0.37945891029396 2.21512074222542
0.376834428520154 2.24917713532944
0.37873679910979 2.21866613188273
0.377749741228358 2.23673026973436
0.37954583174327 2.22050620038158
0.378456102142927 2.2274936806603
0.380666173369763 2.19677395757673
0.381510670016925 2.19105061228306
0.377533891148035 2.23810307980545
0.378645479720926 2.22566713220875
0.382135935775082 2.18305447598508
0.382781473784642 2.17028910891455
0.379500825737226 2.21883492363954
0.380662225581315 2.20103567463074
0.377627890426304 2.23827397996912
0.381501354695982 2.18838695437972
0.38179546719943 2.18758085213051
0.379626902521011 2.21196203767486
0.379643317695577 2.21495157887164
0.383776770491276 2.15456853021891
0.385201166156504 2.13815194725205
0.379265048654481 2.21648966616834
0.379013225516242 2.22144761634855
0.377741853066641 2.23729495981217
0.380084012980625 2.20545992521851
0.381618362510514 2.18641638112899
0.37972102643654 2.21208398644238
0.379909055931206 2.20704971670783
0.380038015852966 2.21179279899574
0.38011593859036 2.20280650857202
0.380660996473581 2.19710127556914
0.381037313709213 2.19129912401201
0.381068335072441 2.1892025553458
0.377409933222312 2.24210203465953
0.379598764525784 2.21524235609561
0.380775298441065 2.19413766863051
0.378544999843371 2.22978945391546
0.380404518962255 2.19892532767388
0.378606303492377 2.22497400546367
0.383043813057869 2.16515153605636
0.381919363335262 2.1846802326431
0.3777171946863 2.23855204447709
0.379256460741733 2.21365058854065
0.381026713022087 2.19263462132374
0.379865161932543 2.21355283269621
0.382790299383076 2.16797848932542
0.381462538623647 2.18507099200181
0.37870685673631 2.22420316353428
0.377283744824714 2.24469794854262
0.376189684226857 2.26036931857658
0.380050270598086 2.20611518801822
0.378370812970307 2.22787006272354
0.378869488588905 2.22318002423891
0.384827137533798 2.14574291209219
0.380071288094292 2.20940470121259
0.378446846570387 2.22813771646607
0.38054738497149 2.19795088080297
0.380399121892851 2.20114136784218
0.380552746285685 2.20110412956657
0.378341617113432 2.22778957866454
0.379573367256307 2.21497184597751
0.379266774385907 2.21449202104066
0.377604698897593 2.2417354691307
0.381299371760247 2.19034455895223
0.378090467697556 2.2336870795595
0.380905765796829 2.19484180663621
0.385393792267055 2.13310884901876
0.383883899911782 2.15633823998721
0.378778125796504 2.2222468292488
0.379127924970473 2.21746364956412
0.381581877602292 2.18509791603151
0.379484612483116 2.21118000637559
0.380276112994166 2.20731188086276
0.383418425879014 2.16650259956133
0.381966962880583 2.18846030564174
0.382622477798618 2.17083949299114
0.38105740373175 2.19581283316526
0.379077655663976 2.21959194292082
0.377799231711534 2.23638981189709
0.38210760162834 2.17425018863708
0.383522119885519 2.15904758405596
0.380619483972658 2.19923895316546
0.381569910951158 2.18929877983394
0.380691822068303 2.20312862694321
0.379007847802943 2.21707829789061
0.380758321428284 2.19888643594638
0.378980773020604 2.22486083578267
0.380083238008693 2.20848852939886
0.382418762424577 2.18083418270822
0.380294137413564 2.20175032775918
0.377581089672196 2.24003800222468
0.377305345749442 2.24148197168133
0.378044871929005 2.23173040901835
0.377255583495438 2.24271818069464
0.379479209549919 2.21609857863652
0.380539354721272 2.19998971199979
0.381038234546208 2.1935218724077
0.378048075320233 2.23229218290401
0.380460748597426 2.20093545449957
0.382611200782221 2.17255218054884
0.379469038060947 2.21151544281779
0.38243111630816 2.17437522526868
0.378812148942543 2.22531654626723
0.378189788607692 2.23109523979729
0.382174695467878 2.17831929584762
0.381087902035446 2.19504527068763
0.381200612441624 2.19290724837511
0.380097227669356 2.20799743252057
0.382979225320265 2.16404861056003
0.381333320715105 2.18841530171502
0.379503808156331 2.21368521137332
0.37796850304316 2.23295799241817
0.379635557022077 2.20820988018385
0.380091775975536 2.20835405552992
0.381610224936185 2.18804923946749
0.380963617410991 2.19617125995381
0.378079499702358 2.23408597587569
0.380801326792777 2.19837116965305
0.379067683244729 2.2236806063902
0.380662318414336 2.19967748461189
0.379307486130828 2.21719471604997
0.380078699547979 2.20496301126606
0.377645731273467 2.24165750688628
0.381273778994957 2.19086073124013
0.380756360660629 2.20025711762351
0.381775896758775 2.18526591939264
0.379645440235394 2.21079797155459
0.378515913491642 2.22816008321769
0.38218245776555 2.1795273302258
0.378706177348311 2.22365977034267
0.381112943611754 2.1917375380827
0.373656515067411 2.2966885228373
0.380723994011257 2.20009188262591
0.382270814470649 2.17874222490472
0.380981649804163 2.1977438339609
0.377897084278621 2.23523087601483
0.378167847039227 2.23219666881527
0.379558147652363 2.21876073650941
0.382473585673465 2.17367795711372
0.378886483485785 2.22073593281886
0.381716148712847 2.1880454556155
0.382614878796875 2.17317006076953
0.38282304454719 2.17088734775582
0.378847351431396 2.22012364998219
0.381030038906074 2.1930034913961
0.382997295989149 2.17236916859263
0.379726555633885 2.2113640656324
0.381138504995651 2.19161882097371
0.381978412651629 2.17997179145453
0.378705538677096 2.22840039439679
0.379620823189227 2.21111195770168
0.376354630653505 2.26064208277159
0.377620505736657 2.24240098801051
0.378425795863212 2.22388762753328
0.379114854225334 2.22218293006272
0.379626429203731 2.21357131266899
0.378091984527966 2.23301165368593
0.379434476973464 2.21210532203702
0.377793873134669 2.23678110676173
0.378703244246685 2.22085073138796
0.381582589951773 2.19169833458348
0.37836355064434 2.22493266205962
0.380995244370912 2.19544385119639
0.379927506720472 2.2095885314273
0.381852061488652 2.18402478719546
0.378848993801073 2.22630379776886
0.378910828789462 2.22384753269178
0.378317559709415 2.22775391757429
0.379992207631857 2.20381563967283
0.380525142360605 2.20372619451134
0.383576577396701 2.15775444521204
0.383366211576811 2.16391858246601
0.379055785390916 2.2197649908448
0.380057571948195 2.2070565674108
0.380227143010898 2.20831356445568
0.382100992713382 2.18023060689824
0.379773708370495 2.20553157569219
0.3805084454577 2.20406739933543
0.37945708834712 2.2175209280322
0.382778323149968 2.17151039094099
0.379979301144235 2.2075443045215
0.380710410139766 2.20127051100061
0.379501911949934 2.21157810871129
0.379833873582306 2.20596068111815
0.378052809002712 2.23846100824164
0.381646463979332 2.18334630147487
0.380614389590795 2.19792944659892
0.381745324792301 2.18262803497675
0.379891107534981 2.20924941610571
0.377714767978005 2.23986070316501
0.381050005337093 2.19471982101785
0.379859560178463 2.21022656376345
0.376376200829987 2.2564650754274
0.380533675740751 2.19671399024665
0.380281075520556 2.20542101534257
0.3775215175352 2.24404797986808
0.376640250661876 2.24926889060468
0.37927536493449 2.21840801720486
0.38523635412042 2.14176033406899
0.382070042524354 2.17940235208028
0.381375715133143 2.18878381354503
0.384518542910069 2.14790602447723
0.377958462570161 2.23343188593107
0.37966205939621 2.21909349056724
0.381092211094464 2.19105383925509
0.378780968770711 2.2195691493497
0.38045606778241 2.19656764194729
0.378473939630174 2.23430188556351
0.377996377682301 2.23644366208625
0.381025368080516 2.19111095350894
0.381090179106718 2.19661815869314
0.378019602401044 2.23144813220911
0.382689581067097 2.17386323763653
0.380098422916136 2.20751199414191
0.382159288688469 2.17995945743525
0.380592725146903 2.20014801126119
0.381962821341155 2.17642208406856
0.380614148841073 2.19841089767113
0.379848769561487 2.20989669074579
0.381888983270881 2.18605737820028
0.379365003121406 2.21756108989732
0.381553834292455 2.18490788861365
0.380460647304878 2.20262946796839
0.381734573860146 2.18403719447794
0.380525307395896 2.20369639742743
0.379557804566598 2.21279157937054
0.380574552604398 2.19844350756885
0.380074469480289 2.20817909160429
0.380626922753394 2.20176945247708
0.379745321061988 2.2152315779422
0.380852955254426 2.19316032874859
0.380136865095223 2.20906573227888
0.377231753208207 2.24254177520597
0.382661765165795 2.17450858635914
0.380716617259008 2.19852946486545
0.38178090293329 2.18562808100108
0.377576976165733 2.23966473888217
0.38111352129297 2.19160856918155
0.37905811490275 2.22191584400089
0.381274535901404 2.19169808443012
0.381409322997157 2.19016280559707
0.379895587602824 2.20528279081507
0.382388496291465 2.1731137434503
0.380854679258304 2.19517316141538
0.381790570753795 2.1838780918832
0.377663863140353 2.2421491438776
0.378021276170021 2.23196268554486
0.380840085307574 2.19981727558193
0.378139108546093 2.23165184100373
0.373500324261731 2.29666981203745
0.381481737019566 2.19129715033792
0.380868283964294 2.19490008949679
0.382281781613021 2.17362806982199
0.382640481678168 2.176474216335
0.380613694355831 2.19693089147729
0.383229649712743 2.16652121282509
0.379485542427613 2.21946983615634
0.380888644772514 2.19562198840921
0.381527240085341 2.18749067446031
0.381373071300371 2.19010670630225
0.380486351694148 2.20586954540516
0.381316849830893 2.19031933507304
0.382895458599804 2.16930698141883
0.378084791600292 2.23005902292765
0.378983289123534 2.22117309451569
0.381261701447827 2.19576464343408
0.3797860226459 2.206519737121
0.378128175206528 2.23137338169108
0.382778557023225 2.16758403100131
0.378605693390586 2.22462047209648
0.378806043856483 2.22244585994362
0.377822772940203 2.2368925791375
0.383280424584199 2.16229067785688
0.382058755926473 2.17901792240576
0.382077005960959 2.17995179201206
0.380459415495907 2.20282670580182
0.381050619142359 2.19238980965833
0.381288291173 2.19037511076658
0.38086176506341 2.19192695542063
0.381349098760527 2.19304215157581
0.382387129363594 2.17079981215267
0.381804394197005 2.18156451303584
0.38274777865093 2.16656568982026
0.379252712940542 2.21745236775681
0.380667493319517 2.20103038702094
0.376105599822926 2.2593827723858
0.380183636924867 2.20591457579553
0.381981650556611 2.18026154035273
0.381286145294946 2.18969975678866
0.381873989284708 2.17835094533244
0.378723769900948 2.22200978259935
0.379731237532385 2.21012542342081
0.380606604844216 2.20244054070932
0.378545079629215 2.22579319211344
0.379372379296209 2.21612815925963
0.379723704441288 2.20554287960307
0.381160911874104 2.19075488333466
0.379541809581426 2.21147152644336
0.382943980368081 2.17115235703404
0.378907439190665 2.21796023203393
0.379158717020317 2.22047922462342
0.382559229164116 2.17580129201913
0.380330944892902 2.20590183364739
0.380292979896746 2.20674224678593
0.381258160677778 2.19047054108309
0.378044973438894 2.23117447276851
0.377496820249546 2.24230464905324
0.379975189817429 2.20375952317442
0.380847874306514 2.19684193821349
0.376283369535471 2.25754430740522
0.377766941941717 2.23855767800861
0.37885425698774 2.22375013996165
0.383175671767163 2.16954086013131
0.380328157293377 2.20239236137349
0.380973198688425 2.19440351269117
0.382005986511974 2.17795695233433
0.380213995835821 2.20281325873634
0.380931425720058 2.19827133402245
0.381035281062198 2.18773780563218
0.380394082933816 2.20024610440014
0.381657311444987 2.18509450891474
0.380935204376316 2.19428102013627
0.381725136691342 2.18043274339976
0.380068547518753 2.20341326794672
0.381155504429554 2.18969684493752
0.379693499656326 2.21396482734283
0.378383954587065 2.23388627015423
0.379793045813994 2.21274085187891
0.381392357188296 2.18889095987355
0.379356476800116 2.21289599736421
0.38243194978969 2.17825437858271
0.379392478435192 2.21667802479438
0.383720386061863 2.15449936968793
0.378236990529466 2.22953809287647
0.379389639076246 2.2167803039904
0.380157653601432 2.20658003580095
0.378266346612932 2.22542942610313
0.381019959074221 2.19222640880396
0.379152347222645 2.21875346581181
0.381066537111665 2.19634886692021
0.382756858810413 2.17305483957692
0.379055992198754 2.21785136789596
0.379841909909983 2.21231362292719
0.381282912438121 2.18765817946319
0.380340678706358 2.20486168147136
0.378846678384739 2.22480109088381
0.377612302406263 2.23492537715819
0.381834862266801 2.19062414596191
0.380987647252332 2.19477612835878
0.379499148195734 2.21501109852356
0.383980031641265 2.15433849900599
0.378344902458726 2.23025007214282
0.37760831249162 2.23942926902934
0.378597275898717 2.22440118975624
0.380220793433132 2.20125347772154
0.382809909607938 2.16826246066874
0.38037703645629 2.20143644845576
0.381325481023348 2.18950844443587
0.377965941396146 2.23550163952845
0.380758590960781 2.19512808073239
0.380278855668553 2.20887190232584
0.378746728797674 2.22415222587685
0.378944963431972 2.21982204416028
0.382245945842397 2.17707939523485
0.380210898543116 2.20642998623041
0.381565016353848 2.18447494427862
0.379619103300196 2.20762161491273
0.378732065992233 2.22026816861061
0.3773612142104 2.2429688091347
0.379174404556127 2.22430090084499
0.379444502884412 2.21233550378104
0.378112875397837 2.23225883265043
0.383183849200983 2.16505542769892
0.383787689081831 2.15602804638586
0.378068839515895 2.23853616661162
0.379532862195127 2.21183247498394
0.378420025478279 2.22804259153233
0.376681051494961 2.25002948566084
0.379750931508526 2.21064857553027
0.380231626039209 2.206978509517
0.378610490180726 2.22819573166843
0.381120909288705 2.19289246224403
0.378403934633349 2.22722795945086
0.380291229984722 2.20822623981186
0.378785979453405 2.22832211298675
0.379854464663786 2.20931736221694
0.379832478354788 2.21170846627171
0.380224120436903 2.19946668348064
0.380673644188097 2.19533051225516
0.382900783401236 2.16947453582876
0.381576109252945 2.18876064323863
0.38357025033978 2.15855636009783
0.379199433412543 2.21492009771913
0.377237977947383 2.25018904944215
0.381636398815918 2.18637860191121
0.378558508301389 2.22147664717762
0.376650007044733 2.25238759403672
0.3796323352728 2.20871614202526
0.376684205443325 2.2511412938212
0.380682022924454 2.19723163775631
0.381964498238996 2.18154188314849
0.381334250688417 2.19725337640882
0.380952803716432 2.19509701264749
0.378727565257638 2.22349115850227
0.379447514166881 2.21267257327698
0.382144744899967 2.18060033639376
0.377680507741448 2.24097542117672
0.375164404541725 2.27188612772076
0.382267994497684 2.17567585251534
0.381588544400136 2.18701625665838
0.377279249739081 2.23872205383335
0.374884671048836 2.27531896272722
0.380229301354838 2.20466581423972
0.381818231265028 2.18380332603221
0.383097689582346 2.16727067699376
0.377440208950295 2.23686344548125
0.380043378011659 2.209753441036
0.383010330104245 2.16780583408325
0.380684534971029 2.19637695889346
0.379882634525632 2.21263742717738
0.380651906212106 2.20000558386284
0.381720437875841 2.18573392067775
0.381684609200394 2.18448125306883
0.380378738808361 2.19821676752806
0.3807171186452 2.19779471277683
0.384275795438718 2.14935158298622
0.379457737892356 2.21521513824163
0.380084641279056 2.20663912905816
0.3814398527491 2.18969155316282
0.377905274570287 2.23250171785737
0.381728320095561 2.18260157989985
0.377797489828233 2.23722916331349
0.382249307273081 2.17497479183317
0.381081287226541 2.19258666695922
0.382919265092509 2.16532650398947
0.38011718867631 2.21034029217835
0.378102496818535 2.23140446459746
0.3811939668861 2.1940936484321
0.380988206314982 2.20035223505264
0.3770098055594 2.24806455537017
0.382879631062407 2.17141902107737
0.381045941162984 2.18669895460197
0.377592193689029 2.24039941148841
0.381709992959077 2.18863210330374
0.380718141887004 2.19419859296963
0.381188718776271 2.19210459074624
0.385140825341721 2.13886353505566
0.380762202505499 2.19720132351994
0.37897398413152 2.22014568404771
0.378402850949412 2.22929192450369
0.379884530466178 2.20425634182794
0.381333184714462 2.19281984739539
0.381618466887809 2.18554194125389
0.379190181210683 2.21977046068232
0.386131880812166 2.12677629647139
0.385098760096151 2.14117763705833
0.378515710861988 2.23169193369113
0.379858313456464 2.20515693329148
0.382568908699303 2.1746445077577
0.383253127498318 2.16316825290404
0.381264728121276 2.18665600579923
0.380944780395675 2.1921836786899
0.378345868544612 2.22733445992629
0.381855367826051 2.18712853526995
0.379264407828475 2.21510676596331
0.381021075267663 2.19603807328348
0.382631964894071 2.17257391716422
0.379273739327052 2.21811760359183
0.380465620642599 2.2022996130626
0.378881492577451 2.21722130298123
0.381664980190174 2.18627771661419
0.382044523515055 2.1812623417184
0.377481025665039 2.24522286066351
0.378132163489613 2.23705757623982
0.379662850217458 2.21742376347021
0.38013538546742 2.21084930240149
0.382743299489543 2.17135504895887
0.380092266531995 2.208660830662
0.374945398244247 2.27535334223934
0.380596403541947 2.20287263407503
0.379560972155256 2.21658361446402
0.37757390921362 2.23907371322178
0.381535523201894 2.18625779767626
0.379036021519507 2.22330189739845
0.380977293017366 2.19590573223661
0.378244872692462 2.22653827511551
0.378848984920605 2.22057958980751
0.382368584909741 2.17518658357277
0.378716332031219 2.22746415946919
0.382163162641449 2.17957387739793
0.379777482824813 2.21013366061324
0.381171948911739 2.19359570817588
0.37924830422787 2.21883375894881
0.380985936439391 2.193906167282
0.378640840043293 2.22860961673419
0.381532477015061 2.19277637449792
0.383209220554262 2.1655484538827
0.380051022990227 2.20728066612177
0.377072740895096 2.24672228644882
0.38252034367689 2.1769191046392
0.381432946345608 2.18762143958097
0.380203143284811 2.20671454882649
0.378322760572331 2.23096229608362
0.378590998199538 2.22571697119033
0.377753834693934 2.23561046740945
0.380161047272561 2.20493050338639
0.381219642497846 2.18824223041319
0.382068207320301 2.17701932557009
0.380861295333393 2.19451597750936
0.382237986253761 2.18233230398993
0.380369602746702 2.20127957832654
0.379321605342783 2.21885394000931
0.383380729471677 2.16369322861395
0.379065737664336 2.22164256982776
0.380462058549523 2.19956482830138
0.381343623176799 2.19122800309613
0.380712194840798 2.1986810248255
0.378756084334196 2.22625929461427
0.380734115080789 2.19226337931146
0.379644817748383 2.21547664888036
0.379621871719561 2.21210822506735
