0.466408254193444 2.64236379964227
0.457090705587595 2.99412810366218
0.464012576857408 2.73241998482028
0.458581860441238 2.94732290162122
0.462040678575465 2.81673868265738
0.454378590178953 3.11288746409341
0.459497379315134 2.90171608680697
0.457175244138444 3.00854445701832
0.460302803210806 2.87839220948481
0.456184134234873 3.05661884397401
0.459885878127384 2.9038297727298
0.456255469207189 3.04145704634017
0.463702558905665 2.73520644826707
0.462146064855917 2.80407319473161
0.458666480086462 2.94778638726711
0.468963272264496 2.53312080992377
0.462313868910382 2.80612782139233
0.46594139173591 2.66715317237934
0.4542415774305 3.12889809641846
0.449236110379338 3.31833463976358
0.460651413295062 2.88045936029551
0.45621070222825 3.05292155339319
0.459609019177592 2.90845828186736
0.454321802176229 3.12129970577786
0.458958274977194 2.93726556391767
0.456815954873034 3.02242121026366
0.456243486990894 3.04257098248552
0.466814873053656 2.61553474984411
0.449754205621029 3.29455278105549
0.461296504982608 2.83717985516902
0.455642251646318 3.05795693909674
0.455363382240334 3.08105997468388
0.463943412472123 2.74152643204347
0.464750933175908 2.70805752921968
0.456377846621737 3.04088434038304
0.449397353812736 3.30861836233938
0.456067409974733 3.05238428558484
0.44947153904937 3.30887913574403
0.461155282398277 2.84439494075307
0.467264741189107 2.60205764542259
0.460559973847148 2.86354218266809
0.457067493709937 2.99913399301631
0.454831268606717 3.0922896728618
0.458593514842317 2.94381959901434
0.473155414092755 2.36574194689079
0.462002769572193 2.82140985581006
0.463465831581436 2.74316444368542
0.463333166096327 2.75555322963301
0.467996202782888 2.58902958007299
0.465234451200992 2.69482459910447
0.456884261597624 3.01277361902911
0.457613558841103 2.97148374784035
0.448148967855996 3.36256811389656
0.456229298112726 3.04506515470248
0.463219013738703 2.76623770306046
0.453866642750061 3.13037519161542
0.459460500476806 2.92352927389254
0.462356257821083 2.79282766884075
0.455757285333114 3.05519423903192
0.467192167281992 2.61228666373261
0.451656907246167 3.22578184404615
0.462003499895328 2.81247169212405
0.46353038320919 2.76725512825749
0.463667268196312 2.74279971332653
0.451954000284692 3.21484738994231
0.46802403226377 2.57524105671392
0.46556015413077 2.6839879183203
0.463689682131097 2.73316630243453
0.460611816721312 2.85960567026207
0.46654413154852 2.63518378938687
0.472771414105327 2.39242201990693
0.469563965637983 2.51050303543501
0.464946425468102 2.69729580113878
0.460451410047571 2.87534337042736
0.463828360807456 2.75372740865013
0.452900507212161 3.1630420700045
0.456021178581671 3.05350420439899
0.458826181919712 2.94902515856481
0.459198531898118 2.93093004533197
0.46480000880536 2.70984543211615
0.465123730205253 2.69608250689682
0.461811952888392 2.82394802663591
0.455795713008712 3.06594621057066
0.471845027069865 2.43043415050809
0.459229211338535 2.92555647205236
0.459695640305794 2.90231096942966
0.449675607509404 3.30672284643935
0.459908290422148 2.90573327828515
0.462429180876291 2.80031123622475
0.458862568210663 2.94367354364774
0.454704086332831 3.10398120008212
0.460905767110551 2.85921662168018
0.462723770699804 2.78951500596799
0.465630368836919 2.67083424975081
0.457392561481388 2.97396992238515
0.453261470929009 3.16894044970235
0.461440822131703 2.83387956344493
0.458751251912692 2.94068748824491
0.453126903175352 3.16616658540365
0.456594740320968 3.03688509906091
0.459826032352506 2.90412161702445
0.453056898042846 3.15902743577688
0.453920783773264 3.13017069120043
0.466089675363192 2.653614284935
0.452526659149534 3.18341815586505
0.460954368164122 2.85583046068502
0.441317534814452 3.63202661954587
0.463321120733755 2.76310583365515
0.463642224887799 2.74254933657103
0.456597782756783 3.02337951142722
0.464013693848432 2.74018672413852
0.460805473200699 2.86738887768225
0.44881763981822 3.33932690338395
0.448315282710771 3.35657168411348
0.460607449917767 2.8687486826101
0.459277933001163 2.92679426373203
0.454114883593798 3.12558748515863
0.462514499189589 2.79931743150675
0.459374670427162 2.91573089249361
0.453685269261069 3.14672445239999
0.457990306695591 2.96127527816349
0.454729207239048 3.10006084553548
0.447704042120649 3.38767946565663
0.461997080801409 2.81819164217555
0.454917305364607 3.09899812984734
0.469324566135043 2.51378732245606
0.454770374639393 3.11868595042497
0.461083388506357 2.8537309361502
0.46840864432047 2.56041820919209
0.468154409867223 2.56763812069083
0.462548531345514 2.77890773696592
0.464173496021311 2.73795285455297
0.458104199797102 2.96079808186811
0.457162588395237 3.00408878956231
0.456842039896586 3.02567064534593
0.464270918031766 2.71785738971418
0.460148491747127 2.89203607218785
0.45436904226272 3.1191687714901
0.463357565541031 2.75948090523086
0.463223783137965 2.76664718456198
0.459206782914422 2.91645228113242
0.457594980677504 2.98656156693333
0.452558343084481 3.18865082606756
0.452619964448088 3.18322767328048
0.457688624159957 2.98717045414639
0.456726377275569 3.02054071571885
0.46541667106768 2.69238318462821
0.453753068505962 3.13842830174774
0.451953301950705 3.2082594134602
0.457410502079428 3.00321336091597
0.46467850198618 2.69389545322194
0.463247250074522 2.77202540911149
0.458167091917848 2.97377951885488
0.459240753481296 2.92573619624105
0.462365733977075 2.78790404835593
0.466467687644784 2.63032391233475
0.467196069563989 2.61017385988959
0.456374464015241 3.03643924062834
0.458338167223192 2.96513077129418
0.457639530993709 2.98527969858254
0.458739373694145 2.94273435265116
0.464860339752506 2.69299692411944
0.46341497246509 2.7520273551473
0.458439179038786 2.95871446378751
0.458751516958201 2.95522701943828
0.460852059318033 2.8515684096265
0.458251175017839 2.96049673798298
0.461699153604493 2.83186755456374
0.461268223735387 2.85039780020675
0.462723172969949 2.78820321441588
0.460801115859836 2.84649836308429
0.458976328880497 2.94067071537296
0.463935506839567 2.7307976813552
0.459202110278294 2.92400339878127
0.455835976785244 3.0525475207236
0.460153281728002 2.88599753422049
0.460722286673438 2.87118969356268
0.462361088437954 2.79215437155251
0.457109580824706 2.9946714047542
0.461564282813825 2.8261799345405
0.464668681758093 2.70388034300472
0.459582333173234 2.91380735410048
0.463222892280817 2.75552124188657
0.466421390478636 2.63574479234695
0.452623119727714 3.17672617083044
0.460460162786702 2.87746694696301
0.46367686821083 2.75157054178648
0.460676631781757 2.8702185180457
0.460390650821846 2.88988770921873
0.460572168374624 2.86283670155714
0.467344014400225 2.6003996065056
0.452407625867615 3.20049841077908
0.459516506135988 2.9074119566745
0.458727568226212 2.95504070558089
0.450244761076267 3.28483318685875
0.459364013691773 2.91695137316082
0.457781522394196 2.98033594693307
0.455867414251998 3.04038294090705
0.456544677388339 3.02926103949357
0.469936345693145 2.50128223876853
0.455609097788287 3.07049499301841
0.464809793165427 2.7000606000067
0.47137021117534 2.45126672448436
0.458682784964733 2.97177810351129
0.460664745099211 2.87067546197137
0.462994588520012 2.77546144711738
0.459010891738185 2.92182472596817
0.458223980736827 2.96612396233516
0.455405513686213 3.05571119588138
0.463002639155677 2.77176580187217
0.458885751005164 2.94028937830027
0.463543199336808 2.75872534396884
0.467430063379509 2.59927699729277
0.45693761750527 3.01838929176128
0.460634534017879 2.85381992963937
0.45717340730378 2.99915862421494
0.467594199226442 2.58560142615776
0.473498123530308 2.35190849043905
0.444868140231786 3.49932436958678
0.459775811487197 2.91656273304035
0.452914198031147 3.19224527894351
0.460149947921075 2.87636554901664
0.459485137839343 2.90816067992497
0.463491350311284 2.75980404233675
0.459176786441523 2.92074982293441
0.460002580406002 2.89594202869979
0.461525491078152 2.83973136102836
0.451733736122219 3.21544437349808
0.459006613864173 2.93865711946644
0.464580680862113 2.69909670138068
0.460113266047881 2.88536263260368
0.457431388912353 2.99204480598154
0.46075910854856 2.86769656084343
0.472504107269875 2.38251413450762
0.456752213609404 3.02692131258223
0.463088565639838 2.76672325777684
0.459114146283214 2.92522583524778
0.456807224181084 3.0011920406459
0.465564632268624 2.66244828072221
0.452323139438511 3.22196120565179
0.470734732497344 2.46509967570136
0.45535435549169 3.08879548852346
0.462286192924901 2.78384624815182
0.468388157201811 2.55321997373061
0.450430268097113 3.27296411105728
0.455742703255193 3.05846192332784
0.459314618020939 2.91912316618097
0.461146788898666 2.84422518374682
0.459641527122806 2.9094600491461
0.46342557504721 2.75088327899491
0.469353190158845 2.5204697990764
0.467207081963675 2.60143486949768
0.466297637014227 2.62424212845408
0.457961378634917 2.97408362135177
0.454115591752877 3.11994475990489
0.461205048992602 2.83103717915688
0.465045850931726 2.69096922366432
0.463909785872068 2.73876954384965
0.452821163341558 3.18611080784
0.46067727220975 2.8684811676013
0.458030953543825 2.97097539207346
0.46320721975737 2.75732697995992
0.466141303045347 2.65665109727752
0.462626112543237 2.79055792762657
0.461389301563967 2.82179383747313
0.46508117089866 2.68062986500065
0.459776661789436 2.89837541630542
0.452790761639329 3.17876164801054
0.459138781909827 2.92784898474645
0.464605939305324 2.71129469520232
0.463521073085959 2.75216557979777
0.456761067943993 3.02726417114783
0.454445501167898 3.12624924370162
0.458883220251793 2.93447759597545
0.462760889094494 2.78957084313626
0.46151290592365 2.83759567103315
0.469631267658427 2.51229803759094
0.469243352854935 2.51214545321619
0.462191028934566 2.79824502177934
0.460520348371098 2.87706023884248
0.462672529282533 2.78228477187747
0.458742358911722 2.94809116206142
0.46044261484058 2.86794564045065
0.461302747369459 2.84408821885427
0.462062546563184 2.81047308528287
0.464475943258188 2.71753804071057
0.47239232130081 2.40456061821506
0.463755578547369 2.74933506478872
0.461330635493704 2.82987305566875
0.459788284213983 2.91516654894818
0.453092279999099 3.17283502003042
0.46291342524372 2.77245041759079
0.458553353988615 2.96299080731087
0.453903103645143 3.14347785195367
0.46251487926593 2.79520798119867
0.459699741426061 2.91739514415559
0.458624555892333 2.9539844396899
0.463375791574487 2.75960558155806
0.457445389706304 2.99692040478117
0.452755132387345 3.17441223931078
0.460223674067773 2.88117303590399
0.45916306334185 2.9250326244991
0.465422161273921 2.6678691941436
0.453831494768656 3.13293813376646
0.465027159611871 2.69112302251074
0.46042575236588 2.86324925988413
0.460012834434377 2.89366630099611
0.465341751879798 2.68563800240406
0.460909581085852 2.8606280087643
0.468341127479453 2.55319957795827
0.461298162637428 2.84323439419602
0.467710812950453 2.58388148813561
0.464536253218123 2.70355573263216
0.46160710900502 2.82697547696438
0.462773296214007 2.76994360650475
0.462166156990746 2.80144730469682
0.468700612880939 2.55037466674981
0.472360393200172 2.39862537912244
0.455566645070348 3.06789720662663
0.45493737667417 3.09250684167251
0.459708215701149 2.90926054364751
0.458809132113779 2.94511326920209
0.47078436291067 2.45720141183328
0.462802633764453 2.78208574940488
0.457032148053983 3.02157119644715
0.464270977139457 2.72656572775187
0.456333200441961 3.02793284916491
0.456352281239718 3.04488789084163
0.457521658119769 2.98224756783633
0.461605971903134 2.84320378153867
0.464480836346433 2.71764952972984
0.45721861104815 3.00046820222223
0.461727511336571 2.81869810346153
0.455503579589227 3.07295060828674
0.449647733970355 3.29873613490972
0.452928904615184 3.16811336822048
0.464791161476014 2.70611663624249
0.462430681677163 2.79180227949766
0.456483958137966 3.02410546772971
0.463798650791858 2.74312430850923
0.462915681625262 2.78244336713646
0.458975103246097 2.93565220940706
0.459267895030616 2.92673286017702
0.463552588816943 2.75220931717102
0.466143725195038 2.63797490673148
0.45371008693933 3.14527519827993
0.45429953403531 3.12237522413225
0.458097472593338 2.9652424517902
0.458180295186753 2.94602862407977
0.462303483076648 2.782381563928
0.460375748896749 2.87922802865602
0.460456377349499 2.86536970495507
0.463161219426711 2.77025466926391
0.457696857748031 2.97261177687085
0.457966291924202 2.96660800854503
0.445108131523553 3.47888139464326
0.45910144819103 2.9274061424557
0.452718987736407 3.17548514773039
0.473377339044233 2.3565708778273
0.451675229530032 3.21773495905741
0.466039990101803 2.64594254068696
0.456234905422079 3.03809402776135
0.452298407030424 3.19986155106065
0.466807563990357 2.6206687098801
0.456573301035854 3.03686618571742
0.462325270450174 2.80105875778635
0.455701743111134 3.05452634090325
0.462725036016226 2.78195311331658
0.455934584946386 3.04959100188763
0.467219546495174 2.61455915844038
0.464123896588175 2.73979464924709
0.462318396379346 2.79500001480527
0.456946068369896 3.02337910605768
0.455830628378497 3.05840477731107
0.464904317966884 2.70431822994883
0.465336702404966 2.67563870885419
0.466535686359832 2.62010025125837
0.470045388630355 2.48829107532754
0.466168145428197 2.6574945429451
0.460228950758187 2.87638645929815
0.459784205126045 2.90589936656384
0.465835511651551 2.65622951565862
0.460856906027878 2.85913473349217
0.466605166332285 2.62698888577492
0.458656266497508 2.94189615655495
0.467508992068967 2.59328374234722
0.470614482157534 2.46589438542411
0.462781778559073 2.79831852605709
0.47058781314041 2.4656093640215
0.455628104540604 3.06427155360012
0.464699761639838 2.71095532019401
0.460767896545063 2.85269852896523
0.463455068416819 2.75505141119785
0.462075812971209 2.79807585895797
0.460191790320105 2.87100325438739
0.465565339161265 2.66368788456408
0.460149916333351 2.87823164447299
0.458917477498249 2.93740764283008
0.466404861569408 2.64083697861898
0.457097024255727 3.00578343539269
0.459787290632981 2.90570075968695
0.456812824691991 3.01798093972321
0.449245712263948 3.32521656563461
0.46901624468179 2.54036796550466
0.452167769302579 3.22134897678621
0.456598826896209 3.0265961298991
0.462190220420748 2.81023827151292
0.461362104601277 2.82974245713742
0.456694333546023 3.01503951447935
0.467344010226863 2.60030313412967
0.469478479758251 2.52176591707676
0.469136758794317 2.52700290696462
0.454922989035309 3.08807203173707
0.456344137877416 3.0361146815973
0.448171802190646 3.3687687195301
0.455747589076259 3.06455611909716
0.458611680017205 2.94680153768191
0.448008005950161 3.37063244561373
0.460637136469911 2.87207691264445
0.466417273413688 2.63157325668744
0.465563472195692 2.67650856012809
0.456897477253417 3.0135315126039
0.462007523609044 2.82946585049152
0.455820045097923 3.05295205983324
0.456101824426873 3.04411340390692
0.4589084580988 2.9364790568753
0.454534934932375 3.11159830714388
0.457370764716465 2.98948353977047
0.461503770450346 2.84785463455053
0.469555517570174 2.51394547214397
0.464133666338154 2.74802096751238
0.458179238160294 2.96004868488644
0.456962644318831 3.00463209439015
0.458422293729117 2.9591378767594
0.468931808334335 2.53761583373159
0.470862511090026 2.47029667049606
0.470189049620337 2.48471117406697
0.459680827588241 2.89628674454845
0.455197589533995 3.08006168935152
0.461045297342148 2.85265996384458
0.460282981591214 2.88509865141645
0.458308849526043 2.95874754326576
0.456113405676016 3.04936634234396
0.463617010430988 2.76004648423469
0.464492408824002 2.7079605601457
0.458289171367994 2.95258357425455
0.459754045293416 2.90350154890043
0.458971956989237 2.92117964695179
0.462550449021967 2.77507317050243
0.454393599880707 3.09563042593527
0.457442665392266 2.99499678337135
0.455176563887297 3.09705387497542
0.460536130903574 2.88383467084435
0.45468793260303 3.11418589121754
0.460150853103599 2.89222570557825
0.456713293426657 3.02746518303065
0.469122448497059 2.5339661662369
0.451261196288086 3.24333562710732
0.464696522573431 2.72048334065043
0.466618964876497 2.64256773560607
0.454589052062639 3.11245057434767
0.457359709554234 2.99969052496324
0.459067400023693 2.92159831970499
0.46270775016134 2.78053937379748
0.459083844405267 2.93463173873492
0.456836489968472 3.02364579942449
0.461573740236071 2.84190246059657
0.459684905509291 2.90839745869396
0.459721251033213 2.90674994996792
0.454033589410119 3.13899231465682
0.461254673526048 2.84320424600376
0.461529842191549 2.83406079044494
0.464186464616076 2.71101628295297
0.456593564384613 3.03879820891903
0.457361634569228 3.00156603153216
0.456293301672951 3.03394829021896
0.464979538381637 2.70518055318112
0.466681318787615 2.63679717399448
0.455900885224474 3.05805269616484
0.464588094826568 2.70666315962161
0.464776397084219 2.72221229450833
0.460765982237315 2.86765540683585
0.457911706072425 2.99059479958175
0.462647136677446 2.77859455596781
0.461606008901701 2.82540859298295
0.45423146691948 3.12925950517933
0.457645653452129 2.99055026559718
0.457037307074919 3.022214881762
0.458055739909175 2.97636497898078
0.452092720073117 3.21194640877424
0.451994633247021 3.22138096218698
0.468695317597732 2.53801826301343
0.456851683937938 3.02720010454422
0.462543595912577 2.80362437493974
0.464080603988715 2.72720386895166
0.457246490802294 3.022068627802
0.463702402285101 2.74566610566091
0.463155681575195 2.77215899104055
0.456990904789747 3.01227845045797
0.463055323996537 2.77246735099432
0.448988413783487 3.34710021432283
0.456079191001096 3.05580071642051
0.451161822730339 3.24142750774472
0.466794620141592 2.62695589051785
0.461327196952252 2.83875657653029
0.462716993733241 2.77714766918057
0.461718499444182 2.82143530291074
0.456520501306644 3.02252209064979
0.454367760306288 3.11725469285292
0.470708414427112 2.45765149622627
0.458342842549636 2.96110134080338
0.459178693016496 2.92490745244396
0.458653591341674 2.94092493014764
0.469739733016985 2.51692561756725
0.446019122790383 3.43840127885304
0.45630379163264 3.0474378580275
0.460490052572268 2.86701896104758
0.461532511658628 2.83920765390029
0.462215207826736 2.80712546135197
0.459314462483964 2.91593744342367
0.456281071804152 3.02958458790616
0.461838901028266 2.80508539013478
0.467448805559313 2.6045247166294
0.463852614880249 2.75271673654407
0.461407577126562 2.8407272375978
0.468380359053949 2.55498592679246
0.462641656602509 2.78034811283228
0.453856388112083 3.14205256239685
0.461427456329747 2.85389433603066
0.464108739198297 2.73617563223767
0.459585067174399 2.90501777198932
0.463613925678559 2.74510176208421
0.469890401820013 2.49792473935911
0.459786862528079 2.89210588269833
0.4607208646652 2.85985298513831
0.456070375064328 3.04643118809178
0.462256911751069 2.81957936354127
0.46164312378992 2.82850570996806
0.461669958437183 2.83111312949905
0.462035855745068 2.80869701983784
0.470820874176986 2.45897603399958
0.458288699696669 2.96149236820832
0.454860950238491 3.09778688010424
0.466314946650058 2.63762874199743
0.461522728538556 2.82901928998676
0.460057045989713 2.87874665518746
0.459674901375112 2.90365532525701
0.452068768350321 3.21144458236228
0.453542367701837 3.15880878845417
0.461085018095586 2.85797935147809
0.460498953427697 2.87500281431307
0.455335815484814 3.08225035269312
0.459214802068553 2.9271077801532
0.462540332481001 2.78496881532432
0.457788531136127 2.96487548009745
0.458871718000855 2.94067446453698
0.452700744614679 3.18104845695657
0.452991769428864 3.17092271363186
0.470570105571557 2.46927071634107
0.463052032642005 2.77907678917299
0.467860159590599 2.58002444168987
0.464004190410181 2.72939494376091
0.457085901280341 3.00370418070287
0.456986080336769 3.02252798269284
0.462924188232615 2.77530436952735
0.453574054175155 3.14985841201831
0.453818673549735 3.13013460037878
0.45185726508104 3.21761962143014
0.464044715900158 2.72503971881976
0.463208517470362 2.76298598900899
0.462511304536556 2.79100050209374
0.464315437353867 2.70863890563051
0.457521396624361 2.97534375745487
0.455130375648861 3.08868647856704
0.467677156160128 2.58138593705461
0.45509426783353 3.09203632318767
0.44891762331146 3.3362249437216
0.455949578342712 3.05199692539257
0.463567212545629 2.75563685788922
0.456498110032947 3.02813915168524
0.463786482566338 2.74836121660059
0.456184778209663 3.04612257421235
0.464632220890525 2.70775519201072
0.469603138015381 2.5132140336288
0.456404864824408 3.04876574966821
0.455778291196463 3.05368915938365
0.452137858136865 3.21460620237163
0.468311338100907 2.55092742068984
0.449410534005096 3.30487498836978
0.461448658826587 2.82748353225461
0.453094385604831 3.17576453473123
0.462453840349838 2.78812875417252
0.461182168676563 2.85337938291872
0.457887148177412 2.98506364837103
0.452630275128907 3.20008425211798
0.465835760655368 2.66878697912158
0.45673419450792 3.02305642250521
0.464048898248738 2.7325199334286
0.46479406532409 2.70412828888333
0.450824887950178 3.25035341381774
0.462863573088375 2.77371691626133
0.459206269589369 2.93428604075047
0.462658032637968 2.78523705188618
0.455901677467937 3.06364997327928
0.466108708502624 2.66298183439407
0.469261110596188 2.51599407543541
0.458588980002663 2.94039276888826
0.461349736120835 2.82932058617983
0.46922750832342 2.5239497981403
0.463868168357581 2.73129454394075
0.464256670646936 2.70229394808917
0.455883110941637 3.05149536534999
0.46277277497219 2.78367490884563
0.470971045928126 2.45948803284569
0.464785521431831 2.69188487004722
0.463769042810446 2.75924878309836
0.45736921007458 3.00309960255402
0.465700643106152 2.66129395057662
0.467196578609886 2.62511664877719
0.450272112860092 3.27824530632062
0.463594508850217 2.75389841668636
0.455751313710624 3.05881084786978
0.454594998271953 3.11029219546271
0.465367955430096 2.68688498473912
0.462513722205322 2.79971270181519
0.463442609893834 2.75961841354478
0.466298461593576 2.65377748021141
0.452754453215202 3.17545503023187
0.45491312507947 3.1064929532361
0.457982893492785 2.97283786222123
0.459872918962742 2.89572855479195
0.465836346261112 2.65315783097146
0.464723076599345 2.70833543363966
0.452520869739144 3.18412368881628
0.460932229857097 2.85168900516764
0.459435775821603 2.9092880544691
0.464445716147737 2.71298942229307
0.460931518967723 2.85861505646843
0.469172439470271 2.51071788919742
0.45269179714138 3.18411333048359
0.463455144589831 2.74602003636418
0.458198338916284 2.9733959437975
0.46238614786805 2.79580487854711
0.45989378972676 2.89882607207211
0.455490755456019 3.08293514137929
0.460184187746636 2.88846560145721
0.459420111412214 2.91629558790031
0.458970548781932 2.93519584416886
0.462709922264659 2.77841387671819
0.45970758540061 2.90384064362528
0.462222706037232 2.81667159903182
0.463661920496014 2.75972135087126
0.459568109507251 2.91577264066523
0.458160465273455 2.96542957084392
0.460708668796945 2.88014145931482
0.455080229391736 3.09524881655838
0.460525954442087 2.87812254960413
0.462564540868221 2.79391066524618
0.456981366468108 3.01963054972263
0.448947147920336 3.31637653475076
0.457340439591347 3.00407029549509
0.465136032665644 2.69599995620145
0.46039953171992 2.86620092402681
0.451088993703732 3.26094658449568
0.447646095390651 3.37997531054311
0.46675676541952 2.6180608652416
0.462340035750354 2.79548706208133
0.464080414389419 2.73279028047063
0.460646900131875 2.86604898913616
0.452460206490899 3.19793487493163
0.452790963275313 3.19022442758093
0.466193569554829 2.64670146768959
0.4617004977213 2.81731099329513
0.462418725078837 2.79250213236268
0.456908215263129 3.0014785242015
0.459311612953338 2.92650308626372
0.466270118899374 2.64311444838449
0.460998760974041 2.86596194700502
0.44725538584967 3.39697999887921
0.456491926584052 3.01445635838607
0.452497365505117 3.19068592668719
0.460354551298573 2.88307368711365
0.45360732518732 3.15554621368095
0.455096343050421 3.09092139153424
0.459670379575353 2.90506260666226
0.450264610918822 3.27705989855789
0.461846031655373 2.83094751262225
0.464912452048892 2.70225668938532
0.455998051480267 3.0488698741635
0.464429881283612 2.72418953703545
0.458135070043547 2.97629825666092
0.457943612434453 2.97414221302377
0.458292631916829 2.95716692736921
0.450885571822128 3.25260082423146
0.460579807031826 2.88004653757911
0.457709818414696 2.9880734834526
0.461524643098407 2.83808105451545
0.460578940074196 2.8700548363721
0.453763899296143 3.12584102199465
0.460571656023895 2.8704472554758
0.460051744789201 2.89445978622092
0.444833450044198 3.49870570142677
0.458760673255622 2.95050204281526
0.455944689177258 3.04957486395271
0.460956202083113 2.85604243789269
0.46325427110275 2.77455681825111
0.463040915248937 2.77801750358698
0.465565655848751 2.67115846330759
0.458216442680335 2.96644877575686
0.465346152376289 2.70122332006549
0.457208269180024 2.98430915516962
0.460296281404446 2.89136669410406
0.462976904413254 2.78153183855323
0.458345805957402 2.9542603490924
0.458594416850226 2.948830642236
0.463458123201391 2.7757393131077
0.461290897079222 2.84342293078459
0.452761071500102 3.17582953076332
0.448334115186002 3.34013304403025
0.458407427447832 2.94616001737047
0.45707633036336 3.02011334029533
0.466812612896621 2.61941322136101
0.466901294093342 2.61896233668168
0.458000197477457 2.9865387913724
0.461478179179034 2.83685011756596
0.450806615628687 3.2598739068638
0.458291680723064 2.94857189246099
0.46052491589383 2.86334386881293
0.465540537096258 2.67068010289488
0.459001007021906 2.93890444664194
0.46740192376216 2.59259295645596
0.460807082649507 2.85958691286713
0.455457028391592 3.07118045442132
0.468986209813561 2.52890979489576
0.4554959363133 3.06996013036197
0.457573248415104 2.98355188493176
0.464194318779963 2.72791794425422
0.458487327601296 2.94032379784561
0.459318546258881 2.91725328873768
0.4597931796332 2.89235710162645
0.451299560577973 3.24664275791494
0.457538565855683 3.00384586641719
0.453837354975956 3.141712510119
0.461379919631567 2.82506440622082
0.46283885392621 2.77620009222187
0.471157029510489 2.45224762280629
0.467202351247176 2.61833664007985
0.458609824461037 2.95046910968485
0.459144778153187 2.92789775239094
0.458860375831422 2.93865332473694
0.45750904554851 2.97995904630304
0.451074670693458 3.23860747059286
0.464688662290373 2.70455764820101
0.46003691529968 2.88225326785368
0.461832941655576 2.806800633927
0.454800782700218 3.08848240636944
0.47168767454655 2.42422725271453
0.460005905652321 2.90320906543916
0.461062954296065 2.84900172867683
0.460296063609532 2.8638453897296
0.47236906696768 2.40612646948748
0.463560277726579 2.74040630083655
0.470997026099635 2.45606519291511
0.464109553072768 2.73087698332393
0.457412249460543 3.00131774714412
0.461913547652712 2.82898641126301
0.445613986340691 3.46519047609386
0.46348218129307 2.74662055729692
0.455261545115956 3.08584465970374
0.46384025677439 2.75003947565077
0.462616841178557 2.79964666986688
0.457574679362984 2.99288344839585
0.459668603805034 2.90117708597746
0.462402050045686 2.79007437937752
0.458078604962018 2.96994867977185
0.461656398185294 2.84329347121991
0.455056287339875 3.08637179372959
0.466187200452393 2.65001963572015
0.461444750030803 2.83707206450129
0.459296973007549 2.92215536670432
0.456810235687465 3.02187662079016
0.459184489365814 2.92134350558039
0.468428383041246 2.56291010049888
0.457352376285354 3.00494449621727
0.462402477132428 2.79442606884915
0.459502462953211 2.91945004294413
0.461178703322829 2.86462883494921
0.46512367982333 2.69350291752943
0.461335113931291 2.83710346140501
0.45655701343703 3.04195784850754
0.457437939248832 2.98890128113771
0.461777115962988 2.81382550932001
0.461024207855827 2.86557327569071
0.463056649964416 2.77813718223925
0.455356334294445 3.08344449531678
0.458983521284273 2.93939219585714
0.46428090139098 2.7223141128516
0.463792607732792 2.74446549301958
0.469504586938825 2.51481028432063
0.466652503429239 2.63327525390623
0.470405471956036 2.46603540815662
0.456450502938021 3.02061184020689
0.461284191313865 2.83331534255983
0.464091169176214 2.72976240489334
0.459506987471798 2.92039754667569
0.45477597480325 3.10148335440145
0.456654907979606 3.0226977580401
0.458968650727403 2.93573600020346
0.452069205616544 3.20431161445662
0.463588782776401 2.7466920023558
0.451918240152987 3.21040484806806
0.458047577152405 2.98335635134265
0.465152868793877 2.68876980715396
0.463476819029186 2.75848132743097
0.458930013732278 2.92974846342336
0.461305390992838 2.85045707414553
0.460204373347569 2.88104090326142
0.46054600448307 2.88029111019528
0.457581699746642 2.99201379560966
0.460988333134953 2.85014912592494
0.459922755819621 2.90125618329983
0.455119770585262 3.07784340484525
0.462109339446141 2.80827501576102
0.45292141391163 3.18043441030333
0.467690002540942 2.57613542233066
0.466977865753574 2.60712994790796
0.465028437389198 2.68928158160006
0.464425316381959 2.71136098868452
0.455401660563122 3.08795139984857
0.449968818935581 3.29858676393257
0.462967384471903 2.77910892811671
0.465219874802543 2.6767951221655
0.46247303296886 2.79300552830498
0.459185144447295 2.94051999869457
0.45825185114907 2.96906414620754
0.458297314113193 2.96074377495914
0.44958512751339 3.30792925939346
0.456049917787191 3.05717812643291
0.456898727795171 3.02339684644452
0.464009385340255 2.74762847768431
0.461037997190936 2.84794371084604
0.467326728226372 2.61687390478754
0.468385272515198 2.57773126392435
0.467349546141884 2.60529398886632
0.458410499411052 2.95975760816882
0.456489440854399 3.03536636518151
0.454111538088707 3.11551578397112
0.46106224889712 2.85284051435522
0.469309831981371 2.52676676920201
0.456824333810316 3.01552371773729
0.458640270590795 2.94334380439677
0.458921602665424 2.94313965320397
0.448838513241229 3.33157672520691
0.459091799075364 2.93864632252757
0.462131509888281 2.81532052871575
0.465383072716754 2.67988645010471
0.466218575641975 2.65862770033399
0.458741287949347 2.94533605983014
0.469595339886487 2.4934842568533
0.459117206759648 2.92127650593576
0.462782539054776 2.79713337014697
0.457875748804708 2.98208513604314
0.455671369839399 3.07063049706153
0.458190453341365 2.96265849028195
0.462869644531485 2.76688696677788
0.466619147835269 2.64150645535707
0.465787233476694 2.67033320061499
0.458897064778517 2.93765871838254
0.460136651717439 2.88683491047497
0.458346457151604 2.96251923218431
0.4536007569345 3.15189338585377
0.462118487859006 2.80436582920165
0.464121445510801 2.72217036648858
0.459867892638327 2.90890491927359
0.464624920418996 2.7218115318006
0.458165438680705 2.97278642445744
0.470396039988175 2.47809085693994
0.459248203604361 2.91715195452495
0.461625373293877 2.82516724423014
0.459256058257697 2.9184054519426
0.460902125899957 2.85472614210131
0.456811044126177 3.01510498354277
0.465308724840248 2.68267125268679
0.460237594245282 2.89233521862191
0.462505300447799 2.78954079094073
0.454826220025455 3.10735862966255
0.462252103035865 2.80217073396399
0.454722639915581 3.11081426811347
0.456579574399483 3.03420278848398
0.460467463831431 2.8718922791731
0.456101219289334 3.05160690892285
0.45392261360708 3.1280528300168
0.455296745775862 3.08130359111217
0.461910534864343 2.80571053304874
0.45886852916625 2.94808438371017
0.461130615295191 2.8525586843882
0.467770106146039 2.58976340927207
0.461037337405921 2.85601074285798
0.464441474299976 2.72401543606129
0.453144438222414 3.16883105908127
0.464223045379743 2.7302207528439
0.459014549538825 2.93039006521285
0.463799396450444 2.75523993352071
0.45765072790341 2.98661665819395
0.460769178545458 2.85443171388883
0.46118421363142 2.84931790662946
0.444198161902307 3.53003809961848
0.458762036153438 2.95007542544734
0.461040707766365 2.83930383436265
0.464173738060401 2.72230374996807
0.465445417056911 2.67615042157809
0.461548652018112 2.83142560971198
0.472663675455982 2.38668253422143
0.460589420452825 2.87187012054403
0.450556613029373 3.26162687152506
0.463677819149223 2.75344596396637
0.463877474469068 2.74872432334363
0.452204268926207 3.20362067927362
0.457647209350442 2.9911449686684
0.463740678703517 2.74335497964524
0.4470677720962 3.40307557160864
0.45158669157465 3.2394668442994
0.459634133601599 2.90627001818967
0.463009958576387 2.78472709494621
0.464615626148529 2.71864304477122
0.456748058063086 3.00818738628847
0.459609710804187 2.89878671704093
0.461370762378771 2.83087340195345
0.457916886313159 2.98254236052554
0.45641009579844 3.038334127646
0.459698708176913 2.90092127650148
0.464666813950477 2.71544856233432
0.462868172212535 2.78170703259647
0.459623149913254 2.91171268193626
0.458707702503024 2.95276863138227
0.461833334580222 2.82200128872186
0.464354651686356 2.7182426037496
0.456172464120381 3.04957425957764
0.457123023622638 3.02013856974714
0.468024814937759 2.56920018779809
0.458045990968161 2.97028237562921
0.456100891587885 3.04339593524137
0.455793236433182 3.06573181276138
0.468797754005355 2.53426015544948
0.460024709172004 2.88238395699537
0.451941152517505 3.21716507675881
0.460176528567866 2.88472674687937
0.457599519990572 2.9934063741936
0.460143313203503 2.87359044221696
0.453195952936414 3.14304661882166
0.467156678920765 2.61463147963473
0.465304417177427 2.69518226486441
0.453491453293678 3.15430222158774
0.466877605821162 2.60977427027779
0.457500042154355 2.98648763433682
0.458364425505669 2.94501456668338
0.449620126007119 3.29197668520302
0.466471785055549 2.61654609874469
0.469580781643977 2.50425188590753
0.456524108748884 3.02699199856641
0.460285092477189 2.89131698966041
0.456356435147671 3.0351809901905
0.457198298296164 2.99700925221585
0.467357557597136 2.59987786280267
0.461405314276335 2.83950568269024
0.452467257713014 3.18021764288096
0.469670940522616 2.49545447365707
0.456827877724793 3.00725379636739
0.470872232808536 2.47220260112133
0.457688849430394 2.98619449971753
0.462741174465344 2.78116751234705
0.463844023153951 2.74864094951226
0.464940394554878 2.6929583001677
0.462977387715817 2.77916176762243
0.459104625254903 2.93002101520013
0.460336846723021 2.87312967397311
0.4537048225311 3.13555411736801
0.46222602081623 2.80668584607854
0.454148259482812 3.1290554990648
0.456156115215208 3.04755099709913
0.463267600414775 2.75596845139649
0.470651121162838 2.45092002443751
0.460384198812349 2.86988355488634
0.462480317563134 2.81297420897413
0.470163888016163 2.47739892500488
0.46078346504783 2.85325692375195
0.464154678577361 2.73859053404745
0.45849668584025 2.94115532139029
0.455627103201994 3.06328929991325
0.457092389845349 3.01903669306355
0.452002661789846 3.21195305072686
0.457530749884112 3.00694557040677
0.465379352230725 2.6819726224025
0.467975922301737 2.57630076218665
0.460020193923571 2.89839112991525
0.46701397698923 2.62330254428212
0.451352460369199 3.23437191203073
0.469277683951245 2.5297906000522
0.46120454012628 2.83638790816111
0.459536825575285 2.90845380648274
0.44743945963533 3.39019487977215
0.454174161009196 3.13204044432679
0.458561536348347 2.94831626769802
0.460425565259815 2.87173503645802
0.454950891682329 3.09642585468691
0.473181524293449 2.36678533331759
0.452105220264469 3.20559368725368
0.463043166196823 2.77989375607902
0.446315215261535 3.42437701439484
0.466721922672514 2.61874458587891
0.452997606737925 3.16030933034032
0.458599338369365 2.94164958788302
0.463875753307275 2.74138275347607
0.457769262775524 2.98894100586715
0.459102875991847 2.91572909462959
0.465543083134928 2.6830608794313
0.462147154466352 2.8004896490574
0.461052080404774 2.84756852577117
0.463305908438111 2.75945296755807
0.463727975112319 2.74895731529713
0.45588610707645 3.05111680725969
0.457467835340433 2.98750024280667
0.455957585208883 3.05530250773992
0.45377643810319 3.14697848691185
0.459471212650028 2.91135437606399
0.455110054380399 3.08743227339174
0.464549200261652 2.70577924451292
0.465969896746859 2.6573503407656
0.454890864411915 3.09825482336229
0.462068457700341 2.80685068339245
0.44933275814898 3.30926569626375
0.46734055211031 2.59645362019535
0.462110110709928 2.81679561183855
0.462484519210815 2.80069445659769
0.459534788337216 2.91204837839124
0.460218551829881 2.88183137016468
0.46488364313477 2.69418880328581
0.457331497404497 2.99996398324799
0.464570377907094 2.7099413003745
0.458464794589948 2.95018823418934
0.455115899911112 3.07850737864861
0.460949795968692 2.8618203624948
0.463362136976243 2.75795553012326
0.452338769257707 3.2011326261914
0.462524802445421 2.79007610785063
0.461384955301878 2.83504433052951
0.45736035381093 3.00288207689484
0.459004142638633 2.92683435957016
0.461901607623001 2.81191574868803
0.468020117639314 2.5650664533273
0.474708976200959 2.2977753425905
0.466363446872346 2.64755448558402
0.454794737903873 3.11228545503904
0.457458984502452 3.01144958229538
0.461938179060243 2.81354222098427
0.464735096497346 2.71909667715951
0.466241674192253 2.64510350870985
0.464141143969546 2.72627341549564
0.458841495082386 2.92225040767061
0.461543038421555 2.82137627600708
0.456012840483928 3.04959798950688
0.471609774503428 2.43912727017657
0.46453587496193 2.72075717325973
0.460431923358577 2.86572994169873
0.451359219977615 3.23839132234212
0.456675692578523 3.03194987737321
0.459545410634302 2.91064666602078
0.454234899669133 3.13781492241954
0.454201160731783 3.11798263200001
0.457904736608439 2.97535687045723
0.458735161997412 2.93900269868835
0.461241168415113 2.8337877589253
0.457516809615007 2.98970118066699
0.45326935648367 3.1607652759872
0.465428198449728 2.67072992791936
0.460431873100169 2.8740119760287
0.458670188066404 2.94143765557043
0.456803370055083 3.01150076723551
0.461466858432886 2.82651462611635
0.45717701274657 2.99267316737488
0.456117470224969 3.04672920404291
0.465393531361717 2.68347544603372
0.466422776570269 2.63407425796621
0.472999632021583 2.37665162337869
0.463382813545407 2.76266500018209
0.464246698083747 2.73115217074111
0.463128113076805 2.77379366280006
0.465799647484581 2.65224830926954
0.46695562866394 2.60828153849091
0.468165049547364 2.559898782386
0.463187967609529 2.76845692648131
0.466849210359054 2.6104884172802
0.457154669063421 3.00732710660411
0.461642108454223 2.83333720770468
0.454359516816504 3.12538471634895
0.464355253179497 2.72545609803166
0.456359749028353 3.04450439148919
0.463129604283328 2.77420423478622
0.460601962009768 2.87356258723229
0.454598351041961 3.10569363644492
0.463197739731425 2.76296634343928
0.461657985559957 2.83849293435326
0.4712089349615 2.44462996954159
0.460841962490688 2.85961516208113
0.469050701416948 2.5359360356258
0.461186255109939 2.83756620052425
0.44813814940225 3.3619827435542
0.466791936843392 2.62552596795802
0.466752502136515 2.61721868348287
0.461647264559204 2.8308406499584
0.450162142962311 3.2961736543113
0.441549292601163 3.63264081124872
0.463956111727779 2.73575270936613
0.464300582431148 2.73304050243951
0.460419577274586 2.87714471211547
0.457952006262624 2.97336770035531
0.460036704449899 2.90069263705155
0.458400530034573 2.95238581924866
0.466422111213596 2.63004070415773
0.465381744797912 2.68327623079743
0.457521501164058 2.99698155026083
0.458468228260324 2.95674817882386
0.464475741942085 2.70088379103859
0.459338835198566 2.91770086375375
0.465645051259262 2.67829741338208
0.456427378033169 3.02935244702993
0.457909813856146 2.97510826020904
0.461279444641848 2.83738537875894
0.449968537922814 3.30280992944335
0.462028051006582 2.80273637313323
0.455612518293361 3.08391820669208
0.456590574412599 3.03696428436857
0.456868493680204 3.00694512508305
0.462671020309299 2.79317642691741
0.469446304412363 2.5166262858833
0.469788021237563 2.50084138314017
0.461320639586187 2.83590002096409
0.45671547553443 3.02793450199631
0.462388756902915 2.7857153554657
0.464035297903161 2.74578411297503
0.467941732333541 2.55829089358667
0.455984049510749 3.06647197878921
0.465646893840295 2.6651070566906
0.459562460049367 2.91539341100067
0.453146945462187 3.17396566855507
0.462755861342944 2.78502419609151
0.465894732242372 2.65493351131874
0.463305447645277 2.75314506380498
0.464519276062139 2.71881073213966
0.464348739575819 2.70236518111859
0.45724411662 3.00201029618535
0.462736672207584 2.77527053123409
0.470537210045647 2.47247345257752
0.471449825572575 2.44391176402188
0.460995624780238 2.85579729516413
0.456060091818466 3.03902078991898
0.463661025376156 2.75476817122195
0.46279064798405 2.78385102883229
0.468263137413221 2.56756103437116
0.455188065168524 3.08065716750267
0.458791696233928 2.94475316938959
0.465663331987037 2.66036486945369
0.453538206617465 3.13737419366866
0.470454153354048 2.48766470918341
0.450413694591004 3.26834663497959
0.464384255799219 2.72171537952871
0.459400374973936 2.9111892102103
0.466852909232223 2.62160247682952
0.464991732966062 2.69013042138716
0.452453970089528 3.19818689938785
0.46425208601502 2.72199331231438
0.459484188238303 2.91340966145919
0.461701430168712 2.81360295254402
0.458693862010474 2.95174272414779
0.454447902607516 3.12335408842267
0.458777300618034 2.93102788662793
0.452519104446785 3.19997849410003
0.462373250594072 2.81294130857022
0.459305707350249 2.9175306513201
0.46213921128482 2.80402318343139
0.462920016840607 2.78364945077405
0.453425361629726 3.14540120053307
0.468996960998221 2.5505222439186
0.462844073943024 2.77518392606214
0.457128131791561 2.99251500091347
0.450133556729353 3.26692801517551
0.460213859347201 2.89880306116198
0.453150103949871 3.17049788923035
0.459938170081971 2.88724888226365
0.46760380095102 2.59631252804352
0.45934620916572 2.90698651605027
0.458919778193993 2.93785567767477
0.465971435717533 2.66514314474968
0.452811189000525 3.17798884775652
0.457118648598261 3.00688704893714
0.463204293412538 2.74826511785897
0.456600800775931 3.01931182245016
0.449446339040054 3.30916670782306
0.450218190426939 3.29045065390455
0.461163414261127 2.8563121473667
0.464166205471201 2.72883177618094
0.457833906635969 2.97969613577885
0.45107809611039 3.2543922335827
0.45786360460704 2.99331968334425
0.465339179426779 2.67614625365296
0.459132372791295 2.91936228528586
0.453848034341516 3.13829724758192
0.461840215207653 2.82322959184838
0.457604907278344 2.99441695905887
0.451377728589968 3.23737557425688
0.462626321020405 2.79666914158381
0.463684296625086 2.740782191155
0.464187247798271 2.72914457635672
0.462576642224336 2.79327251871275
0.465086268474822 2.69653139957973
0.460213634463436 2.88673517326966
0.458438221506293 2.95136379445843
0.455876226361382 3.0563757781215
0.463542042129942 2.75261609046982
0.474603197546477 2.31434066922625
0.459388273175993 2.90528360337728
0.45720054994996 2.99934263089121
0.458769570560975 2.9369060665215
0.466301481372265 2.64448626189722
0.456517801399634 3.04298741166231
0.462795255528325 2.77314164751863
0.45631119417063 3.04378723369166
0.455279817659734 3.07486344931628
0.464449617659842 2.71601193595462
0.46352079341317 2.76167146473114
0.463316179714616 2.75860552808987
0.464328705837715 2.71463923913162
0.469979454420775 2.50184229077908
0.45724553385856 2.98738280111432
0.460264869722347 2.88485221427525
0.451784360574291 3.23109723183647
0.460762851321121 2.86252305500265
0.456948046297674 3.01473926671356
0.462233756627643 2.80929702680588
0.463838762073165 2.7526113521609
0.458297902467019 2.95689061305803
0.461020462996549 2.85915735393414
0.469004110604871 2.52151138073235
0.476130157114253 2.25012990169393
0.46397849838988 2.7479606904175
0.461278918210864 2.83288476038602
0.456883953608119 3.0090557429252
0.460428117893445 2.8666999704581
0.464538231536419 2.70313552448062
0.459833042421559 2.89159681332431
0.462538179895481 2.78442591516316
0.460772201834258 2.85861719290657
0.459557029121006 2.9024927289062
0.461236163159012 2.84369211153681
0.459618962144843 2.91608292204085
0.46215778051202 2.79299298683184
0.464292272656914 2.71667563825488
0.471702424716787 2.42000679847283
0.462435736178444 2.80540593137752
0.452047566788467 3.19281159709433
0.470382667146613 2.47285202494426
0.456889752973676 3.00196436359744
0.462631076803324 2.77987084690839
0.456444395494598 3.03911485789065
0.459671591162072 2.9072660975055
0.460429047476766 2.88426107034767
0.4569440204263 3.01927269618803
0.475784362629554 2.26107727576563
0.454383985792969 3.10363554304183
0.465235570335353 2.67407733379427
0.453783424485391 3.13467700397109
0.460719924493069 2.86860018490721
0.460581880918709 2.86606269251484
0.458164104000797 2.96661456566182
0.467205842932184 2.58344670558155
0.473300829809158 2.36417512733127
0.457020572632067 2.9994171078717
0.46927803412435 2.52531547910345
0.455442246329685 3.06278853878585
0.462590883781684 2.79469323761923
0.467517366668636 2.60303341148506
0.453297158891703 3.16164476932914
0.461750727453545 2.83711366258255
0.462708680416108 2.79024290138298
0.455419887590693 3.06255439182719
0.460760519932281 2.86471048084264
0.454670436780992 3.09349364381817
0.462442835428483 2.79977444785582
0.469123307936175 2.52118903234971
0.456714980197096 3.02985114625605
0.461748897234041 2.82124933743741
0.467531682500583 2.60527020990197
0.461466938892947 2.8332040089373
0.451510845172664 3.22614808292197
0.461095557978582 2.84198739572474
0.455111738929394 3.08107212129749
0.458025293477566 2.98324679396349
0.468919758593086 2.52435285909542
0.460449126469503 2.87302267404868
0.462188749337661 2.80607627549901
0.456329878019744 3.04071275516665
0.460056293158965 2.88194139326608
0.451772811824854 3.21011614545913
0.463499624360757 2.74299682153426
0.469088332823805 2.53303309672511
0.457992272057256 2.98536795465233
0.45965223991061 2.91632362193889
0.454193795968186 3.12241823746726
0.445101718808211 3.47367455679815
0.463655034142694 2.7618962994029
0.463371796882027 2.76116908908087
0.460955128246917 2.84861645865923
0.46500942749875 2.6858790875327
0.466658798937564 2.62595321172751
0.466899539416704 2.6186736255276
0.456711941590633 3.01533103578371
0.461323612034285 2.83440081722367
0.467000483874455 2.61513058947568
0.465491048983059 2.67896645964824
0.458550117625347 2.96137064493382
0.463841668218032 2.73581332773558
0.458524753696291 2.95671993943397
0.462321923217298 2.79617258588678
0.452313992274662 3.20270146241878
0.465217769779213 2.68833146272233
0.460584852151738 2.85055538319083
0.470508231306313 2.49237415891566
0.459720426113156 2.90514081750836
0.460994244779282 2.85365821488842
0.460258177063128 2.88174022446702
0.472582265104527 2.39023484410104
0.457558596212956 2.98872540261062
0.458646487247985 2.94547938779797
0.465849112196247 2.65323795036179
0.462938973275051 2.76805796431456
0.465695264220951 2.66374514994611
0.456366244626081 3.03299782300075
0.458714656642058 2.95102506719296
0.457130087444589 2.99941834530055
0.464190468034662 2.73571610895991
0.462826500598356 2.77901115092822
0.459475449378539 2.90629569620391
0.477457092818143 2.19953572451496
0.462635300677982 2.78836374612262
0.459309862261443 2.91608699755193
0.453008616111128 3.15874497616592
0.464085336555873 2.72004598886564
0.46728370391552 2.60317920243096
0.457831319989656 2.9922640988732
0.456058024029128 3.04853744863216
0.455260139969387 3.08462013481087
0.459417834135917 2.91093033801266
0.457554672513931 2.9875959326651
0.460954314938374 2.86610557519934
0.457160933786231 2.99336091143289
0.463006356090644 2.77477832461111
0.457409768361448 2.98794933155406
0.45686864117832 3.01863712109568
0.468628918677778 2.55630474191658
0.459673482098333 2.91221185154955
0.467348512508234 2.59304920310327
0.464576023650801 2.70458115461346
0.462336247171828 2.81066022922103
0.462422306062611 2.79593903174132
0.456841864052884 3.02225911247052
0.457809324211634 2.98954306029661
0.467189939484959 2.59358645872832
0.466258739512216 2.63162523888587
0.463708674201575 2.7429722859001
0.462066971728276 2.81989838055043
0.472433897343695 2.39337158476746
0.461524772459653 2.8252945915727
0.466269233600744 2.65218205441868
0.45349522623253 3.16063954027776
0.448478411473276 3.33622318662973
0.458800689398982 2.93794815598783
0.45607683576357 3.03851135879397
0.464824502385296 2.69659453525139
0.45855057090138 2.9517526775941
0.466219890209915 2.64287238664682
0.462116259359598 2.82623111355574
0.454978011364652 3.09670494449725
0.468562719067727 2.54327529657777
0.457402866649158 2.98846164397656
0.464380304437588 2.72399404795472
0.457818887305456 2.98219760504956
0.458728688351392 2.94078165446228
0.458347732242639 2.95071191215005
0.461379375216948 2.8326416573704
0.464443263411784 2.69907338007049
0.462308850560932 2.80677822608316
0.456665798409964 3.02311141259726
0.466162622749982 2.64685500232233
0.459931052668594 2.89346409348309
0.454626108068807 3.09011311980876
0.457929850630238 2.97976831869809
0.462181450012088 2.80251623341818
0.459262493171786 2.92155637284724
0.46296107075146 2.77967140312098
0.449048463572688 3.32891542377641
0.45323351442554 3.16384053592439
0.460488753114206 2.87132539701502
0.464794322702726 2.68444567243078
0.463498857263292 2.7515184303763
0.470868062772112 2.4550171103007
0.457602098089351 2.98396184458631
0.459242393684871 2.92662149689477
0.460211807976993 2.88805077633652
0.451207189857779 3.23481686538712
0.460496677641116 2.8650747740242
0.460584484072332 2.86728094180009
0.459592972183696 2.90683036829673
0.459935707942816 2.89876725526583
0.457000075115885 3.00767052422925
0.46699037407852 2.61934927855816
0.463455785017908 2.74740430537164
0.463128333833181 2.77623064047656
0.460722859672768 2.87815869410954
0.465614282846728 2.67182940101808
0.459291663966486 2.92462070298858
0.463463578133228 2.73311903999357
0.45621232160739 3.04220899774154
0.46926110704126 2.53335050567002
0.455123678280983 3.08337523771436
0.465490771477211 2.67726653827455
0.45648946321856 3.03688526574073
0.466687256315391 2.62608525268751
0.458879672568914 2.92992485438827
0.456582904292169 3.03162659084304
0.465953827476752 2.64683858287218
0.457807244641863 2.99030615131413
0.459536916961747 2.89996951394097
0.454858453895792 3.10818373859556
0.463668053221854 2.74807165113274
0.461115229346798 2.85327745964165
0.463927260779818 2.74494237453785
0.449278350136301 3.30877905349022
0.463004140430792 2.77573752820593
0.451658538066312 3.21908212127317
0.460913766646986 2.84813624838527
0.458090614615655 2.96155777250915
0.462925918626499 2.77288224592865
0.45491733347307 3.10413637081491
0.465803095764798 2.65070837294045
0.462953558516614 2.78215443514243
0.466131773558055 2.64781394087234
0.466055295853781 2.65686701681175
0.46207351858444 2.81326571883489
0.460649462838795 2.84746012886014
0.455808878273608 3.0615116518759
0.461910879377083 2.8194670577969
0.468441377412285 2.57054333449486
0.455680069472 3.07084888612981
0.469351763657146 2.53771612892948
0.455098295986215 3.10119162565323
0.46257416554166 2.79630738537729
0.456063353180103 3.04389107496183
0.463351360709808 2.75854661612012
0.459007535927732 2.93979072419288
0.470516013719887 2.47486527798709
0.456035489154233 3.05074888688163
0.460392944198938 2.87483114755179
0.468977088503512 2.53935914936694
0.452198406586003 3.20523349709735
0.465986784507994 2.64659034363234
0.460435928560045 2.87443681269191
0.462347414968901 2.80001846376254
0.461368692122125 2.84633230347645
0.462754360524847 2.78614797527548
0.457980496924386 2.97368808842754
0.463464461020799 2.75212451207387
0.454314794853159 3.11539186029865
0.460824005676152 2.85917744275303
0.459064179732644 2.94226274341737
0.459272875116845 2.93130797521381
0.462977289228292 2.78396015371877
0.458092103818485 2.97085692739562
0.459193753770801 2.91930712541412
0.462792832775521 2.79497280063359
0.458880460647672 2.93266692142926
0.451211566953456 3.24833891819614
0.46059849687112 2.86980538923734
0.462644406330257 2.78631603791625
0.458667502664252 2.9356437760867
0.465833495418138 2.65056132595888
0.464488569357499 2.70778370452747
0.463455039342116 2.74068839278045
0.461996539599314 2.80898553316668
0.459764612207437 2.91078444632067
0.460222329995726 2.87734279278785
0.462419102567534 2.80692925460767
0.460153987424457 2.89042910326477
0.458240091981455 2.96338760929107
0.458162503096303 2.95890024389591
0.461269711088692 2.84125990446661
0.459809585537907 2.9005501628953
0.45912670113172 2.93471926728628
0.463687772771896 2.72978744096178
0.465213930575441 2.69411327043877
0.456627182990672 3.02562489062559
