0.360981147480851 0.926807485986693
0.362911469143143 0.873792317285716
0.364306532089357 0.852811441933194
0.369910733139655 0.742430154832783
0.361210602389342 0.921286763040909
0.356697363324401 1.01133559717102
0.366865977905772 0.803370281020141
0.360488999099612 0.933241786621506
0.362887767054167 0.881485134415331
0.364847564778571 0.850784282670944
0.365810722606442 0.827558424484715
0.361374547467083 0.913233799026087
0.366488552116453 0.805496705915072
0.366954137642968 0.796809134207439
0.364179209325404 0.856191159750652
0.363780554103892 0.866610444241493
0.361942426957385 0.907715198950591
0.359562552150478 0.956610017385113
0.363392396556785 0.880298228991598
0.363059976327348 0.882714464067587
0.365955225633925 0.826993537519568
0.354340232125201 1.06436148162211
0.367199436807328 0.800890070002497
0.35948026836499 0.953206672938347
0.364643527071679 0.849380664856276
0.367001200907031 0.800157088415186
0.364033046921587 0.865375457185631
0.368349380810646 0.767020416041703
0.36837734164739 0.765328654822389
0.365199091120657 0.832256669033339
0.37110464135967 0.712755831958517
0.355312718818648 1.04419193137334
0.365150083695789 0.841432648835747
0.369814182287915 0.742009839856128
0.36281298907264 0.88689089455151
0.362836445937209 0.881323614413968
0.363547027360181 0.874732421714028
0.362778317334432 0.886464789032883
0.367096381003552 0.794315725900349
0.366047950723032 0.816596945052755
0.36859313699472 0.76715157541782
0.36167237948103 0.906250457565306
0.366243108138894 0.811891714532387
0.364980960709229 0.839473136756302
0.366662819338964 0.807099968634369
0.371435253498147 0.712047065651338
0.367227034021066 0.787812230320935
0.361585288610278 0.907564576876777
0.363653442584357 0.876563317215757
0.371825666899225 0.708850198174495
0.366053546341422 0.817271708040844
0.362079491611879 0.899369495312317
0.367327787843563 0.792489983575042
0.365992021172455 0.818835451672225
0.369476042167111 0.74989289148318
0.36307146080602 0.876640247439472
0.366693380120972 0.808024735223653
0.361871999637678 0.904007217734769
0.370886081371365 0.714934896698846
0.362525596862939 0.893125460770131
0.364005064973988 0.860807621999293
0.368224965318954 0.771488893121703
0.367485843719406 0.798545872789228
0.363455521028862 0.868901270504453
0.360441710013447 0.935066127539991
0.365996938712239 0.820231215892701
0.364122574640606 0.864356906195578
0.366785798211904 0.801511203636492
0.365932647902751 0.817365434858918
0.362530603822358 0.893037803652459
0.366323689709503 0.814717218244318
0.359217193347824 0.957406404942001
0.371035743576868 0.719015541344029
0.36667494080081 0.80741372138969
0.365390783601621 0.83772758389563
0.361503784331267 0.909179974092822
0.373870775484944 0.663022675959848
0.360783613936625 0.929509278917098
0.364678119842441 0.850065363261516
0.362029502819644 0.901835800849123
0.36007848569828 0.94697535033141
0.366919206062574 0.806636897438937
0.366746184851907 0.808296221085819
0.35907129970458 0.9689494276756
0.372935427919469 0.677816541508326
0.374784856013267 0.640755736084052
0.370758712787297 0.725134105392992
0.368161554491577 0.778746627453473
0.364747926023559 0.843537429675395
0.364968211677028 0.841066964955248
0.353938599181034 1.06717941324757
0.360409850290223 0.935498580992318
0.366172277767388 0.819262055520414
0.359747077471153 0.950512693763295
0.368563166123793 0.759629600280873
0.361412232771337 0.916276259344526
0.366185385819633 0.819414053046849
0.365937902931446 0.817606344486229
0.355185724264617 1.03899604242532
0.363894646945832 0.867603299708708
0.360723785591401 0.931008231091886
0.360757226906095 0.922125606406318
0.3614481310353 0.915973966637662
0.366856961740763 0.804388848231451
0.364577975384937 0.847643196781686
0.367166026574701 0.800335816681534
0.359155309175165 0.960253466263192
0.36147998140307 0.914955996296532
0.369250923439848 0.749929294146552
0.360930388313229 0.923985431978836
0.374179983941165 0.652457184992513
0.36063909803348 0.935261939915306
0.368167474836819 0.77627701984215
0.365178655820544 0.834878741336761
0.366263123822346 0.811840112369786
0.363504760794936 0.872843538609714
0.363638569544561 0.869811306862964
0.364897165026691 0.843583532662427
0.370874956448899 0.714539276927209
0.363703956663206 0.866399155504691
0.359609578387834 0.946881370507005
0.361104542935628 0.918722799544062
0.357869443918029 0.99136822532586
0.362656822953149 0.893529337117494
0.362530111632882 0.890981164810745
0.358949845464872 0.956564979299553
0.362070027454057 0.907921084666301
0.36636910898466 0.817727217297497
0.362870266060074 0.884704746125574
0.370113109123939 0.733216899345172
0.361305307439804 0.908941296602742
0.360829342183715 0.93329132510105
0.367980878107401 0.775050824485478
0.360468685013113 0.934308521725047
0.368389694655715 0.77386671076223
0.364192558485727 0.853557986444477
0.362972790377472 0.88350254907196
0.368806692313449 0.766498460143737
0.366385653757475 0.813930088361051
0.369405177729201 0.752929859328883
0.366842994371065 0.797822020386111
0.368259150418904 0.77449418397248
0.362587184706163 0.88814711018291
0.360462808111059 0.932365255603808
0.363095651596302 0.884564111874888
0.371420858076414 0.711571020110271
0.373390822128502 0.675596000088305
0.364033464556386 0.860638666948412
0.367792821193746 0.782281982887629
0.359883652869717 0.950128864171266
0.368851528902703 0.756752282990095
0.365284155554185 0.83572286782926
0.366793898444949 0.806904190007495
0.368250086714668 0.774758830285653
0.365223882069498 0.831380973304908
0.369535082297422 0.744271144602376
0.361026296158586 0.925889898544158
0.365897621524572 0.819309730081337
0.367984674350924 0.780568676150483
0.366034524462941 0.821627114111091
0.359384992757527 0.95680414390418
0.364014932569116 0.858901775235929
0.369986024370455 0.739738415999141
0.368802464597614 0.767749474522228
0.365228859076657 0.840458920055744
0.366774672783789 0.800987101895206
0.361034514858953 0.920971789571536
0.368073324893251 0.782493957667198
0.369184361893451 0.76043822507532
0.363243141426048 0.873019639508754
0.359181440814497 0.953790806793054
0.364138557844484 0.859416970876772
0.360897402920958 0.921153598742827
0.367163934322395 0.793738488531462
0.366597500489721 0.80383274198618
0.363104124474979 0.880212329095344
0.365297900603848 0.837950344055439
0.361351775437282 0.914664272186895
0.370166756405142 0.734071361260784
0.358716553616359 0.966477544274317
0.361958311444423 0.90312858027388
0.360832036161523 0.930482194186425
0.362560824301458 0.886736444325412
0.364161165843276 0.857973810564983
0.365715778517027 0.823509578381436
0.366774158611788 0.807557054917613
0.358543312411878 0.978408386562173
0.365367238788136 0.831973118206467
0.360217492587467 0.946477486576342
0.366649730162816 0.801224179794479
0.364588256408657 0.846548359084223
0.354862133506045 1.05089836959137
0.364584777088035 0.847606731321679
0.364586911680199 0.851198408809333
0.358527396344103 0.976310197683331
0.36850776082582 0.769788917282944
0.365182753403345 0.838233848154172
0.365810660752009 0.814603763696067
0.359846163436663 0.94280543129266
0.35834294027662 0.975540547477761
0.365981670806754 0.821908304203354
0.362423603234173 0.893229644244564
0.371191431120806 0.722754905796061
0.366170098649446 0.828074882316617
0.358225237485762 0.983399569744989
0.365431883694327 0.831520180921923
0.363808385897277 0.858937756597395
0.366926261119269 0.8030419280837
0.369413583104792 0.741674386993023
0.364450895711323 0.85202506598664
0.368830075320826 0.766804501706763
0.363102256917104 0.885773170516843
0.359014543740333 0.969957916618544
0.373704398191115 0.662146674263953
0.372105779699839 0.689275088207889
0.373550715826108 0.665784037877989
0.3634950468877 0.871259891250042
0.368658185554336 0.760167634262664
0.369147399676718 0.756560049931436
0.36385473029078 0.873311792659947
0.368750141507295 0.774007969539882
0.354780804220799 1.049137456139
0.36683161086561 0.801240590924899
0.367831918110006 0.785137894945586
0.368072766004494 0.77406215559278
0.367716194731452 0.786239327289466
0.369362224295068 0.755409157474808
0.362888833459464 0.883285260802173
0.3690885345809 0.759638133224377
0.36678876952338 0.801085896267463
0.354766496676014 1.05505267685412
0.361691508707048 0.911918186917345
0.368851959630598 0.766972436643472
0.368235250544386 0.77026586446065
0.366460450696418 0.813254960640267
0.36172794765257 0.905512401202941
0.364824757136315 0.843886233178799
0.357823154868918 0.977337087768609
0.360198672817764 0.931679774731075
0.365477182020987 0.844135325796007
0.363452043307548 0.872609167666393
0.362196064093033 0.904923970978264
0.36629207646774 0.806842923534463
0.362935831707384 0.880112243412274
0.366720096990642 0.802667976374092
0.364667603876954 0.846637539447234
0.363114544037376 0.880876743635752
0.366449032796138 0.806833436834584
0.368147258122532 0.777295202766043
0.37072964639199 0.722293467938214
0.361645486871371 0.910571600269015
0.357067886259953 1.00264589386077
0.36300626962174 0.87339938872903
0.357770025115176 0.986569245372518
0.372375430900159 0.688968762686973
0.371114438028961 0.707008854806769
0.376955262579855 0.596031482732883
0.359349455225478 0.95825819380957
0.358582646169934 0.975206039326299
0.365250166846898 0.83771037187974
0.358408970253428 0.977015234518365
0.36926326088343 0.754799422554472
0.365038821716633 0.840136328601435
0.362978630853847 0.883110690151838
0.37294324014823 0.67141496211522
0.369615148707096 0.740870452628047
0.359558809037242 0.952474392672602
0.364052270468215 0.858012790272893
0.361297693604596 0.916909638874097
0.367046503929821 0.801439360541193
0.365903105231037 0.823187506349793
0.36415915382374 0.859757469012606
0.365377528389253 0.837046158873903
0.369526413656432 0.746480463244923
0.369971806073418 0.74352356403795
0.363264827619487 0.8781904331286
0.367353799896513 0.791123714138527
0.369705737694031 0.739649551655176
0.362324000171309 0.892231773738226
0.363120547904807 0.878028008899225
0.365405314585503 0.83740322749629
0.36464762618751 0.851305813434739
0.355250231494878 1.03721023045648
0.359574741669659 0.951545193355029
0.36402237580516 0.862025339267165
0.367689291766596 0.786326431866982
0.367903971585707 0.781172348304613
0.357338097722645 1.0045068210352
0.362685116303305 0.883301615327221
0.365840905115169 0.828676222216863
0.363217668602602 0.876080561412282
0.362973278822946 0.880619524262358
0.363874302000156 0.872440991682901
0.361032926820748 0.924464682484838
0.365038740162282 0.843876784618636
0.363594762404826 0.878695700377102
0.360064954845348 0.943003245021087
0.363270772284002 0.878550311156132
0.368870122659712 0.762670681879531
0.367444064975627 0.787816638289975
0.364617688785549 0.844229972246877
0.366657054022386 0.804715856024035
0.366523949920372 0.801287761466313
0.363678621701884 0.864983902188387
0.365068527736115 0.840581554038876
0.363234105691537 0.872420525857379
0.368028285972075 0.777645447383828
0.365909314907326 0.826876393048387
0.359862916376887 0.946448904029138
0.362198094447835 0.897464105890145
0.36734698354577 0.795430470873277
0.366000952415406 0.819370608208043
0.364343960072004 0.847329398708752
0.364657014857915 0.844918907451129
0.36535521381949 0.827227433586748
0.36448598288992 0.846455549168177
0.369940626100971 0.742973393130444
0.35310606098004 1.08000819351468
0.371067036362423 0.712102303049522
0.364801695811365 0.843608396479049
0.361611038423718 0.91068691358583
0.35962923580194 0.954158123253306
0.373482052622884 0.663718536929086
0.364361169194536 0.853669267353816
0.360832854205487 0.928639773487315
0.36327503988895 0.877217538152735
0.362864352507746 0.880272883890092
0.361090911985403 0.929772950393261
0.36671742108724 0.802869900078426
0.363777487421718 0.872365162836552
0.365837397681923 0.830106302608864
0.361324677341381 0.914331826158832
0.366650391464329 0.805177913172474
0.355953638032891 1.02534162412497
0.374032635709113 0.653428643211704
0.365367875023679 0.829250643858499
0.363667545675194 0.874577199036244
0.362392680845723 0.891868000049453
0.351850619565393 1.10955146807784
0.36611486469454 0.818220373882848
0.364071565684841 0.862946855062793
0.368821807775779 0.764675807758049
0.35918663123223 0.964979649051586
0.362490550304292 0.899039817883075
0.372121769646166 0.693456765728712
0.363280716163467 0.876290790962034
0.359070628101221 0.965541155294113
0.363629431093415 0.86858804566924
0.361954883950226 0.893584837339976
0.35935999592747 0.947258495510618
0.363953151453186 0.863921669783047
0.36500331217084 0.83355660706417
0.368214297608267 0.778065830778661
0.364142143642211 0.853612408290531
0.367220858836555 0.795113109933644
0.368872353834707 0.76009493421268
0.356229614201105 1.01913705238439
0.36455063412336 0.844301449670471
0.361811502743469 0.904675843784245
0.367809622187626 0.781305556284071
0.360760588526621 0.928292594721313
0.364446725656188 0.850851048531025
0.36567360650645 0.826338724754813
0.367719380833654 0.783330173847171
0.364615307247928 0.85303504590712
0.363676996630093 0.870637569564083
0.369062771235444 0.754797843075618
0.358388500155273 0.977582289295317
0.360324920371453 0.936716761872148
0.364983716997665 0.84696324150369
0.370267876202351 0.738465891313193
0.365191775351067 0.838552364808654
0.366902458741569 0.806299106607012
0.361986912530774 0.903540675467443
0.366143611064865 0.821422819177605
0.368480376986086 0.766547516690636
0.362318759530608 0.890727451324452
0.36266830020946 0.888078711416356
0.360288613473279 0.94141679646945
0.364731875784315 0.843841010332151
0.357928310286736 0.992407660347317
0.360156558522944 0.939062977255653
0.360398633165098 0.938628622034385
0.365628815276841 0.824561655825971
0.354385036493408 1.05864898713676
0.357392089163629 0.995112738120539
0.365437922475525 0.833542393151559
0.364938636208498 0.852152577543193
0.364183707581017 0.858408220252225
0.366283436963126 0.814483098160336
0.365833070426708 0.82733858256121
0.360271141846133 0.935740380584255
0.364951051947322 0.840857760078129
0.364745408032803 0.843046887356435
0.362187343563004 0.889403338892578
0.365176715257525 0.835788390553138
0.36427979703208 0.849377908555079
0.366904226978108 0.805303186141206
0.361434013084539 0.914391610835413
0.371867030602353 0.70050335578839
0.367835449664791 0.783085647483115
0.365020777595644 0.838455995792562
0.36899480654451 0.759154358164458
0.366987385638425 0.804963346079889
0.358556396935327 0.980794958220838
0.365928924676968 0.827456198389341
0.363353922502777 0.876491953221478
0.365547732002232 0.826067889721135
0.361964958199362 0.897318509130417
0.363458695928009 0.875052713694182
0.360943580434607 0.925977150934101
0.364195578762862 0.854295497414199
0.368318419601553 0.768764000833851
0.365004565366474 0.839449634893217
0.363979661872403 0.862748033518555
0.353311862571096 1.08195642793205
0.361063594980176 0.920957262485764
0.356725772336879 1.01295709036042
0.373842913638657 0.6609668777153
0.365341714408524 0.836488659530353
0.363212131550541 0.876831363523411
0.355243828578986 1.04206168854805
0.355617832128803 1.03991383236235
0.360672854790896 0.92711205988923
0.361110008350898 0.919179150034509
0.374340026609249 0.650617708169177
0.35854356689592 0.973885147327945
0.356888487014875 1.00325750640998
0.364789598711055 0.852373532733985
0.368128211211399 0.779969424993507
0.364991271432882 0.849827966616833
0.364364678989991 0.851430074991102
0.357536718522416 0.989870850029186
0.363490664525017 0.871094354422425
0.360672641107912 0.929279999337425
0.368297987229177 0.774499336976356
0.365850651972411 0.82194343043038
0.364854689291854 0.838773619873052
0.358037740877511 0.982165832623682
0.368841680576928 0.764563287868581
0.373772280974686 0.664756857037914
0.361783421324636 0.904569763805119
0.366359413758665 0.814443505787407
0.360236377298736 0.944094710790212
0.361909881078302 0.902201242182845
0.371516403400011 0.704822912852931
0.361360835145857 0.916633609861374
0.373205276591301 0.66873009111617
0.370461375912358 0.718920851375282
0.364209727723937 0.846737508685878
0.360075199694687 0.94702835455808
0.357054562279337 1.01133329320802
0.365777069464614 0.831687963717637
0.36169284043406 0.908988326940051
0.365295599900951 0.837464160576319
0.36689788195431 0.803523772264899
0.362980475119704 0.88561913710527
0.368128545288724 0.781322851872957
0.367275307916282 0.803440794483753
0.364523201132103 0.854795974912925
0.365015972172988 0.841558963715366
0.363909568585649 0.863885047889569
0.36517289263024 0.836380048139267
0.369042685905572 0.756785606840393
0.366031148561783 0.825082687227115
0.361700069014916 0.912903120937989
0.371019321102939 0.721193863567742
0.353166303719265 1.08547683721793
0.35722748803519 1.00050625581756
0.366966202847742 0.803021766215111
0.362588094157236 0.891949031637433
0.368049416908046 0.778113200720639
0.373318400234008 0.662935822465809
0.365356968687282 0.840178350958805
0.363641746999506 0.870285522789439
0.363129905939366 0.877033918017007
0.360363354633648 0.941135307521315
0.36048570741218 0.937437056713534
0.366595912490761 0.810465276920931
0.361616022919473 0.909950112719629
0.358702476415703 0.978326560332159
0.369411208978226 0.754635285648731
0.358685709079015 0.975806975166269
0.357152907339018 0.997971537309808
0.369352829490128 0.750768421459443
0.370678015613993 0.729144712566384
0.368310807688627 0.772885277330342
0.357951859024188 0.992358744563953
0.366189330501168 0.820248503338701
0.363561811680285 0.873272737684498
0.367583114837525 0.792658726719443
0.365860511323079 0.821599944118827
0.358419108881257 0.982753793895828
0.358106812266991 0.98923052250711
0.366851959773877 0.802729221084178
0.369710093677646 0.752484791736479
0.367390390788516 0.793480960752237
0.363973203687854 0.865590615318808
0.36080836672883 0.926615470235274
0.363953660250204 0.859252585692335
0.364967330944529 0.84896020128255
0.351511012666682 1.12119956674454
0.367643058771362 0.785005265423067
0.354446139270552 1.06210166249128
0.365662870119189 0.828620369655013
0.366019921556428 0.816437135062448
0.370585415339492 0.725680274589668
0.363884264379314 0.861854456201549
0.360248439749674 0.940024060034579
0.36497257264578 0.836340011428864
0.358862169237225 0.970907370757668
0.361697121694994 0.908544412932262
0.362233318214762 0.89400893556808
0.368830035186912 0.772238558200733
0.362430929394041 0.889734935194047
0.365772960944265 0.82783130339443
0.360762548943418 0.928281300481815
0.366321757859975 0.818657078815706
0.363450703528022 0.870892552269793
0.362021113519103 0.903291731534367
0.371793315792659 0.693245581585475
0.36027573168033 0.935199024661477
0.366437999759429 0.816832473726106
0.366140713602143 0.822884034645547
0.372661795888148 0.68459845643882
0.360785183608619 0.922911468467542
0.357923635243769 0.98319500607501
0.367945283728776 0.783408859075675
0.362338861880389 0.903035586336894
0.372605767017546 0.684939906178717
0.357786310466485 0.989212248245142
0.362440603523722 0.891013838868332
0.366137802124451 0.819000627597371
0.371871637531024 0.698716258732054
0.362756786205073 0.886385769060554
0.361533154275338 0.91310872936786
0.360179249171175 0.948992715217651
0.369900282270405 0.745361350606896
0.364294004813397 0.856058627431299
0.359169533494935 0.956464408467084
0.368785567816393 0.76196841184134
0.371451738267912 0.71098696932764
0.360611621313269 0.93215495681532
0.359203410477709 0.961784529632211
0.36757286752547 0.793705735413359
0.370817014654498 0.719902419540026
0.354885604943018 1.04696953001998
0.364632319680377 0.849224097426775
0.36032568619428 0.94289007092803
0.366289785724784 0.818336333966476
0.360086483841763 0.941162829737816
0.359095307898625 0.965739267641265
0.359136592521185 0.964564271137131
0.366040691411754 0.816281248616506
0.367010167328328 0.792287967723704
0.370737940519859 0.725120122470912
0.365027963343805 0.84148833745191
0.356457730819932 1.01616805173561
0.36926491449889 0.75470797085513
0.362258012834817 0.898259022439377
0.3626932595965 0.889220204886597
0.37090902222691 0.718227035672809
0.360881545049899 0.924226389665744
0.357499931526527 1.00040402856437
0.358885885650593 0.96675154329413
0.368442536152834 0.769356363441252
0.375017836639425 0.633660237467488
0.362216802418454 0.896382306094708
0.366989423460822 0.798923542630643
0.369444798029967 0.751661898462353
0.361834048061155 0.905287799589915
0.370728483338587 0.720452043210162
0.368733851442339 0.759231546243486
0.357876995794581 0.994751744383415
0.365933442150046 0.817924523325304
0.360292249529447 0.943191854660017
0.361629913955259 0.909678080307004
0.362879792583243 0.883343547588027
0.363407413323352 0.874737645940495
0.3657836456954 0.823109012060157
0.365156561596352 0.84127928578335
0.368700013377106 0.76673234550024
0.364745699347633 0.847962970120377
0.36648521141641 0.813370828125975
0.370918495617056 0.728739919418112
0.366799022652607 0.802600267905837
0.370166926118074 0.735936797839364
0.361133024796998 0.913730217385472
0.365553410392839 0.823724391786742
0.359616597038446 0.947655231981168
0.35426303142725 1.06796468250584
0.361438133286615 0.910869340662542
0.363679128833619 0.873760912856332
0.370072998553259 0.742882726470491
0.365455561804472 0.838265553286569
0.361006397799383 0.928008512593424
0.363065269187444 0.87868590464547
0.361198344461363 0.919461277761586
0.368964761718433 0.76134580808408
0.367079867830996 0.796602013783228
0.363381719441265 0.872244892660457
0.361647763275627 0.918166669405171
0.370221812219325 0.733195506443688
0.368541263869923 0.772796589133352
0.372461899282278 0.698800124450654
0.364812260150773 0.841696074640159
0.368434722602876 0.768787906459945
0.369747336394675 0.737707065012646
0.371269769408009 0.71254580781655
0.369635342819121 0.739594320692509
0.363823763437088 0.855390157930689
0.358939449575017 0.964948219199116
0.361611399516205 0.906781239801335
0.362091425233706 0.905599578709987
0.363679753891255 0.863084435098717
0.360448024122942 0.939217032844769
0.36297183479281 0.882697582465496
0.376533445562738 0.602698375727103
0.361681214491341 0.91730518079774
0.368776233194332 0.759224550635247
0.364772364596645 0.850925663603355
0.364894818422887 0.843453734759984
0.366110767047947 0.820082315835252
0.367325908255939 0.797819557598086
0.367825159498896 0.784175497666205
0.367882180292605 0.782881744807305
0.365769048856638 0.831089251672543
0.363966809772015 0.861260183428398
0.360982810102583 0.930174653616764
0.366713371622995 0.808597182131048
0.363014596333829 0.881352004487688
0.36328357379498 0.872084562420036
0.360684718751306 0.93009622245782
0.36057740560724 0.924658856720688
0.361438940510329 0.913818599845362
0.366788636170656 0.805267429542972
0.363187207644623 0.880632909179272
0.36233419096072 0.896469621440487
0.369064474075218 0.751331321812579
0.3688802880128 0.759050733404094
0.367386081593638 0.789634941388704
0.370283512733088 0.737280581189499
0.371433066726419 0.710742917634311
0.363395809960807 0.875187307046747
0.36450413197418 0.851680668378782
0.366261308818458 0.816954777640372
0.371070297636683 0.717101765233964
0.370043029115969 0.738592349319688
0.364701896136901 0.846525786933381
0.371825914410146 0.700210291441517
0.364012489078352 0.861124916862664
0.364962917000955 0.847146122139635
0.365550354041761 0.834500987213206
0.367463401180788 0.794277791882334
0.36666928315994 0.813832779858962
0.362210213720813 0.904055035372857
0.365263147306292 0.838664730909401
0.365736397151695 0.826435054739738
0.36012048422547 0.941464964289908
0.367028857777681 0.789990795895337
0.369009748107629 0.759642673139666
0.366102546521631 0.821834074137407
0.361746726722382 0.905785755568191
0.358459517034757 0.984284415456795
0.365351813514192 0.831487749823433
0.363123259643508 0.871662204495468
0.359307111059728 0.954903512968899
0.367364379885491 0.795142676977214
0.365992888686144 0.817300567220743
0.363760674143576 0.868869054470206
0.369854333728886 0.750180186242215
0.367853932405832 0.780401506725837
0.357897563240673 0.985228338208245
0.368121133169357 0.779572081845732
0.376961528854888 0.584060769946683
0.361918144240331 0.905784152598744
0.358522782771048 0.975904745642648
0.368409772877689 0.780207100988657
0.366630940359158 0.808607131686428
0.375400440004726 0.619247972502157
0.360884259612847 0.923207381598625
0.363352295895165 0.875202340497359
0.365126420961364 0.839173548603782
0.365629278516892 0.831939247645789
0.365821578886779 0.823703631887082
0.372789577065982 0.677901077015149
0.36317834849469 0.884400261865103
0.371867685130926 0.702799703478964
0.358688580412237 0.967489886847792
0.366456896707352 0.813232714650281
0.366679470291377 0.810025737393449
0.363596373085583 0.868472257726679
0.355005559096856 1.04526573785683
0.364604779725688 0.843333798012757
0.368809095296491 0.767828983597346
0.371080198613506 0.72059768881503
0.356126418097337 1.02375362059936
0.37350445489856 0.666292771332439
0.369760128482127 0.737543201717107
0.367033785567376 0.80314239923315
0.364292200917214 0.857195466661963
0.361473000014971 0.916773181067132
0.362084763649151 0.908069520198937
0.371647303718502 0.699881930161278
0.361019478415742 0.922831459226954
0.368879750822707 0.768253616829513
0.364438841217579 0.850073560014512
0.359394324484624 0.953094087551241
0.37026743379654 0.730458177008208
0.356240409194319 1.03188872606139
0.366287797534206 0.802981978692914
0.362771886645283 0.8923050531133
0.365048393283102 0.84405457958874
0.370675141943631 0.721329809746398
0.377716016608134 0.580023599695184
0.363089678121152 0.891251167359791
0.365256957249703 0.833927936465578
0.368803596283412 0.76071222385631
0.363623101937825 0.862999135809137
0.361534710657681 0.908023488767312
0.368005900947031 0.782087241195145
0.364941002589413 0.83937698346709
0.363490732567926 0.871824948739922
0.360777976530016 0.929371433271445
0.363010876416196 0.880239504036987
0.368473807925752 0.770153209524675
0.358408527795844 0.974074804065391
0.363368203909106 0.870249673057843
0.367653779811051 0.785406293315861
0.365376531321456 0.832745096481005
0.360850509279065 0.925470934062291
0.36253741437679 0.894673727175333
0.368638100913012 0.763158534788209
0.36547440820878 0.825797691789907
0.362818181603068 0.884291795111515
0.358591502614264 0.971088186772523
0.363812671486219 0.864901966741396
0.366781176961885 0.801614323414839
0.359623854361973 0.951229771683819
0.359935397026065 0.939626008910789
0.36396951892822 0.863355528013273
0.365852348677497 0.828938955836225
0.371274150293908 0.714034093730214
0.359351561852595 0.952758266703597
0.362935804484401 0.880998463482249
0.362957943441444 0.883895102808947
0.360672706228678 0.935544732232358
0.369332332177433 0.755638069939096
0.36496373260311 0.841136894176345
0.365987021625145 0.81873061543169
0.370160846011676 0.725852842347315
0.364791709189094 0.843891535017179
0.366221668397619 0.815482834225659
0.367495357978435 0.783890288030597
0.369280803287283 0.743757656486113
0.360034987667357 0.940181915074664
0.359151872131733 0.964545473059874
0.370441231862228 0.734341341880288
0.364697418698332 0.849865341337122
0.367363257119882 0.786139846992717
0.362600236271017 0.894825535167516
0.358191000717542 0.975160704940331
0.361223126135411 0.921688858444606
0.352970093107539 1.08885169992434
0.363611356685348 0.867930040788672
0.363817929172657 0.870548790314902
0.365166839068365 0.835931072388881
0.368379712589429 0.771103008560355
0.361692999929663 0.913619772573979
0.371611282861704 0.712448586293038
0.362289281716351 0.901005168607784
0.361749538939967 0.908380946077104
0.356583497450358 1.01314531218711
0.361565308559037 0.907288339714465
0.367539978414467 0.789988397766216
0.361345174735281 0.921019741549064
0.364229896817776 0.857624523040598
0.370496782390409 0.728297434590489
0.365883593032549 0.823130705168816
0.366101050640582 0.817079411150388
0.366741806876064 0.804885072061106
0.366341198783588 0.811538465644191
0.362264403521627 0.899440781082578
0.366627477311904 0.81171625659145
0.369541143898666 0.746283802822368
0.352872555860255 1.08990572287286
0.364635373414292 0.859496033335446
0.364281340908585 0.856146139122629
0.362876387450818 0.881948671802964
0.365558063212068 0.837197386174471
0.36730159184285 0.788895677683153
0.364953413264651 0.842736269471765
0.361306925204723 0.925339724139213
0.367096477154548 0.805611464895464
0.360619332476172 0.934238915398885
0.366299714823883 0.812546008027579
0.364823283183724 0.843872132310344
0.363550292559231 0.874398879355044
0.363252543403374 0.879547996326125
0.367615627392179 0.79224473904707
0.362981630287088 0.876246862027481
0.360619018026968 0.924478345472179
0.369250973849036 0.746780673468691
0.357006146136638 1.00595361255628
0.365477011020868 0.835050118057902
0.369073323868201 0.75392152154425
0.357252129013754 0.998797844384373
0.369831862526864 0.742820758188222
0.367915217482107 0.780461844038461
0.366297255008532 0.813014845151547
0.360722868229945 0.928607119619354
0.36464433970238 0.848878599453829
0.365846827548653 0.823754144821041
0.360265332353484 0.93983010093453
0.366258908631318 0.812658894320431
0.364912477300463 0.848224702534478
0.373075924166391 0.674027371880192
0.365058605814097 0.844888248793755
0.366981576792828 0.802774459259146
0.367414668685733 0.789054129836437
0.364866660837655 0.847114086489259
0.364691146394564 0.844583370517102
0.366523387277611 0.810139223262123
0.373262019858138 0.672238451919433
0.354045230565723 1.05997041921832
0.367920423676824 0.778932084989562
0.362940872596928 0.880092959001893
0.368126942244055 0.77269075186387
0.365821559484494 0.828844726385482
0.36562347226909 0.829885553367924
0.354545375648419 1.06049275286849
0.356623585333954 1.01268872172452
0.362113088407074 0.900316585853768
0.366770343409214 0.808729924319857
0.362685589008386 0.889961667994079
0.368951068770718 0.761840435842624
0.361027621580525 0.922412583523476
0.365988848270123 0.822245789144787
0.368615532670413 0.767427726034309
0.368372224982382 0.776387672220628
0.36996240508163 0.736373073113032
0.364705718181722 0.856028552588468
0.366242643891598 0.82211517665942
0.363525550549218 0.870190722750874
0.360842327366741 0.930012239048631
0.366680817184695 0.803125089280859
0.360900003983284 0.922997984583165
0.371060134364172 0.714220937989206
0.366413207071948 0.811689297856671
0.362823710568579 0.886646725012381
0.358403858371525 0.973652733177052
0.362246745943892 0.902670561676128
0.362500114842777 0.892544042555446
0.36840452362139 0.775471450088226
0.364180334028856 0.863753293598395
0.368041526133365 0.778700844180742
0.358526835735981 0.982678158209155
0.360743937627777 0.926955386820492
0.365691102817337 0.817962800903681
0.367418448165 0.785726074914416
0.357432877105492 1.00139375651411
0.358014719400119 0.986409438854949
0.367005030922968 0.802720619001165
0.364564624075002 0.847521189195102
0.371054976371834 0.710724336661333
0.363242659471697 0.881034658484342
0.365847543826467 0.826890222213332
0.364116665337164 0.856528278116479
0.36696418461442 0.800730885644925
0.36781952492376 0.783639796506369
0.364052890255998 0.864017726559512
0.358269231957261 0.975783605242044
0.364214723031998 0.852183889845338
0.35905315393019 0.969445207557205
0.365798953049187 0.831114145353568
0.373411119485042 0.670397616547288
0.364213561947794 0.854760130999593
0.368607180891144 0.763218485866693
0.362661872040665 0.888280594676958
0.365084308453465 0.840983046768607
0.358525168162204 0.972576804160902
0.364213942845399 0.85524073240841
0.363177265001052 0.874183326183407
0.366480116146914 0.814169662488877
0.360024594750011 0.943121291280753
0.367117503061663 0.803389049876479
0.36745673163275 0.789609696094282
0.361215402731921 0.92045161340544
0.368869640105078 0.765122883735174
0.367711489855958 0.781430458406538
0.360473751949422 0.935214540825947
0.363540191464041 0.865084155273936
0.368419619101226 0.770633212281162
0.361972987497326 0.90124844424346
0.366027459146417 0.826488614135945
0.367885234152502 0.784296694359417
0.364555142815874 0.851488118568773
0.367267692608449 0.795433660961364
0.362908742360201 0.887017822621897
0.361183787724731 0.924932203788626
0.36935162792313 0.757104542806266
0.360829824235167 0.926869005057074
0.365492782421672 0.837792425561654
0.362732976607551 0.892109848564826
0.3655728851543 0.825151619376912
0.356200520543743 1.02429314581578
0.361563731042426 0.918209711475442
0.364874926985346 0.847102642579031
0.363595452656748 0.866174171403206
0.366032574107036 0.821135016023065
0.358291864667435 0.982668841157343
0.356912288954145 1.00620815396743
0.365330895584385 0.833207248938026
0.372587355070924 0.685781645119865
0.369381281291755 0.748109986430602
0.369362465484531 0.753699473510458
0.368134025054667 0.781115256532482
0.368535973065475 0.767905034533034
0.365178163728154 0.837873415676882
0.363524502662304 0.871027453386436
0.363747343994594 0.865566604123509
0.369762585613631 0.748643038818129
0.368255301782568 0.771667526218355
0.366767541195192 0.809280539503173
0.365917701671713 0.827360915827298
0.363785054461776 0.864706225805943
0.366886943894218 0.798850183541305
0.362066419186598 0.899512245658193
0.367613665688243 0.793125824938846
0.359831210634065 0.94667036797603
0.360922364728012 0.923300993831398
0.359537024453666 0.955838578341169
0.366025657287722 0.825210993712493
0.368695080629987 0.76978807912802
0.363887587178506 0.865949068482525
0.369098574633662 0.75790017341675
0.374773092221237 0.640408333593063
0.36915289828871 0.756401970267159
0.363229091702858 0.886951939154118
0.368960787115887 0.756174454120411
0.368056811456465 0.779879782674596
0.366212929365461 0.814948739122115
0.36662287693567 0.812595415500141
0.365584579003549 0.826374525308876
0.370736700878538 0.720632891632806
0.366766587311017 0.807985153031684
0.366202353656875 0.815379453901409
0.361177443438283 0.926210235036795
0.361763032484631 0.90057432432713
0.369467718238154 0.738765200471864
0.360818226617671 0.927242841980484
0.363944350556311 0.869003084261029
0.35685266123601 1.01227856756412
0.366528947450751 0.805925545855091
0.365191653865072 0.83355508441313
0.367870521718805 0.780366773020417
0.366706631006443 0.796517878962787
0.3634853868831 0.865120152241417
0.372377408894163 0.68526191153078
0.368571774834207 0.765941328969105
0.365778672784712 0.830461015735668
0.365971313015306 0.819335562725362
0.367548383253128 0.785629198525159
0.369406478231713 0.752304188901669
0.360571969859216 0.933011562469205
0.354087694787851 1.05881660388819
0.362388997599295 0.887371973980929
0.369784900090124 0.740897282959531
0.367956906327705 0.784939328224371
0.360389008252565 0.936850972667082
0.366454425720408 0.811410513795964
0.361097805489619 0.923760680774068
0.355549128046711 1.0324773949857
0.3631825865153 0.879037231542293
0.363021673898546 0.881248450096177
0.362426026087557 0.888749246222199
0.364750452500776 0.84004141663478
0.365663219696726 0.830544851046551
0.369153828589743 0.752318297207699
0.364444963018357 0.852453035929495
0.355705083395298 1.03056154919896
0.367370159792998 0.782466597656011
0.362422058200181 0.89215683953066
0.362689456108948 0.899117619773065
0.371850398294657 0.698527094932406
0.363801789687882 0.862159980895359
0.368550607666003 0.773698649705104
0.368261796894064 0.769662176191959
0.36182769677433 0.905821365322643
0.363839847107021 0.870933446436897
0.359888421895439 0.945779163465932
0.36468975632002 0.854392090982401
0.357333201399569 1.00207954690872
0.368164622892047 0.773726013480676
0.370095256479227 0.737275307084033
0.365746569137989 0.831762210635525
0.368266050136508 0.772360872868046
0.362107090810704 0.904354592492088
0.369819089798362 0.737555902773537
0.364511724673545 0.850910826151088
0.361393905023892 0.913431851956438
0.36682846595261 0.804159111506919
0.371122799098651 0.713784015663249
0.365708957868826 0.824456369154504
0.364198047510815 0.857932338478234
0.369251776417055 0.754410544321747
0.365982419634799 0.817694992188615
0.365463348643444 0.838589365821735
0.367839327471952 0.777139962788634
0.361954434985545 0.900610836498867
0.360840383333574 0.922330319204111
0.352909336829023 1.08274962468468
0.359097173250241 0.961661956174228
0.36512814637869 0.841602230341803
0.370779071985994 0.716892846842549
0.370175743738383 0.738630997079727
0.363749714345421 0.86114841358764
0.365758065667905 0.823074588381696
0.361177984850503 0.916561441082786
0.36945299238917 0.753508073465085
0.369006477965353 0.759039576936566
0.359780725682414 0.941717397211097
0.36439760110456 0.851118993436221
0.364631297351624 0.854930310137156
0.364515312439637 0.847024260498606
0.364060842810732 0.855174167054905
0.362442511894053 0.892131469144899
0.362807169420449 0.886939656397756
0.368138833816926 0.778910225657149
0.363948013918551 0.860944914719249
0.36892678593643 0.757491242242527
0.368811644417302 0.763015763100465
0.361127554982513 0.924790711642195
0.357441273764214 1.0006037150286
0.362971204013195 0.882070519799255
0.362832036088473 0.881550840467867
0.369563795419018 0.745077533748789
0.361043816622299 0.923533665826155
0.367917506273879 0.777392753376162
0.364034718153599 0.863178888979722
0.363738560132151 0.861990522927183
0.36755678724225 0.791361802326232
0.366742204824623 0.805110821018115
0.366109769911594 0.8187381598504
0.365085595391196 0.837789609827153
0.367057097980695 0.794578772410476
0.368813303515335 0.763352189866949
0.355408769881512 1.03517481508308
0.361153265059866 0.916907254773282
0.365516017120382 0.827804416746806
0.36599087675214 0.814920249788542
0.365288594597947 0.840246501834752
0.354236731580402 1.06946433192297
0.356797030872046 1.02080795450241
0.36921199915045 0.751366121157192
0.360608980801812 0.934756612576321
0.362940567981648 0.882567189677845
0.369362600704342 0.74984105666997
0.366579870432557 0.799997468065462
0.357356214910038 0.99552885533251
0.359161991365696 0.960591846652712
0.368707503002788 0.768827453834663
0.35908788354334 0.969958072278803
0.364360407899323 0.847730132235735
0.369055086708814 0.759626425886179
0.370061351175679 0.742366294853153
0.370203788915273 0.736844658947337
0.368697823664352 0.773748032963069
0.364220926947408 0.853572196082516
0.366002844144765 0.820254814190766
0.370284854129479 0.728547471109604
0.37295070948458 0.673851057047095
0.367517070710611 0.786309655299164
0.365037521940199 0.842386783261807
0.365411981618202 0.831564886350575
0.360363950342504 0.935791884750965
0.362776957882023 0.883946974370229
0.36486570101923 0.842600338219036
0.366188920531575 0.816053967075029
0.358478491300738 0.969629382737296
0.357974322792205 0.984020663251364
0.367709249615004 0.787834934732781
0.363111006489075 0.878285745037379
0.36520559980939 0.836109780069392
0.364145062286136 0.861493469748406
0.362543354026823 0.893394497401512
0.36663147164435 0.809839533069838
0.361521553598472 0.906325403013262
0.365213724308269 0.834123988948107
0.367278728303859 0.79286589685559
0.361337503379914 0.913058608392407
0.3668793423078 0.795218101161424
0.368917014155017 0.763359689698905
0.355390755969387 1.04147948041508
0.367553238824297 0.790490484331964
0.360230115081211 0.939968986124948
0.358492385280464 0.976883534656598
0.371675680999421 0.709205915247591
0.367176115691556 0.797348989107536
0.364872021751483 0.84382826281191
0.366516254734858 0.806889050593458
0.361954569187572 0.907374323256307
0.366310879959043 0.814040832295
0.367965296807493 0.78416285839501
0.367255417368884 0.796633587250791
0.359416773103347 0.952952149491782
0.360835941738358 0.927388372878991
0.363067711524091 0.882171885858549
0.366560886649846 0.806599577314282
0.360194788306412 0.937960801629458
0.365322892575482 0.84082058001399
0.360677844674697 0.933019963204641
0.365712731352515 0.828470334109015
0.364935542295569 0.847296377925918
0.364860577820372 0.842741689935108
0.364131230892868 0.858622294652544
0.358691659892149 0.978724821241872
0.364250182286312 0.854759192338901
0.366488568027088 0.807275690980187
0.368971073128045 0.764418583424623
0.374426239631925 0.647938133450405
0.35926019024568 0.960325733207357
0.359208889279973 0.955066446494727
0.363031190282943 0.879880892022431
0.366856431807629 0.810352342386446
0.361653331964053 0.909606806633537
0.366462342615404 0.809300368331214
0.371328929984488 0.708611686751078
0.359346754558132 0.962477815327202
0.357897803953855 0.984188858987633
0.363797868238366 0.87223068704971
0.3632265208974 0.88184985185745
0.365110416727678 0.830885829948331
0.367639692242761 0.790761595592052
0.359123272359676 0.963101261025286
0.363444989191413 0.872439239272659
0.364983132092181 0.836176005817406
0.359716557889029 0.94878977907295
0.362120700115293 0.89333441736438
0.363334858651698 0.883350807293386
0.361948632619993 0.896090213780576
0.365543092976329 0.831354083509184
0.360629323094611 0.932113762494929
0.36244217537005 0.895199603117112
0.361760998646801 0.9126771066256
0.364663397078528 0.850230928702738
0.363809213081275 0.861335536268771
0.367463264932702 0.783707339506219
0.367813445548731 0.787771170383422
0.363954201792578 0.858923455680192
0.359092111326392 0.964377550359216
0.368430209808407 0.769363041193627
0.358441181912258 0.975770135167962
0.367608576386566 0.792953331795631
0.358821266897543 0.968892991552218
0.355165077326482 1.03469135631239
0.362817344279849 0.890769862944706
0.358273778446363 0.983202865713017
0.370405554238587 0.731237200315908
0.361403713019892 0.914073781337936
0.36361215920032 0.87424976757397
0.366177348579876 0.812149497209878
0.368053965275556 0.771651454008366
0.364902951031186 0.850290658037389
0.361174744559007 0.915772355710766
0.362096355710365 0.898033032982322
0.362988585500035 0.879436738852141
0.365245899906914 0.835871781315306
0.370364011866967 0.733044986746298
0.354863103116626 1.05091826373423
0.362640394256009 0.890309134980617
0.363044239955948 0.881534921309579
0.364585525640306 0.843230516562353
0.364875321443651 0.845752023976001
0.357610559776629 0.997877689327357
0.370518658710029 0.72183115495554
0.359143757557352 0.962833517123254
0.367258910311057 0.80101028514409
0.361986986909366 0.901805348313644
0.370425618571059 0.728468181542293
0.36512112733649 0.83958186560584
0.358138129628326 0.979318244926718
0.368828386869843 0.773140811645016
0.360108382468399 0.938031989648033
0.367701536733692 0.778124406859121
0.35975406835094 0.940613321613698
0.368091302044257 0.787171616312274
0.362192143206664 0.901677971506645
0.369006366520838 0.75390841530573
0.369799635200455 0.747645266852716
0.369264220427773 0.748634390648468
0.356583980359063 1.01720816358192
0.361707565932901 0.910345102655245
0.371555605320496 0.707806864209632
0.362008394683085 0.903054812793416
0.365026071747894 0.832334662724311
0.358025877592025 0.9825613180598
0.363928306864398 0.863073551476841
0.363312846281952 0.881305551348459
0.364453564613463 0.854225318708339
0.362041163312279 0.898469510020272
0.362489456966536 0.894243592253781
0.361296720807875 0.916254094279654
0.356367808986058 1.02320724581575
0.363668178918442 0.866877436982
0.358543370795593 0.971034267685383
0.360404912068728 0.937798804703288
0.367200929268685 0.799410471293263
0.357676260154203 0.997998070400987
0.363129080423505 0.874327300146373
0.363146903269244 0.884056426400035
0.376140024595473 0.608163462829088
0.370178148091122 0.738146461977719
0.3681878205407 0.775998961247496
0.36738280880282 0.794595370509298
0.368475061199645 0.768659246358247
0.367659354267164 0.784153037301309
0.360305938260024 0.939920744754533
0.373392455897854 0.66998435177976
0.362766753934398 0.888877978103538
0.36701096720782 0.793274113512649
0.362436737078875 0.889343189466813
0.368388854040018 0.769462369058479
0.361069838763 0.921892389831336
0.370327083597432 0.736423051518576
0.363949397417712 0.85886283096599
0.362669509595978 0.894102308525374
0.360821331678983 0.92521030061309
0.36118422154828 0.922486654506476
0.368138416280999 0.781718219213798
0.361706293347585 0.906652485282933
0.358742652161143 0.963880323371238
0.368194998161743 0.781704398153617
0.364363542567235 0.849801933405135
0.369676619073621 0.747933593053638
0.359041513025529 0.97122879204777
0.361455694319987 0.913481375059933
0.369284586534873 0.75301473848255
0.369360387945366 0.752341752998148
0.365188758001047 0.844285707488119
0.376912420805599 0.596222574476027
0.366894705021975 0.802421483120065
0.360105639762816 0.936161974044026
0.372773896600969 0.680730992920201
0.363561591785355 0.878406447484694
0.374233606406173 0.644533780187883
0.369083572767152 0.754606377344963
0.356773832283965 1.00530921846288
0.360821361086437 0.924017275458445
0.362333966251906 0.893648090415324
0.364926712025694 0.842432279047629
0.368560377894125 0.765262447831079
0.365447540683629 0.829770419598522
0.363202612891527 0.87783932406267
0.368945673409459 0.761777718887468
0.362984667294548 0.880241020011369
0.362366011578077 0.89489037996903
0.364213932448401 0.85016682208653
0.370374176896934 0.735739303589971
0.36065723335754 0.922297485154204
0.363482260413694 0.868798063016501
0.366487826451262 0.803287244798653
0.364045711192935 0.860033232300639
0.364217304376733 0.860584128233789
0.368072624820481 0.777003634375032
0.361354110311709 0.916801940326957
0.366551436332581 0.807433611017752
0.367201300348841 0.794220112873536
0.371362777251888 0.703091903851427
0.366556157686841 0.804500794686044
0.361776230473665 0.905106472327637
0.359409147773887 0.960322897888705
0.360205296716176 0.937199444129295
0.356856662100384 1.00829792589377
0.364101052969587 0.849856487226983
0.371876329539747 0.697250357508275
0.367462326098646 0.786423093653794
0.3611766127255 0.923947811921034
0.367007736232242 0.792547346908799
0.366891916763301 0.804401750641012
0.370074136483545 0.740286824824653
0.368900966263183 0.764819905483854
0.363269123671299 0.881189141003696
0.363769804028456 0.865535045127779
0.367256727843772 0.790169948948609
0.364200295938827 0.859075390054501
0.370117254134185 0.728704790850787
0.365632931254577 0.828617724011559
0.363859232529725 0.864492994172723
0.372256777975169 0.693218097233846
0.36502085353729 0.841588700809843
0.364744163069956 0.853101655113159
0.36274693813658 0.885660005416938
0.367733844499918 0.784092734236961
0.352473091763414 1.09371352478862
0.364320576469383 0.851637682306642
0.36718806675447 0.800760829055709
0.363736989569893 0.856942654151063
0.359115863052176 0.958290767850992
0.36248143958204 0.891946013911329
0.361911783733642 0.902903323635324
0.363300351483837 0.869168898588209
0.364560967378273 0.844462716708622
0.365981805772441 0.816621169220508
0.374269670879861 0.65364994915626
0.364155832299427 0.865445096909895
0.359366967840561 0.960288304610897
0.364682626387388 0.847090561142084
0.372814213725301 0.674766509636409
0.362734114086704 0.892269786001108
0.35946755608276 0.956021149172553
0.3689529069833 0.753992832398277
0.366376041039803 0.809691620246031
0.362816889322037 0.887150305486294
0.364229964497229 0.858336088742117
0.365265766005346 0.826674419132412
0.364559862911498 0.846973504604343
0.364430833442547 0.851950304747923
0.368032104670895 0.783110343769328
0.361701102927622 0.912273673781794
0.364032968977078 0.856842743265764
0.370444108083114 0.732927296510701
0.358117009313678 0.977834573812099
0.362237494550537 0.900466761775241
0.36339517772872 0.876465046769711
0.368972441762557 0.751629519554058
0.359705718988675 0.961757541102523
0.361468708505218 0.913948260503968
0.361885324961002 0.90584164153245
0.35604373506732 1.02477401519736
0.36096706004394 0.924315506677548
0.36673404988523 0.804733453118721
0.3720029696012 0.693603108078164
0.365409981868195 0.826784247521264
0.363222566333189 0.87457165636603
0.361678831712474 0.907035095792245
0.358300681812206 0.977820014406126
0.372144944454586 0.694821175549551
0.372377466965287 0.685248332825296
0.37054161648939 0.734726508764815
0.364624796206345 0.848031140495943
0.368393412022803 0.767798715161854
0.364253911837581 0.855291871235441
0.366800764337719 0.806265431544363
0.363742086013135 0.863007249463909
0.368969740943015 0.750874295507603
0.354393491621417 1.05191956958327
0.365294212686182 0.834591109878952
0.369217480138811 0.763060009449622
0.359405601570829 0.951410375371197
0.356739590850948 1.00966981976876
0.36155622998811 0.911602372895414
0.373259813234181 0.669436323902061
0.364141116017323 0.866514598781438
0.365625482151089 0.824550463708318
0.366506362020563 0.808608649958842
0.368892842561933 0.757501482783063
0.360085789813631 0.941177528533998
0.365133192029636 0.841944859037117
0.362195957918261 0.901494140445303
0.367621341920777 0.787185922551353
0.362793996222378 0.883138108767299
0.361119049155727 0.92762707086653
0.368809068796103 0.769558332889157
0.361918640560819 0.903615027070607
0.360080736172394 0.944777551811592
0.365814617000888 0.815803329761205
0.361350207743023 0.910476938011009
0.359288439373226 0.95917561237289
0.365584268457647 0.832279615576418
0.367390189099765 0.789399593518889
0.362672513776436 0.883224559259466
0.358534414718252 0.982600850334246
0.365474937502679 0.831822631253882
0.364951476793148 0.832951407415992
0.360632125004121 0.93035768538127
0.366221479536107 0.809425800922133
0.360288208701672 0.93620538426319
0.362297680909097 0.894241051855462
0.369617936518486 0.746052065795064
0.358010780320817 0.996423000461329
0.365004579873769 0.840895373466166
0.36221694366111 0.896124164549426
0.366295107151275 0.810372016395412
0.355029234568842 1.04833473219115
0.364420909756149 0.85635568277327
0.361182452625286 0.918439952713669
0.362673014562331 0.886022609879521
0.367393293888011 0.792573275711983
0.365984717848177 0.811860435871373
0.364924277592881 0.841114420933986
0.36678161417178 0.804317896767924
0.364942497012157 0.842675436887403
0.36640714305328 0.813555726191394
0.372503551891097 0.678381328038136
0.362122590821481 0.904267269233741
0.367130994706173 0.797608548066674
0.36536683282453 0.829861983030619
0.361501180897649 0.918202223103126
0.362820415902879 0.887360499035978
0.361043480348963 0.923962085565744
0.361344327319048 0.914839725047606
0.371922827380619 0.691407057382794
0.358546106391299 0.973045080777624
0.360360901112556 0.934326727145438
0.361169938464179 0.920011458384094
0.36145940540628 0.913781502785297
0.365754831419562 0.827336602878874
0.362856224479851 0.879797659680467
0.3713602887089 0.706893697287159
0.359759753883559 0.948708973059356
0.364137518177554 0.854348785984362
0.35980636192524 0.946750520154968
0.366641366067785 0.801821882220994
0.368750427287027 0.770413334098842
0.366076419344839 0.815947286105487
0.363058891978544 0.884608444395256
0.360516679895085 0.942494662180637
0.360215841711854 0.939703759549561
0.361604031764083 0.914228090235904
0.369347416516806 0.740251762577258
0.359589155154229 0.952688350501138
0.375475830849988 0.631689077148001
0.365147094800213 0.831607672332705
0.36282718247201 0.885996903771422
0.371616765783786 0.704729873723705
0.362506049475895 0.891643402462365
0.368875706574334 0.758973362259916
0.357357880890156 0.998311538077057
0.367429798008316 0.782858097475399
0.348337397743418 1.18820184109239
0.360867615300114 0.924949134473504
0.366712197028752 0.80758515940535
0.374306109726503 0.65132322192237
0.361144698422236 0.922730935951183
0.366297511167712 0.820803332939876
0.365265454906878 0.828340363842221
0.365678437546275 0.829109251628039
0.369147874035167 0.753918158008975
0.370084529665852 0.72956621087236
0.36271257912604 0.883236951947897
0.360146141027106 0.93663528677694
0.35517930948882 1.04953037807172
0.367790816667343 0.779491009799427
0.361478596224802 0.916405691150556
0.36065302043641 0.930318773138126
0.35749186041825 0.996309211513961
0.363723110485666 0.86845551542053
0.366119608461643 0.809009403994645
0.364040334590615 0.86199198916223
0.368896778102649 0.762201288152455
0.365310942158933 0.840607605213324
0.370727866656666 0.730063656555632
0.368445318714633 0.778280537072535
0.36891996267026 0.768136863689419
0.366881629207522 0.802736584611776
0.362904193485118 0.887342017100248
0.362585819103353 0.890463304788832
0.363254706800978 0.881793540356416
0.373447324973052 0.672023506567275
0.362171707635935 0.897220162113641
0.356635567374784 1.01144058961526
0.363389359437426 0.878276768001729
0.367596407513256 0.789684103458017
0.368577480296813 0.759856197758561
0.364798432304174 0.840902884089921
0.372472952721184 0.685852162762254
0.364829789625098 0.848557469549798
0.354835762625697 1.05111535930159
0.363277295983149 0.875370780220005
0.368011425166944 0.781517112167299
0.365528625873864 0.83170330932903
0.371919828932449 0.697605969080514
0.359297804243731 0.962432040546852
0.36119687178025 0.927934200973382
0.364416339765014 0.854072799069393
0.35821184013314 0.980679291095907
0.364210911557189 0.856848885771386
0.360350024847294 0.941180967022756
0.360557736590007 0.930688159878928
0.370509995367665 0.730159717448847
0.3640503691943 0.861586406833375
0.365525123987214 0.828751140974597
0.3612492320614 0.914517931406402
0.366990420066201 0.798894226295353
0.370338652148862 0.725976207972428
0.361456117919517 0.908909860840836
0.364326780664375 0.852028303684485
0.365846489385955 0.830733150135149
0.360553394794637 0.929970272006398
0.373656574869005 0.666170225924968
0.359111383279423 0.963904869710098
0.362271054994567 0.899312000573597
0.367857204173184 0.778935665170267
0.354676218414901 1.05553192321146
0.363668152786882 0.868950301917534
0.365134976838927 0.841136360803885
0.369100187446347 0.747548586155015
0.366269256881133 0.819644870627026
0.367325602989046 0.792075839271002
