0.377852168441753 2.14166111824027
0.371341038025757 2.22477183879031
0.381977863281572 2.08372028063876
0.385000233829948 2.04172057943593
0.382984635069681 2.06305644162258
0.370711821153475 2.23628978559346
0.393255974827323 1.94258907592102
0.38713495780478 2.01784437189525
0.37542910470349 2.16779698719358
0.381107277905849 2.09758980478318
0.381209475303644 2.09445715057812
0.387219371826682 2.01573691415319
0.380733243118704 2.10233054276819
0.379669761852069 2.11836627298313
0.379103573844628 2.12296689422679
0.374329807741821 2.1912170770767
0.378695240635593 2.12910491246841
0.377329493657469 2.14353260020508
0.382754296055781 2.08092923448933
0.381759278563708 2.08870974311089
0.373908741860089 2.18805802200712
0.382475120561537 2.07712334337704
0.392335363370191 1.94925140692393
0.377451442372654 2.14412193747559
0.383205668105712 2.06569945083973
0.379192210813068 2.12512207756646
0.385292676458104 2.0468753092969
0.383822266729558 2.06230263573637
0.379854302505224 2.11658428618541
0.37855195341709 2.12900948724135
0.384765498989772 2.05226175280146
0.377264480711208 2.15424126734031
0.385912795634181 2.02886697279426
0.389798079745 1.99018676268502
0.382770410602609 2.07795586752351
0.381818249049009 2.09281656176811
0.372602471814553 2.20264285847088
0.385817051385864 2.03215347219485
0.391591915746537 1.95990498309313
0.370447151050437 2.23501769773193
0.378334897291943 2.13543292256325
0.387124130617428 2.01788447319102
0.381049590269437 2.09909405340962
0.382244473183519 2.0850639212212
0.382415843733092 2.07853214766802
0.37616962046365 2.16538790002571
0.380994117123731 2.0983059206283
0.394116345638336 1.92518048698819
0.392961026691693 1.94447039966804
0.385127708517507 2.04999439618259
0.376801508796002 2.16089066046579
0.380638444081516 2.09999137832818
0.393056231225155 1.94238580717449
0.377195249760092 2.14386546650216
0.381819174529439 2.09037581075843
0.376281459908473 2.15039542357927
0.379141818453584 2.12423974265565
0.379719133580706 2.1114225110705
0.383813269707985 2.06041216933798
0.380135486795373 2.12178859757459
0.378840243434466 2.1290278277437
0.385867996934285 2.03027549824352
0.363296575370302 2.32413189740682
0.384845351250396 2.0455997134124
0.373228359427649 2.1976281825504
0.391003308981265 1.9657842223616
0.382722573905548 2.07709524569412
0.380001092649821 2.11668496522322
0.388780321343818 1.99060477410033
0.380180280861902 2.11004315193314
0.383883001664704 2.06557986762157
0.381488205975407 2.0933355122625
0.37515879852664 2.1848180661234
0.374743874756364 2.17724343736563
0.386575175160691 2.02032178341039
0.374624500945508 2.18400701740964
0.375967748887315 2.1770578272558
0.381437088715015 2.08947598922695
0.36932574555471 2.25230552389398
0.391746144245985 1.97240971190828
0.3814213739518 2.09079654890228
0.380215448849696 2.1052092072635
0.388341562432608 2.00369504250441
0.376280592013239 2.15816519926046
0.38008090778531 2.10991818226788
0.368776287503769 2.25646894353508
0.371403305739313 2.22630787590421
0.377491651400161 2.14301298740095
0.386476457271216 2.03310835434915
0.379661637152633 2.10939499942888
0.374054584647157 2.18958385646329
0.38399427614763 2.06121589971384
0.368430521532458 2.26460542011542
0.383133539272389 2.07934426081125
0.383546575872997 2.06715414755943
0.382278933388013 2.082316802137
0.382883964269678 2.07200028907996
0.38845877758952 2.00080553673297
0.37463952555643 2.1847904621474
0.380492962038701 2.10952777456876
0.367203947876557 2.27813223471592
0.382679460607471 2.07516688631779
0.382720957957106 2.07730004990039
0.380646849896747 2.10516339500959
0.381818187268514 2.08548225997629
0.378940126292565 2.13325514688237
0.380675621292032 2.10554251958988
0.387608298565814 2.00803235502226
0.387980075255449 2.0052581632053
0.384034967400269 2.05746747571414
0.377942023406446 2.14074258176078
0.371109495795693 2.22867450557257
0.376537516231519 2.16264447670034
0.385807642490307 2.03456993245558
0.374854132249716 2.1776171145387
0.380639477046066 2.09988309994319
0.382795946511429 2.07951484803159
0.380750297760346 2.11086043026903
0.384507504140239 2.05166326548751
0.362091442769431 2.34225394883665
0.395410766038513 1.91429759900263
0.378703702178305 2.13102108134068
0.382408007256141 2.0817162984444
0.376493936289815 2.15099867648451
0.38355169536698 2.06257589261973
0.373924149690431 2.19011289782863
0.374280086453815 2.18517435918363
0.382634326730855 2.08117520953568
0.373712348581947 2.19196364580533
0.37262574453811 2.20056577910276
0.378095510478006 2.12567004441471
0.389839155883026 1.98162921875857
0.37829656074657 2.13606579370786
0.383475187397845 2.073634512121
0.373186985562226 2.20342099874929
0.363569777936562 2.329507731973
0.384472462867143 2.05185068651446
0.376583493034353 2.15367125470176
0.367877877000037 2.27284020135517
0.376747374977296 2.15654899184149
0.378539694021259 2.12409046825444
0.380539132103219 2.10500814596606
0.39166057821409 1.96722323306251
0.377850340705774 2.14315701455539
0.382985741486438 2.07581766041027
0.386661477065779 2.03017126204123
0.39291258493949 1.93879378800566
0.372024168787315 2.21135535312465
0.3920215846864 1.95247639006677
0.379902677257271 2.11297319045094
0.378132664315204 2.13599755850878
0.381741757569895 2.08435402326369
0.380419211064552 2.10672708106904
0.380683562890289 2.10463342180031
0.384685413931253 2.05726380802246
0.369138961645904 2.24776208327819
0.375988896427135 2.17008705926436
0.380768638699413 2.09380981369163
0.373924695520011 2.2011856980177
0.378338880064298 2.14056239770674
0.384094305298121 2.05338281049118
0.398586630977047 1.86956307282032
0.384207382020404 2.06079467533989
0.378067758078492 2.1410599238143
0.374273447125513 2.18211635747324
0.370502078208914 2.23194253598343
0.375795851703596 2.17053866504487
0.379569580127876 2.1108148419955
0.382154643411302 2.08408615092696
0.382060615074035 2.07341553844335
0.383025807234847 2.07430590060833
0.377286660076476 2.14672319362138
0.377434252803797 2.14983654992036
0.381840718607579 2.08472404201252
0.385976257100578 2.0295109921876
0.381263076333473 2.0976255867537
0.377675274691038 2.14162645763628
0.378255336003319 2.13673180548266
0.383477295766031 2.0603149361776
0.383299505397316 2.06526269380944
0.385897828048226 2.03548797784553
0.381899293109755 2.08467550034792
0.387636781355626 2.01472294768801
0.369857969594103 2.24339252934852
0.374439957824283 2.18266111281505
0.382791601473824 2.07931406052974
0.378910731109374 2.12282665886146
0.377616161280181 2.14329590426499
0.380766955060053 2.10911279095386
0.374117374972311 2.18898995725881
0.381624119126039 2.08441640010339
0.38739716225774 2.00913038852314
0.385044628331329 2.04956446213526
0.380308952352312 2.10271784085031
0.381369360245853 2.0948355591281
0.386174038254867 2.02476899295461
0.375077120966287 2.17924584597891
0.379630136065641 2.11626807390196
0.378200242788806 2.12783592587918
0.380646813661785 2.10951679695493
0.391621052602049 1.96043565786259
0.382071181685588 2.086175185835
0.372475563102201 2.21232862435564
0.38063281339976 2.10472837131288
0.375002777502301 2.16865205512344
0.38071905738791 2.09787183991476
0.381081289725564 2.10260542184696
0.384588995334112 2.05591636364328
0.374400898114351 2.18742738004618
0.382952074300546 2.0736095530821
0.374815845487235 2.18075222137773
0.373167412776659 2.19721005976343
0.386495490526815 2.02985929488715
0.380236850565085 2.10832657334522
0.380835418423385 2.10272831801694
0.372058407671809 2.21397632599098
0.380735170575164 2.1055757444731
0.382120464238604 2.08975077372631
0.382899406554889 2.06739897561429
0.374904896006969 2.18161795836608
0.386320964564383 2.03177054721873
0.36426648069244 2.31812650596674
0.386726897172351 2.02748283924108
0.378858752782025 2.12132838008128
0.383807546150352 2.06374848537665
0.374985248653324 2.17698390991376
0.384635966322252 2.05302084359838
0.376182066717213 2.16785549615202
0.378995925392633 2.12686687441457
0.380079940259084 2.10666481675736
0.383110471406043 2.067931726569
0.379544394743856 2.11645443953069
0.385795874652649 2.03555340758303
0.378998264499275 2.12389907537228
0.374954354615392 2.17155109832129
0.381736596705746 2.08467857855474
0.38228040569685 2.08033032128219
0.383719718743019 2.06574990094551
0.376447792677883 2.15805274219104
0.380640061169195 2.10988370372398
0.378157754225911 2.13587559167844
0.371120903752887 2.22112880773104
0.378563451074171 2.13325808305927
0.371783850946993 2.20931613580361
0.371813733738679 2.21802877245995
0.377521047037402 2.14757419078828
0.375934395157575 2.16059865979302
0.380900558124442 2.10887574421755
0.385184976182824 2.04578145410537
0.376015195883609 2.1652138291704
0.378492494890526 2.12983620182427
0.37531099652975 2.16675399208143
0.38166390890484 2.09219750080551
0.386240892557807 2.02845460355255
0.387446290054427 2.01529892054757
0.37269193208439 2.204665214849
0.397975071369622 1.87041416105826
0.377499200260911 2.13847029861604
0.385241904669135 2.04331303146899
0.395145185035178 1.91369387528688
0.386362513585218 2.0351147086451
0.388238299153237 2.00565291874888
0.386408846327987 2.02503208822198
0.387109734234862 2.01229280405279
0.382908746674593 2.05988293682832
0.391070160137636 1.96895393187186
0.389287867284981 1.98728643438799
0.373489642596918 2.18966670315809
0.389017714405811 1.99801894779433
0.395563857485316 1.90265391585752
0.387364360867761 2.01064252204747
0.373703415379333 2.19472892585155
0.38539082432896 2.04022530735118
0.379262264041525 2.1263862862105
0.378040474236824 2.1267991369784
0.379931464971962 2.11817437066895
0.373659950245158 2.18487535435463
0.362210590239204 2.33660845109634
0.390070831584941 1.97171746135645
0.368805926203143 2.26140049307625
0.375164628873045 2.17703812771831
0.381831805116945 2.09110561160893
0.376268678099131 2.15521843155276
0.380551822669883 2.10447659629702
0.380268039370274 2.10734242411954
0.381386804427357 2.09859463736572
0.376961517741993 2.14829978059867
0.380438245074098 2.10681461588379
0.380561741300218 2.10620717167802
0.378340233909214 2.12941196359948
0.378853051026878 2.1240310566433
0.377675458564541 2.13955208947356
0.374377928845633 2.17805281393743
0.380916153761266 2.10065085049713
0.385713602410404 2.03670523906382
0.3770036286103 2.15456958385382
0.381875058273297 2.0838191816695
0.390963841981868 1.96752351374696
0.369185691511887 2.25405925490523
0.382647176384419 2.06947799010649
0.386369832505556 2.01671783773088
0.380554465564557 2.09906354292321
0.389179163818658 1.99066179693433
0.376561911045333 2.15915831129235
0.376007669196191 2.15750390154058
0.376800680506823 2.15640549782639
0.382602598936515 2.07643940129728
0.379688734031132 2.11096978693829
0.383829662879877 2.05846416950082
0.380168368652703 2.11230996222145
0.374841851268613 2.17387018428209
0.391411352672628 1.95790666128018
0.376515815782076 2.15798479956356
0.38522162827676 2.03407063969277
0.386719257218714 2.02311797103359
0.380309483434752 2.10887196178685
0.383648881941889 2.06695773767709
0.378166607914226 2.12952732567849
0.381649105722719 2.09345537126682
0.38542435796354 2.05010293931738
0.382850119812188 2.0740304846551
0.380573585397587 2.10143879885967
0.38610282431475 2.02956523081896
0.38379646249013 2.05810335352184
0.388700814519633 1.99804360402955
0.38630207723306 2.02432638816101
0.37517042819264 2.17011849556462
0.382575087465239 2.08529467472113
0.388677020163438 1.99742936221006
0.370158038611271 2.24229137785008
0.379420562649487 2.11511548986099
0.369464442677535 2.24677390105763
0.38010195214255 2.11105058631861
0.385148998074134 2.04744365954832
0.388833801899298 2.0035418021802
0.372874002975601 2.19802560132584
0.390742616440202 1.97060753056535
0.370685630052392 2.24158002729242
0.389025600753712 1.9965786628442
0.381727996480576 2.09214765491242
0.382376649260015 2.08113254314563
0.381607107556972 2.08768362491291
0.374152691537898 2.18826189362715
0.373777926585973 2.19187181969884
0.379978966959144 2.10789296266217
0.380977328095081 2.08934072242742
0.385007080807025 2.0425960521944
0.381778125918448 2.08856522305533
0.391251568820498 1.95755075810748
0.382932229474156 2.07625664397357
0.37904194383852 2.1215452014041
0.379610006534547 2.11311532667683
0.370308485524818 2.23898309006874
0.382751066928352 2.07642954394175
0.376943254406894 2.14846377341401
0.391567834475145 1.9641538004525
0.368747588011153 2.26299289953694
0.37780030973857 2.14025940675016
0.374380640121782 2.1893011758824
0.37795974488615 2.14083502877509
0.375529551676681 2.17603835373665
0.372414569377751 2.20325193463028
0.377124989366539 2.15223849870458
0.386914640968727 2.02317832052181
0.375001901296098 2.17524578163247
0.378522774479351 2.12798906188693
0.375739566588517 2.16238427909873
0.377568498486071 2.1466060392102
0.366155419348745 2.28874073548032
0.377009291035593 2.15375790355904
0.374401698418679 2.19313693559493
0.378142421916067 2.14162154712395
0.377237038667159 2.14185827542484
0.378374146573493 2.13430855070664
0.37482463126574 2.17984983569424
0.377856788224876 2.1343202751008
0.379668831932111 2.11076319383074
0.38107757983129 2.09552243578488
0.376852870191551 2.15382114277537
0.384061276063371 2.05644874451527
0.38255205109316 2.08037445563523
0.375647633689255 2.16782523178421
0.381031658774821 2.09873773837173
0.375393629848158 2.15857446641497
0.382074439759336 2.07697821982587
0.38021062491202 2.11281368527526
0.379122969761083 2.12980711251908
0.378823680301463 2.12443657514334
0.380890625951783 2.10579621385879
0.389410162792378 1.98021344322507
0.381598148083575 2.09073259621454
0.375113797395054 2.17569372433559
0.390773150931437 1.97115591072891
0.382833148330476 2.08661499295944
0.372631175776269 2.21110958616813
0.373454099762077 2.19637023402546
0.37047198408972 2.23239725012428
0.389047885616584 1.99118173143555
0.38045649402944 2.09849946931088
0.376587116755312 2.15584810624674
0.378965518774607 2.11870603526911
0.37951401072904 2.11830823207074
0.388717276448279 2.00252524000733
0.392910618011716 1.93746863382011
0.361061349030008 2.365846107393
0.375014262750038 2.17466552132295
0.389457270405099 1.98876698007738
0.390722607353413 1.96105141687745
0.376473150566176 2.15529792358619
0.382090421778502 2.08382530232912
0.371476468987707 2.21484506234323
0.38989788327144 1.99110256946006
0.372044108315527 2.21503858318595
0.375474957164737 2.17495373073997
0.373498581231847 2.19604528114516
0.369994093500528 2.24108038498295
0.386995352242287 2.01789982135199
0.386336394350717 2.02607994906434
0.384635271410067 2.04976170936886
0.377740814010805 2.13872447506849
0.38120265388435 2.100045587769
0.373299039653145 2.18821637430343
0.378931574391467 2.11666214461988
0.377189919722944 2.1455535769409
0.374331692809677 2.18552570078557
0.376455704163915 2.15395219216891
0.370758229644956 2.23323980980645
0.383168656121765 2.06174612839285
0.379643794949497 2.11632748533451
0.385417936435908 2.04037624581132
0.377307622174356 2.14827048969782
0.389182710100269 1.98366293623025
0.382917040055095 2.07339542942483
0.377212724618401 2.14278578478498
0.379193000905871 2.11633196524487
0.3794364670995 2.12531873055847
0.372217822951169 2.21464447977854
0.382083194199638 2.08103065000931
0.386036854776894 2.0418119246782
0.376931623909279 2.14932248215345
0.380004741186199 2.11791249649973
0.38506020275291 2.04392664032112
0.383456867687448 2.06488471223653
0.372387021672357 2.2146170532746
0.380842126614548 2.10740484258032
0.375358399269234 2.17123518896472
0.374358767428317 2.18644077275034
0.38014556967716 2.12049707294344
0.376328197103907 2.16006111045774
0.381524141525658 2.10075674963484
0.388497990573142 1.99770934122175
0.382531734532564 2.08450281536059
0.377164540237282 2.15140167030221
0.368697506370945 2.25039736801155
0.365824782319339 2.29709669424947
0.391662062736156 1.96234394463042
0.380407133007266 2.11012762234122
0.375615395965494 2.16946032469234
0.371423819702661 2.22560452322575
0.38244882159135 2.07852600573124
0.372307696077304 2.20473528970787
0.379386909384844 2.12060926704829
0.373035932777769 2.20828602409555
0.382485415967262 2.07325523190751
0.368679175725911 2.25576401310893
0.391864729792613 1.95713276206018
0.371342383318154 2.22886388690527
0.39965922063249 1.85754122059941
0.374987396788389 2.17845008420542
0.374632782138361 2.17914120127396
0.388614131924278 2.00084724915697
0.378876754036512 2.12587979221603
0.373151429306783 2.19853649210299
0.374127727533812 2.19266491549109
0.389637140423597 1.98736544351887
0.387295406158304 2.01059782879505
0.38307492875012 2.06521579266047
0.367338780559646 2.28267203473678
0.379778270182585 2.10716382515496
0.3785841281832 2.13119265203019
0.381763231692257 2.089630220584
0.366687673316878 2.28119987090129
0.376899905079935 2.15183470619823
0.384541237684435 2.04204503455584
0.369053825192047 2.25669651551131
0.373241420907163 2.2020279568966
0.387610569790523 2.01357151721042
0.38759015056164 2.022048950533
0.376932147919627 2.15574202298374
0.382630556756557 2.07480869205088
0.393213412224059 1.94276837259897
0.379572783848474 2.11887235908182
0.384155091652677 2.06019788605031
0.374000013295279 2.19070802961989
0.390577946908793 1.97597031015917
0.367103034092581 2.28496912942191
0.393618796960534 1.93117905290953
0.375273933520574 2.17214622682756
0.380165131935791 2.11541392778801
0.380039618652017 2.11035772500193
0.380142051131168 2.11046676247406
0.381717225720852 2.08927037541128
0.367072614943637 2.28415777964959
0.385409851879736 2.03951033089261
0.382862951820896 2.07230365092517
0.38161444360699 2.09852628595968
0.385230466139133 2.0356445479698
0.376719112774432 2.1559402161706
0.378295491616839 2.13532201632109
0.380772414822787 2.10527467579827
0.38995358466176 1.97712337229864
0.388216838190161 2.00341466427639
0.37646789978568 2.1569896808522
0.381747645433865 2.09091576858449
0.382052877926843 2.07305416292421
0.393570478331879 1.94026305541369
0.369879923830099 2.23986393668693
0.383829789267451 2.05923499098002
0.38366992238689 2.06491623171549
0.380755086872965 2.09266187218135
0.375807418701128 2.17030969795661
0.379593253096552 2.12257074772818
0.374797657947349 2.18030079757938
0.382258052554456 2.08044817457614
0.384818545250783 2.04645116464378
0.385438577949799 2.03592926234997
0.38420566262961 2.05290105159471
0.374620510202208 2.17550137071311
0.375689323512978 2.16702799789156
0.371149080965018 2.22905757479416
0.381361013172044 2.09802174388124
0.365570067208325 2.2975680349428
0.373152560772131 2.20719129935745
0.38086719166846 2.10486631039412
0.377616428972311 2.1427333776934
0.37626731318035 2.16824871151129
0.390858451643963 1.97276881465977
0.38352125431731 2.06243284996493
0.382506681200653 2.09012381387977
0.38252577509401 2.08313052860449
0.380394710284198 2.10955593426718
0.380100493082096 2.10694109613211
0.390527713461663 1.97443383352854
0.385680522369898 2.02608463110349
0.383261443382737 2.06477983072199
0.391599106291634 1.9603205827994
0.379536334319679 2.10626804842915
0.374584650782252 2.17927496910061
0.379701323208406 2.11321044567375
0.371877266596554 2.21626696057404
0.380208641735045 2.10428081501023
0.375139472474188 2.17560355330248
0.39117666111211 1.96772946122892
0.38451048316565 2.0561409235153
0.378046948280771 2.13933216398456
0.380667369778998 2.09451672520364
0.386761657840739 2.02250604382028
0.375704240415104 2.17689179369486
0.380186491734403 2.10179512301366
0.383375393348714 2.06936957550086
0.364434661898117 2.31640313826692
0.385979657517946 2.03966220335994
0.385379954446413 2.04341513209184
0.383826609318571 2.06396192736062
0.391157821980018 1.97308656070532
0.37942532327843 2.13179993913811
0.377663257082902 2.14608503002494
0.378082927328189 2.14343381349338
0.38314256864608 2.07315697801679
0.368715508873918 2.25607633572817
0.377269816995067 2.13876254374015
0.383396333329164 2.07721063017782
0.379358750008922 2.10660613931672
0.372413901106054 2.20919612265819
0.373897916276079 2.18746845197331
0.387715926876165 2.01276499020283
0.381893806120624 2.08777696913746
0.389534063325772 1.98617777347504
0.38897003949458 2.00028059363477
0.376719320571752 2.15598961630953
0.382202586221759 2.08657361581745
0.37988147749737 2.11558771924187
0.360558534958679 2.36788477284381
0.374424273859647 2.1939398359469
0.383658990195437 2.06436808145156
0.370903305703217 2.22036225825151
0.372349372741138 2.21365275315306
0.37533916521163 2.16951982637149
0.373582651297794 2.20775243615854
0.378968477030576 2.12435704902226
0.384453937016101 2.05263618843463
0.391431399957437 1.96099803300073
0.375022141917979 2.17324265475997
0.371429240566995 2.22481961833245
0.36633222099323 2.27828336082812
0.377014553974215 2.15134987771446
0.380623968640752 2.09848433141152
0.383113783392118 2.07156781371048
0.385828995601697 2.03573972990224
0.38274345981724 2.07193025780385
0.387096620818706 2.01537829491106
0.376624845135025 2.15558342835839
0.378847275498257 2.13741025392836
0.37788106529852 2.1353776506078
0.374024062511327 2.18051371496253
0.381455311688314 2.09944695943505
0.387804400045304 2.01578948971248
0.381509753015627 2.09243292804194
0.377410658285302 2.14525494904576
0.371598899272729 2.22726375017993
0.391339346041421 1.96026720604122
0.374677294586208 2.19232926884599
0.370397137770072 2.23285242178724
0.379508388690508 2.12411059859037
0.387037274730752 2.02249669278154
0.375973669987462 2.16504339683997
0.388282145678657 2.00013288292988
0.376773399304462 2.15295984574515
0.362025945882236 2.34075386510841
0.379940237205157 2.11033029405014
0.391448679077916 1.96569508430331
0.37310447778819 2.20491950799668
0.369532068200038 2.24789437863505
0.379500979000534 2.1242197402789
0.381384986982989 2.09052403723447
0.387638912797532 2.00949425067934
0.393667018640506 1.93326593050031
0.369187689724329 2.25513041746855
0.372334181567511 2.20603405082745
0.382486696278894 2.0760629697083
0.382146855975824 2.08283782061878
0.386172737340468 2.03240516581546
0.380127081292755 2.10811121762744
0.372195730095311 2.20226962364955
0.377375905334675 2.13638520814134
0.386163456907699 2.02788064532657
0.390713138439256 1.97244438179894
0.390390929967791 1.97198690103746
0.383167191373559 2.074295029424
0.383953714941128 2.05488264048149
0.388239900121688 2.00751034409657
0.377047723449745 2.14493872870507
0.38348346752575 2.06265155762229
0.390950252895491 1.96602589361504
0.379079016500832 2.12218459486513
0.382720824797744 2.07980161157155
0.379624686788601 2.11292512084678
0.383959078291562 2.05586576513957
0.38575937709078 2.02871193382131
0.381698912559724 2.08762726160782
0.388153157521676 2.00187166192981
0.378749204995738 2.12997304138353
0.371836406569317 2.22446578106922
0.380958971407077 2.10922594257485
0.382110692273976 2.0780180686288
0.36709169769895 2.27854147179586
0.377429010855244 2.15318423960924
0.379950312577113 2.10914521012109
0.382204526584186 2.08101729820848
0.392335394069238 1.94021700496751
0.379990757746814 2.1185175440567
0.367941880713652 2.26729793637683
0.369881196277993 2.24118784062672
0.392397445141094 1.94618212010729
0.381809460706348 2.0742463516743
0.379893637938662 2.10871669693214
0.37469086358426 2.17180263829966
0.382854301520473 2.07799148796414
0.387834438052675 2.00239111697548
0.385486888162623 2.0415332146154
0.375459928871321 2.17375824874401
0.383049932030125 2.06813183993664
0.379445045292501 2.12261771814386
0.380012270991285 2.11768031873956
0.369695285516236 2.2381003219623
0.375145271429275 2.16671304418422
0.39120593915828 1.9568928239537
0.38201899505237 2.07968256774818
0.400071756255483 1.84097247057823
0.379466248158131 2.11256761143528
0.388757225736138 1.99336172687525
0.379842417303134 2.11568093806062
0.37399960122847 2.1914018892957
0.390327937297381 1.97691905059248
0.376020804927982 2.16741663618368
0.387479028525229 2.01212636027542
0.369618244027515 2.24526099960424
0.384799703337502 2.0596411541266
0.383596275793844 2.0644099827946
0.378901038958022 2.13099120562685
0.378484910264601 2.12053950974306
0.379641068254625 2.11851717849341
0.375137936363551 2.17817893929195
0.380979956613757 2.09811783940839
0.388334435194683 2.01010897350044
0.384661127820509 2.05155419184313
0.385430840996622 2.04112819601366
0.37838931779519 2.12787640436911
0.384865560495977 2.04399520935996
0.380583341252046 2.09695820663
0.376003739828604 2.15984723864287
0.381423240366144 2.09460023089629
0.381873095444525 2.08831226439106
0.375429692394038 2.1742937914212
0.384617380711364 2.04728371109568
0.388553019971723 1.9999870205124
0.388360611803343 1.99966665555107
0.387821555395978 2.01279518422688
0.366784254923167 2.29562978344104
0.378806475278281 2.12336518213659
0.389055151181315 1.9939976861038
0.396213483679598 1.89820487340043
0.378541450985315 2.12353183669048
0.38764951766577 2.0111506620561
0.381449321891902 2.08613546448809
0.383138024031233 2.06504501993962
0.381323433491378 2.08524312189228
0.385890907062998 2.03593298119062
0.373351469191996 2.19520227925321
0.382876661126147 2.07283832336289
0.392345935567109 1.9493640040032
0.376382165497508 2.16102323680629
0.376908133015682 2.15041957732462
0.375906839278208 2.17196025704774
0.385424663036874 2.041711384601
0.368335059988743 2.2541140914764
0.38413440726998 2.05913874949135
0.378761017916443 2.13164610328766
0.381883040429257 2.09135773509201
0.385934610546289 2.0306320432646
0.380036279566254 2.11808772623472
0.377500532471107 2.14976279199815
0.385084502365705 2.04318938086935
0.374506224495873 2.1896349606795
0.378996228213068 2.12640584310649
0.373789841023 2.19001058476095
0.368057399163899 2.2664179181395
0.383164957552418 2.06533761478027
0.379033669368015 2.11678810738937
0.373745025935946 2.19017505833632
0.383789446896817 2.05969318553799
0.378130410612728 2.13260808025064
0.380142742813651 2.11019179974186
0.37930746006917 2.13386227089334
0.392507900342903 1.94968618414956
0.374540028431497 2.17790707798972
0.376301083734749 2.15786013681455
0.372237745874676 2.21037501101566
0.37139641084284 2.22803743790658
0.374085279403828 2.19287492294658
0.376791198564524 2.14757921622636
0.375525290458064 2.17243146659226
0.37395425860496 2.18849539729799
0.369782763054248 2.24928944349727
0.381900421660896 2.08450856896364
0.372487606527176 2.20261712720887
0.380850960515943 2.09345884461907
0.384944678035489 2.04571822854667
0.382365230599998 2.07765407746514
0.39403775731389 1.92253029322992
0.376793109200939 2.14772784611108
0.39478768172973 1.91863912822707
0.382071546696915 2.07647102556375
0.364557429723319 2.31968236194621
0.382578076640045 2.07768156061063
0.379993616822647 2.11243049112192
0.395064517840566 1.91263292740904
0.38639254445517 2.02910374127616
0.385902451596666 2.03120673078046
0.382938666124365 2.07276110826311
0.385687330854477 2.04169178374533
0.375096598744121 2.17771326208546
0.370507374483868 2.23173127179817
0.374327168682408 2.18604878627149
0.378720342881589 2.12565924008337
0.377292803518353 2.15170685487758
0.384744484489797 2.05804228029045
0.385369655260261 2.03885294173778
0.378381947342917 2.13315274182818
0.38015043710861 2.1084535999894
0.383985240733142 2.05930224350377
0.367446304342403 2.27703677210373
0.382094093696729 2.08198759797021
0.388436731302771 1.99973855178785
0.379141880235163 2.12448248136107
0.382538491109124 2.07810557266293
0.375300289858796 2.17242218070086
0.375324958972967 2.17515600010107
0.383747589487724 2.05573108810596
0.377853703803671 2.14150494653404
0.382131973383618 2.07108844684926
0.388621700492556 1.99951374886264
0.382903757539273 2.06347394558538
0.371966966575327 2.21558675086724
0.380668791423698 2.10034810726393
0.378806504943271 2.12002327944739
0.381652168848739 2.08543626799958
0.387972316871001 2.01172888111885
0.37873620223924 2.12938868305453
0.37088917269277 2.2268404609318
0.392978146585999 1.93472103209781
0.37510132276077 2.16884694022669
0.375386460869705 2.17190056265819
0.383649314051828 2.05983041292428
0.392237161528506 1.95020337884679
0.381622712191906 2.08723081993538
0.383514603323206 2.06596046338881
0.375154027453519 2.18337826921119
0.37664252503984 2.15671367225102
0.376655523003585 2.15116568523657
0.381300223723983 2.09739294126554
0.372884737207671 2.19853927405867
0.382839637091637 2.07651858287359
0.377878156201484 2.13371634485053
0.381527030396197 2.09438574400412
0.375267017593935 2.16771924631615
0.38274841160963 2.07520517268973
0.383620781382985 2.05768134776013
0.378058654140516 2.13508333276998
0.378061600245514 2.13630748914441
0.39321791548289 1.93708501916642
0.373850670123631 2.1825926060133
0.374714487000918 2.1791599499654
0.395046051219605 1.90553303325973
0.384826425718188 2.05287886943798
0.38193064342493 2.0857522836695
0.380386487023858 2.10451264070919
0.388150437759289 2.00352733908161
0.389256110527496 1.99434002973615
0.374983903512173 2.17557954245025
0.370995420725591 2.23050937663045
0.390398389354921 1.97603178837163
0.386765804374699 2.02327685786505
0.376525581936551 2.15061316062717
0.387675334865673 2.01765885121921
0.391431470077873 1.96900883101838
0.38194464868034 2.0958610139593
0.370773378040754 2.2348284561184
0.373780250337877 2.19594153073149
0.381239620786277 2.09826244868105
0.393101438356924 1.93924380849641
0.379307937480243 2.12155881545482
0.3754031360135 2.17473777727695
0.371693637848609 2.21397985833973
0.375577295348473 2.16801454424591
0.390360796548289 1.9793550479593
0.373743641544367 2.19720399099701
0.389348430891928 1.99221442256352
0.376608062833967 2.15486477433225
0.384509969413052 2.05010781155135
0.380306485907734 2.100277869273
0.382395752441969 2.0773654583871
0.36529468697743 2.29959408243637
0.37770563422255 2.13542037861549
0.382899036567835 2.07453280190255
0.37288487681348 2.19840010072911
0.382619318988409 2.0845020576424
0.368155305553538 2.26819474194187
0.384422907278011 2.06350055129473
0.381589651075578 2.07521532669789
0.382252623201925 2.0764993857475
0.365058136698069 2.31558110687493
0.383863352780378 2.06922364546907
0.383854078251252 2.06428620410963
0.38520140571541 2.04375591233082
0.384545503780356 2.06053234379363
0.389474294074049 1.99206832774133
0.385728449172327 2.03288540080437
0.376383473682525 2.1675542722422
0.387699195852569 2.01669412875983
0.380014329959929 2.11513399415633
0.387142655771424 2.01509175880899
0.37665784160609 2.15567185747764
0.381406620815834 2.09191310002261
0.375239987677872 2.17400239145229
0.386779739790935 2.0248013342746
0.37694055834553 2.14917484737969
0.376145808307737 2.16008041321498
0.376227577316085 2.15800290461897
0.374985933232288 2.17893265538954
0.37661266989075 2.15518929007988
0.389510426991628 1.98488811741959
0.373612319731997 2.19737975943029
0.389442121340473 1.98761643323645
0.377243582536298 2.14963588631593
0.376211221658326 2.16414089269084
0.378390033940079 2.13182792193943
0.377092211983259 2.15029668257214
0.382436102947588 2.0800860726413
0.382340301028398 2.08348791308928
0.392581404188414 1.94570077108008
0.384917020080761 2.05311363249951
0.381691316699973 2.0905502830644
0.382133322433721 2.08033079595486
0.379647558141803 2.1198202898271
0.374924118163234 2.17693443251938
0.3795810018178 2.11074069869197
0.385605073590656 2.0488241574853
0.365991251555702 2.29349330522718
0.392769771723157 1.93882077820034
0.392969517423536 1.94148054715561
0.375249542519412 2.1839702766477
0.374039885505687 2.19101807395012
0.385851952392106 2.02281612606707
0.379100799672066 2.12685355936187
0.385155964649418 2.04513311128793
0.381830902449491 2.07988116196628
0.377566398846281 2.13443901658811
0.381429647119933 2.09361410454093
0.390261084651715 1.99158123124311
0.379243781839224 2.12474732142259
0.366311779753785 2.28982242458736
0.369937451239368 2.23631698178985
0.382648020884999 2.08049675957194
0.371080449501149 2.2310572849087
0.386280620716531 2.02435461360878
0.377965886105379 2.14115351550432
0.378125345748861 2.13906166800749
0.380848081687654 2.11466212828134
0.380001202136414 2.11901589965106
0.388194766894713 2.00993211496218
0.389668781425588 1.98599465502733
0.383154822714923 2.0729059345376
0.37324173119288 2.19856723584137
0.373928849204618 2.1928628797843
0.369012051197966 2.25595489780654
0.388034505146298 2.00292051443703
0.377276330591253 2.14806276811717
0.365715246661373 2.30153893591173
0.375414724829064 2.16899043403295
0.382558235310377 2.06803600636253
0.390326829817356 1.97702250676709
0.387679251654433 2.01290162564041
0.384392014278289 2.06088133029622
0.374419590071311 2.18655979461679
0.385671318451301 2.03866818969834
0.386587254665073 2.02685739087865
0.387327659522906 2.02620688916488
0.369141848618015 2.26285204286935
0.373730937521211 2.19156428150542
0.369069948416198 2.25823152054168
0.387852365170163 2.00855185110191
0.378872345587223 2.12685517911739
0.378786956181919 2.12196887065358
0.369425957827796 2.25194513278398
0.378329849452447 2.13788805749575
0.380822726866853 2.10350635185934
0.389895647402745 1.97802060154743
0.378597552407559 2.12133551233681
0.380808019072092 2.09153900422063
0.373043052243142 2.20155640166567
0.383352349629141 2.06005984969795
0.377834438254229 2.13019511751714
0.372223108192258 2.20706961161456
0.384859748151272 2.04318723422326
0.383320781821975 2.06681125602512
0.3800073621716 2.11748521736516
0.379071533495192 2.12448750856136
0.375320459669791 2.16888078959281
0.372947784318927 2.20357984895308
0.37520440613598 2.17631086250474
0.390147359805538 1.97803167713385
0.385874397674279 2.03684748836707
0.368170943688486 2.26548242300413
0.395424883072467 1.91690929135547
0.381569058448117 2.0909635958163
0.3924606332383 1.94715609745151
0.369912304308754 2.24653807399981
0.379544819324094 2.11026427488876
0.380521143299111 2.09963353697732
0.393440895945113 1.94025832971945
0.379445188483576 2.11587422636995
0.376620622191372 2.15864869980345
0.377940291307472 2.13767605608219
0.369686340775518 2.24633169429418
0.380982222996708 2.0941271523638
0.373221065886388 2.19902186337368
0.381432316917371 2.09304458015011
0.378090614390525 2.14123972038482
0.378355952453828 2.12749516788107
0.363165607230577 2.32376537794469
0.381414488901818 2.09294017997415
0.371173170371893 2.22709528646122
0.378787054742468 2.13330096786446
0.368279440925352 2.2728124338264
0.379136343471087 2.12937884305789
0.382761418509717 2.06868431598455
0.389615177001424 1.98317307954827
0.378806362212119 2.13031534819314
0.378428822543046 2.13290309244119
0.385886328747257 2.02474323816776
0.386471453457398 2.03141474626571
0.377573502645863 2.14185800227906
0.381493237794331 2.09135918624671
0.381506082539509 2.09284557530274
0.387052565695462 2.01989781348535
0.38398309116869 2.05972092672962
0.387183250874422 2.01539661628204
0.389292456970191 1.99357539105846
0.382077628256687 2.09020744279329
0.392779310296526 1.94798589973225
0.381655417092976 2.08515288849787
0.38118561100446 2.09744499453479
0.359560122063936 2.38383278996505
0.381519007553525 2.08919965603139
0.382356024898243 2.07780713806933
0.383917440966025 2.06544797824122
0.386099239208925 2.02038099360619
0.389325698895069 1.98932140785426
0.374969843569561 2.17674504471077
0.388849309388111 1.99622868439069
0.391012902095532 1.97156404513215
0.383240564017194 2.07370441023471
0.384916685242053 2.05054662402851
0.382810416172295 2.07881614518292
0.37131531390514 2.22114174591626
0.377430320742597 2.14626655536672
0.379369600617767 2.11653512407282
0.376242718971844 2.15707135048345
0.38426923365845 2.05381370182321
0.3867719492609 2.01799580070373
0.38228088608861 2.08423719405281
0.381244045723531 2.09967586225047
0.381929238690554 2.08584362898737
0.382427218919387 2.08355642939844
0.376104239833261 2.17067171490357
0.377433429018904 2.14604798315699
0.382860767544592 2.07707507706307
0.380138346558428 2.10731582620381
0.385398804244061 2.04158531146468
0.380931448233269 2.0979348452688
0.374923164459937 2.17600886956886
0.3694531628174 2.25048590756397
0.381907563769234 2.08588612451927
0.37918373886994 2.11262267095319
0.394798148368095 1.90791092611697
0.389730241468532 1.98810661086064
0.384338690043645 2.0595940455448
0.376298958318509 2.15087398704751
0.376589656412091 2.16032403590997
0.381843194977989 2.08268166078946
0.378871827827336 2.11819525663089
0.374251431638448 2.18758981277946
0.379885116026573 2.11333481315339
0.369317476260722 2.25381359554786
0.382811467393904 2.0783831208124
0.369074766816977 2.25542655160658
0.366957606985248 2.28397084696033
0.378773168285758 2.12641365682213
0.379985057968843 2.11887866239289
0.384414988747669 2.04216804970827
0.379715533909409 2.11365637980414
0.400800230135571 1.8339557052316
0.368897316679644 2.2564098400682
0.383263751679963 2.07485203872897
0.367364581833927 2.28181028259217
0.385348246886152 2.04592712236002
0.377907783205868 2.13689796080542
0.375520988182821 2.16786620659642
0.365216755650881 2.30179258666863
0.374370937921632 2.19125244189296
0.369574234728001 2.24443136088493
0.386747549934228 2.02325221571394
0.37665985219321 2.14934701310394
0.382925027444482 2.07198042063326
0.390285043209058 1.97860277647291
0.383164337456837 2.0765448696389
0.38159460309937 2.0946319009034
0.375867282012468 2.16015864143922
0.382718884857814 2.06708090055248
0.378063897854785 2.13829953470945
0.380059160468175 2.11205447409375
0.374779743518759 2.18120966781115
0.378729918055555 2.12714568250391
0.387693862500171 1.9981619422286
0.386626344456577 2.02730684747572
0.381299267270911 2.10025070142913
0.371061519755478 2.22720113748763
0.374345923324392 2.19435954921423
0.381083177581785 2.09950305447713
0.370846573009224 2.22730743954202
0.379001544315959 2.12268748203497
0.371014424763302 2.22396461567924
0.385639328676347 2.04521317090085
0.377228338212902 2.15571413352403
0.375611145083096 2.16933116721491
0.387854913692024 2.01100436050397
0.373126346641585 2.19792983338062
0.375932302293832 2.16584183445954
0.370339169291076 2.24078415110859
0.371461220249615 2.22692815887477
0.388313459505422 2.00352101363614
0.379965545731878 2.10327141504077
0.37740681252743 2.14587374181447
0.376619404467357 2.14959744986562
0.379327763232497 2.12150424895558
0.376100840194183 2.16746218282055
0.376984464030068 2.15059057045293
0.374424044792754 2.18080588127664
0.381861068215387 2.08336756209404
0.382798356286506 2.07092138286575
0.371825674300993 2.2160831678241
0.386896326066928 2.01494212512714
0.387696414817392 2.01258924588448
0.382786070002292 2.07170956870018
0.374666353764751 2.18633794098286
0.377312736075482 2.15311522258591
0.378879690120964 2.12570850155509
0.389294148434725 1.98840551946272
0.378850430215195 2.12166077502206
0.388472971829882 2.00303866809609
0.387841331121424 2.0149176871874
0.378213039577077 2.12971607957771
0.384578682570521 2.05320812598093
0.391659929017269 1.95964941612282
0.387458929847921 2.01851799073026
0.384023492441427 2.05705860162735
0.380448907305042 2.10709948837054
0.384335537307603 2.05237209604289
0.389913635067084 1.98205166756213
0.385025213863743 2.04835581459604
0.380601875829142 2.1009440229487
0.3760447337337 2.1555066307263
0.384769153846361 2.0564718260621
0.372644875378154 2.2036875577748
0.377855206626761 2.14145514100411
0.373541182371267 2.18697141295355
0.377135320209013 2.15357107886681
0.382586814291728 2.08225240907894
0.389883635286331 1.9780791830721
0.372986771469388 2.19979544864779
0.387877831034897 2.01249746305626
0.387884699318745 2.00524521793259
0.374080904385119 2.18205320844007
0.394538021295437 1.91108704211888
0.382097498256103 2.08587259718377
0.379180985819448 2.12104862890159
0.388639490885056 1.99097796831637
0.385598786842911 2.03222309221185
0.374215365312496 2.19265185549126
0.383777747961427 2.06454040214213
0.391312883521413 1.9602884987826
0.369461287451626 2.24256872474316
0.378540155767197 2.12986075607285
0.391130827863056 1.96156605920561
0.389848882806646 1.98871337103623
0.392572543999289 1.94508516199481
0.382790456780314 2.07132794625883
0.379676088040363 2.12135554617819
0.38580770608364 2.04019879901598
0.373614009482175 2.19292856942655
0.378295615033764 2.13312232691777
0.385294595170465 2.03080452336794
0.381199467918431 2.09404392608855
0.378333440920838 2.1321538873036
0.379561851211816 2.11813079729519
0.38508536044464 2.04512808418248
0.381360983762759 2.09795426071647
0.385623459107895 2.03568514737869
0.38237594438641 2.08082995117039
0.38171068391409 2.08226234973436
0.375518496196517 2.16604100529855
0.384764895604386 2.05212648960242
0.374223756496531 2.19300410559607
0.388848122869978 1.99392016730528
0.358885835815711 2.39059533951081
0.378784823080568 2.12606251282885
0.384706215552954 2.04871872703295
0.377661278017721 2.14187339110607
0.390011761198527 1.98288569521993
0.376760782932766 2.16297597563275
0.36557192661004 2.29083622854294
0.377348374923553 2.14315841107725
0.384320487879166 2.04987750987864
0.382130182992109 2.0871770269552
0.37386092649544 2.19266316587458
0.390725612932046 1.9664893255331
0.389864741761132 1.98320689403729
0.382833581832581 2.06879748302337
0.384803111854272 2.05738550392411
0.382240829170802 2.07726616568463
0.392186490329188 1.95422712184466
0.377832006586434 2.13813140417358
0.390400712335312 1.97002338046015
0.388761019694672 1.99873395001907
0.386522273121977 2.0259042243786
0.386677872801516 2.02171108151229
0.375716177891976 2.16658314450035
0.377443602119836 2.14060664502565
0.392193651186712 1.94109085627624
0.382159764968175 2.0817899327389
0.37967300589559 2.10842593656671
0.380560861852959 2.10359266651375
0.376817855886612 2.15177444221254
0.382286993548284 2.08377547949337
0.373640076926561 2.19076332943465
0.383805129908953 2.06590634624959
0.386147358133112 2.03553999015659
0.384377837630344 2.04822571076251
0.377761865496358 2.14219858863981
0.374386276974845 2.17638367914595
0.387921053716647 2.0074912810088
0.378899067882858 2.12903452324195
0.371178607203058 2.22407001526737
0.379321966150484 2.11838478997327
0.379662824433892 2.1120478453796
0.38847876285232 2.00245850509521
0.377288578943383 2.14436478951584
0.380361701888152 2.10714850163135
0.387518822627882 2.01341691938825
0.39280669479416 1.93849516742126
0.376039600711854 2.16442000804236
0.384882543602234 2.04731433458846
0.373023548056454 2.20552638629752
0.378564774673097 2.12598448006718
0.388667658307691 1.99554979878619
0.371689664518119 2.22223252239528
0.385570668846925 2.04772645820596
0.379086745267442 2.11705035841973
0.371705778451503 2.21907011491522
0.377669148007232 2.14933298903472
0.390681797988584 1.9733730101781
0.38060872608633 2.10092384407183
0.379551839131882 2.11601964620028
0.375273206034397 2.17185065392847
0.391441149950759 1.96286153976523
0.382680730295714 2.07210092260305
0.379560503375759 2.10637686632791
0.382648198134254 2.07783702355904
0.38111056762141 2.10382980871938
0.386035034589407 2.03210975445816
0.391882273362025 1.95393774276513
0.378734019655268 2.13190399790742
0.388097589627421 2.01195136682279
0.372557417400475 2.20834461990287
0.388734659806265 1.99044170938638
0.384181564114486 2.05539409889379
0.378734011314619 2.12450052993113
0.380178104371854 2.10964038253797
0.383076457505369 2.06571466191582
0.383028796412718 2.07804227733863
0.3705533082978 2.22668242438442
0.374164002719229 2.19663005471538
0.384185393492694 2.05267082723526
0.382222946015944 2.08333229382701
0.378599710443752 2.12477192084813
0.385561185820023 2.04465863520157
0.375613853850887 2.16674034306616
0.381685664643758 2.09145972579805
0.381597293043631 2.08269005954958
0.371724110603908 2.21625779953506
0.385194894605569 2.04676903894967
0.384072036769002 2.06118159950704
0.379338029165366 2.12427278421607
0.368649435758845 2.25713219395615
0.379021096367391 2.11827653169811
0.381321531812981 2.09223458659329
0.378321698896554 2.13356354484451
0.387949667450933 2.01306670861007
0.37108849905885 2.22804010535691
0.379614100053101 2.11551240750048
0.377427588702993 2.1495574700958
0.374573636092981 2.18436284013938
0.383321316770314 2.06889063698178
0.368493777684545 2.25982258677724
0.390474189273608 1.97008634279974
0.383289576973303 2.05847960636394
0.375195294265633 2.16741565129136
0.386077143140531 2.03596534857423
0.3701547688305 2.24204039127337
0.376926245345897 2.14842238102561
0.38066278875887 2.10693574417534
0.375704572728701 2.15482811428495
0.384639526097014 2.05889577061648
0.371621963164354 2.21814061384962
0.379881800763649 2.09930414647738
0.381171405948831 2.09597763460772
0.384366132392222 2.06484477572613
0.385293877324937 2.04882772261631
0.37694402078298 2.1502026139672
0.379509399342324 2.12139964834326
0.380706784072821 2.10237042650981
0.3702792548168 2.23778382808558
0.398003810812506 1.87262095517603
0.379124335367335 2.12567531951076
0.383009408929796 2.07260755916389
0.387003356088878 2.01909419566477
0.390804864515805 1.96906668049304
0.386356001147368 2.02883751285035
0.380320089057653 2.11223903284731
0.38012395676571 2.1187089829528
0.374532394128575 2.17513159741
0.373133590917443 2.20238868814668
0.377035133207367 2.14946996541126
0.379601618594848 2.11805004937382
0.383944353931075 2.05551797096541
0.389713657098784 1.98752133485195
0.392026368031268 1.95688644021476
0.370443806412624 2.24577131191712
0.384756619518665 2.04501166572852
0.373917992400854 2.19374734718205
0.374259859643823 2.18643181615755
0.390173601962337 1.9692098420093
0.373936605312295 2.19698060013439
0.371419151259228 2.21794547735151
0.37456068144416 2.18111712561288
0.393810069220683 1.92533335336502
0.391893930396314 1.95639158002723
0.377315594086475 2.14782385648247
0.379469875454494 2.11646620889683
0.379509259653429 2.10962702450049
0.379735880025637 2.11139666176394
0.38661170336264 2.03253256920515
0.384086952444159 2.05670081840152
0.377632945291729 2.13939633189575
0.386187567008929 2.03419805958501
0.371513799583473 2.22279517502536
0.381099524087788 2.09843921001699
0.382952905862845 2.07283600966251
0.376454232026883 2.1606633093569
0.379761744113718 2.11587207046207
0.382416551879189 2.08199703547118
0.369165910059778 2.2512542970216
0.385051311578113 2.04633241183038
0.391629493407429 1.96170554457697
0.376614895759712 2.15958206893961
0.384449318449756 2.06640237310928
0.373562627911331 2.19036751396288
0.384540816689741 2.04926760575815
0.388094931706549 2.01292823266706
0.382501051573178 2.07334052202738
0.37011480166554 2.24660717859346
0.381918180448552 2.08385776858327
0.396009832603221 1.89430225137367
0.379389620564502 2.11466459793232
0.378129509906201 2.13798931411426
0.379568225806933 2.11797233071166
0.374010589314447 2.18409984134033
0.381576774612313 2.10199106279619
0.377742774569584 2.13794360416214
0.381116695463741 2.09876672730289
0.381401498456099 2.10332250895609
0.380816644176857 2.10025487890886
0.369611035627839 2.23841695770009
0.388062861735506 2.01068843667265
0.368338087689518 2.27140094518258
0.385338560440609 2.04427955729891
0.376676452094921 2.15551327590855
0.385228921268961 2.04829502826533
0.383071603743091 2.06977378437901
0.384994698497421 2.0341810267874
0.37853598636125 2.13430006066628
0.382218311865488 2.08205438778216
0.375925944127593 2.16279736159225
0.384491150440123 2.04664678261929
0.39183818799262 1.95539544645999
0.384621268620224 2.05588486090182
0.376277406037909 2.1598880328811
0.38523551209826 2.04624413577613
0.389377504409615 1.98936437897359
0.377835979177082 2.14345375723802
0.370976218404831 2.23050122696397
0.379531148481457 2.11694298224293
0.381875791620164 2.08665650873486
0.383533700856128 2.06419810891596
0.366743452347677 2.28871331194924
0.387989480509432 1.99890997854919
0.376333888672253 2.16517360543181
0.366699584316089 2.28121554195945
0.380696441163672 2.11213960052876
0.374588308542794 2.18379852273484
0.390000087506195 1.97618866993112
0.382086625433535 2.08695298594992
0.393392832304739 1.94158105556374
0.390263541743278 1.98914952114156
0.374841766146916 2.1717367883508
0.381681372587312 2.08877023311325
0.383164838350656 2.0647763732957
0.380322007323034 2.11033760055437
0.376005432154122 2.1626861167208
0.383962225394397 2.06584563075489
0.367350487742556 2.26757715265072
0.386558314466703 2.01926437789463
0.374199683209389 2.19105227493169
0.384058157676812 2.05975239837532
0.376183470298942 2.17475441325048
0.384496697669118 2.05548926487054
0.372996636644731 2.21993772232572
0.374639583071152 2.17948619813152
0.395000762889719 1.91195732758801
0.374986422960929 2.18478704457675
0.388020072729081 2.00796461595719
0.382806215539634 2.06995928486146
0.384701427769116 2.05376492716917
0.382689113341762 2.06951304876124
0.380762085215129 2.09199306019995
0.374146597388911 2.18457072211789
0.377399635931648 2.14258615086613
0.376953982489127 2.15504589072247
0.371188029738363 2.22403224507363
0.390471921395625 1.97490937720623
0.384983998948458 2.04877037119446
0.379184477471446 2.13092415121974
0.384377676296553 2.05869087069465
0.381041008152618 2.09593461152765
0.391328722288197 1.96509786116049
0.379943897097751 2.12250097070965
0.391425923232638 1.96072810737627
0.382314016272174 2.08497617373079
0.375228497341417 2.17094010372443
0.380428713181727 2.11205582285743
0.374637076415903 2.17676028778776
0.369428569775194 2.25931905579158
0.363006213495499 2.33237421359887
0.385210318757789 2.04329127590841
0.37800462466092 2.13226664767585
0.377318770593873 2.14844058971054
0.379607601070741 2.11455168317233
0.382938304066928 2.07633314385601
0.372231494549973 2.21345303040917
0.377930913771878 2.13652421747346
0.370700299675567 2.23620310670671
0.380516028108554 2.10593472708038
0.393537550464633 1.94058521829242
0.37926637309862 2.12163930509487
0.38062926460328 2.11214755761748
0.375131874005227 2.17509252172279
0.378169079626362 2.12966577045162
0.380233691714828 2.09602630781185
0.380046120584507 2.10796227887064
0.396403009721499 1.89634354532497
0.378467439963034 2.12716784068404
0.389936990064391 1.98073043908528
0.37605695559602 2.16040205688985
0.377879057519858 2.14023278391597
0.378795538875244 2.12239603528282
0.383204566364826 2.06571915017085
0.379713895220471 2.12512718263073
0.386307092592962 2.03041946600904
0.374246400468405 2.17760770319819
0.375968859239765 2.16719062736105
0.376877678221677 2.14545954893742
0.385098172827822 2.03778349526536
0.375662759829171 2.16359635237017
0.374380166466153 2.18400866425382
0.376860095153434 2.16161567787778
0.374195111724504 2.18698541546532
0.38505640581218 2.05068663464296
0.375974589702968 2.16100105259946
0.38088987602588 2.09875137457867
0.372521364460599 2.21075173111969
0.38456758823129 2.05338093581647
0.378594904676517 2.12657078224292
0.376597719172844 2.16285826411695
0.379686152388193 2.11680471985376
0.377983440895618 2.13860939682514
0.392690004651713 1.9472781779327
0.377845280691798 2.13570190589076
0.376618342645692 2.15473534162119
0.381321060705968 2.09263568156005
0.370863097548305 2.23349798680986
0.379836749108759 2.11619734657259
0.376906645886979 2.1549843911815
0.371758065501044 2.21291630646283
0.37243680576593 2.20965817824825
0.382516219438542 2.08038527738122
0.382197108627101 2.08543688001432
0.370068126963434 2.24625771266001
0.386735340923398 2.02323230365675
0.378303903876708 2.13270523377386
0.373307774513777 2.1955659724349
0.383594043052735 2.06647030498005
0.378974941344242 2.11916879790197
0.378615639255966 2.12704529090826
0.381275754611897 2.10002865870318
0.380145103061443 2.11164604849698
0.382771032459979 2.08319166929288
0.380097933222886 2.10402979783941
0.389932116636972 1.98463993650453
0.37087411503571 2.23372123570705
0.371351416395022 2.227976909932
0.373866380267008 2.18846434798401
0.382127547858221 2.084485007868
0.389008011417243 1.99934349319424
0.379819473780298 2.11673856241064
0.39098180509663 1.96457877197258
0.37270843920184 2.20920859899125
0.381193346559547 2.08908481098457
0.375408136430496 2.17369869966414
0.372915723981195 2.20524127580917
0.379493443103357 2.12765751380351
0.388153276521627 2.00897650755797
0.37883444339562 2.12916114988949
0.377021561254945 2.15406021489813
0.381580465237304 2.09054192633287
0.382545760140851 2.08283886726451
0.387142269576131 2.02175689896041
0.376884324570626 2.15102997351494
0.382161282075699 2.09026424732011
0.37463695716695 2.17821157337208
