0.287404662565129 0.0579932161351114
0.282157838311386 0.0957585073634942
0.288722382908127 0.0454060034772225
0.285323392353387 0.0692015850356528
0.282371525116397 0.0872611607500554
0.287527748794227 0.058111146297122
0.283642421342012 0.0885470715453825
0.27741451220219 0.131575483890441
0.280497647403218 0.10549592650527
0.286598022724312 0.0631832446463028
0.285998166196124 0.0662980861691578
0.278880684911629 0.120074682298622
0.28660424334843 0.0630868505018005
0.282451931179663 0.0955863085225784
0.281763124622233 0.0989076111465933
0.285815181306372 0.0725857032592257
0.277416158971147 0.131853584177583
0.277833814528218 0.126415496093699
0.282182473929579 0.100198221650618
0.2836813394181 0.084652162336525
0.279941142729693 0.109987201134138
0.282019445541434 0.0957880624512384
0.286425513959485 0.0637515711433331
0.283445231896 0.0857296592744828
0.281652873271443 0.0971254142685138
0.277477891559703 0.13346857836116
0.286270598846621 0.0687175535435862
0.285823413976864 0.0693848315238331
0.286705252451909 0.0643484734060278
0.280517550393801 0.107150164617342
0.280710452546346 0.109539081131475
0.28486624839649 0.0809320426674247
0.281668454429705 0.095842675114529
0.283250158307917 0.0933365644993867
0.286473400502049 0.0657783062492869
0.284805154910944 0.080229735902274
0.280067450018611 0.106934705851844
0.280153035465453 0.108721938113841
0.285387258303677 0.0721408869359335
0.280647623480175 0.105823843622659
0.285367161497679 0.0736295958146415
0.287402571738506 0.056626498701944
0.289799162464295 0.0396653439375324
0.291327808040754 0.0293702395066901
0.279450995439505 0.115374799929819
0.284273841211302 0.0828798920062514
0.282869964154175 0.0905011058667081
0.283188466603117 0.0872879638731597
0.285110003705094 0.0763067374065244
0.278050910792232 0.131268583180538
0.277999774781474 0.132895195143536
0.281963838717639 0.0950130376722525
0.281432078575871 0.103279238563745
0.278264667142861 0.121857878408014
0.279670043438682 0.116577546819637
0.282671923005441 0.0844024232086243
0.285867848525921 0.0693489525448063
0.285130273362162 0.0706837242224633
0.282034567883306 0.0961756020792319
0.281523707167121 0.110105171744326
0.277755105259791 0.130777183094269
0.285153320224329 0.070229561403151
0.280579729204113 0.102943789280513
0.282370521183919 0.0925751793509394
0.286569079562751 0.0607229585861829
0.278492915928638 0.122256436108085
0.286945479279075 0.0609855819050967
0.280654756121846 0.111073613634028
0.284374102822109 0.0748554746658449
0.283645461037262 0.0857379455918072
0.275582006020799 0.149194109445362
0.281861606473898 0.0991854267368531
0.284993420494692 0.0819569923241741
0.28073315372206 0.104282634540713
0.279851315639007 0.109810175962738
0.281950878445938 0.0990211747757617
0.282899956980877 0.100219958654725
0.282221972247747 0.0929331768855698
0.286597485076694 0.0635332458787842
0.285908194478014 0.0795765463034253
0.280896552683322 0.103813723325767
0.286207450698547 0.0628504269601975
0.28590324337621 0.0692052072729487
0.280463583391317 0.107042131242362
0.281399664514257 0.101041003592384
0.283109091984122 0.0871224638524769
0.287790610125462 0.0554753064944943
0.282267575528312 0.0940184875048509
0.283487654677934 0.0907864014100392
0.285721237342085 0.0643945932301078
0.281943754587537 0.0975709724114208
0.287944383845949 0.0543547641514898
0.284220030828627 0.0814834425042209
0.281382509117795 0.108728524021399
0.282016335013747 0.0985474900796528
0.281598568128991 0.100627972916247
0.285418594608268 0.0704574805301
0.281080867632721 0.104487691108186
0.287133705672036 0.0608927510948024
0.280473563741825 0.111991829487566
0.28202263741219 0.0959146876337376
0.280176624266981 0.109806947495765
0.280872302442466 0.10693852210808
0.287079192081198 0.0606059589875251
0.28275817518201 0.0897775135539715
0.291480014755745 0.0321357853820942
0.281682656301823 0.101667073555646
0.27854512759843 0.120438615196419
0.277351255027872 0.130977226556963
0.279482210557229 0.115358696278306
0.281307955382662 0.103923770770758
0.281191885309722 0.103536954864406
0.286977665344825 0.0640326729153467
0.286992395489666 0.0591708953492223
0.279785053197221 0.112724871854919
0.282788547356612 0.0888975663992248
0.281992511841409 0.100953908219152
0.282929494800317 0.0971970860788133
0.279621233550671 0.114520204530458
0.283505832447354 0.0826577379617689
0.282548875502968 0.0969582679338523
0.288009228017976 0.0538762429534591
0.28412560578905 0.0825564439377752
0.276712515948234 0.132053529725561
0.289845308934551 0.0366168353409327
0.287164309345589 0.0577140717157661
0.287743950155172 0.0530422102489442
0.278653345122187 0.125418383043879
0.286982776186707 0.0582901126485335
0.287250066439524 0.0519633467418816
0.277967748321405 0.119041487913387
0.284712209770438 0.0762931746339737
0.274776635505052 0.152862269896212
0.28759163385475 0.0612688680994574
0.284681976034664 0.0789257636963545
0.280943558806943 0.106874734309616
0.278483628061028 0.123037958071559
0.283708437623854 0.0823322937169187
0.280233573735606 0.112180003291863
0.283526942716273 0.087782484218231
0.285981888803502 0.0620820396271214
0.285606238600251 0.0703876851358875
0.289807858732317 0.0453214320912563
0.284725204254098 0.0792026279870114
0.281328514437109 0.104948290955971
0.280382763903913 0.114015163720941
0.273742556294115 0.156836061899717
0.285762008001626 0.0652670320354572
0.279808373020836 0.112614639010525
0.282166138065664 0.0959903666866172
0.283901668239975 0.0828638515456078
0.285846164962631 0.0651303371613634
0.27730661568149 0.13287173907373
0.285283935684369 0.074281582681848
0.283653165293125 0.0906279097524712
0.282067041463739 0.0919341424437517
0.282048189145606 0.101406083916691
0.277320188038938 0.126364460326744
0.280503638959342 0.116160083203856
0.283082103488 0.0950156575236271
0.274011083108495 0.153772679224841
0.27928462511012 0.119349662760264
0.281641085834789 0.103222868522516
0.285263096374847 0.0759146236086533
0.284513529448739 0.0748776890672864
0.277584768479964 0.127140675414431
0.288456464882405 0.0517900930773313
0.280178771184755 0.105904130725959
0.285099996104431 0.074741042692727
0.28183455336279 0.0900097505875715
0.283718818187153 0.0862744434501913
0.285499769623673 0.0705859577361276
0.285282456131189 0.0762348614813368
0.281798262951424 0.0966856490833328
0.283837943588396 0.0806884349415278
0.278065705860021 0.128767939853658
0.285925564574739 0.0674474236855104
0.278796173412956 0.1233110586324
0.280822811692483 0.101696937551016
0.281934943792798 0.0954842010820551
0.285407311648736 0.0727187495729222
0.282963130906254 0.0885080922441651
0.288345461151895 0.0521622296830935
0.286394049306185 0.0632258338202502
0.27882551008555 0.11955621310173
0.285648705419215 0.0732467235612502
0.279499475419825 0.113603104588602
0.284956721565542 0.0754642991564697
0.281918841281133 0.103850035402259
0.283057876264423 0.0894330170557961
0.280843814807155 0.101433679277444
0.280117901248821 0.107071091709167
0.285127098742002 0.07698069241511
0.287972159465755 0.0489337284705305
0.285478679186794 0.0721579496572763
0.284860702621163 0.0714827019013755
0.276574193518165 0.140028498156913
0.28262431323315 0.0923252674378816
0.280960538612235 0.0995334461763141
0.285818559862065 0.0735594539482636
0.284231654329844 0.0815706699042755
0.283977160245448 0.0836221466975034
0.285557116940643 0.0721748108718567
0.286224813710755 0.0664573622366754
0.283238748817307 0.0814288103104128
0.280639795479091 0.104108739594675
0.283283532519967 0.0918098331040632
0.285677267132724 0.0732758562296525
0.280426218965281 0.110988157193301
0.280186543283101 0.111380026914086
0.290158850222589 0.0370821600050198
0.281694931204803 0.0965558911783475
0.289830027547474 0.0413439015515434
0.27882229978257 0.12090116404917
0.280587697263807 0.109494744689753
0.284603231519232 0.0762291398608855
0.280230698367658 0.113193027582179
0.282897460230495 0.0952913460395883
0.281587948360419 0.0954274631647753
0.2814575148412 0.103762173830602
0.285010128756957 0.0769601896362142
0.285733946320842 0.0692106447830728
0.283349764543979 0.0903186423068508
0.283705348132707 0.0804060494948378
0.279381471919709 0.118450552342581
0.284911498377303 0.0750334343767795
0.287370502741516 0.0585258597837728
0.290471287708927 0.0384215145739543
0.287129897989519 0.0606267860895824
0.284656393601552 0.0744194414780426
0.282237897376828 0.0933356909904871
0.279780020683135 0.112951296980381
0.284130530058413 0.0816547104685525
0.28291676974577 0.0899158850233308
0.288361489353689 0.0447122799190224
0.278866413310411 0.117728299359893
0.277937095046634 0.126764888597618
0.287834161411419 0.0558064353209545
0.281448976725081 0.101473344356203
0.280458951858931 0.113922405478246
0.282868271303091 0.0906163899520683
0.281731507132531 0.0939072531900227
0.284125996991645 0.0836146438961444
0.281228448291374 0.0953472671339095
0.286932776665565 0.0594646298465901
0.289451719093696 0.0439666599527046
0.28099840627078 0.101643434457845
0.284731805399782 0.0835776594169847
0.286979272983561 0.0614731924510452
0.28300962085252 0.0908125539015913
0.27692149362247 0.134280711726796
0.2838368267148 0.0786953772011572
0.287130241228134 0.060719828321771
0.279167165351526 0.117548599142701
0.27821817694739 0.12655835994086
0.285258516221724 0.0705994080386078
0.279339161294582 0.11349999917797
0.276832062935468 0.131731612818485
0.281973667478957 0.0978014524795786
0.285259317244717 0.0734000282198573
0.286188321264236 0.0713233888736793
0.284228654488123 0.0819893285713308
0.287646379600315 0.0530875952941272
0.27958374353144 0.110661219553874
0.2792408403412 0.107474884357644
0.286664386415338 0.0644169201504892
0.281870156619955 0.0966050001464886
0.280718927351089 0.101393198242099
0.283194955824301 0.0920437922161378
0.278024360424906 0.123544766096306
0.279693078088278 0.111115811592428
0.276995542751058 0.135309006962166
0.282142276731696 0.0956943338835808
0.285343914368871 0.0762431145823408
0.283204260734198 0.0800544814668937
0.282055185994082 0.100962063488245
0.283001371490037 0.0821615426806863
0.280150790297473 0.104986890866201
0.282579647244139 0.0870512788307459
0.285532334749029 0.0730886529183506
0.283765353142411 0.0855258422165627
0.285062205635127 0.0768841306059592
0.282983800562225 0.0855115915353642
0.282026603290007 0.0972822192985841
0.27541971966965 0.146059623332926
0.289070212476513 0.0481681038793178
0.27902809305821 0.117113878951307
0.283890912585133 0.0840162038798637
0.284061698390054 0.083272960277153
0.284601800605825 0.0747078451128972
0.275247641908505 0.146251949553931
0.282955974093746 0.0880405502029265
0.281223181564225 0.0974655722481705
0.286954218435391 0.060905265563866
0.283388990038093 0.0869823878886157
0.28207406883132 0.0994872401430616
0.289004247827448 0.0423422930138628
0.283113648881768 0.0889171879004959
0.286834980667364 0.061252355643643
0.284321373557482 0.0742964522537394
0.278190830935194 0.117343386834877
0.283692812962328 0.0805635063473291
0.277500032741711 0.130801901779605
0.285215178190486 0.0749453444448678
0.283818369405624 0.0786641049697729
0.282003971306775 0.0992863456930079
0.282749828776531 0.090984137504451
0.2813027573112 0.0989273656336571
0.287020361496925 0.0574436500708926
0.285884516279901 0.0707559316336707
0.282903891911691 0.0864334714751293
0.277796113818227 0.125804711279047
0.290140300923921 0.0368330670537111
0.285594131329683 0.0633957653357426
0.288065533033336 0.0513774722866951
0.280673764268797 0.108141787996861
0.276859597819037 0.138542554824222
0.283369865543919 0.0822088379756322
0.283066995544154 0.0921564158397492
0.284043404480628 0.0894900600712892
0.280100918027168 0.111331460651515
0.285175469295349 0.0713820400946387
0.282869735415013 0.0892416958552916
0.277547501978456 0.127908048237147
0.282127815208133 0.0966166546241978
0.279296721696362 0.114039794150167
0.279682377968079 0.110627216560609
0.281290130132264 0.10850478103243
0.282489349082474 0.0933954315370042
0.280950073210585 0.106475793648659
0.278179697430369 0.122874861749777
0.283714145598559 0.0819514572368693
0.284702823225916 0.0777238674219258
0.282177906399478 0.0985110295929545
0.283727308523243 0.0904486179493871
0.283673182913245 0.0789757227393678
0.280679154134106 0.107041893146744
0.289549611899127 0.0462998427300861
0.279608949374444 0.117877354617799
0.286648473596447 0.0648163437333614
0.282495729065273 0.0940818712318078
0.280849590631855 0.103758098390313
0.286690244068694 0.0620744169371942
0.283897392722012 0.0818536260175779
0.285334530008029 0.0692426718561965
0.286925185712523 0.0532629760341385
0.286962070375395 0.0575125613265016
0.283651220033904 0.0849492895833491
0.282415814763522 0.0892418411746831
0.27534308663453 0.149704998418992
0.280222743177456 0.108508495785958
0.274751524384606 0.148958152881395
0.282131625666998 0.0965488406719856
0.286269466022112 0.0660959035829747
0.279303243296953 0.114875937229016
0.284099678752405 0.0851221140405524
0.284188043179092 0.0834649414157675
0.290192301373132 0.035869119313993
0.285179415554887 0.0765906380024116
0.282373308455269 0.0963843559145226
0.291970153160859 0.0270564110888635
0.283025041564356 0.0835095856663442
0.28910417162437 0.0460820764414549
0.28088738759538 0.107523681835953
0.284403026081466 0.0777902735367887
0.286566778258073 0.0605862401362309
0.285877734078092 0.0642932720067661
0.287028140477261 0.0618599196431023
0.285988555551834 0.0636643184869979
0.286674772274228 0.0644164042736744
0.289934764987314 0.0436877538706456
0.28805294113267 0.0562496968736455
0.280813229722864 0.101512699733781
0.285500061519687 0.0720078367054574
0.280589792341695 0.108026181530203
0.280299598039853 0.105863163554403
0.281434828470248 0.0974163631901959
0.280472518103752 0.107067210605829
0.281112001697357 0.104684740840538
0.277488324879239 0.129500780478195
0.276932761711562 0.137193171384683
0.28603428408375 0.0663827800356146
0.286573121268986 0.0634549331635565
0.28498300322693 0.0646140846138294
0.2764614185082 0.13304172748936
0.279780788028824 0.116907833043849
0.288226318031677 0.0554318391662792
0.277418411473032 0.129796038856216
0.284306052227126 0.08441883367261
0.283224453535299 0.0819953876766747
0.283945682138435 0.0827955114269322
0.275653490772851 0.144816266399816
0.282894913536225 0.0913690754034812
0.287056754317759 0.0690609400683034
0.282269943661821 0.0973064750986231
0.279453525699384 0.11553287144334
0.284845425683338 0.0726874170981707
0.279506105739297 0.114551606205841
0.284861328310409 0.0702760497889313
0.28075476444375 0.106540836052929
0.280103742267539 0.106527950833474
0.288252591554652 0.0505328329274976
0.27773510240418 0.133258588785559
0.282119691556999 0.0925544790132342
0.283852636627948 0.0878006762090035
0.282640662573175 0.0905888927609276
0.282239512021327 0.0964225465067551
0.278884830281994 0.113344829224687
0.288525911515868 0.0462825129687632
0.27964296096128 0.114571093953758
0.280517506973488 0.101759312477394
0.276364251713361 0.146822441443323
0.276608481638084 0.136735072256638
0.284679752431473 0.080281338582402
0.278795602195372 0.120803220908604
0.286480944754905 0.0622774369423415
0.27993831749748 0.111298033928085
0.28785111141261 0.051431684991873
0.280019952815562 0.111278307971475
0.281480268815464 0.0994299555679225
0.282490360263065 0.0968398701925698
0.285637868331393 0.0613680544805929
0.285836598658423 0.061530175006944
0.28367720432599 0.0821641275200687
0.286102995759781 0.0660828282472763
0.279494938938264 0.112801200186874
0.283198517881735 0.0885637199129557
0.286756699562994 0.0550907946544319
0.277496531159305 0.131207847851534
0.279663469235524 0.114884901010955
0.281526368996978 0.101822811534498
0.285604947195613 0.0645578699162076
0.28333978754983 0.0872428620533441
0.281469647866483 0.0969450663652896
0.283629772693905 0.0806212551913336
0.28132901643765 0.107160176091803
0.285157998316911 0.0743557786401168
0.281493526721927 0.0985448475996877
0.285894891832649 0.075109516439921
0.282688171367272 0.0901848875421665
0.283433254736467 0.0915016956652897
0.282391358800749 0.0934097319926851
0.279409051835157 0.116130080513969
0.283678515929438 0.087042100507783
0.290276686154832 0.0404060909518813
0.282559902666946 0.0921827013979147
0.286041685415372 0.0676400195276185
0.287381406734898 0.0653177814699641
0.284685727890689 0.0771458333109367
0.282451737250195 0.100912639907192
0.274680841252126 0.150442324005237
0.285002327110316 0.0794394841147688
0.282754999820061 0.0936307138051762
0.285123891551263 0.0663303629504776
0.282829527612135 0.0907455573487634
0.288820416746589 0.0487384159322115
0.283336868778313 0.0903321988021371
0.282703012187075 0.0925756595730182
0.282427692459495 0.0951942864562215
0.282665054151456 0.0915459633453515
0.281226424663924 0.0972016623012095
0.281491278180183 0.101718626299596
0.283899223628621 0.0869885913850027
0.279003030056409 0.11529916530964
0.281081600920146 0.10056392393195
0.283716407691261 0.0853871053895724
0.283880581545873 0.0858073428905273
0.284324456849472 0.0828138695627066
0.282363347070169 0.0954305639328845
0.287457736341393 0.0541236108673622
0.282908239117224 0.0921656449216339
0.286853746584435 0.0604139142686517
0.279380324086973 0.114626793479363
0.283218385551849 0.0911152152752411
0.287696508386769 0.0564275916512353
0.289006880970738 0.0406545540625738
0.278993127713328 0.114848643473068
0.281528777446214 0.104453807966852
0.278451914663129 0.118481809178883
0.283424729398557 0.0874193081803784
0.286596322572372 0.0637761936382991
0.284575081699632 0.0738793148291447
0.277839047577983 0.127997360281026
0.284926831133221 0.067603158147394
0.281449903868037 0.102514240292491
0.284637949914367 0.0787696957192149
0.275027824710211 0.1508817824439
0.28359220724718 0.0932941913123292
0.280110572174929 0.114530054030928
0.287968080755841 0.0508197596393288
0.28032726982503 0.113490050865392
0.285266306407786 0.0740182283310343
0.283458773934912 0.0888804772711027
0.283869719409271 0.0834716278333309
0.288566007010452 0.0504250884402235
0.279623376146481 0.118224848953731
0.284782512851751 0.0750769340326964
0.282065402872567 0.0954141469539722
0.28606307221712 0.0713073154637035
0.281430813835128 0.100849643292421
0.281247419857823 0.10349374304122
0.28371791546544 0.0844856711999552
0.289187554873433 0.0455387778763261
0.284807845535805 0.0753239910042525
0.283986348841777 0.0811092724300659
0.288067546750537 0.0581655123803782
0.282168379419289 0.090304811153824
0.284089199975974 0.0823142156962052
0.279270396687515 0.118549242741747
0.28707270781607 0.0622757591734631
0.280727445452281 0.103814797918885
0.278089350844889 0.126441486858205
0.285879660574763 0.0672214472597322
0.280337252929432 0.111493296265542
0.280491624239504 0.0996644172948899
0.284919659676365 0.0805982443947708
0.285747692354996 0.0657439871157058
0.286199042146372 0.064170929114463
0.277934756401756 0.129117646848198
0.289734277193176 0.0324251957998069
0.2853350730721 0.0750148693109007
0.282672991867206 0.0965310251693998
0.281027422555045 0.104938731522985
0.282900610758688 0.0894409032953297
0.281769346799242 0.0975068489023029
0.28036079757574 0.106202660423438
0.285778304630189 0.0659395695802286
0.281004823266844 0.0995229606197887
0.278245892603621 0.124548258353505
0.281782293641994 0.0999013162901245
0.285574352634653 0.0736905907118011
0.284103990973501 0.0786931640168948
0.296307893459051 -0.0058354477259534
0.285811456612538 0.072155080035253
0.286037328255282 0.066780501960106
0.283289500330452 0.0933114208889807
0.278909759884873 0.123426716390059
0.28329330255108 0.0853310156792477
0.280761047601594 0.115162316876941
0.284021390007235 0.0858419437969369
0.284923598674515 0.0777565992950082
0.285844978403467 0.0657596086893178
0.283175901877676 0.0890501163620742
0.282370106324025 0.0861890771750598
0.279555715666251 0.112520400283576
0.283802446900438 0.0844394997178363
0.282611569621175 0.0837445727969455
0.28295150488715 0.0874135051454478
0.282469285190297 0.0918570846710179
0.287142255471416 0.0572095144569329
0.289577842706546 0.0369877019805913
0.281605535488411 0.100340537530682
0.279194672121684 0.120489455815535
0.28680294393546 0.0640252547225493
0.28687216251203 0.0623999700186501
0.284132858620033 0.0747725403612799
0.280803031993841 0.10602682136225
0.282516882728604 0.100201024859635
0.282770654677847 0.0858122069398518
0.278153288672487 0.127704809170963
0.283551004937143 0.0858987941289865
0.283026376799055 0.0947091850211959
0.279818929949181 0.115239720383668
0.28266934707505 0.0941503778464511
0.279471220131067 0.122494827708947
0.286843537979529 0.0706524578629628
0.27707428429134 0.137051692433395
0.275784371038727 0.149125792154831
0.281246177753353 0.105063926625837
0.283444487471785 0.0836075020496403
0.282489022116876 0.0867138621708967
0.286836572389579 0.0685403006139529
0.279794044933523 0.103167642032039
0.28520993445409 0.0717057154214946
0.284165806399022 0.0777257796698203
0.282420736455775 0.0961902142542541
0.285173780678527 0.074345104808568
0.285502590398077 0.0709196579879638
0.289314085711985 0.0472860602098073
0.278520827745062 0.124422720557076
0.280770490593842 0.109388954360262
0.286545821238686 0.0650428234769757
0.283651407106573 0.0857600053534248
0.278018435578809 0.134033212416522
0.286444970993296 0.0646862607081821
0.28675084176783 0.0533588503896373
0.285298934098919 0.0737284259753565
0.279038569852271 0.11691169882156
0.28178181084261 0.108106440453367
0.2853290328347 0.07165462306033
0.285566953049961 0.0702254727542462
0.287292348851467 0.0572381660903173
0.284203838922904 0.0778061862673281
0.280957132530901 0.105562395148148
0.280935149953463 0.0958819357102489
0.285701930110467 0.0698717616736747
0.283585526762959 0.0814853622282746
0.28126210637496 0.103422765176766
0.289067657588825 0.0446117097472935
0.281149446370173 0.100886837164113
0.28324148446382 0.0854686094164962
0.282811472672899 0.0908386731943747
0.286756705503772 0.0696361147000148
0.283251273407537 0.0848484455060006
0.275449920858003 0.139032790797077
0.286740128307019 0.0669968110090585
0.286977151351863 0.0650023670655627
0.284580465150773 0.0783190493566577
0.284759454996483 0.0762828880268563
0.288257110132618 0.0544040005966518
0.277256612455075 0.131089465120178
0.285360033973327 0.0803446722133364
0.278647622625271 0.118937846711346
0.289287523626269 0.0473837044480998
0.282962861758449 0.0924200262420191
0.281559716666214 0.100878564777965
0.283456825516183 0.0843997152976931
0.281023190826226 0.103865064570138
0.283217105337047 0.0827970224257198
0.279786415941748 0.112525701891216
0.279996787762464 0.115565263547895
0.280848254062428 0.108016512345719
0.283264222605954 0.086633154914212
0.290160897144478 0.0408811454249816
0.286271686116127 0.0626949029880625
0.281977330801748 0.0959108902200151
0.290570630055299 0.0338003347341373
0.282153594203239 0.0975231467034763
0.280863347795399 0.101034551940472
0.280985512171934 0.102755804932785
0.28287921833384 0.0902446845320403
0.278907748844325 0.121776853926063
0.282765822497583 0.0902539952711006
0.278276690952808 0.116221725931
0.284565230551725 0.0706151596175897
0.288416766168003 0.0470030502794927
0.283325295488229 0.088367370339419
0.283742408437626 0.0816323147034564
0.280259411054019 0.113566649829705
0.278951534699004 0.116309811899035
0.282744937510834 0.0949075374222053
0.2821746071454 0.091733922236903
0.287106107957391 0.0565121718705436
0.284265608390708 0.0787509030227057
0.283086354485383 0.0882298149582147
0.281998396789374 0.10033459522169
0.282903595215757 0.0876651921655324
0.278172001632014 0.123139823086806
0.280113147590292 0.105901038530746
0.289153509777559 0.041998484368569
0.279712290540995 0.112337546258805
0.285618659686507 0.0717363277671466
0.283913704351275 0.0876787214568993
0.282381077951967 0.102272933157438
0.279679867710409 0.11011768479581
0.278947405245285 0.118330698560302
0.291388089117592 0.0330556038500231
0.282235772920113 0.0931119695793531
0.282856140537492 0.0895652951985673
0.286293632981814 0.0577880584695598
0.279885366785944 0.118358802739415
0.286997281668445 0.0577944544423085
0.282500042842682 0.0911089363075003
0.280291772989972 0.107908305557317
0.282951013104238 0.0795638105141158
0.28652635465745 0.0599840562646991
0.284685438595799 0.0697953850825924
0.282354322412364 0.0975680580275131
0.277715617788061 0.124504932387854
0.277417000447321 0.133357945214365
0.279838782942451 0.11553205411762
0.278169143693967 0.123320349502044
0.277580982676903 0.133321827243422
0.283966647304036 0.0874457306652603
0.278608937862866 0.115955936739053
0.281658000815127 0.0931844457548326
0.285609123871895 0.0643532299301636
0.280984580799965 0.100819771822145
0.281608618613625 0.0948041274385786
0.279950538448392 0.108349265922528
0.284161890446956 0.078433785263735
0.281718258881738 0.100823593591457
0.283161598640344 0.089304098692215
0.279721568320806 0.115004283977744
0.29108488833115 0.0318849797270598
0.28377399402537 0.0830782835065267
0.283457867916889 0.0843156665300241
0.285436752302034 0.0801048595191532
0.276351516956034 0.139631385481781
0.286978334603201 0.0636818073369965
0.285326966047142 0.0639723221374013
0.281900078473715 0.0995727400235552
0.285334243770775 0.0743619319090102
0.281912394549983 0.0975707848050147
0.286565831965737 0.0691192852750056
0.28113317551115 0.104760738785486
0.288676479293558 0.0476164484771694
0.28532669444842 0.0686814060753965
0.283457850292995 0.0834878815591315
0.287086489590506 0.0536996584862636
0.285364095205311 0.0688921915062624
0.287143585692694 0.0599442877183408
0.282406724097504 0.0952115264830125
0.278877302723856 0.122841041365278
0.28252848058079 0.090584757825413
0.283385535611953 0.0873385108821312
0.284359195950817 0.0780889619243442
0.286556628087248 0.0659506812522098
0.287494646435584 0.0640543274703115
0.278930232757575 0.117446636764874
0.282868063410744 0.0916335581987065
0.285611874815986 0.0695523149737246
0.282620005978935 0.0872249089707187
0.279943577966319 0.112492782420417
0.284474433416218 0.0737763972199738
0.277080628209752 0.130104329437685
0.285275147109553 0.0657792748233086
0.281920290192416 0.0992762499499742
0.278029686778885 0.124107430414601
0.288543337210293 0.0474688408273533
0.281593389112941 0.100286866999025
0.282665129584632 0.0935281960921092
0.285213447040336 0.0718112109342133
0.287965741240174 0.0575631980355209
0.285690863079121 0.0704920337327225
0.287521180844307 0.0477162917474263
0.282763726416698 0.093007599098156
0.284762491534143 0.079405794211039
0.280441682779243 0.112218447910596
0.279635763918473 0.112625474028011
0.285354552158339 0.0774505838041118
0.27800913876417 0.131369301649408
0.285769002437107 0.067765904464623
0.285920536877374 0.0722370308438171
0.284000544671096 0.0834216499335952
0.285604277100414 0.0675754276570709
0.28946230684342 0.0397301141798767
0.288330283255153 0.0462711259943861
0.279571317814392 0.10974910776761
0.291981891118774 0.0194929988968544
0.28730315835429 0.0558048801879167
0.283618493697701 0.08219312441452
0.27724295546958 0.133313722324595
0.285460790047443 0.0814728016542983
0.285289494526453 0.0744341570866763
0.287667435480319 0.0505305798416295
0.279731287321579 0.112574206674761
0.283912236903053 0.0805173280456354
0.288833785100885 0.0484657857724452
0.284968541800454 0.0778711172271224
0.279744540307691 0.109401268628983
0.281787401827967 0.100580488754464
0.280183165365429 0.108983151119495
0.279700063950495 0.117314459585264
0.281338412815266 0.10083388680755
0.278259748561604 0.119434552954627
0.287160406861528 0.0529623117400599
0.283864194787082 0.0823156319616793
0.286155035548357 0.0636313598088443
0.287153635550735 0.0547039328794274
0.286545761769611 0.0586966501537129
0.283810904869747 0.0844785274114364
0.282625711423461 0.0864768208735982
0.281963893068042 0.101497082041743
0.28421821050256 0.0805266759109923
0.289058322449388 0.0448867792611908
0.280295711135066 0.109066429391395
0.282261189337366 0.0963095014823288
0.278926852811941 0.11827465334268
0.285271775748359 0.0727442175104731
0.28318702467638 0.0918439990193087
0.281990141460584 0.0987739993388393
0.286354465414807 0.0610202822291761
0.291931513902968 0.0229803026399821
0.285072225429752 0.0723116287558282
0.28143657601719 0.1050911824661
0.283364573952135 0.0933880057259859
0.284896506875732 0.0739444703415015
0.279119319624372 0.119231339883849
0.281527242595949 0.0998456014794875
0.287812992991841 0.0536694251958295
0.278234361485188 0.126005417167493
0.284350034523356 0.0781254826417849
0.286116334805152 0.0654220361891588
0.283195654551561 0.0896923167098263
0.284079832203984 0.0814417375576251
0.280309318829449 0.10940778474058
0.279304172009072 0.11912579474318
0.276304259081271 0.134866236971831
0.277835310921383 0.12986658436314
0.282632970115722 0.083056286050537
0.281818136489025 0.0994087355077189
0.284065110252296 0.0739436529369184
0.277789326972682 0.12764092992858
0.278564396916721 0.121044544410792
0.282276662439821 0.0898882237674927
0.280737806000335 0.103086675701489
0.285822774253541 0.0723278085495761
0.280698297272686 0.107882449191935
0.287596197015459 0.0517950044988261
0.282967867576409 0.0851098428832095
0.289187774990261 0.0379276264072453
0.279912950963158 0.112718450919969
0.283932092763937 0.0797689405570474
0.280169783538251 0.110435312683652
0.279103360642054 0.116595842174993
0.287278052748447 0.0579925143613453
0.288691002884169 0.0530581153919791
0.283713373933384 0.0853548666808345
0.278823464122478 0.117615255288672
0.282104431574114 0.0987198756090606
0.278315267680081 0.11962777395053
0.28391263363643 0.084559137309381
0.282434814438692 0.0896838440317483
0.280101018314873 0.113632831968733
0.279155849184833 0.114297245325398
0.284455352181592 0.0784355589340735
0.282006973589582 0.0921438238430803
0.28706368739894 0.0575737810438707
0.280404170675446 0.108619366796563
0.28900075909043 0.0440730119540417
0.277059170146511 0.126852757353328
0.283949934893009 0.0812397061834244
0.28159346198001 0.0939709918148866
0.281295879223067 0.106005834785926
0.283432913776095 0.0861433738078686
0.281804210349364 0.0971718204323455
0.279354756105039 0.116215614563104
0.28333480863778 0.0903053040559039
0.273426861904163 0.160205443091231
0.278073625226672 0.127510710639618
0.280990045225733 0.105438135814843
0.282381305335949 0.0947799204971599
0.282621295026123 0.0876274653196004
0.285572730938996 0.0757030799472402
0.2842148901239 0.0865116838049479
0.281895938528464 0.105644511409539
0.287509412401886 0.0575816405959149
0.278728144015889 0.124005548945723
0.279305932694907 0.119944762489797
0.287602950966255 0.0548570454920019
0.282579303525588 0.0934168950633857
0.283592502263113 0.0873252574621531
0.28087904028983 0.100625437921194
0.285620633835498 0.0690231659185394
0.277676499517015 0.13249079840755
0.281211271544465 0.105836096204273
0.287949246866251 0.0552895635297375
0.281242235563081 0.102026971086494
0.281746462480754 0.097344033802502
0.280444067627932 0.103424930805053
0.28345171995802 0.0842171085286453
0.28046182785395 0.104687629681097
0.290985864876576 0.0252473643297049
0.280965203497715 0.105860396266481
0.280866148851234 0.100639394550182
0.2783888455368 0.129950766376221
0.285708996150003 0.070076587162658
0.283936747108426 0.0904784523879129
0.280355338751459 0.0975555153126813
0.282022729986676 0.092718003542674
0.287615748441524 0.060830041075374
0.285736529527402 0.0755080047921322
0.283241927345854 0.0902904878674142
0.280545446195242 0.108626105793931
0.284928747491795 0.0819284505581998
0.283064753820118 0.0928829907171496
0.287633144774234 0.0523133444406084
0.275388508154947 0.153138256430057
0.281905745021641 0.102444943559952
0.283467479126238 0.0892137671831168
0.281466065822811 0.09934247328889
0.279513326194353 0.116163639455017
0.287076838224851 0.0581176475758151
0.285105191861493 0.0737422029195342
0.284224385471152 0.082230257533837
0.282508098553037 0.0913221513095897
0.279481606273963 0.114623602188581
0.281759959073994 0.0963408721858362
0.282401679469205 0.0953119004291351
0.286092641356182 0.0658425959101385
0.285121851325827 0.0723303205250224
0.280348155196214 0.111357190990005
0.279248460729327 0.118016881983758
0.282809096287449 0.0926733340584515
0.284424134444832 0.0812262910785635
0.282082888673473 0.0957406534901507
0.280227124072436 0.111022105219814
0.285279842489969 0.0730813802367064
0.286871058307299 0.0628774078238787
0.28223426203465 0.0947016186026098
0.278416121834443 0.128819982242545
0.284120482558457 0.0820840744163698
0.280547665164448 0.105662221277971
0.283604690484004 0.087755583306005
0.282214128346133 0.0948949433225068
0.285321489048419 0.0676375008320393
0.287773738404226 0.0621174553164572
0.284692919075865 0.0754389151446815
0.27883277918148 0.117193589181614
0.284913185667522 0.075497012058044
0.278936598221814 0.127975194454482
0.284668251513696 0.0781888818676703
0.283204034842807 0.0791413901032884
0.283162347855129 0.0910485691695166
0.289208231209727 0.0441620582643624
0.278119403882936 0.120238791271107
0.282527374327989 0.0861147617034849
0.277683620695061 0.130202645917031
0.281877162792641 0.109453671125618
0.276800963063369 0.138775123416959
0.286311036030898 0.0636492366717976
0.280631913414594 0.101736784764387
0.284637067318464 0.0803928462327971
0.284569571980906 0.0798772246666664
0.280412865091732 0.105580980261686
0.277804050537152 0.131037349484473
0.285650203337727 0.0722198128147347
0.28930675963919 0.053413075369397
0.285075769571695 0.0797077502621251
0.28132935715863 0.106939825512748
0.275566742006872 0.1466726856806
0.288195150561452 0.0530624560731874
0.280355223762259 0.108518835224355
0.282220846765795 0.0969992649060717
0.281148747679646 0.103673794783749
0.278009399189711 0.124951391780479
0.284105223142853 0.0821309717390434
0.286564470713012 0.0650315085790885
0.281681732927265 0.0972623394901949
0.281102885239339 0.0964559735962567
0.276854645016008 0.136706081841191
0.281896260793406 0.0997714840875488
0.284543294826622 0.0834659797726797
0.280930164356227 0.106411175600764
0.28392146785159 0.0838456987110022
0.279654993907607 0.116173001032015
0.281809599700695 0.107084452110521
0.284709061978004 0.0836133702882093
0.281949231846771 0.0958886631336831
0.273980760015367 0.159943166063647
0.27845793498824 0.123768296571608
0.284758023599345 0.0770458117678871
0.28262561382639 0.0884867245994983
0.283201806086333 0.0893364347183308
0.276957244836083 0.138354392039381
0.281096798003061 0.10614419120172
0.281317895367978 0.0995580324275486
0.289149927963871 0.0368163803741664
0.285096421560137 0.0667551574087824
0.287108675389211 0.057770615106562
0.280675086339837 0.10121132608246
0.28188410173663 0.09069446074247
0.283758644829854 0.0789813595034533
0.280131336946945 0.107725334865023
0.288246708924203 0.0495142740107612
0.288359488399601 0.0544453970283499
0.283438730195736 0.086757718439794
0.285963127130762 0.0642210092830298
0.280473551035052 0.108091085865912
0.283190093999513 0.0895625479050216
0.289353289526451 0.0418622625997966
0.283421032387013 0.0882727715258929
0.29065888894535 0.0310885186958215
0.280199272484709 0.11681871355282
0.285018144378081 0.0746328580902899
0.281094721074853 0.103107531334694
0.286974892243203 0.0619893572821609
0.287028758964404 0.0539965463495869
0.287406303118558 0.0527749411335825
0.281925028988406 0.101744607447955
0.278098295067006 0.124176562943845
0.285395447929154 0.0738077779326319
0.288697036916424 0.0462599524199382
0.282563027337512 0.0925781555682464
0.284348485547235 0.0760501805912692
0.283732711686927 0.0829680127450669
0.282970176410618 0.090152633647955
0.280923914313014 0.108825268339474
0.283163861829759 0.0841293715186742
0.282629357176713 0.0857236900745301
0.280853523714683 0.105643094454082
0.291436456436312 0.0259865898025333
0.282925679563464 0.0948327749922411
0.28454213771569 0.0839615476838453
0.283253532357757 0.0928370108941559
0.284976919533432 0.0698394281400742
0.28032527443155 0.108044881767228
0.286422623884571 0.0661434598273018
0.28707823395994 0.0597931296808048
0.279352226736044 0.109771566511429
0.285125613824776 0.0772975079116664
0.283148275538956 0.0874750610593295
0.284204878556505 0.0801821631123589
0.282927377601548 0.0911740745208419
0.286046525662928 0.0676975009113358
0.285413832172669 0.0719493791881048
0.288084768618356 0.0499858998311461
0.286429044221659 0.066922820561764
0.282081629380263 0.101104575465895
0.278465233842995 0.127215935582951
0.277788372040172 0.125059914587694
0.27725858129784 0.133963738838068
0.281664891626081 0.10293570653522
0.281388301969613 0.0998185168705012
0.284343955168296 0.0777000604194385
0.281254981387133 0.106725962944638
0.277494867770557 0.122353099099969
0.280905153940809 0.105474805955245
0.284134128915101 0.080336209882831
0.285172161003179 0.0738404784068577
0.286405141616163 0.0675535931962938
0.278281662470106 0.128658000797774
0.282211530385287 0.0982002702897921
0.286532003964179 0.0661853691201717
0.283351932132766 0.0839611717981723
0.283960761366045 0.0831051790487965
0.284683709304242 0.074677322042428
0.278970853612645 0.117115988552237
0.279487570111445 0.114777309899255
0.285541856869301 0.066985197457574
0.293083063566279 0.0161241833596477
0.282484980716571 0.0970158927580128
0.285093203705133 0.0735178228332089
0.277828721329808 0.131858966589694
0.279621397814791 0.121226116249066
0.284227739889126 0.081118147085219
0.282564625132916 0.0953688935683889
0.276830148069665 0.134108100270331
0.277579702047451 0.131370505918761
0.278013609985884 0.125997501083487
0.280432969933478 0.107483559576355
0.282223728619647 0.095792330186309
0.285870737217674 0.067910430681316
0.278482910643 0.116116512151106
0.280483710868359 0.10148850062291
0.279383194660204 0.120142289685518
0.282587540793084 0.0965219565240046
0.28214627076423 0.0888103136286654
0.280169632058685 0.114099987405545
0.279356097528437 0.113262575751762
0.281193145551232 0.0969901938131831
0.281417244730972 0.102023590312274
0.289569817436913 0.0406004729076445
0.286381611500901 0.0660052987089162
0.280371878218201 0.112213627138509
0.284342695793706 0.0798579142543133
0.281688267926969 0.100394250555239
0.286549548079584 0.0620134475807448
0.281867275543561 0.103683396855563
0.275305369883736 0.138562842121459
0.276407167240428 0.137974455264873
0.283595277539287 0.0820320347590006
0.284888905260368 0.0751533384357838
0.280942037433784 0.109988936134784
0.282194124925126 0.0991887589608581
0.26751689329818 0.209391848253052
0.282140075604047 0.094454330373108
0.280567392558403 0.105890161198297
0.288203830457761 0.0477152601435242
0.280305374874504 0.114284733000788
0.278966855077159 0.116846265406848
0.285168236097508 0.0736883921045008
0.283787789376369 0.0790972292167642
0.281312594716119 0.101533425731199
0.279857084532137 0.11489510464987
0.284064183820256 0.0867998229172565
0.283662682936578 0.0877665283066471
0.276489145653405 0.134376918707543
0.278330606450446 0.117954687575134
0.281186909639944 0.104325293723448
0.284545668994472 0.079147744432465
0.285108331845214 0.074845784397113
0.276667475137936 0.136284587242614
0.276478354798864 0.12903734752493
0.285817078618753 0.0706310270483626
0.282520650023879 0.0977617492177978
0.281559755651469 0.0992353814926674
0.280149031087786 0.117745595949917
0.286472547365463 0.0652631727823799
0.279403356397883 0.113395988836568
0.284684272717788 0.0754954236949151
0.280211585726993 0.106642370311479
0.283628053263974 0.0905522347410413
0.280555639923699 0.114224042889757
0.283606072209067 0.085252896792636
0.283263742182035 0.0896249161127697
0.2800675864641 0.108719287916944
0.281571885256394 0.10119288474943
0.283519994629032 0.0878303675385659
0.285358647823502 0.074634491648936
0.283229263022176 0.0888631365415382
0.283181993477048 0.0815267575039025
0.277760589906785 0.129440950492071
0.280862204285587 0.100840850111173
0.286101414431587 0.0672474079537869
0.279731738567758 0.117784427560164
0.280720689952426 0.106449096595914
0.28302937264211 0.086796319511617
0.278324308773653 0.121944302099241
0.285233195219719 0.0703081330949014
0.286844606988579 0.0587756277072926
0.286436802007543 0.0594758312835603
0.284085407282753 0.0830538820725664
0.282347675612563 0.0921449458733042
0.284239049247836 0.0838608786317346
0.284121682990685 0.0860797770248253
0.280675170900982 0.106714822394789
0.288938776629325 0.0442535086343876
0.279658209564617 0.111107056742247
0.281034336115483 0.106428377327328
0.284866431985254 0.0805785557152057
0.283266236735326 0.0837284630619354
0.284506505967622 0.0797182075790288
0.281520670056958 0.10170498379079
0.287245354453929 0.0619981243392254
0.282410763581522 0.0926681634828267
0.284076192396441 0.0826769420331251
0.27325128822153 0.161118817555379
0.285144731194215 0.0740968736899894
0.283711788161096 0.0867627073101427
0.280164574685234 0.108898223568923
0.28007606510098 0.105527053606802
0.281772118221084 0.104865968515279
0.279203289285332 0.11473759221595
0.280732030433979 0.108028284359751
0.284249388502451 0.0730991034196945
0.283729545725035 0.0875754409941875
0.28312486656614 0.0924532639136961
0.28458942356721 0.0750741887840477
0.285562975956588 0.0675682471876684
0.278823916526209 0.124474517606975
0.279353339819964 0.114780424701008
0.284766942490436 0.0708527857410021
0.283299353961238 0.0799736393572962
0.284803687245358 0.077583707872113
0.279450421551526 0.115388176350869
0.282517146716636 0.0878612170951582
0.280367232388802 0.10505461579869
0.279818002515264 0.117379289927028
0.281223737389467 0.10498455212511
0.285358014368231 0.069968496419987
0.284314457313367 0.074251404391548
0.280377159054705 0.109291120608212
0.27813189199931 0.12326514854386
0.276527280987318 0.143112779700636
0.283020017193249 0.088424381672413
0.283303334018526 0.0844388911844812
0.287124079467759 0.0630806063553387
0.282560589864632 0.0967481935945922
0.279481090532646 0.114210086092893
0.278906372502267 0.119996284334837
0.280020524589979 0.103475167185299
0.276750513408284 0.135301559997169
0.283273424776594 0.0868625462756856
0.288046901007665 0.0524363056063047
0.28326526914918 0.0879989250188992
0.285346379969474 0.0754363579600195
0.282938053561331 0.0887293952421767
0.287027849334741 0.0599118295152678
0.28345319039444 0.0813015174064406
0.282261142819654 0.0922511134658976
0.282646053698932 0.0949237338972622
0.281232250863664 0.107314022035408
0.277482490598539 0.129802299016295
0.280135683472802 0.112860565812964
0.278929518597005 0.11924060977623
0.287717120981984 0.053431923967372
0.27853702633022 0.122771088651286
0.283324250543605 0.0894749676700487
0.285298145895705 0.079092494879041
0.284983236126716 0.067046179134258
0.284500701390304 0.076003737066065
0.282959739226226 0.0861676131106499
0.282447505832256 0.0964746726650236
0.286909280112741 0.0607064068745125
0.283937617135449 0.0794906469603121
0.287028593171672 0.0605408789315405
0.278890240376294 0.116527931877157
0.283370253418258 0.0934880179080596
0.280623615192633 0.103844816298614
0.28016671060644 0.113092961504486
0.280568019747686 0.106648991807703
0.284795865104378 0.0724081665019811
0.280385370501518 0.110886318171626
0.284561089920804 0.0779809360189229
0.282193015614895 0.0940995509801538
0.276840433132889 0.13498020097039
0.284283556351494 0.0765914399480597
0.286438448951596 0.0560565431512076
0.280854929002353 0.10486121909678
0.281172455577597 0.0973821531384342
0.28182117163095 0.0980628543618154
0.280153559128765 0.109848049446391
0.282902066652588 0.0925682649274627
0.282005309402228 0.0939549078242329
0.279006093663592 0.122923196222552
0.280621889733457 0.111126128366223
0.289103236497062 0.0396534638959769
0.28002945895193 0.113051292584224
0.285019674464797 0.0677289031229046
0.280376513830016 0.109315169562328
0.285707957431616 0.0718056187422733
0.279985254803968 0.109803439944807
0.280157234638603 0.109401491896738
0.283812309119028 0.0805853425970617
0.281810129545188 0.100134182709203
0.29024941543097 0.0330982560521798
0.283656374522237 0.0849522045418803
0.285500181041146 0.0712207369975624
0.285093606905426 0.0702729962535461
0.28396031886074 0.0830870695593127
0.279585918372495 0.115289639678294
0.276025066782206 0.143775922789291
0.281558152932744 0.0970385749582264
0.281445125749969 0.0999277149955276
0.279619615557877 0.116525821260148
0.288087799250996 0.0588230536329554
0.280019247629903 0.106979669517371
0.283303567306827 0.0860517578082038
0.283358267688371 0.0924424061167163
0.285334182845091 0.0737153204191513
0.280472683106845 0.106607941582581
0.282940296703558 0.088932451441349
0.286794329846047 0.0598461500329529
0.283157000838927 0.0897065444997997
0.275164999076239 0.145015100368393
0.283555895916997 0.0771167259194862
0.284265919360467 0.0813099810866812
0.279960583230317 0.117725933528422
0.284412453677196 0.0788607194753172
0.285450209804305 0.0700015340167486
0.286332161652185 0.0675814301700089
0.288827884164883 0.0508577933551937
0.284671452380914 0.0764519767312663
0.283328050314163 0.0823640536764097
0.280914077624599 0.104272533968546
0.277216530784462 0.130358209202238
0.286040533746387 0.0670728504400678
0.282493432746353 0.0893766434548249
0.282579343790847 0.0976685955242045
0.282220612931681 0.0887744654273419
0.284722459619563 0.0833841617173279
0.280056943645444 0.108475948375379
0.29087004171239 0.0314697040793054
0.281676863456373 0.0957616613938757
0.286060715123785 0.0714573406647783
0.281390882298751 0.0998270477339782
0.278246415309842 0.12709985533698
0.282063394664442 0.0908004266121716
0.279771472156309 0.110808602805865
0.286008315024188 0.0697290685269096
0.286106796766901 0.0687869398302238
0.28470437091877 0.0801965645946071
0.287189634626833 0.0556950782096387
0.281132830562773 0.0990997728303879
0.28087635891987 0.104290137539207
0.276247750872012 0.140182190856023
0.2830456858594 0.0939945293849992
0.282652092903491 0.0917838159307116
0.279633827904606 0.114036372090977
0.276725899006882 0.139859604289724
0.286305735993958 0.0660735868982292
0.283993228108916 0.083199039742298
0.283195896322031 0.086145471838746
0.284025967970869 0.0792276506376802
0.279655179944424 0.107284088418047
0.282053890530892 0.0912615635115214
0.280077967404365 0.114853411339396
0.286161617485401 0.0672369578509051
0.284734886461128 0.0738906468854964
0.282522110722143 0.0965148156982282
0.283533738082063 0.0756790399018348
0.28581966562931 0.0750982609174855
0.28447605029956 0.0760075067024052
0.282573069851062 0.0822638210484092
0.281475111811937 0.100774624880173
0.289952195197179 0.0458631852359775
0.284976140213365 0.0802622803049353
0.287432327335669 0.055329761785927
0.279823759764598 0.116253181316789
0.279839004935325 0.113627865637413
0.284193998964705 0.0797841605589511
0.282032446918546 0.0949995412532877
0.287135999180929 0.0605740809342761
0.282950789078282 0.0905345135867536
0.289727684772393 0.0389321749342732
0.27987264462977 0.112694713495672
0.280843806816421 0.106437755420292
0.278860232980957 0.124362189189574
0.289180553931694 0.0500409393369574
0.289315095987922 0.0358478876494551
0.28094593091417 0.105801618366254
0.274875405478774 0.150078386899439
0.286433954790045 0.0649812185095335
0.283260706376723 0.0846203848352635
0.276690671688309 0.139653305706797
0.284478747738465 0.0811975136940104
0.288004822435137 0.0590859513770004
0.287422849938621 0.0535119213230486
0.281301592989173 0.104458354922448
0.277628648393398 0.129765913354807
0.278584016302332 0.116255654904745
0.283271025910786 0.0921632801882244
0.284132114353649 0.0765405962537225
0.287114237860714 0.0573474765217305
0.277470476553508 0.127245618066635
0.283216576623508 0.0887617157588622
0.285066780033803 0.0750674274863138
0.279781846305156 0.112231910950344
0.284681519155308 0.0707703603701254
0.283739738822957 0.0815044465632779
0.281062631656793 0.110143446901247
0.290269906681725 0.0343168634888662
0.284837335666273 0.0733092693483847
0.282940446536043 0.093030425098938
0.282986668611338 0.0897809019995255
0.285300059630581 0.0736547090855251
0.287696252866445 0.0543035118205637
0.284990054106634 0.0765581286217837
0.27912806632681 0.119838934157173
0.277202090340394 0.135027489360781
0.279265674488032 0.115758111237505
0.282999450933873 0.0905142722940503
0.284686789263465 0.0790416671298757
0.284804126932317 0.0788615499309456
0.286857992917589 0.0710006774388542
0.282941901306148 0.0857381365399083
0.287039139627201 0.0576552078744193
0.281724149330265 0.105142417488542
0.284459259550028 0.0746241194383067
0.279199413092481 0.122229053173342
0.278299628753 0.123444639815273
0.278021573529364 0.121782024530044
0.282137513423403 0.0924635303408084
0.281687500319669 0.101026312480514
0.282014361367241 0.0977629348756575
0.280356176839259 0.10501527758252
0.286868370724632 0.0690483424826885
0.286943554984475 0.0575986365252363
0.279243089882796 0.11932982073844
0.28968985612923 0.04735037602681
0.283114617513221 0.0884241244334226
0.285593586117496 0.0628900124049684
0.288330085538485 0.0534879679058191
0.281473290636551 0.106087603080814
0.28357781402741 0.0874766309913462
0.283043582203354 0.0895386899328305
0.283264185775159 0.0918304037724628
0.285354730001854 0.0709337982409969
0.284869701373458 0.0667186901762519
0.288824724028656 0.0488358258450961
0.286428219716517 0.0637344947105249
0.283845730026394 0.0819046115704396
0.274409955789518 0.149797277326587
0.286497236449532 0.0631288988026692
0.285387854052588 0.0756338946475887
0.281083684023555 0.103622211145062
0.286494186093472 0.0662995242237224
0.276162388841306 0.141670111663482
0.28824236977813 0.0532376201162183
0.283005015674361 0.0899249012473305
0.282680283029606 0.0916008871079681
0.279741578780579 0.1138984911345
0.290816218645127 0.0305568572246976
0.282309194149347 0.0972905314741542
0.278185515851572 0.120045454900636
0.287397408284 0.0611078601686992
0.278202104193184 0.121844894118282
0.285896043588345 0.0755660652958003
0.286229124831311 0.0663466037351194
0.28243776491561 0.0908506190269333
0.28385913168608 0.0853387517771028
0.283841556527412 0.0881429265378068
0.278304649454301 0.134552755150842
0.280516275495356 0.10261714688466
0.28357791584322 0.0847758644944779
0.28786888902744 0.0492248131841306
0.284246371810271 0.0826704690035024
0.280341462821255 0.108449990881517
0.285081412096969 0.0792052535089239
0.282632205575515 0.0847658738390648
0.288808630267739 0.0413108877829932
0.283907764989174 0.0854813172676007
0.281921695289801 0.0988750457044009
0.285005148296147 0.0852399875627381
0.288884549696737 0.047883031513905
0.276832193334918 0.148811424452428
0.287756038929027 0.0523040558026366
0.277899710880766 0.125848738708054
0.281006975481183 0.110299668120126
0.282136227377041 0.0973344242834817
0.278693612994785 0.118394094373321
0.280639540389984 0.110514309455954
0.2870775057634 0.0538877635624494
0.285017759664064 0.0671425297640228
0.288220081851195 0.0475881023856233
0.28365860306451 0.0823220142472795
0.284102058809503 0.0841498187584094
0.283276723647585 0.0852827094390137
0.284624696677892 0.0782421608675547
0.286090991951584 0.0684566625368684
0.280218908176409 0.117193714192249
0.283197968915809 0.0916383785357157
0.282692062963523 0.0905929459693698
0.27985011236968 0.115102326020607
0.289321627620781 0.0501870695879888
0.27635848890411 0.139061609569939
0.28775615619028 0.0568700870366951
0.280110168738364 0.109005407658065
0.287033754875792 0.0640996569664815
0.276945116153088 0.131116875212993
0.279706243705382 0.121309673932709
0.280360128895203 0.107949007021015
0.287098997196498 0.0591915483372454
0.279598099291189 0.11100222914561
0.282568740612172 0.0943815565636424
0.288182717315484 0.0492292229501185
0.282546298927789 0.0957785520657421
0.282736408096856 0.0915083566165359
0.283809027506626 0.0819790462414539
0.28220446379508 0.0977570271753099
0.281336349008835 0.103273352914806
0.277293263812113 0.137845109066693
0.277415023795354 0.131880030126858
0.283488449020189 0.0926763950032712
0.277135792196171 0.133474746112479
0.27814372677126 0.121614654940319
0.27722055953113 0.123591466191925
0.286794933498018 0.0589017463077489
0.279962886134553 0.11241467627051
0.281244431845971 0.099491187830408
0.286002857324365 0.0668679217233782
0.28427598693812 0.0781169261581267
0.284139177544317 0.0818336881190199
0.285696185437671 0.0657464076184054
0.280778634491314 0.10345372283817
0.286096496473106 0.0739327218311967
0.285976673242341 0.0685591088153275
0.28492238334532 0.0679256227104252
0.287488562179859 0.0580816690425955
0.285886714725303 0.0626079471435866
0.283416815168773 0.0811311108589412
0.27960764666774 0.111414494064419
0.279300904174277 0.116448434803713
0.285883068061312 0.0748180441403544
0.278826495555666 0.1205106816582
0.2853050578196 0.0766141431360741
0.280120514861416 0.108738311413642
0.27900100158621 0.118632026522542
0.287759417163054 0.0549666749178372
0.283464298439173 0.0877879800812837
0.28116672227907 0.101037702096516
0.284185406277535 0.0861482382247734
0.282598947417656 0.0936025235763737
0.284071048480515 0.0819615577504295
0.283835037254754 0.0850548536939356
0.285165659167191 0.0705539962284357
0.277257015389362 0.132100517849168
0.283803092731129 0.0827242598524619
0.28586966850215 0.0697764305461697
0.281493618717993 0.10302951071003
0.284372988808134 0.0815884126886786
0.28529662888711 0.0671870602877074
0.283982775853589 0.081678901565505
0.284171971146289 0.0823218494465235
0.281659787016503 0.101910774015567
0.282615533939661 0.0961582728992574
0.282010614235946 0.0970946070591581
0.282373559496833 0.0935800337963848
0.284761094365427 0.0736820797710036
0.274797129466461 0.152966300027842
0.288176713982625 0.0463354653463958
0.283722954923838 0.0821220912552292
0.281088090650749 0.108279222542068
0.282875777524754 0.0923584404823692
0.280903428259647 0.111412531620906
0.286455057889472 0.0589595350528571
0.285074202562783 0.0768916598893061
0.281513110642333 0.102712995101592
0.286529936245271 0.0651762141035932
0.285137007349219 0.0710200692021654
0.27937422685588 0.117569320493262
0.285857048052691 0.0731579660740344
0.279111702042295 0.121064588771689
0.281859883050865 0.0962634607060871
0.281779325891779 0.100422238662452
0.285369710174925 0.0666752353780136
0.283875188702634 0.0846462335743151
0.283518665864697 0.0862505221744764
0.280023330782701 0.11930618033029
0.282217565781556 0.0990787993026343
0.28285557508743 0.0928717934476053
0.288443518556443 0.0514553953132551
0.278590824806546 0.122344108833666
0.283680850029234 0.088259619196611
0.285047556574794 0.0771208588931944
0.282816350315818 0.0900205734962254
0.279851760214747 0.11863299845196
0.280775212906605 0.103477612146001
