0.37304746238947 1.50330483997605
0.37161385323954 1.51681619692611
0.360991132983859 1.62984052944472
0.356952684146726 1.67134190190375
0.353647653047401 1.70235532549908
0.364303572023533 1.59825911739924
0.359569364242919 1.65096861251726
0.35822528976461 1.6610549499459
0.364870549750093 1.58636307561404
0.363751942069858 1.60228854564038
0.357738529342317 1.66536732447074
0.370899117853149 1.52402450064453
0.36105347997835 1.63114489115124
0.370872507237514 1.5272530489298
0.36639211255697 1.57316775260123
0.357694072728987 1.6714420595861
0.376691037070869 1.46290630923866
0.364531878274013 1.59089535861815
0.367644489367205 1.56471955178493
0.363337181011435 1.60635739326487
0.358726965475621 1.652781403028
0.362165595008053 1.61714828878187
0.371244087148843 1.52086113973984
0.369476362575861 1.53943692570978
0.347237925611113 1.77615688488458
0.362271928627023 1.62036721999625
0.369093121146345 1.54844826230545
0.362404491491911 1.61708169002788
0.355622881263781 1.69188848614929
0.348950369660114 1.75971028919852
0.367266185059137 1.56689424612442
0.364887059881135 1.59537000768696
0.364332668604302 1.5912109736211
0.365194678222586 1.59246382390564
0.369006604543144 1.54764443249089
0.363623120612118 1.60755631997253
0.357691520536663 1.66157631369321
0.356269244698733 1.67962281825483
0.361986570398288 1.62111997950679
0.359460650404698 1.64628213038156
0.370491802428012 1.53106349915876
0.354081477926881 1.70572787603713
0.361822828185322 1.623669274206
0.354007265386803 1.70908551365601
0.362901472913914 1.60981300896773
0.352671384511465 1.72395921884581
0.372611245830777 1.50621431724913
0.361567578399351 1.62415995233341
0.363199992309146 1.61031530123203
0.358635462507716 1.66170442199181
0.354283776590675 1.70992725269238
0.367727897402512 1.55601385447515
0.35906807525028 1.65404587104672
0.361493656893338 1.62217350288733
0.371173514107828 1.52417529257999
0.372538509091242 1.49854126572422
0.357398040620951 1.67125047186484
0.355362771719818 1.68862646607322
0.357069744432346 1.67277799053983
0.364095377611053 1.60840488939951
0.363405858292734 1.6073818546844
0.359454878553932 1.6442187988759
0.36253892654032 1.6091179654001
0.368182794315639 1.55199921745447
0.356766549564997 1.6744901593246
0.362844284781185 1.61012339247626
0.364302253775543 1.59690709060173
0.362817093360146 1.61609077820492
0.365744401514987 1.57529538574872
0.363702903225666 1.6030228226658
0.359321117195424 1.65380028316381
0.370718908592826 1.52796648079502
0.353408825238217 1.72115622571415
0.368048381394329 1.5526214932434
0.368300135346518 1.54876608625476
0.358347132293244 1.66145098957393
0.355858074785032 1.69757687608344
0.357918672247043 1.66167079470316
0.357192846580727 1.67299534272064
0.362294873251923 1.63048300006994
0.360666144566185 1.63286027323304
0.357242809156848 1.66873096360114
0.360501966764018 1.63818473717871
0.362420046403805 1.61407216509688
0.355963575125746 1.68479328657983
0.364131544142325 1.59555370933725
0.360088937760214 1.64296554838596
0.369074274017499 1.54311588239628
0.363417382426539 1.61070689952688
0.355748561427274 1.68223007566891
0.358001943128143 1.6634871925263
0.355385774984131 1.69350487996188
0.364558634476002 1.59418921767771
0.361719375577743 1.63119284120233
0.365953283320414 1.5797839023956
0.35218606813597 1.72679878595641
0.372463418253183 1.50678896891357
0.370282177948938 1.53187157593455
0.361372180604378 1.62997657254578
0.355864136509353 1.69046850801836
0.364069114572006 1.596997628721
0.361067997868137 1.62950419981248
0.359869360088888 1.64484315744568
0.359154379104768 1.6529784470143
0.365616220691865 1.57975471799159
0.369523719287961 1.54633669361859
0.359835348930828 1.64627292924064
0.365411268861764 1.5807761125814
0.3626570561158 1.61212456450793
0.373320553799908 1.49790191756453
0.372139748955614 1.51323700371318
0.355571036550629 1.69014393908732
0.357214672275583 1.676928491211
0.370675246806816 1.5265112483632
0.366881913163792 1.56674565082476
0.351659376505538 1.72905497114543
0.372130533038941 1.51570405606451
0.355734285234001 1.69586285502397
0.366021554720538 1.5767045890393
0.359274768408836 1.64622097089247
0.36575827970799 1.58449214893539
0.36184055152198 1.62439260185921
0.368348158188947 1.5538328366142
0.358641716310572 1.65107497615435
0.369553143892148 1.5372453363161
0.356864767831402 1.67475821004042
0.357114970327451 1.67193962323295
0.36649635771107 1.57567742442933
0.360744472007626 1.63237825838561
0.372565663767433 1.50027169531743
0.359448992347699 1.63867325272446
0.374340442117288 1.48715756754622
0.369854903606576 1.53775586321457
0.3635912566065 1.61013370108229
0.363511440593244 1.60636190374132
0.356267313475921 1.68418404285792
0.375726464606868 1.47212772834673
0.361909194949681 1.61913489416473
0.365603009196581 1.58363862090275
0.364806349549564 1.5925344822892
0.362661114522409 1.60773520227737
0.359109230123049 1.65194112310106
0.381052318084649 1.423084169825
0.366424778839708 1.5757447923282
0.366540224138271 1.57461246378387
0.3528654422728 1.72405892324018
0.362076618225407 1.61713214620482
0.358120712209247 1.65821183991425
0.3670834462363 1.56475518897595
0.358899535252693 1.65395217563507
0.356833407003515 1.67607429485989
0.366780965329941 1.56545876448954
0.361991474247238 1.62112234134623
0.365583657959808 1.58401323581415
0.360320986295552 1.64503757981136
0.363977273072089 1.59391107677117
0.358455233969856 1.66386286330299
0.363257120933025 1.6004604868482
0.371753384216857 1.5242300593718
0.361610203990311 1.63116621047153
0.361454371951776 1.62259932730598
0.362475357953748 1.61727195217844
0.355697152137467 1.69222571226141
0.363110696924966 1.61220843133351
0.352565822104373 1.71809453599079
0.361684679399582 1.620332969056
0.364486775890248 1.59707712313662
0.359899966887084 1.6375747738305
0.368436651564679 1.55216819096506
0.363395695327982 1.5960289799904
0.356044864888595 1.68686250251404
0.354441093033663 1.70154596100827
0.363105189176249 1.61267230967931
0.365468562901853 1.58093793736911
0.359407183149369 1.64534214688014
0.361579536822202 1.62725370743854
0.357380339055989 1.67006385191065
0.365539141914414 1.58462638470246
0.364941231243414 1.58405091825626
0.363146062741574 1.60575230120862
0.362599889265406 1.61548398570749
0.351433260204856 1.7326215926452
0.365393465775471 1.58697542507783
0.353187445427721 1.71422554221511
0.361335508367791 1.62609103545686
0.360539035961153 1.64007388609276
0.359207648450752 1.64789044005925
0.366495649580438 1.57259119007104
0.357355590179163 1.67726914113911
0.364034395992503 1.59882710520586
0.369979455706795 1.52972798374136
0.359799495274896 1.63958330365189
0.363587708409037 1.60712804687902
0.361170724723657 1.62559563634295
0.359424860696705 1.64944591375544
0.354239391578115 1.69933974086832
0.36235335684243 1.61917527351831
0.369495693450128 1.53971885168218
0.36179280461888 1.61672479285784
0.366178419130428 1.58110280168942
0.362570658858447 1.61575872063715
0.355363712832104 1.69360733733469
0.360694334666601 1.63634688801663
0.35550772138234 1.6915886553051
0.375280349831716 1.47032177826853
0.372881443084446 1.49981615154107
0.357484120038208 1.67369248450832
0.360033154997987 1.64571216901966
0.36427205366689 1.5982522656281
0.362878812019317 1.61174770808125
0.366559726049749 1.57265713908337
0.365813392943491 1.5762435866858
0.367582113845827 1.56370941060486
0.368791131813133 1.54738602473077
0.364349984906824 1.5971502533551
0.369424122135241 1.53908848008775
0.366474865158543 1.57550615863412
0.358776478268419 1.66047882669102
0.363182316209849 1.6024781109548
0.36456398247402 1.59576051319626
0.374739527371231 1.4862371594878
0.367794757336985 1.55821985336195
0.365038837357203 1.59152605946839
0.35643608257154 1.67600191227692
0.362166711104945 1.62052149388118
0.37175398090483 1.51530900801463
0.365027057501363 1.58985099728905
0.363299370515299 1.61185110196579
0.356347845698184 1.68342181165686
0.361988514932148 1.61745642584727
0.365842530900979 1.57673500637424
0.369693336993266 1.53692173612045
0.361417509803454 1.6272365472724
0.357298047788242 1.67059144360887
0.366697917413964 1.56462625014411
0.371045489730481 1.51976699267431
0.365749378788613 1.57908415582625
0.368041608283024 1.55830404770749
0.350282645176349 1.74668310291869
0.36767932827446 1.56520067902869
0.368740940215304 1.54806967042064
0.362959491076977 1.60433002274029
0.355209460538659 1.6962541986843
0.371341515420979 1.5114203641955
0.352780460153789 1.71879711533103
0.361250624645988 1.63159197084023
0.363605615937739 1.5997308347157
0.354059960224214 1.71385505335097
0.369488716117112 1.54190376158002
0.355347368689884 1.69336560790702
0.365973283573149 1.57662098318158
0.361833564532806 1.61709960368653
0.363078587214133 1.61116187892924
0.365104244256569 1.58620146210569
0.359632667850984 1.64722329811917
0.367052209082814 1.56370351413165
0.361933768310496 1.616979908581
0.355284829119494 1.68790355903215
0.370944969132985 1.52491189400291
0.358382496837267 1.66024909946805
0.363911692927433 1.60633802023377
0.361512938995234 1.62758048841248
0.361895882427535 1.61963403918143
0.36283358299687 1.60655012184703
0.368655499266905 1.53735528345967
0.366600163224553 1.57348839422401
0.368282862360615 1.55121338776678
0.35766772026866 1.66086396021648
0.378348507975204 1.44893434072495
0.360643895923744 1.63122782466705
0.359468630278856 1.64404499548035
0.369642358312937 1.53885230499513
0.366723737785381 1.56930161491519
0.362326526818433 1.62164811750119
0.353692842553404 1.70102548141559
0.363854609818361 1.60535740365493
0.362624941390127 1.60531281679185
0.355898047563251 1.67918620884254
0.364992885255118 1.58180430988006
0.360990134637704 1.63397438208632
0.363347572142365 1.60767129391365
0.353581699594847 1.71423370278404
0.361222135471708 1.62427594167809
0.355981749162912 1.68555459641812
0.367169627477225 1.56426862307666
0.360413887155207 1.64209429676837
0.364550844369485 1.59046005792769
0.371974018921937 1.51435592182737
0.363376603005987 1.6075675083217
0.358015281126687 1.66004080814639
0.36575854327986 1.57802638686328
0.361775503270694 1.62072519143072
0.363066727733291 1.60290653118356
0.361317818085948 1.62895232207147
0.362812535875199 1.61196865202966
0.375934237978451 1.47374377321387
0.361474262202184 1.62355561867972
0.357807643539468 1.66573594229584
0.365749152348619 1.58059825054999
0.359979793160903 1.63602769628745
0.354178092427332 1.6951291221431
0.367517176981976 1.556796766889
0.350260632802067 1.74669860414096
0.364451270463571 1.59635931566489
0.359415829696542 1.64290595922371
0.356865690238983 1.67820106954547
0.359252295428078 1.64945247851117
0.362515589606997 1.61109693104855
0.348393876375501 1.76453132547757
0.353487809201108 1.71494026467623
0.35748942035961 1.66458277121978
0.35100371610461 1.73554561582911
0.368227259908571 1.5543397101424
0.369373925830857 1.53356172575903
0.366967497126157 1.56684617010077
0.363567279464613 1.60481696894325
0.372072684203936 1.51514673452537
0.357240417214466 1.66664925324099
0.361646782483726 1.62755507689162
0.359198065236562 1.659066994632
0.362390295397566 1.61614670776125
0.362850983323495 1.60916441119541
0.367007962070813 1.56519497059632
0.362108864001631 1.61643522814893
0.368845240868522 1.54740572400265
0.371737429896613 1.51197688406795
0.362723924484137 1.60842231414286
0.355393806296616 1.698272158319
0.373470539913609 1.49701190369495
0.362329413813422 1.6185183916035
0.357040430555831 1.67046255004316
0.374584924632084 1.48233277949991
0.359179151179368 1.65162924929954
0.360651523528394 1.63808507684219
0.362284045271272 1.62433228441873
0.362555785437036 1.60839287337216
0.36045499785911 1.63716271560633
0.356782689915245 1.68322651013353
0.358306007704139 1.66336244885049
0.360052373200617 1.64439132714569
0.356479139942772 1.68053328142163
0.363648673946977 1.60041170365712
0.362548831253218 1.61471914154465
0.36636685125682 1.57228729876328
0.371368333138737 1.51653099340069
0.360536749447052 1.62829940233448
0.366627107437399 1.56797317558418
0.362202647664583 1.61869425193394
0.369783703586282 1.53148980421472
0.365546863213499 1.58523637474306
0.359807528593745 1.64188603263327
0.354656132926056 1.69637039924731
0.360103653818508 1.64117334018217
0.359994615486923 1.64300898746633
0.362519699462845 1.61207778352752
0.358584543369705 1.66132343221934
0.356650723468213 1.68135669542145
0.364358998554349 1.59528692995143
0.357833592841726 1.66898948570822
0.367000902959828 1.56894543324446
0.366045509461971 1.58214030157183
0.362293399439834 1.61067578417815
0.357254411876509 1.6742386564237
0.368887423618249 1.54862036813954
0.36258548415101 1.61267713571792
0.358907183830704 1.65123297160394
0.364260665445326 1.5918488283523
0.347939160059473 1.77450014275821
0.370642389488424 1.52362346992609
0.353891472693887 1.71032300448425
0.36229524446511 1.62425174181286
0.354313425965997 1.70838619964216
0.360411791888322 1.63252474642401
0.365752060019143 1.58144962441512
0.364433258977459 1.59472650772191
0.36114820256546 1.62512511474633
0.364026251438592 1.59434248343791
0.368455209315013 1.54952430306034
0.365636092428241 1.58241095757922
0.370585011652438 1.52651216417363
0.358030700652842 1.66534836599623
0.357939922827606 1.66358478353692
0.363027682144999 1.61011283680188
0.35075378672334 1.73010590779459
0.357738748122994 1.66002640416357
0.361484000690116 1.62949791081008
0.354562615427721 1.70627760817238
0.36686213455879 1.56608263011952
0.37136503008542 1.52487371184881
0.362522177000288 1.60819552965542
0.362736571783116 1.61280380199867
0.36447173618344 1.59405826481517
0.377732130064514 1.4522875885607
0.359092770333374 1.66273239578613
0.357507404662213 1.67133710602067
0.364966488707325 1.58768654320686
0.34817158165137 1.7658056333949
0.36066192960766 1.63339158215265
0.355668715746718 1.68265598339538
0.35959572966754 1.6461829080524
0.360603952483257 1.63001481228442
0.365889858119442 1.57889059441411
0.353285176989314 1.71882420972638
0.366535001575596 1.56765969991965
0.355220358789293 1.69842845741969
0.358241739777566 1.6589073999519
0.3658924741313 1.57998189578893
0.371239716845137 1.51279366599212
0.374950208972652 1.47889113576941
0.36423580428558 1.59615870161102
0.36200524967234 1.61315326607741
0.35736199064235 1.67873999563939
0.361906934131481 1.62057376347183
0.36042233750317 1.64106919003097
0.370194950288999 1.53168751131825
0.352265448864061 1.72373416288833
0.364047709618939 1.59698782284677
0.350059444572588 1.74701849880872
0.364679052617175 1.59091610125555
0.367501193677321 1.55934561344126
0.368892151526015 1.55015862325743
0.361655767667087 1.61454846476646
0.359004668113881 1.64523806285541
0.360926978501432 1.6295240388848
0.37445949776242 1.4860635338742
0.364334375459283 1.59192333509566
0.358351599377003 1.66023863642303
0.364276969403664 1.58905699038218
0.363035910695951 1.60955458026727
0.361265115606978 1.62851728103563
0.366088002277887 1.57779465578437
0.357737451824207 1.66009312806492
0.355880743236626 1.68661381573641
0.365404742572943 1.57914176044904
0.367074249769287 1.56111377247051
0.359742107760399 1.65036102449682
0.3603876250614 1.63878814695384
0.36780354562962 1.55538746167843
0.368697864056122 1.55669047013243
0.366166504514891 1.57371325119741
0.363565985768378 1.60944628720634
0.365810563686064 1.57857812812714
0.359352764642193 1.64812649076135
0.369784206936072 1.53941687650512
0.363604139199543 1.60926713346325
0.36453511258072 1.59226328398598
0.37153692287215 1.51878553023383
0.365668238472594 1.5904615417876
0.359141438950288 1.65141700375655
0.362811154378239 1.61982044844114
0.367293463627562 1.56165317043415
0.361350507152085 1.63287318501551
0.361714319187342 1.62583353691456
0.359526345692045 1.63896549409835
0.356437515899736 1.67999372744755
0.36832110912069 1.55575168197071
0.369771263571238 1.54045203302122
0.357901915752238 1.6651084217462
0.355357908360962 1.6932469091312
0.361559697205021 1.6245308053645
0.356865701362879 1.66913312792917
0.357242949093187 1.67253716526307
0.361250758101395 1.6332516843357
0.362818734877796 1.60683040750033
0.360043196762406 1.63769280739632
0.362479043822181 1.61661146208702
0.357606404570111 1.67090655304925
0.365737218277965 1.5838942445778
0.371844353327957 1.51575534957868
0.364890677027717 1.58688354286415
0.365429033499577 1.58569354312398
0.362946604766075 1.6098813352723
0.36253982690679 1.61222947383521
0.367055377031246 1.56969783974856
0.363337140262114 1.60823830301798
0.351800588434991 1.72593593512843
0.353569527463481 1.70597383402809
0.3628318551241 1.6158430231004
0.369209088624107 1.53679341905824
0.364183381789573 1.59805847754558
0.356117000005636 1.68504469076174
0.365963481382548 1.57344997701101
0.355063381143173 1.69478763806715
0.364812406881288 1.58182041032357
0.370075387310969 1.53491112280264
0.359318324652681 1.65104646190535
0.353240562830638 1.7164093392935
0.362993952238909 1.61880846143499
0.358401160321599 1.66269697064794
0.356365676992261 1.67933894175176
0.365112754978213 1.5912104793651
0.361045978797055 1.63222772662453
0.359175320860522 1.65389675870058
0.36772559979565 1.55932735613998
0.358888450813057 1.65684269540255
0.361802721405733 1.62622147838848
0.36319496112728 1.60640498738544
0.366435312283462 1.57160131299327
0.360064112188698 1.64654772526768
0.369111055236533 1.5432820452569
0.357283674908626 1.67205258993946
0.361619875313216 1.62481988511365
0.358395029536229 1.66185666993382
0.376282313802175 1.46604437557089
0.368116808055389 1.55342145029904
0.355905496025685 1.6933630409674
0.364123848258508 1.59140156813699
0.36714286054991 1.56631629932543
0.365018080636122 1.58916299933036
0.359555219589627 1.65044878757445
0.366617915610137 1.5676610516181
0.36370131933352 1.60212966849706
0.364169614138229 1.59637312112068
0.36062572658915 1.63735183581983
0.37126371546049 1.51099590418536
0.358769691868364 1.6611633786366
0.358589965961432 1.65343153175447
0.360429606268604 1.63562746431399
0.36732571744895 1.56462756335851
0.364450943616452 1.58657532750767
0.363973347182039 1.60259838432887
0.35769172695209 1.67181430905683
0.366280168349337 1.57490235807153
0.352467715480658 1.72196887352266
0.36059396924327 1.63413843470347
0.364816680769583 1.58656137624646
0.34853597117829 1.7623722717581
0.367739246697126 1.55311506610861
0.360663174277036 1.63401386630767
0.366048336138593 1.57795113457991
0.358876680002436 1.6578913849202
0.36557909787392 1.57920041186177
0.369445507185998 1.54531481587361
0.358042977054185 1.6671087037159
0.356759199726902 1.67681870309692
0.371414781972063 1.52575316312233
0.352721268964022 1.72375421629418
0.357969627744046 1.66160890892709
0.361945484819333 1.63109648014364
0.363960859904379 1.60370688485698
0.362855722694341 1.61428322864379
0.35547915250679 1.68783798051021
0.371160906084017 1.52284312250104
0.359308589127802 1.6403298082152
0.359640250045942 1.64241318195715
0.360485392135654 1.63776348846903
0.362096513236438 1.60964769481695
0.368027501787814 1.55280637012703
0.358273472869055 1.65872550944308
0.374256005906786 1.48704446844895
0.36851080651964 1.54670690695713
0.366833163308483 1.5687509306597
0.368994377076836 1.54780803087912
0.359830688037129 1.64725993157611
0.363163441476085 1.60982596283146
0.3645937134748 1.58557167334078
0.363394700409534 1.60548605446603
0.355861789744196 1.69438129126119
0.360505435447906 1.63034221202884
0.375636105684336 1.47578075321371
0.366233832914136 1.57537982774941
0.354888964759049 1.70283666384239
0.362258302928896 1.61982078243764
0.369913667956681 1.537729749609
0.371841982900515 1.52173559937732
0.356509537514349 1.69075152173692
0.359119739324893 1.65486583051876
0.369396011453873 1.54687025321066
0.371077920630177 1.52542986568633
0.356363303120444 1.67816210906818
0.370967924431509 1.51635555076592
0.362499804120928 1.62389840444801
0.363773670095991 1.58981292635631
0.36532033453713 1.58320287328488
0.366589860171093 1.56744715175827
0.35773735340017 1.66872069633627
0.356383654141092 1.6819442531494
0.359755219376208 1.64471399683125
0.364863342376893 1.59535901182761
0.361528138364848 1.62691855323175
0.372183730676507 1.51438797076769
0.356774057072556 1.67878696347022
0.364878405353735 1.59063744569694
0.361713208867082 1.63143963405454
0.361101963125164 1.63107750978621
0.372225090973794 1.50133156956859
0.353138447404258 1.71722391155486
0.367896926427209 1.55424626396633
0.36966781803361 1.54853084012009
0.367621896093169 1.55939655732351
0.371229708181464 1.5210292041987
0.360572379659821 1.63556661046107
0.36062349717989 1.63222602605449
0.357856950754203 1.6658018077051
0.355185342348238 1.68306246938955
0.36251960997293 1.61558137560786
0.373847882665921 1.4888279526543
0.374050659459214 1.49187353713503
0.353259007440892 1.7152028461129
0.357962878293098 1.66091099519127
0.374939079076622 1.47860732116993
0.353344459046002 1.71337150346391
0.361782400470148 1.63211606731952
0.378210146763942 1.44282767126792
0.355741501467083 1.67975619037739
0.371485473683781 1.52465227381379
0.360627239668731 1.6410974028054
0.351173600748332 1.73760531921053
0.368161577815958 1.55405254695338
0.350959350908434 1.74396009423188
0.361972076235334 1.61882069280573
0.371388716455454 1.52895418126071
0.369429083716101 1.53653728360985
0.36488595855795 1.59482203430937
0.359805622319091 1.64686610067525
0.369671302146124 1.53847376509632
0.369549436620463 1.53721988040053
0.362755904882892 1.61177546862166
0.358782434404473 1.64941939629739
0.361555557678326 1.62375455483829
0.360475089483923 1.64081445750599
0.348986085372014 1.76294572802538
0.353361713422545 1.71246805166394
0.354084292269411 1.71122971454091
0.363769875743122 1.59902442642227
0.367853714308175 1.55583679830447
0.354028102588638 1.70725749814321
0.371133628661206 1.5239348981986
0.356943113767411 1.66966570379706
0.361150885113384 1.62740684321912
0.354064973985465 1.70563008743171
0.365517428300276 1.58420892275478
0.364830727268006 1.58853687392998
0.363589016886349 1.59335695118753
0.361209808189621 1.62106663390855
0.368159477159309 1.55204378283326
0.359858157942348 1.64494020016074
0.3563508083263 1.67860113435937
0.358712327026861 1.65965255470567
0.363971344654164 1.59519664911921
0.358540931970414 1.66135890275039
0.365289130634635 1.58046550015774
0.35690236378846 1.67282206398784
0.363326978019866 1.604767661466
0.363899963110296 1.59906799402648
0.357533158455772 1.6719876411648
0.368247807448209 1.5502899040406
0.36350267974051 1.60119009837764
0.36596611376537 1.57178462403415
0.367719941148114 1.55756539733915
0.363501516266964 1.60216698015219
0.36666538988076 1.57213017572761
0.360573031362012 1.64109683324523
0.358368163698011 1.66864558766543
0.36901407576497 1.54010321481166
0.367843968293501 1.55564802424813
0.364578250126898 1.59970293310028
0.366138587200479 1.57337774640103
0.361970454345491 1.61964701808642
0.362047523549572 1.61198795108626
0.362950943715065 1.61617198213273
0.354615260530916 1.69785933584304
0.373992998982213 1.48900383814119
0.375158728284709 1.47676121168648
0.350748206913332 1.72974940545194
0.358182967157478 1.6580172594645
0.365629360411411 1.57342613874466
0.365925431508126 1.5818005889944
0.361418784993953 1.62145941065039
0.365821912853104 1.58134870673127
0.353735627242953 1.71171130427702
0.370587443236981 1.52520339565481
0.374960141502224 1.48443563538266
0.353839666131159 1.71371857369452
0.369515823815902 1.53218545820763
0.355678072308309 1.68117775354397
0.36319803292888 1.60128159244611
0.354073738987219 1.70125822422729
0.370732376171399 1.52055730753377
0.356297487584334 1.67712444634102
0.363701535460153 1.59948398669605
0.364658219685074 1.59350564716236
0.358503572398855 1.65906290940063
0.367242124096408 1.5650594974665
0.353070555773649 1.71977407361785
0.368996917009692 1.54439703461612
0.361443172752471 1.62431876831355
0.358380452535078 1.66905638280887
0.365117425359537 1.5869716110097
0.34810804731816 1.77425358472374
0.361471971487051 1.61682738686857
0.361050301657663 1.63278622147487
0.361357889634067 1.63001517348244
0.367548436710481 1.56039968663238
0.363125683022021 1.61526386081839
0.370530915065881 1.52989677124218
0.352238255753862 1.7262356909945
0.364782420581448 1.58652630741379
0.368197400725391 1.55071306471714
0.359598798142887 1.64042869558834
0.350042474363737 1.74576050100356
0.358427231372597 1.66054947994846
0.354430855022326 1.7030019170453
0.352433740637497 1.72598500178876
0.362650192179457 1.61066313999474
0.359936361560471 1.64340667428174
0.368833684291912 1.54527799090322
0.370355404396329 1.5341078606623
0.363129839540071 1.6175602015344
0.357704085858537 1.66355132019629
0.367326621674364 1.56434972998492
0.367005104519722 1.56612741091893
0.366106179614594 1.57030884363379
0.34284581226732 1.82665356010207
0.366918705958696 1.56222303193696
0.360978694736899 1.62706883547105
0.369801918596489 1.52894235048374
0.353852941376318 1.70983546596543
0.354694968934428 1.69605874429026
0.367609202913872 1.55950135467042
0.368473103844621 1.55097353849867
0.369041759268191 1.54638445990238
0.370132537599814 1.53159043961718
0.350763395915887 1.7471566085219
0.356767359296918 1.67796898558706
0.362684940465435 1.60417075168162
0.354393820225921 1.70415461785297
0.358130325957403 1.66547681106289
0.367193441482951 1.56845267967016
0.369158280199228 1.5408768855476
0.377232269301717 1.4627789586315
0.369008481362951 1.54985425656563
0.35665521890573 1.67675497847723
0.354358014127774 1.70791680284505
0.365016318300689 1.58952211336492
0.369560681089755 1.53655467974308
0.358263179612383 1.65913833550763
0.3620561322055 1.6159949692779
0.357405593370728 1.66355294449073
0.361270764476452 1.62528956024864
0.368130210302834 1.55288798906729
0.354915610174702 1.69358446417929
0.360860917790748 1.633236059654
0.365329833595146 1.59619181477404
0.363071414462383 1.61112959427082
0.360614367670433 1.63089800147557
0.356806981348242 1.67455518655848
0.369712952045085 1.53497704079492
0.358132591664933 1.66515898305938
0.35524943064019 1.69641664275371
0.370354253349522 1.52525815002161
0.356456348269536 1.68220443857493
0.362635805390439 1.61177901826884
0.357369538514089 1.67349005939831
0.353893234939444 1.7061416760199
0.371731068736247 1.50933482385688
0.358497732589236 1.65211986978949
0.365777874635976 1.57899022268829
0.358852874673873 1.65189042343135
0.367511114089102 1.55702384460691
0.364201239102254 1.59181860919229
0.361693776078446 1.62487058100903
0.36478301374599 1.58380760952527
0.35785850513547 1.66964824255055
0.361654499169918 1.62427502004982
0.368332334195581 1.55318909980257
0.364919647320623 1.58810748503959
0.355545084272311 1.69133908966885
0.367123207851532 1.56306328936172
0.366196294611034 1.57539063623744
0.351463909283089 1.73796266112115
0.360193151281674 1.64184087694965
0.371152711215349 1.51825870093852
0.367633988574129 1.5599257634034
0.351852376635635 1.72752635678297
0.368442287071509 1.55528536420426
0.372076417495652 1.51957654830248
0.365106852317077 1.58542699173429
0.359717660336216 1.64541104652081
0.370828412869438 1.52459053419551
0.356550456608695 1.67934133565185
0.362572670355988 1.61498667833045
0.357477253950546 1.6674385272593
0.369589179735047 1.53788847814764
0.357388825109664 1.67180544397313
0.368574292029867 1.54968414928945
0.368089433457217 1.55443412210502
0.371539321654757 1.51993709875839
0.372451872462147 1.50235405512286
0.364412545074758 1.59616210009614
0.364514271831638 1.58292601719762
0.361932516477355 1.62242196268848
0.369600365913056 1.53021253257742
0.358344439092901 1.65851509174192
0.372631416072558 1.50412730406873
0.358829701205521 1.6486273265058
0.355983994674337 1.68134850884383
0.362000890010752 1.62474231103005
0.364336482500475 1.59625960604655
0.350734401639109 1.73802909463078
0.365234548430422 1.58039323991756
0.358270069710465 1.6547043339729
0.366764990945115 1.56914966654481
0.371093322501446 1.51943295305618
0.362365944742892 1.61603777946352
0.365646210011112 1.57868080184015
0.362553120482479 1.6151311448655
0.369572054877136 1.54620493836133
0.369324839824519 1.54286706988395
0.361449516453087 1.62274895159316
0.359849774435989 1.64631948150196
0.365191847369157 1.58044839885404
0.354005699571962 1.70841124575263
0.363411397937136 1.60062825448179
0.363991041938302 1.60156514529127
0.365265120883751 1.58048605986428
0.359730674443206 1.64456121935674
0.372298582521911 1.50431841099982
0.368112570687444 1.55305022352059
0.364445478470407 1.59361879248712
0.372699898901492 1.50468181240065
0.364638882007345 1.58389706465551
0.367658203707828 1.55814124801807
0.363303254806215 1.59941302737718
0.365936185662032 1.58219839056257
0.363949493500369 1.59923059939057
0.360345483365675 1.63673299405373
0.363206072027902 1.60675553942788
0.363530518170675 1.6077049706548
0.367137264324539 1.56374850289913
0.360729939095252 1.6350015972628
0.368691445929693 1.54952375555837
0.358411121276061 1.65963901591311
0.356319752301225 1.67625720931452
0.357400083501615 1.67608441475515
0.360805619810954 1.64009310910036
0.364257846867084 1.60469018187751
0.356757924320084 1.67877847641467
0.356262442182251 1.6846382018601
0.362365175714263 1.61931273322698
0.361524128647329 1.6254198466789
0.363312562675584 1.60715895968891
0.361845956477031 1.62465021177404
0.365394885024497 1.57834761852176
0.355113360942251 1.69335673920409
0.366031375920683 1.58055001919167
0.35867297260393 1.65931848491096
0.353525956286009 1.7148806955314
0.36004755410104 1.64054216192976
0.356900811816021 1.67354198237498
0.360225863831418 1.63343644878074
0.356214556999341 1.68046096562782
0.364201766050338 1.59237931995965
0.3651474685762 1.58144937463919
0.358613231690861 1.65798495260857
0.363586555161515 1.59776088625659
0.362076444141589 1.62604879867629
0.352534345084101 1.72334954623326
0.36211306720132 1.62800972782753
0.360516669323871 1.62310267176728
0.354809657253484 1.69319618834119
0.363079935852701 1.61559035182818
0.3711535125901 1.52931028571362
0.366067658434827 1.57954942626807
0.362592386219818 1.61466689114638
0.363597363994447 1.61095558632809
0.368532112485246 1.55438152286373
0.356014315311156 1.68199497066254
0.346112514323824 1.798774640689
0.370818007895892 1.53092524080094
0.375042896995144 1.48352536613845
0.356219724941572 1.68055404296725
0.367681484715213 1.55976489774229
0.36388447053701 1.59922275007226
0.364359818448536 1.59494754118569
0.366940057188707 1.56937675129292
0.361057962605002 1.62837022411969
0.356098016224187 1.68237296369287
0.362907544976461 1.60807823762279
0.353722556670869 1.71094356932657
0.368829590606731 1.54631120451882
0.357148228742059 1.67116283024996
0.364288250797442 1.59774889238228
0.359502024055898 1.64745008482053
0.364386501736991 1.59659949173615
0.355168205074199 1.696521818348
0.364473005126877 1.59313242012434
0.353336181900655 1.71434597693737
0.363472659741655 1.60527951571541
0.367709365871975 1.56158278752521
0.37386066651612 1.49227642956102
0.367461517213728 1.5671695423239
0.362603095751744 1.61501948517344
0.361359581800184 1.62466584917405
0.352931072278937 1.72117993704381
0.372367013927613 1.50798954126355
0.359136739993125 1.64598269848533
0.356902575957416 1.68470842352995
0.361078386156537 1.62861782738795
0.364339254386046 1.59102962192193
0.358246940244691 1.66110664793389
0.372491416032028 1.51647695149284
0.367762624745011 1.55966204147893
0.361452029128494 1.61634948269815
0.357837293931764 1.66828634873122
0.354271956394701 1.7048259668778
0.370289103559474 1.52466511760087
0.363356163052464 1.59803491263524
0.359950102770456 1.64326121142104
0.372663765813089 1.51855358523202
0.361536692517373 1.62830360416873
0.357518072782139 1.66747933219621
0.371803497321076 1.50873572619218
0.363602857056856 1.60654715698494
0.362437268143593 1.61804585802154
0.357941392936716 1.66020287881479
0.360063729348505 1.643888265117
0.357515613630026 1.67140804883106
0.362245821337628 1.63035876627411
0.358879062884227 1.6604718898468
0.370563816634816 1.53369473053114
0.36779053565615 1.559574272449
0.362487955887582 1.617967125953
0.371473058644949 1.51731982346848
0.359907100229132 1.64457441485735
0.368232752124238 1.5536262784619
0.365339870832798 1.58185277748852
0.35921736635204 1.65120092199594
0.343243725705211 1.82463101517203
0.359660853667588 1.6432751582734
0.370040859657521 1.52555954103803
0.375277808644633 1.47863457831221
0.357698080387629 1.66880534558563
0.359705667250027 1.65120052490406
0.36807239928249 1.55648850983598
0.363983691587017 1.60037610273394
0.355897898031915 1.68781129057595
0.368382316151148 1.56122929622663
0.357052898400777 1.68132555043803
0.369588298885572 1.53701218413103
0.367190114513511 1.56750618000086
0.36146835313066 1.62628709153562
0.369161968293943 1.54404101698475
0.368759119488885 1.54316909469909
0.36894154740227 1.5471505545812
0.371437545529004 1.52275554899935
0.362947960159463 1.61271014297468
0.363259755985178 1.60405691027477
0.370706079008315 1.51950585263232
0.362971365679339 1.60201018858162
0.360019645832539 1.64069058288728
0.360900269643788 1.62592709675148
0.371897695927616 1.505634644532
0.363583674739844 1.59798946469707
0.373814794317501 1.48937420369192
0.366883972193246 1.56703353275308
0.357812835909966 1.6709878427116
0.362900418902767 1.61123647437432
0.365792197242343 1.57608104397185
0.363667537360133 1.6019261554464
0.36772021283565 1.56063683487677
0.363989947121582 1.59897306835167
0.369411655824625 1.54286864640018
0.365094578748032 1.58607925978534
0.362608793263981 1.62093530471489
0.35628886955041 1.68215363265513
0.365713958259375 1.57979644709334
0.365762746657438 1.58239021580574
0.366143825047183 1.56983007404377
0.363366746848252 1.60150877432693
0.356773232592836 1.68125439889039
0.362438209117797 1.61310816179257
0.36115338631412 1.63193535129508
0.360537243617337 1.63551414366903
0.377445813822732 1.45388303402849
0.366876551447806 1.56422590711004
0.352659192296022 1.71955810264666
0.360577910128478 1.63608321264355
0.365715376256963 1.58449324895289
0.358023864387316 1.6585498022742
0.36939898502968 1.5335071947034
0.373222422204561 1.49972461227659
0.374537427284249 1.48525301802808
0.379064666472118 1.44216706537199
0.361839198400935 1.62884099648408
0.372322101837845 1.51508697949061
0.358155101788555 1.65625421821078
0.367312063751697 1.56147808297747
0.364612610436633 1.59497335891851
0.359197050370922 1.65133949485188
0.364009799179247 1.59077151984018
0.365403131852235 1.58804106404801
0.362319820618628 1.61573459009733
0.351438753309813 1.73366448839117
0.357380833956013 1.67122522387847
0.370454807240331 1.53044047469953
0.368039525363418 1.55601806267937
0.364337911946352 1.59375083635567
0.356427339698936 1.68393891549801
0.353062774702935 1.72187255897732
0.372317791937735 1.51321481823108
0.367899924453281 1.55297646378887
0.369845412396528 1.53744922167965
0.369303300438267 1.54537730064873
0.363654167338989 1.60073352956259
0.361062259167607 1.62828928609353
0.367132804041212 1.56981648936348
0.361406034185248 1.61741051949945
0.374856607398928 1.4823747933838
0.354915507868217 1.69598554907836
0.359989729812188 1.64281912420999
0.366412600498748 1.57709322137115
0.361103045628653 1.63424471522812
0.359331594349123 1.65218452409328
0.360476274446952 1.64049732674892
0.368671151984617 1.54501594429748
0.362012969126418 1.62123856912332
0.352010249587457 1.72536816465688
0.359683799515768 1.64225139821522
0.363979746796852 1.59767598513627
0.359670857441393 1.64158003423873
0.352070149072522 1.72968039507703
0.353969246357733 1.71087733284792
0.361634029384088 1.62409137057263
0.363610350950052 1.60689022796247
0.363851703439697 1.60762638728674
0.35544360191588 1.6917991785874
0.355009677264899 1.69824733458789
0.354776173231717 1.69618768802581
0.359603571059546 1.64725233616147
0.363798799638479 1.60013562971779
0.356749184254687 1.67530769868664
0.360197182156624 1.64025791964847
0.370713932510419 1.5264279360323
0.363956331410422 1.59123374780995
0.362504079926435 1.60719214589222
0.369135839285996 1.54748139878724
0.375703686113824 1.47738204084332
0.367912605080304 1.54886448680222
0.354516763455795 1.70469429414577
0.361060609793561 1.62675011885066
0.367753672369981 1.55169640825956
0.362458711582633 1.61622137119148
0.35646249238855 1.68039413407354
0.364098432549306 1.59973539326449
0.352510616888833 1.7258646078256
0.364085737117592 1.59843443489777
0.371813493393638 1.51596480877856
0.364730865645977 1.59014478998897
0.35772035616961 1.67283175881298
0.366101184831456 1.56659940281919
0.367112888629111 1.56429862435993
0.360849852105424 1.62930169767967
0.360737295464617 1.63359962850843
0.352705018265605 1.72590103408839
0.359235107808181 1.6542409236136
0.369360535364478 1.54519329699722
0.364596079598202 1.59091372479395
0.370110118444064 1.5309355546721
0.358915007024052 1.65052466825692
0.364181540927008 1.60209152754689
0.370639121626694 1.52421157024865
0.36038142245257 1.63823093787838
0.353217893563419 1.70986981354494
0.354566487279117 1.69947930242433
0.358107907730296 1.66417461863954
0.369984839253612 1.54041643751904
0.36719110515841 1.56825917076537
0.363821397355319 1.59620642524089
0.363669464783224 1.59490333647053
0.367733495855995 1.56006946712315
0.367327763058502 1.5643721530789
0.36469814741698 1.59240174719983
0.366914971588278 1.56661284021858
0.353200107258894 1.70462343347813
0.365071881912453 1.58985500150218
0.360300899088261 1.6437214633651
0.36417692412538 1.59565025638027
0.35322657634814 1.72238550812545
0.363548962513481 1.6056931242829
0.36154892433607 1.62165508135142
0.360365264632101 1.63643116356303
0.369319919297202 1.53702431883383
0.371458486557135 1.52527780974272
0.36681106831215 1.57557049316264
0.363695412510994 1.60251673992241
0.357256771970598 1.67390030346327
0.351106897809868 1.73432371227768
0.359368354870669 1.64979849784482
0.367062258598321 1.56823736910716
0.359689393953959 1.6483112205708
0.366526716869776 1.57275161511161
0.354911415899791 1.68919414622938
0.355504656414493 1.69069872740947
0.363296419347917 1.60109771880556
0.366807806369184 1.56971143533102
0.368913830446068 1.55016536640208
0.364468872352189 1.59358428997012
0.354662323053704 1.69633040219498
0.363666303113183 1.59941950733246
0.35838686065901 1.65622095200706
0.36582116426525 1.57715923807897
0.361751851868136 1.61842513110046
0.365905244772322 1.58029264708867
0.359574821950947 1.64404553343054
0.367452456685403 1.56591405994732
0.368051181067031 1.56089774925182
0.368315585940786 1.55221890009152
0.366450747794762 1.57164233814801
0.366599151412639 1.56677922839939
0.365548905145493 1.58472142259461
0.352815885765091 1.72484005231865
0.354503127175739 1.69673592067327
0.372024255195664 1.51420516516929
0.359951396616408 1.64352064303312
0.361464625632697 1.63081655104868
0.357258383941572 1.67006351335493
0.361202545054533 1.63034984623144
0.36362006928468 1.60128605810124
0.359931838898258 1.64329750978284
0.35836844240902 1.66214718636167
0.360287642751945 1.63671845509841
0.362166088759312 1.61189408950002
0.360024084836077 1.64839279305927
0.368504988988313 1.5466827699207
0.35953040152336 1.6485396681873
0.363306503629023 1.59843535596143
0.370959854395288 1.52792421419608
0.369643351432588 1.54230522419552
0.369562684627938 1.53608467871476
0.351970101774833 1.7251488439599
0.364053125552295 1.60227697465825
0.358425886404929 1.65656726517336
0.364636290848186 1.58604442475153
0.365101476091238 1.57878198809406
0.368974421534838 1.54717597278125
0.374511598774007 1.48493658658866
0.365229223539117 1.57960453645008
0.354847700883696 1.69235391294341
0.370605050997646 1.53218961219435
0.36899361216995 1.54745923448556
0.372052389727342 1.5100823116313
0.360940986471848 1.62575830588903
0.356787573962129 1.67616424317528
0.368875870040401 1.5433734311619
0.369553675566624 1.54486558848559
0.366055835732279 1.57576550633337
0.362785385815792 1.60900729765136
0.369465343280065 1.54502855197924
0.371537817378808 1.52217148441717
0.355144100201736 1.6922180822385
0.366620041012126 1.57029850258419
0.360135229032889 1.63102624120121
0.362340772953066 1.61526590129009
0.361724738672712 1.62262850646789
0.362450485854076 1.6164786084584
0.363219772513559 1.60765861415453
0.354630294745044 1.70353292805672
0.363910036913249 1.5984903155243
0.365039918282914 1.58844935907032
0.362537930611369 1.60906517264863
0.361592493175963 1.62144195837033
0.357966218153843 1.66687371536626
0.369269913202861 1.54719116011452
0.365305148311342 1.58376031091458
0.369022414089159 1.54659072544255
0.365113853771193 1.58593097717387
0.360707852269375 1.63373004958953
0.362548831443105 1.61425833781544
0.357441729211961 1.67210968520275
0.35369569835025 1.71752031353297
0.360194818029632 1.63131511633527
0.366083163576857 1.5738848695219
0.367419589390832 1.55801495617771
0.361778452929771 1.62598511040696
0.366687618383381 1.57074072569982
0.36214659090797 1.61546600242479
0.359983231295113 1.64333342397013
0.352083872270653 1.72266895676239
0.361823634011852 1.63003632954232
0.357445747104876 1.66557442051881
0.356263923377105 1.68472663319636
0.368152957547241 1.55278586407829
0.36650860037232 1.56773350623759
0.362424846894821 1.61765552209104
0.368300116557308 1.55278445789067
0.361800808596105 1.62083812659753
0.363337379046277 1.6050878976369
0.364619341706077 1.58859488022446
0.365765613365346 1.57124881106116
0.364347930923956 1.59420552741931
0.363784283804217 1.59477920413746
0.361520939051734 1.62512299040869
0.362594734262392 1.61278083935881
0.364139820000144 1.59966255527107
0.361295887770918 1.62451764730778
0.362332240132267 1.62061495737734
0.365082694066885 1.59128517480474
0.369218855334346 1.53800442933413
0.362220788946532 1.61927471622355
0.362005019416773 1.61261737382986
0.360792843037631 1.6334665561527
0.358095665692566 1.66524346683964
0.360562842451369 1.63317419183366
0.363602315239003 1.60159536079357
0.361100623540846 1.62687367657556
0.369118237620145 1.54585581276087
0.36579664434999 1.57720759917294
0.36655908190794 1.5716670551352
0.365002457804904 1.58858506161022
0.361184715702367 1.62516613297746
0.359510836688835 1.64803850522204
0.371787554076878 1.51533480543758
0.365770954604797 1.58204532437193
0.358934764498676 1.64979324513074
0.367228919278227 1.56265680460763
0.369004996961765 1.54669832508258
0.35988575410619 1.6512562040263
0.357722068180953 1.66087571409504
0.37101975691987 1.52210866900549
0.361911690995631 1.62766779922596
0.362361341605063 1.61845989747676
0.359641498797191 1.64370309212682
0.351629952424403 1.73070391050682
0.365242159249982 1.58419819194625
0.367341184160397 1.56439902061365
0.364482486082017 1.58991195850055
0.349613449378707 1.74432336475904
0.367248506666002 1.56520140467142
0.359940527746881 1.64861459741365
0.373792804699036 1.49349817753728
0.371065415867021 1.5216699748543
0.355765342829338 1.6909503951035
0.351424378765543 1.73996962289904
0.353654897245848 1.70951583279583
0.370482608169947 1.52381575111905
0.358054181821716 1.66187037394934
0.367771775889608 1.55542087369135
0.357349165849638 1.67098279701871
0.364353619010265 1.59051728659331
0.369681211108362 1.54338404189111
0.362902142596918 1.60327234425447
0.353000852258598 1.72472841463493
0.362219315985153 1.61477395522322
0.367296408171134 1.56453679654778
0.365760960883724 1.5757321401495
0.365161423288615 1.5917127811553
0.360426337291306 1.63526641437096
0.367576823023087 1.56250334766286
0.368789506631711 1.54093003328587
0.368426381489564 1.54805263285857
0.357584350521426 1.67090440295471
0.373228870089173 1.50261275397067
0.359689289551049 1.64901471214945
0.365749701169371 1.57738709379649
0.356857053254477 1.67086183349989
0.363768455442381 1.59982754895666
0.359073588739595 1.65182408692195
0.369641957600021 1.54335065579796
0.366686597404469 1.56959404542453
0.372968173985575 1.50157818663408
0.371064759771076 1.52652835634992
0.359599316448195 1.64778852669499
0.364129724963796 1.59863155093349
0.35190651624616 1.72686895624746
0.359365362479088 1.64559458714405
0.360391760328303 1.62936198256405
0.359141950911466 1.64504211248843
0.360832576676737 1.63659215237976
0.36436039016784 1.596346548445
0.365237380286443 1.58249355676223
0.36150510731117 1.62944555947429
0.357314640552423 1.65968552195373
0.364913134657084 1.596395331796
0.35308945562893 1.71346094291768
0.366068224891151 1.56489037967076
0.361864723895587 1.62179564103235
0.370276651995603 1.54076625173421
0.36366741184208 1.6085347131933
0.372447318620751 1.50695632481945
0.361603971056418 1.62787301046034
0.364452831729249 1.59419787465954
0.360114056260508 1.63955760599054
0.361304114133301 1.62583360961138
0.367441739946062 1.56433392135223
0.364354797157652 1.5957143461268
0.36187793670699 1.62153408394227
0.365762542920288 1.57948606961697
0.364322977348227 1.59627979896724
0.360096358684394 1.64517148115594
0.363133918872869 1.61592915151175
0.361723728823507 1.61649713562081
0.362912399939322 1.61150708694421
0.364047357489378 1.59785968789457
0.356627007846534 1.67959551128941
0.363619019981841 1.59971199572423
0.347623336147479 1.77824938672059
0.369859148101092 1.53887868860263
0.36302242879431 1.61719072995308
0.359528767939251 1.64372073774853
0.364603738904185 1.59463670394677
0.363641880450986 1.60248367799741
0.364603345583069 1.58512436392869
0.36330365273549 1.61151080728251
0.361774919220715 1.61763535832924
0.359485767652173 1.64604358288476
0.368998897833923 1.54098958423364
0.356368586131185 1.68192034111925
0.368536119427635 1.55117621050433
0.362579874064538 1.61247433850218
0.366626145298915 1.56368963053911
0.372642331080447 1.50305372840038
0.371565621196522 1.52434022306344
0.351249718620972 1.73538213129959
0.360207717767998 1.63702678732739
0.366754818733784 1.57256012326954
0.362671698911081 1.61334694952376
0.35481013596976 1.69917849130849
0.358236178874543 1.66092228807024
0.366220670966284 1.57736459340133
0.365538326301361 1.58373408290227
0.359178074508541 1.65290102575148
0.353317721356733 1.71188374110993
0.364361503905286 1.59612645850628
0.358694230657101 1.65840766019666
0.362205485596351 1.6214767962582
0.357555455181516 1.67978169376397
0.363769613717628 1.5966313001606
0.358162571460599 1.65977007287298
0.373110407573157 1.5076241425998
0.360904596008053 1.62773654961234
0.359930159606384 1.64723208584892
0.356935578180832 1.67311952660379
0.374142496450101 1.48397943476776
0.348229714025611 1.76455380313657
0.352289370656546 1.72680416098272
0.369668565861189 1.53873801358455
0.360623770971127 1.63019342482537
0.370209370945598 1.54168795621006
0.356998777614645 1.6715419442091
0.370749421963936 1.52795871577205
0.361266598986715 1.63714735863764
0.358172231842604 1.66114443208343
0.360122840770799 1.63248212088781
0.374032760266525 1.49528699251395
0.357181574704422 1.67799213648103
0.363868818975971 1.60293874424334
0.365745383971742 1.58047825484319
0.361629010433979 1.62927163847837
0.365383055039634 1.58304060954712
0.364212522243986 1.58683768461598
0.356600917637426 1.68175451955894
0.364868619900679 1.58942374326432
0.350641216034143 1.74093945361743
0.355899490395899 1.68106154173884
0.363186299861432 1.60728366774113
0.363759691679519 1.60599707053196
0.371953509907803 1.51299220792976
0.358568273980891 1.66057348094161
0.357172124871865 1.67325932696385
0.360952261450508 1.63502177786491
0.374356083763991 1.4879881733728
0.372324604222446 1.50899109532577
0.35950008386367 1.64712807640454
0.354139314808671 1.70446120344013
0.354179090988266 1.70720828513957
0.367015478168701 1.56005008532899
0.358713692902086 1.66074075524622
0.359653449926406 1.64152055750953
0.36058501442672 1.64430897868457
0.366224138646988 1.57627843618499
0.373454679264965 1.49371505814837
0.353393554253539 1.71546064169957
0.361439804657241 1.63171938520912
0.360395473417272 1.64841619753791
0.367772762739328 1.55190451540904
0.366278205054376 1.57387761602178
0.35748105422651 1.66480961642709
0.359464145621465 1.65050814261617
0.362428484950738 1.61472954794225
0.357954238200136 1.66966368062643
0.359565521223282 1.63815442564677
0.363279365140413 1.60151095790606
0.361194625785966 1.63212842321796
0.362091793030056 1.62074383271278
0.366732217973217 1.58107623301981
0.360086369083611 1.64382081915983
0.365410780203399 1.59809878618472
0.369592560377622 1.5368356621003
0.358324149663315 1.6577404973851
0.36746773457518 1.56816190802555
0.366701244324594 1.57136829173416
0.363672631564548 1.59859103339884
0.358975830281725 1.65667155588028
0.354751656602698 1.69272828062523
0.368495355939342 1.54253117021358
0.360029870655091 1.63845296749899
0.367294258849411 1.56096870488208
0.363444339529327 1.60812477274092
0.36687886358998 1.56545089049872
0.359732983673595 1.6457820503936
0.365925077843332 1.58056526390452
0.352464334410555 1.73062080677619
0.361662700968478 1.62814075396825
0.357775305073677 1.66432619736324
0.363867975578051 1.60255003625992
0.359626745463149 1.65495576439776
0.374614829878237 1.48425005537902
0.362930581451339 1.61363029255313
0.359847315883439 1.64105910500958
0.360572004642554 1.64114496769812
0.35660005087304 1.67411301936624
0.372992526028301 1.51006848597179
0.360128666066503 1.63877344217074
0.368888570259632 1.54663617050929
0.369341592905632 1.53684529151297
0.35246946551642 1.72465956308433
0.356764523689393 1.67506752185591
0.36212052477392 1.62222911211427
0.359576220327732 1.64645786786591
0.356414726338869 1.67880399885379
0.361309469262456 1.63023188206221
0.354424336106749 1.70323889776715
0.364624015849538 1.59832658446577
0.365119624408108 1.58740069068616
0.368728960687826 1.55576308871403
0.355911400470776 1.6858373512821
0.356653430294831 1.67297837870202
0.371422653465872 1.50861217466021
0.365982208735803 1.57521859543628
0.363268395354469 1.60698227411166
0.362250423007156 1.61404728958754
0.368564230760585 1.54953903598555
0.358916947839825 1.65131531624046
0.368253652824073 1.5540443728244
0.356001844252332 1.68101929317399
0.363605616084732 1.60001741294269
0.362681862850983 1.62168496381545
0.369984881953 1.53612756569639
0.371470264747894 1.51051922255879
0.361217505095344 1.63137248441832
0.358980510259602 1.64710872326968
0.36242931717493 1.61009114824006
0.372156321954683 1.50712081255306
0.362491301268534 1.61415700349535
0.353337254391386 1.72141023694825
0.362986323042445 1.60912609567649
0.357808460540155 1.67032902728262
0.36391091766979 1.5970830429625
0.360383019870735 1.63684894564998
0.359374346922183 1.64972831038257
0.359936336270346 1.64439066406064
0.368946232849157 1.54314643295124
0.360326201535579 1.64440538998828
0.365556291605189 1.58310858276657
0.361509556741909 1.6263856595647
0.362935861498739 1.61235632244029
0.361728361757882 1.62006419564227
0.360178802310494 1.63928602749549
0.362484369153091 1.61421382271881
0.365219281559254 1.58766247246097
0.362450397559412 1.61794606223818
0.356947592054985 1.67746265776426
0.362377764437342 1.61066411417171
0.355688285002279 1.68762230882397
0.359988325651481 1.64388119994138
0.365632701076706 1.58401017748139
0.366546616820738 1.57552448849903
0.359186299060723 1.65084050931655
0.360739944115006 1.63327329031077
0.358915842238171 1.65056484940517
0.368531904504112 1.55219808596559
0.347615258182095 1.77031530589281
0.365582004360068 1.57966788459994
0.357078830747449 1.67806934171853
0.368628390837428 1.55102191704325
0.374976714215147 1.48768777151999
0.367097874465244 1.56047092750794
0.367508055311064 1.56432349526274
0.371396605713384 1.52151977585951
0.364780709834497 1.59303332960506
0.363775900759745 1.59851330028082
0.363558819082994 1.60445826172418
0.364506157177968 1.5989871630831
0.364167938247362 1.59972149099206
0.360561715631024 1.63368505021441
0.355504031351595 1.69214162933071
0.363922610100096 1.59411367346626
0.371073451163309 1.52450638085405
0.36621394896694 1.57582787846804
0.353637295029855 1.71856805319111
0.367121085611934 1.56947059650583
0.362898862735029 1.61302747495059
0.354855132946221 1.70031308085252
0.362801811532191 1.61170057312674
0.368649764372233 1.55328733627813
0.359316735421454 1.65269812663759
0.380445137259617 1.42086489828239
0.35509876059844 1.70079797919233
0.355236996000069 1.69014144103648
