0.308842737683069 0.0376217439454391
0.287699570387715 0.250995898150147
0.293774932240636 0.185521646248326
0.288198592080096 0.239670457506109
0.278909292120844 0.328660800547802
0.27434797674353 0.388411701061005
0.302659409389963 0.101545153678931
0.298382543435067 0.141543163871465
0.288256268304373 0.23901742452279
0.294461543312584 0.181442518251958
0.31622498504054 -0.0421056552164465
0.285726378292605 0.267976744145332
0.312291196826795 -0.000967193300984298
0.291582317688485 0.212603389914344
0.313036237460038 -0.0079883540240864
0.302859126705149 0.10000996711633
0.30191913769653 0.106188105981425
0.310305510732339 0.0165875634796178
0.296202201586462 0.16930823401622
0.313931943525927 -0.017858405726762
0.277886826970276 0.345777628925039
0.281138771839363 0.315711934537033
0.299158076605622 0.132307204121039
0.312378652083093 -0.00336044910742203
0.27869777926712 0.338895245402755
0.311879640978087 0.00638374411104844
0.301947197966731 0.111902715432629
0.300953586926194 0.115207149195754
0.267894427220591 0.453974386377475
0.294560774797174 0.178541689103813
0.306189749714578 0.064185437511511
0.304339464458184 0.0864626351644826
0.316909817195309 -0.0513699224650431
0.319385578819039 -0.0660524446714181
0.309458839948226 0.0313275873545183
0.301877865055499 0.109493546546107
0.278393023907762 0.339214410625418
0.302405972559001 0.09821007637346
0.275488737371136 0.376233545772715
0.30566333687197 0.0650928723164535
0.293519725874561 0.191486820534204
0.298860110513543 0.135479730942814
0.289041619013616 0.236767981643652
0.27161791385211 0.416456608831246
0.277386745353934 0.355429527627508
0.292891621041112 0.201526681127431
0.303070459918706 0.0934609358654395
0.279124830134691 0.335982360587478
0.307355364986238 0.0518989208708464
0.282116981999034 0.31136250015001
0.293128683318653 0.203144017116225
0.293180111159259 0.189302644541716
0.308779903797949 0.0389951483008689
0.285515514787851 0.269179577931399
0.28876801962733 0.241461967551435
0.301124650900189 0.103951475427939
0.2958233347051 0.168888848655842
0.293772934745999 0.18489557883276
0.301780606376775 0.106690835248798
0.308233626334358 0.0523166336840028
0.284699354675703 0.2831999868766
0.277794853307607 0.34723298655882
0.30069771785549 0.113136712288601
0.273523146460502 0.390901090885906
0.26515764333277 0.476235287558033
0.277901919558084 0.346158178110586
0.308241659850257 0.0432206477398944
0.311296592710963 0.0143092279546035
0.29582903459147 0.162551200094456
0.285401245069163 0.274261940861958
0.299977943516311 0.12834117223932
0.294673670680413 0.178808650257635
0.28492951976726 0.287233139415434
0.315446276340623 -0.0360410547740168
0.268479072298633 0.442037759146406
0.286094931086302 0.269814717838073
0.297733911401681 0.16038948171071
0.29252783569987 0.198492780110879
0.290403608542446 0.223486475581006
0.313610355521621 0.00339640087953585
0.302743461214164 0.0930040647936192
0.297342484183485 0.148601842119672
0.293870584679309 0.188967393882555
0.287003169358219 0.255676079031518
0.310378265457558 0.0183630617146077
0.296558082253375 0.157027364959129
0.315415859878001 -0.0306424438804916
0.32356626359103 -0.116340714558831
0.291379080925724 0.218215575363195
0.308381118696867 0.0318068434235311
0.302616807278092 0.0966794565802117
0.282215478111679 0.307846590336748
0.296657442764706 0.157881664264636
0.307636200862538 0.0535438318109649
0.29831817167732 0.145230002826283
0.273870304086986 0.391786454145498
0.308759460825346 0.0334278548483486
0.28718365102096 0.256072249546883
0.30739495083472 0.052821300625542
0.296170917325271 0.166941469945393
0.271992440353796 0.407078427435351
0.317317407760721 -0.052122259423815
0.302759701165813 0.0979900363530963
0.277267509723708 0.358768434902826
0.272372848212093 0.404688874966321
0.318343950383707 -0.0558602263717213
0.30819528810716 0.0438132565213498
0.309699088873591 0.023597004807376
0.310988327732461 0.00963380785706125
0.290173880887688 0.220882869266097
0.318883542343841 -0.0649871218511694
0.284094815604327 0.285941302040212
0.318248175045763 -0.055793456825148
0.287149762686957 0.255565104959723
0.284370627537058 0.280217964800683
0.273748963820719 0.388537151852786
0.301658237945118 0.113262583752091
0.307621894599117 0.0552358649754454
0.300763168647665 0.115473591040752
0.287030281003789 0.251757929759102
0.266592285397502 0.470151397734946
0.299191901173759 0.136103659411127
0.285920373761493 0.269138243505809
0.289427943078211 0.224261766121542
0.267625956027832 0.452173120185618
0.289603624333609 0.229406755807294
0.310750982803644 0.0119460159763057
0.298747107111132 0.142471971574969
0.30110087931788 0.113419243067588
0.298304158479463 0.133829738880182
0.291217787177793 0.202639744637955
0.294509890412518 0.181364513305003
0.31587220988091 -0.0364705563828459
0.283431427002722 0.300548919531684
0.301342620668989 0.114616921416775
0.292166509541247 0.206607827544788
0.319144788295522 -0.0700905989336879
0.282472604732118 0.299361298919006
0.324532744198578 -0.123196963936654
0.273899022758467 0.392508029082955
0.298302409281926 0.136013769053312
0.284032305641396 0.288042455846261
0.298894327803378 0.143868865357632
0.328335857896972 -0.160399613749953
0.278120074340037 0.351681790390467
0.271970001281813 0.415834096097629
0.289121328607835 0.232076778147526
0.298182712514778 0.138157266032663
0.29609283834212 0.162864674289238
0.267765022729109 0.453486691164765
0.278901700187211 0.341011310145628
0.284003229212397 0.284390094026628
0.289978620345255 0.226435247361365
0.276828615805268 0.363470078739207
0.306446660924721 0.0655344850506445
0.282620869697479 0.296265053512625
0.29595061009374 0.170705636740479
0.283997470888718 0.278701914761144
0.303454485484363 0.100964110813221
0.295978263076556 0.173286609089723
0.302871228760437 0.0912334742112277
0.309266646846165 0.0326504186781522
0.289354392733148 0.237915790632142
0.322773964221788 -0.103019636629256
0.269130207394645 0.434672993195918
0.285840027143431 0.264764801633032
0.306992394614634 0.0574064219944597
0.285722518851791 0.263232712356526
0.321878317127986 -0.0979424409429662
0.306678195201367 0.0455653176736918
0.300364214860592 0.123878916653031
0.309073784069141 0.0328835751101614
0.320433531465721 -0.0777282457963138
0.293684508045229 0.187756490513783
0.315527605778256 -0.0379558815725582
0.289075467448574 0.238763168611917
0.317054320762911 -0.049645281151446
0.301720803569272 0.110288472746182
0.305384680519785 0.064707777841153
0.295246187518479 0.171644621726864
0.278870414828007 0.341254469990605
0.29455478594478 0.177840442160443
0.272971068243184 0.404453306680325
0.287437643149426 0.250494548892435
0.297589220054003 0.147955120750118
0.300925286177182 0.120482588475038
0.308481715927006 0.0366760763364377
0.306154009410841 0.06191986136256
0.289457633988858 0.238876423640518
0.28616262689528 0.265396072930874
0.295839670152135 0.160656472704385
0.30466446153036 0.0717709762713471
0.292615170945071 0.204460574241945
0.278275465280342 0.340780040061327
0.268412565426406 0.448381923484701
0.285884333674071 0.263934801646795
0.28181386788595 0.313906648128629
0.306955132105448 0.0538802804966871
0.28307556696461 0.289422388099009
0.295544941787187 0.176469392026377
0.301713826071763 0.108877799213035
0.296607308547828 0.160663865921899
0.289248732500968 0.238287219760437
0.30149074649276 0.109318237190054
0.298700695432134 0.128973703782203
0.299584529960354 0.124430994019638
0.30835985488806 0.044010178825575
0.303503506377655 0.0939279797655451
0.330771901998308 -0.187139209178575
0.28980637673521 0.229909499758408
0.301229718719153 0.112769755468638
0.314078937069709 -0.0229340431503866
0.297600613249024 0.154414921413304
0.291898271434056 0.208433096542577
0.32534728328749 -0.132670859952561
0.296513070197036 0.157308691700138
0.30279331875426 0.099105441891401
0.301389093538902 0.119181591288013
0.283716811178554 0.285667501466849
0.303709509071237 0.0910402983148166
0.296205135080659 0.166209039029624
0.324468693958841 -0.127683116720506
0.290519086553698 0.226024420795156
0.287103415238592 0.249938222891645
0.286239348962794 0.266701140153153
0.303332960450251 0.0898138958400788
0.312399503504823 -0.000117395902289597
0.28279309716647 0.305278167943029
0.29891118498178 0.136878063394815
0.280521250270386 0.317943169606664
0.266766462656623 0.460645487495528
0.290229962201122 0.223863154462949
0.271674831816459 0.412943916963943
0.286926495271137 0.257954396803369
0.310475198203222 0.0117748376984933
0.308714123822238 0.0321793278584645
0.280972884829476 0.318006650425545
0.273407062007924 0.399563352019661
0.27470615462057 0.383059507241956
0.285357067470535 0.283394671062508
0.30811747699054 0.0415329664473532
0.29901295641229 0.126306840495232
0.295329116557515 0.17544110985872
0.285153074654508 0.265885506326818
0.299177857797666 0.132118637115433
0.313995417548247 -0.0152951936010791
0.291231960694468 0.21048786764821
0.29094491650447 0.226411821000552
0.311291525815652 0.0122416525756452
0.317819583040548 -0.0552687298416473
0.2840030163489 0.286139610742567
0.288785723460403 0.234222903401828
0.301737726674788 0.10967300178085
0.302808526124007 0.0940841536472344
0.311507090390831 0.00948521818637574
0.305163006153723 0.0689929577051845
0.273186954597771 0.393129987432123
0.303248380154433 0.0849054875981698
0.292663544681515 0.200376440321533
0.289790066836641 0.230206217132319
0.306490754907911 0.0664884696974683
0.311884427423452 0.0065496196322537
0.291931476366538 0.204670713781804
0.294557118180058 0.174326136169293
0.318190221721766 -0.0749387945325563
0.308136794560104 0.0435138870479251
0.28774775810555 0.248165907048229
0.293231595480999 0.185934976644103
0.28180066418925 0.314010969919971
0.274896893151142 0.374684096531662
0.276647153106489 0.357530542251455
0.285946270072909 0.267888929091557
0.286155225867916 0.265522367965553
0.306092280189658 0.0690270486998099
0.290865638789853 0.20672273229498
0.292039526139852 0.20981858537182
0.278045524943425 0.338846552189802
0.302340786717733 0.091717709783252
0.313683424810256 -0.0246529394908604
0.29664263987611 0.162227648184432
0.298612445397636 0.138225959451612
0.292022562033156 0.208591596050844
0.300928852496532 0.109764796860685
0.316385940507392 -0.0428123598044596
0.298221691090113 0.141276729055144
0.297974896496393 0.149663653844237
0.307523514520458 0.0442567490663624
0.318400579608614 -0.0602228738516074
0.298555972469907 0.14188795810956
0.318806411749817 -0.0707734930646938
0.304086203692802 0.0800169330406965
0.267002188421409 0.459395850994721
0.303353070316548 0.0830511520899435
0.319148729374865 -0.0684219907922858
0.308506226482863 0.0385696508552242
0.320607276702903 -0.0819821369962025
0.301130979656321 0.109651915599271
0.280511256031434 0.321903629890091
0.303346425703075 0.0907407862668662
0.290969854933994 0.208999195734946
0.275234425193863 0.365533892229025
0.286050463698726 0.260322799803435
0.303105486530491 0.0945283758637446
0.306853969524285 0.0574904697643418
0.276383816381377 0.360671657001016
0.263585651260063 0.500307517506414
0.314496634727137 -0.0260418980010479
0.2898476623211 0.223014324610913
0.271169742275461 0.415157830868701
0.288100163691417 0.247824727875671
0.286655797827716 0.256529510243885
0.292795330806105 0.194312251674731
0.297225012313468 0.152842234454152
0.295804980625059 0.159284868111033
0.275629579145585 0.37290201831249
0.300267347828065 0.123492787149142
0.286337198525168 0.268097148965036
0.312210626983116 -0.00584452671003524
0.297620750914434 0.152613378432399
0.27255453830017 0.413504944625174
0.277659995173167 0.351739278315646
0.26460428726218 0.482863927578298
0.306009692577316 0.0610473790403614
0.286601333579627 0.258189188791845
0.292846545611232 0.199213816618927
0.289284565371835 0.230214599660756
0.311933465045079 -0.00184574769353213
0.311127168724901 0.0194894180039881
0.282125453160625 0.306094307134059
0.30350332382721 0.0908294046709769
0.298764234905194 0.134025521164131
0.285446173720704 0.267998718372452
0.276270327725555 0.365419328420497
0.288493690439079 0.245082833178075
0.291196733778033 0.224455386288051
0.288960331537403 0.229997405772607
0.284736287211352 0.280890376080572
0.297905850038407 0.154068612629343
0.314461959275484 -0.0193177332882441
0.301351443098751 0.112954318262739
0.283485968323697 0.293372642293819
0.304571877753301 0.0755809525107695
0.288936688351657 0.237894518945694
0.298005200548941 0.145677263647274
0.298349699841353 0.137631348992665
0.283804453503826 0.279819777727755
0.301114102463009 0.11051044049507
0.311290943658722 0.0106600114548301
0.309704866100351 0.019907411546226
0.290437455646271 0.225429809319159
0.281984594985158 0.304604634110291
0.273484295203939 0.391589582080532
0.308660238717882 0.0356600657885578
0.301396973624574 0.111125172234858
0.288342293610861 0.241463545572605
0.280352770908866 0.329744485421873
0.285536847865392 0.274856374131288
0.314045545565523 -0.0178358442400661
0.311143297062657 0.0152175493299959
0.312690374971655 -0.00027196906377297
0.307312207097533 0.0562373406216467
0.303341863015013 0.0832911753270091
0.282963228129022 0.30177877795745
0.29418224912779 0.184247543762438
0.298260975631706 0.141497084109817
0.289049363054263 0.232135433074719
0.315139340423891 -0.0365247000857548
0.305000919321322 0.0764560678072606
0.307875562763732 0.0384571010313987
0.312106968328319 0.00165669075197283
0.280318851189461 0.333015987455354
0.2971331167261 0.159841372797389
0.30967805010333 0.0205596134572628
0.285980615782487 0.268533339339932
0.310342620533123 0.0177240044238154
0.293678544421384 0.184600251288559
0.275292401891085 0.372373482368461
0.296089713400748 0.162295306776134
0.29145250012592 0.212567006627113
0.295137358751818 0.17397242155084
0.289889110386033 0.231019975768455
0.293921747975889 0.186337264676862
0.30392642245431 0.0855390471930288
0.272741237993879 0.388162241742801
0.297367682714275 0.144236924124279
0.290237157902336 0.22857853083544
0.295888954280607 0.175392003254641
0.290035487589742 0.222691704404047
0.295052030463403 0.180588194830132
0.308485890028899 0.0310212696878811
0.302444077882245 0.099758408124535
0.302842860226299 0.0952627608299701
0.303228748924885 0.0925388888510896
0.290128750361082 0.237199131414895
0.286230787123525 0.267902949246678
0.295122259934672 0.171250048799128
0.293755368060098 0.186124109367613
0.297797827883813 0.145373027900827
0.295625198873531 0.16143752341232
0.293715288350289 0.187778026168726
0.294623294416574 0.172327969516778
0.296948653125124 0.154605656304298
0.275218117759591 0.382640280045806
0.303302139439719 0.0867590388416618
0.293225568814869 0.198766538571182
0.288961288742543 0.23548787558786
0.289682174456556 0.231229914447196
0.286959225336274 0.246687039767605
0.293637632083802 0.188097555856037
0.292036598000765 0.204543243780742
0.296722331469459 0.15019512674133
0.307975862037811 0.0518611809324546
0.296328473134016 0.160936800202103
0.269395210966064 0.441410529259032
0.29765838004552 0.146534258520512
0.287391885228787 0.250420477143438
0.297014695345297 0.154611724385879
0.293926490849497 0.184710722603379
0.316986931443708 -0.0506113746164663
0.285715095454104 0.267206464023454
0.306398454315434 0.0610612464729253
0.31221276727856 -0.00947617053332886
0.276135490122725 0.358954330321137
0.298657150940248 0.135521246954238
0.287730045256525 0.250044476960034
0.290977882746521 0.212733278660612
0.315590256464363 -0.034980190495649
0.283190921943179 0.288827954957496
0.297563389228882 0.148913273099525
0.31338290875634 -0.0115117187177431
0.284198370189748 0.287763316158353
0.289230457041824 0.229842599217833
0.284992807888437 0.276814536722656
0.280608344350986 0.317487784192855
0.29644510610062 0.154608238583559
0.297443187208849 0.156462095951717
0.285246847771183 0.275333423115521
0.290304976667336 0.219248942034484
0.302136085236002 0.112460609939361
0.296170627732206 0.161054577058889
0.293456419985783 0.196912266300681
0.281996780030719 0.306672201287757
0.270199930504463 0.429066064467922
0.269872414722329 0.433477861931082
0.310269519816794 0.0265885290343839
0.294176210153822 0.18200861991362
0.308277530785725 0.039773500287334
0.306416592567917 0.0686419949000119
0.280501680605637 0.322385255810584
0.287176415781147 0.262307605328475
0.28304968849542 0.295608519214276
0.308946886559693 0.0373616887891437
0.277631814236764 0.356416663606596
0.324559414809703 -0.135892901135594
0.292897892232036 0.19503720189463
0.305222293348804 0.076617188058563
0.277753293611857 0.355391947202149
0.30428133367796 0.0801581964336475
0.288293024038013 0.244085220440936
0.307851346048366 0.0431461064605879
0.290061991796563 0.217482693464559
0.30596806709321 0.0642107207586421
0.289635719874172 0.234996010180574
0.280843817575962 0.313914647255187
0.295395945153062 0.168224057797841
0.303640558480402 0.0878289352342794
0.293500257105544 0.193791989043083
0.290560470302226 0.226840387445046
0.279044841978651 0.338638541978623
0.28988364954584 0.224661872848615
0.308652116287491 0.039378349481071
0.297662266133056 0.146787143306788
0.281930997507672 0.306163517068386
0.30222347375794 0.106272378012075
0.30176070475187 0.108032743320873
0.311953569118992 -0.00154199692788617
0.298688310738765 0.13085977496305
0.320624364478105 -0.0810545949832908
0.275591345979162 0.36703386002278
0.307209291506618 0.0517900996988338
0.300546977811302 0.120936187475497
0.307765117215632 0.0408418564787441
0.30410775147888 0.08137460122994
0.285099081837572 0.266701416104082
0.282170475262076 0.306387295354148
0.305330779886629 0.0711172481624756
0.283091899296118 0.299439128108613
0.284362828765942 0.294703266106554
0.262210470256836 0.514920571451433
0.31154077075995 0.00210187651057456
0.291402500394402 0.217507182774555
0.311962002895053 0.00479511816978229
0.282722862300066 0.304681841690507
0.293150246388722 0.195253542255756
0.293288622701064 0.196230219910662
0.291210664752527 0.216546319393229
0.299555962783645 0.127375338990504
0.305422834832773 0.067510927486158
0.320949462102857 -0.0832093144320382
0.287984092989554 0.246737951438952
0.279110134512617 0.335430512540424
0.281742047112875 0.310331501379667
0.304046922846299 0.0862222810510588
0.294714669575135 0.179536659540438
0.29265142153751 0.19807851164085
0.302866977179477 0.104335041503757
0.277661898566425 0.344553691661452
0.300090972943648 0.127434017328606
0.299467125394531 0.130985506360237
0.319340116106151 -0.0690282751605013
0.282275363558285 0.301702859963947
0.280809581792578 0.319870265633109
0.30019184719448 0.123675827607695
0.323327378859716 -0.111114461847341
0.305604889687339 0.0562163576026713
0.283057813126843 0.303565243380983
0.303513295508743 0.0848190925926726
0.302698990097866 0.0944232867144039
0.282206014047622 0.307334400954737
0.293533141641546 0.183082136103206
0.311630728775941 0.0108681906149327
0.320066937642859 -0.074132653412338
0.287124875143562 0.256712386529203
0.300315333042272 0.119528465717568
0.296200921949173 0.161196717554858
0.287764396245863 0.246849420874642
0.307895823113059 0.0407328728508719
0.303409529950921 0.0852142044586004
0.289812159395507 0.226930620067354
0.274139277630245 0.387905386602378
0.307021315287524 0.0578958936288482
0.321511616392452 -0.0985693562433164
0.305383615871417 0.0751646677979498
0.292083311497326 0.207751600917245
0.290547242852816 0.220469041418377
0.31365573555322 -0.00610486271331198
0.282988721335009 0.302987922557349
0.291853587114539 0.204937572371392
0.284489883765746 0.29438702853481
0.322135397726096 -0.0950669208622138
0.295011193836569 0.177218255098153
0.309931067728369 0.0206051651556027
0.323632571990897 -0.115302567307229
0.284152476601847 0.275124394297393
0.287399885087251 0.248207441557899
0.275471513854767 0.375253151250923
0.303055923787623 0.0816408811904751
0.314400326650552 -0.0261259248085902
0.294051903790209 0.182932623301206
0.284435661056677 0.281400329938163
0.311483093123429 0.00418749318032891
0.300917630902392 0.114708801663447
0.295799651759848 0.169868438998173
0.317723866034692 -0.0525895804224128
0.283727617930465 0.292410663437575
0.297924481610897 0.137255098287056
0.308011425907655 0.0436318816429108
0.285098496205636 0.286779610353786
0.307504220288033 0.0412419090809507
0.294040187634986 0.188833857387422
0.292225518169799 0.203447812220289
0.285878754545963 0.27661828216297
0.299689610848567 0.130140652027883
0.291671929356666 0.21076439973777
0.310979363699013 0.0215696489293386
0.287933125534369 0.261931371646898
0.280488529548171 0.329048071231321
0.300435879801518 0.124918868191555
0.314507073099275 -0.0205141383355773
0.290083759320391 0.221950204601143
0.309373238391675 0.0195687285096336
0.298371344931035 0.150461336894017
0.315215526606039 -0.0417878512072236
0.282886428532063 0.29842216272816
0.296330634063119 0.158754746019842
0.310183620079333 0.0232263211603195
0.296174793388035 0.165367498902711
0.266253235381423 0.469677395922911
0.294034376007732 0.192053556075968
0.298023122640155 0.146566095468237
0.309155727358802 0.0355255180375199
0.276293839796804 0.367087675251959
0.302085874976222 0.102454997574511
0.303717035429851 0.0969043606413303
0.287755814678104 0.249601950261858
0.291425258651468 0.200532595769018
0.285774716858484 0.271465008884026
0.30430115141876 0.080123380338635
0.316777133922058 -0.0353104969811164
0.296705987973101 0.159451167503139
0.28092169796268 0.319441401967349
0.286700155538281 0.260571034035063
0.315213380112255 -0.035418964982927
0.288984848119188 0.238156074600072
0.296963337361089 0.142078835438626
0.298737149655195 0.138473504247586
0.300333399232532 0.117118808669966
0.274425124384788 0.387592522195127
0.290046646376591 0.226230449635922
0.28667175133144 0.255780309544476
0.315955448618458 -0.041016835309432
0.287734029957689 0.251937916953444
0.304986306277773 0.085681530978401
0.309011616150139 0.0291107922153846
0.299432540717195 0.121319757290428
0.29308997519728 0.203266306875162
0.299945336528485 0.130236079284476
0.292722399621969 0.200290647683955
0.290272234612219 0.222700642947791
0.320068559583881 -0.0750008055058076
0.296292690650431 0.158677849038644
0.299854672220868 0.13567155609338
0.283115966781088 0.292056531161236
0.277387359214177 0.361304314689234
0.290267041662015 0.227355539267649
0.310669858150539 0.0165141607053348
0.305665823267411 0.0640528228307931
0.290681239674029 0.220551687115277
0.298726517643682 0.131853050391674
0.285660539944231 0.268717515822677
0.307776598825994 0.0495342086129385
0.296938198941466 0.157372582665673
0.29807944240124 0.141458474701456
0.286509097172229 0.270134782510217
0.298189335257689 0.138994191949252
0.296205966361296 0.16158776842408
0.286190167476261 0.265162084127121
0.301516964792156 0.111518692064368
0.295810996790419 0.162807949262166
0.277152157766878 0.355805797481227
0.289355586584793 0.231398106532745
0.304350565619871 0.0811340604543266
0.267058649458462 0.458276337180692
0.286819469964704 0.246700795499804
0.311904085777353 -0.00679390062555271
0.285298693635994 0.272875313160982
0.303985030274634 0.0858992706301337
0.293962927224949 0.183587147442443
0.290177093771574 0.229917744060925
0.287136933200143 0.25088010997932
0.288707535901281 0.243666252949718
0.300377063482929 0.112835385953829
0.311016313128013 0.00840002788708868
0.275839371338454 0.370418020270779
0.294875213732442 0.175470218577206
0.29018175346288 0.227944811885535
0.306276002116183 0.0571331094036758
0.256999622966265 0.559461695553896
0.285802337557778 0.263098993906356
0.314951876994265 -0.0284356129232105
0.289670859183184 0.227484556922393
0.287566667575067 0.255588490307181
0.301021232231536 0.120759011430089
0.311083008991191 0.0237878936217448
0.277917763716299 0.342894238083707
0.289926817435536 0.224377073008688
0.302647045189327 0.104915623627042
0.283765204329293 0.286682897414428
0.285235117111646 0.273741316911543
0.29267041865178 0.190419481195735
0.321152621491506 -0.0866095713291394
0.312073205942948 -0.000338553506938011
0.286982360431219 0.25519742977625
0.274324111569858 0.382328780959535
0.273579261810266 0.381646557087954
0.297946665325113 0.142308058745087
0.294537774505266 0.169348818661316
0.314223434604512 -0.0169742656242617
0.3021057268748 0.0965997327850514
0.302057469990683 0.104386173272188
0.298481533342057 0.141867003548046
0.304215940421078 0.0777869590444333
0.302294043442039 0.105266715802791
0.279934078298456 0.33607138022751
0.306963897584671 0.0467204124477278
0.290260107647775 0.215643068890863
0.292683324054264 0.191899614161113
0.29142952914897 0.205675467028761
0.302696720266577 0.0920576383170214
0.30276185827897 0.0907583659220064
0.290275747307327 0.221329835402033
0.286121707962371 0.268651300692707
0.299007571614173 0.135581381521166
0.310992842587549 0.0131731310538779
0.291330383094728 0.216293520604029
0.29598217477088 0.16479455652161
0.298679234858709 0.137039734623657
0.303579009621118 0.0999343018817611
0.293943296388416 0.185647710926155
0.285586431655838 0.277252777383102
0.274014967593057 0.37814399602243
0.303704315986667 0.0890974110403854
0.292927226117713 0.199767163388572
0.304664186200464 0.0752231615585126
0.316101856943066 -0.0310299417371228
0.294784099477983 0.178958072473811
0.297903156407701 0.144607347143431
0.286050122143199 0.262431911580545
0.299061388293139 0.131629085249051
0.310220664130475 0.0132968801301641
0.285695075695237 0.265658484955545
0.280287729920733 0.327514840669749
0.270953094511394 0.42350413516308
0.30618351438157 0.0639513389250217
0.285412566957432 0.270466776412442
0.285538229469686 0.272093355841799
0.302305117369284 0.0987040160248564
0.279238175845882 0.33940483339669
0.321855120526314 -0.0866134932268148
0.298207369819479 0.139061052537777
0.302354144706875 0.102975536637285
0.311337082727538 0.00811548202455792
0.292076143620761 0.199501796305614
0.295107047961085 0.175150009854764
0.309291591733001 0.0235236626523899
0.307049822384802 0.0497373368890341
0.299690538950754 0.118446471343388
0.293850699151575 0.190317133265852
0.290997643988401 0.212880249074032
0.292615719682401 0.201792535868416
0.284862850030586 0.278643938242547
0.307213772625325 0.0523207984171603
0.322071948664853 -0.10131072125697
0.296619713134677 0.16570572003621
0.265229873091842 0.478889047732001
0.29148775296118 0.201060850295041
0.300908198444825 0.116606826206544
0.319633098922097 -0.0700516639632743
0.306811006657111 0.0600008729071982
0.28755383923415 0.249129345512885
0.273241002785949 0.402908122903757
0.317871251737101 -0.0508877488603892
0.306168567683471 0.0611369428605424
0.284014940988282 0.292283320269591
0.296888873811091 0.156873331617969
0.289383733522121 0.232048693825512
0.298596757279116 0.137552938202568
0.308322326812009 0.0347189752868405
0.286039695245908 0.258720490649599
0.285904849765857 0.264637629995032
0.296016250780008 0.162497187520543
0.275509096995328 0.369497944675093
0.282025416666316 0.308925531399013
0.310361129737071 0.0310273114504917
0.312664098264952 -0.00218777262487022
0.288432690633123 0.236573575813395
0.295990745478659 0.162446056986548
0.30754082961217 0.0431380631007529
0.296775659725863 0.161275722808399
0.288247659632728 0.246835600033488
0.300594653815189 0.11227596379487
0.305372129603653 0.0725520680774209
0.30209766123027 0.100758323358238
0.299839450050989 0.129665067274612
0.294411558281262 0.178997252246775
0.318197417598519 -0.0673439238319674
0.296329215744768 0.154491143754
0.285324791228908 0.272326380356177
0.286843203379127 0.256141784944813
0.290793126085493 0.213947267172552
0.300882311812628 0.109139892138071
0.292584016968017 0.20192448543103
0.293437488238596 0.18432654596937
0.299405940923543 0.135081213666596
0.299056248606958 0.134866550036177
0.26715272154014 0.45934182998074
0.280239949913289 0.325209775004348
0.308108383485567 0.0434438565157121
0.3081332034279 0.0380467924518574
0.293420769982277 0.191463660005193
0.268360876447987 0.450772363828008
0.271042555562636 0.422151036680894
0.318702212430181 -0.0718129515405302
0.315435705422251 -0.0325190836493408
0.298934498309609 0.133194571960786
0.291601411256024 0.214476627951523
0.293459374336058 0.19899666290151
0.314705547334138 -0.0268572429340886
0.294654420316319 0.17989403836352
0.323357726512775 -0.113369551755441
0.286967967699406 0.257367081533278
0.294797489373091 0.177950713318422
0.277154489222979 0.352753643978199
0.290169715863984 0.221611773798816
0.302074798554795 0.106364372085994
0.2826676089986 0.300943629329197
0.303547467260772 0.0871798140406268
0.30002576093479 0.127593726722662
0.294518447104806 0.174174013051503
0.290512837178214 0.224584883717321
0.303609057219503 0.0779034070001196
0.285157227937434 0.277207586151975
0.301401705421445 0.0997766710205897
0.278040116778371 0.345719737405233
0.32956987443857 -0.177859703898408
0.313319462508778 -0.0192247418189228
0.280692318165897 0.315281448420682
0.270518796338363 0.42975027120468
0.301363498061916 0.11264278594703
0.294843948711443 0.171997381068006
0.300244388899357 0.116972014246441
0.28311886781379 0.290737993899639
0.294871147847247 0.177179559319719
0.290871239053489 0.21370789562622
0.282042311901949 0.308769732606276
0.300212468562631 0.118901341865237
0.294808735827813 0.177672273841929
0.327426652224999 -0.147263305277436
0.307183570970211 0.0531224486679014
0.287830550163734 0.244799014954482
0.281434800000956 0.317515011964157
0.264368412079849 0.480625238278458
0.300120606492853 0.124150923029593
0.309626239632783 0.0201727354534448
0.292380123767363 0.205762021114665
0.298311109212164 0.136621961081692
0.298255923775289 0.141478467318494
0.295325222391008 0.166800038184438
0.299487062862976 0.128391061196983
0.283252718663717 0.294973523779629
0.2858218768034 0.268524640489094
0.302424874976118 0.0913151330382626
0.29896059470939 0.134148046302999
0.276015543503143 0.360364741491646
0.307659997861551 0.052177207162471
0.314387205983144 -0.0215228060176806
0.308168344692151 0.0390710053135825
0.310170588235914 0.0205251290325782
0.282381751835357 0.307637167942132
0.300746954050117 0.116001240685754
0.309632660380727 0.0273102708522282
0.297426538403569 0.150116851817908
0.282359993401086 0.306381092631989
0.28623668231942 0.258502060368957
0.290904885391528 0.224569135960941
0.288388804015776 0.251123881687241
0.277833960686142 0.359085687092691
0.296821930325231 0.158970258920097
0.317411659330029 -0.0491583671604163
0.309991504189657 0.0264624222136398
0.276817631299156 0.362319698346762
0.309338599483206 0.0305070226139037
0.264699320525765 0.486435780973223
0.299516457649183 0.122783256093855
0.336936034093069 -0.253700830213145
0.296320342179258 0.16666934353449
0.296870215401143 0.158280912352434
0.30412295048991 0.087773981580179
0.293363400522706 0.191725066688795
0.279817982909629 0.326783331048653
0.295302641980785 0.165509925793686
0.302321958843698 0.098490213775455
0.302002816990937 0.0975525952427126
0.298647899899784 0.130579323070689
0.288901640206728 0.236915720386343
0.280185408473874 0.319736460750032
0.293416496255119 0.198917634293643
0.324489659835469 -0.124954577495254
0.292984999445901 0.206897255767891
0.291820624978716 0.192679074527758
0.294284448251597 0.176900474648727
0.302660944891942 0.106614873992978
0.269271735309522 0.446440150927721
0.296072764770409 0.168364074684984
0.296881350135758 0.156181109905934
0.287146020936341 0.262054145583685
0.289309230170938 0.239682660661738
0.293303098237552 0.190497092405274
0.269130234466855 0.447574618464443
0.319681063669933 -0.0680403157522021
0.278079434536447 0.351686663163719
0.301375349672087 0.108658317478256
0.284488811082538 0.282977035936275
0.286921551879041 0.255777829522621
0.324486213173693 -0.124075201726176
0.304213681717801 0.0846115142404164
0.304327609143831 0.0783490276484064
0.301916194821428 0.103359906144814
0.297514988292525 0.147386983999803
0.301699079903192 0.109506528484918
0.29177167655362 0.208082849779157
0.309792085081747 0.0193306337755338
0.323520398341445 -0.11366169765046
0.272539448163244 0.402865302931541
0.284881579366649 0.280348273691318
0.28190343691086 0.30941724765697
0.291337475067695 0.210231593701606
0.293271809820129 0.192946183930337
0.287561846480669 0.252308791096383
0.318015829865471 -0.0540164708467073
0.302061524630076 0.103042763112371
0.315677789410763 -0.031279615120729
0.269815923031006 0.433422995067652
0.290675919323616 0.216593895787987
0.295491243601363 0.173704449357357
0.284850778235109 0.278540727752068
0.295998731892 0.160782510536644
0.295820247000733 0.177853870031815
0.301541702723409 0.108473951941365
0.290209789605682 0.219445603928659
0.29133485736002 0.213182170905849
0.292186822168904 0.216844675070564
0.315722874225444 -0.0347131567963219
0.306630526302404 0.0455188878332736
0.292012568061832 0.210507488025004
0.278579256568667 0.344866508847728
0.294717745614342 0.171424857983495
0.27084927707449 0.411810633410958
0.286167853692947 0.264602193850909
0.315504626888257 -0.0180968644580558
0.289833788664455 0.229316122210148
0.297646554911952 0.147091846196696
0.304700662074585 0.0693813516736426
0.294601992421535 0.18330675913808
0.303478638443785 0.0943600873113605
0.281806600345269 0.30631610075048
0.314195160337808 -0.0173772467046518
0.297745206990354 0.150785740961701
0.290294243683973 0.240077262965417
0.296213538062576 0.17110195860658
0.274853478080063 0.388370043139702
0.305128766823447 0.0746183702394285
0.281975149891292 0.310420594243627
0.310997768079427 0.0113568436762363
0.282254657469247 0.306421182442969
0.291367752420497 0.211186940189907
0.2915321612037 0.207313170143115
0.298645285683556 0.138650313291228
0.298050854656836 0.146619407904639
0.310839913064877 0.0130884369653465
0.305960425351904 0.0541336758270521
0.299122457625132 0.136142463014139
0.311202640113886 0.0132985580814072
0.287987182108349 0.253498138197343
0.295697826493483 0.170992516953726
0.28682550693326 0.260626305102373
0.29221541201838 0.205166389204157
0.309728243951909 0.0344874777687032
0.293482099397436 0.199525570737481
0.286182954710072 0.261966637564716
0.27151128608475 0.41675749658941
0.303227880222542 0.0911803949097213
0.294331010572135 0.182221928565805
0.269421190654646 0.429530037107192
0.302479598453235 0.102235459774779
0.283969112195442 0.29382270005643
0.312330699062563 0.00173817000832702
0.287823701820246 0.246347299961375
0.293190909684137 0.185377360299796
0.323777969971752 -0.128395510818092
0.347308885229844 -0.357819464838189
0.305549791619086 0.0600587210780468
0.301847773796926 0.0958256856407429
0.301792138364286 0.0995533265114387
0.296673472127792 0.15270996434872
0.284858248391432 0.279081517385396
0.269574092344838 0.442985134743726
0.294754119523502 0.178585497651934
0.287107734684639 0.25141849792692
0.297753885438738 0.145010552154069
0.308484474660579 0.0418692341913924
0.290707067696247 0.219828126764289
0.295986954289917 0.168476894261152
0.299521457876471 0.129642163751721
0.289137783041545 0.24446374017315
0.317720448616106 -0.0543498288346757
0.266038519973803 0.472219058858179
0.302944397802241 0.0963885896656197
0.295525012874814 0.164203489341694
0.292612844138743 0.194831411955412
0.287489327621542 0.256383138424419
0.290455670208021 0.219239940211933
0.263388339584864 0.500595115122425
0.290438628595574 0.218566002157453
0.303375749201903 0.0902045232577883
0.283569917985879 0.285933503455673
0.298497273116569 0.13842845828409
0.290729714514976 0.217537341730161
0.303589927746689 0.0925937925076371
0.274093273312744 0.383796396088274
0.308708503245509 0.0272287576710264
0.286044997444375 0.268381790667978
0.317362295780808 -0.0535197949097435
0.301698688998187 0.112728443718475
0.281378121198257 0.322422471179588
0.28852386344097 0.246843607816176
0.307934940968794 0.039040099374845
0.291372161440832 0.211381747471868
0.283439460272289 0.295071678526586
0.301957831330567 0.105369405951664
0.297694968455177 0.139917886048318
0.308386024458093 0.0445940761481046
0.279284974141443 0.333661438751766
0.284336605296808 0.285182931983001
0.286715425217803 0.261114104728685
0.302832521919034 0.0967421063045179
0.288159252222629 0.246855083641598
0.316557498373999 -0.0480494105970107
0.30623127806921 0.0639549066372146
0.283322815806925 0.300599099692649
0.30244947164203 0.105534994251877
0.29400576406725 0.180480385419184
0.290929333666477 0.219622399970144
0.302007201484442 0.107850211344479
0.291357204246756 0.210464521133163
0.289302825254195 0.231645318915191
0.262030037317398 0.518291182590879
0.267778744409405 0.441588568632674
0.292851466517298 0.197304641911086
0.28390144132477 0.285923981897981
0.296413583072028 0.160527347621685
0.2957912856637 0.173060844064529
0.299331072722035 0.133759609295873
0.310977928716921 0.01603532682606
0.306496266518865 0.0635384520645478
0.305972575029521 0.0584378203895142
0.283686055085915 0.292194709918943
0.297362844045642 0.148023325700094
0.292275888134725 0.198755580272927
0.284717626534419 0.278445575534227
0.307913017904969 0.0406859234554262
0.309179210257774 0.0341140586785944
0.288639180525949 0.246248199482584
0.289076603600393 0.236546891801163
0.340887378219029 -0.287781227111959
0.303410155092803 0.0982079659836515
0.28988488626056 0.229209388930747
0.285189879666582 0.277865067042636
0.300076186709659 0.121749049111963
0.28177890487431 0.311097830284835
0.28550162415289 0.271627004309386
0.320530073002467 -0.0880204236866989
0.285328755439386 0.273883501169254
0.289729322205983 0.228357251254428
0.298729656229893 0.126477794322566
0.302131718113634 0.093705082858252
0.278634065805747 0.346924521413101
0.287817682860972 0.253331513516053
0.305612994740198 0.0579705738804289
0.298692213944328 0.141960528716498
0.299380048000926 0.125914399017438
0.313257589920625 -0.0192877737252596
0.278388311470712 0.344268370783253
0.292783444084918 0.198812029944813
0.305427782338964 0.0709304633843986
0.290994299060577 0.219609934210527
0.335495051258271 -0.237983531310627
0.305508005148678 0.0692017544279132
0.273392940911141 0.39729964477827
0.274693269811042 0.389638073986399
0.279144553061756 0.326577470673007
0.291875333078074 0.20557484151671
0.26846591135336 0.441615775341006
0.288152423843938 0.245749232861315
0.288297502984497 0.251918687148198
0.306506994894684 0.0630845078823562
0.324949667098822 -0.125183704094395
0.290431499925338 0.219813478936405
0.298876562316129 0.131202105717103
0.268936156388778 0.437863769938882
0.304311589924764 0.0866833323485956
0.295561664565866 0.166445489584593
0.327753904341477 -0.158655141349528
0.291568195612663 0.204956994081625
0.29284272515267 0.196535543382715
0.286520739290282 0.263528029291596
0.324319970981818 -0.11668043590543
0.288790033839622 0.242725046146871
0.323083036056305 -0.115967098707176
0.299491121951495 0.121462988773487
0.29743155312929 0.152460680733026
0.297643935130862 0.15050482451611
0.298696477150819 0.137979112278961
0.314127858964066 -0.0183525621265158
0.276289269811468 0.353998919162864
0.274583277867202 0.386654462813177
0.277401525905221 0.361211886529224
0.300731583158139 0.116717035196094
0.313619137724052 -0.0040098462944653
0.310276856041911 0.0218505287548151
0.306618948177914 0.0519121317379624
0.284926239786673 0.275397279679382
0.295409808875464 0.166923710414298
0.280325393507294 0.333255173377185
0.328575902390535 -0.158004097438136
0.272624420013015 0.40429016313941
0.310196265289038 0.0233895051811973
0.306815901503928 0.0487195530211011
0.309214398819097 0.0316299678105218
0.284872259094278 0.281975005546991
0.304745077946681 0.0789991130439131
0.280747100224003 0.322378429431577
0.28203897489911 0.298618986885038
0.279785370547702 0.329680960368612
0.278075887564136 0.341097000661553
0.294409683101997 0.183329076568904
0.292490787466019 0.205960515984657
0.306978241070761 0.0526941752643495
0.286704293716878 0.255435802496326
0.309888016225799 0.0202509946402805
0.303992247570539 0.080636535888508
0.307728600269248 0.042022740962491
0.285318200969771 0.269587654318753
0.300421451166605 0.12123821662843
0.27938600452464 0.332364268188658
0.297509091684384 0.15558807316733
0.309346961374978 0.0362627970142394
0.324409190449256 -0.125006996917896
0.312074976864988 0.00130753678722292
0.279365748395458 0.328642936272045
0.284431571702519 0.287706510906056
0.276144180618319 0.374337780691613
0.290552495193302 0.213996521332467
0.308866153985656 0.0363251643171605
0.296230109881322 0.162751810267255
0.265693898250623 0.479096871196813
0.303010130846816 0.0930710826162945
0.286512936589347 0.264175988574249
0.302396655212224 0.0989966115532415
0.28253313553314 0.303013950145869
0.294386157575212 0.184463660117981
0.29262839773149 0.195513669768629
0.277514534145534 0.345279798445477
0.27455650299337 0.392114564004728
0.309106589874051 0.0269776155646675
0.296674714387953 0.159683532782871
0.30653555115263 0.0492757968983556
0.297269565152969 0.156196990521822
0.294024668554345 0.192460928027763
0.309185845090216 0.0280825132088106
0.278957926823126 0.33602761003392
0.298831063839758 0.141729512103837
0.310529974493032 0.014937683303077
0.292817841856747 0.1905261871136
0.283040677557346 0.288664578716857
0.32114780927199 -0.088118739530762
0.311106352812926 0.00989412052590424
0.291712929495629 0.2020419621286
0.30296951912685 0.086737951026182
0.288045190195236 0.251009924149914
0.281985063514465 0.310395165477096
0.331765704231257 -0.200750397371158
0.314628494311961 -0.0296878125654936
0.280880794355811 0.319730600074004
0.281572999062913 0.30949516393988
0.309566386987783 0.0332255717853712
0.285385222827861 0.27177234515185
0.304616982229219 0.0756546826135613
0.291947952272437 0.214282205987012
0.28260792716387 0.308026596490464
0.289533388310244 0.227065429507459
0.275518584494019 0.374690326743527
0.308985604810304 0.0212137603745214
0.290944798957163 0.216000340927409
0.301189491157716 0.110490515099628
0.286674867291779 0.262978778406064
0.281846930770908 0.310820494905434
0.280418865937957 0.328070083554266
0.30657016028423 0.056535258449285
0.312474758013786 -0.00188843816316095
0.304446554302152 0.07261841070021
0.300146025883502 0.117305725806504
0.284262854314006 0.289819347558923
0.31545212757665 -0.0253074282115125
0.293597124148905 0.189108384811063
0.30422347505854 0.084055264326873
0.317071546313432 -0.0510739185186346
0.29113482368392 0.212537718305098
0.303135971289469 0.0922584267264476
0.292189199627115 0.206652622711777
0.303200429015209 0.100164338862471
0.286140720879094 0.255238838745592
0.301937403371683 0.101799026635788
0.293737928561093 0.183261537152229
0.313489833021036 -0.00925048014634036
0.314565711747367 -0.0222637677358354
0.28886169899453 0.232208922050234
0.304680550386464 0.0786376106796833
0.269804805043762 0.427473966419442
0.302951661749138 0.103393958212297
0.296739702590172 0.154288361007788
0.301131405069127 0.116120598651676
0.279928910792324 0.326947318346349
0.298657844192863 0.130834860577803
0.273616301894039 0.394612097090974
0.31093198247857 0.0122404949224877
0.274622711104026 0.381591905401539
0.293601061329053 0.187988296745304
0.30721327468129 0.0449622021819221
0.306010435164564 0.0535775606078099
0.290907325790231 0.218696115130904
0.296116623604266 0.156102645095535
0.291885130055259 0.207816553026837
0.292653383460625 0.197904711040658
0.284869257001818 0.282215436647822
0.291065939960271 0.20979277173574
0.274438361976371 0.389540796760248
0.27581410286996 0.375515310289035
0.27240531340043 0.399030304825076
0.301076393784048 0.112859222979176
0.29307318759956 0.18619755534498
0.315855085559114 -0.0353906625609423
0.283932282668726 0.294151270930979
0.31836258484374 -0.0659496286904959
0.311572400991285 0.0049444632469092
0.300537826963149 0.116619225965029
0.287250783222219 0.257135514940679
0.302204468562559 0.0982980964286561
0.270929026533711 0.421408578508012
0.289664533280417 0.230361264300521
0.299056588099109 0.129425756443332
0.312901704918518 -0.00674636894868808
0.303169036117504 0.0937841951743159
0.321250143255801 -0.0891955325166482
0.318424410856521 -0.0669710014216249
0.308401615222592 0.0365457960710941
0.316758465656016 -0.0463567992990834
0.285465183022898 0.280622897028231
0.29375706978238 0.182544959540815
0.320628122817044 -0.0864129968366043
0.294476330288049 0.187879049460021
0.297638505422257 0.151765613445327
0.29447003121524 0.178004276001574
0.297428127642719 0.151685073608219
0.302448326438029 0.0962251716648777
0.294264464537228 0.185211334559067
0.281372918692255 0.310610552619826
0.283010683945917 0.287250008733976
0.288765876442592 0.239672231411003
0.286165417681509 0.271867225379365
0.274880533821614 0.380579967484106
0.299418942256778 0.129935196614578
0.289746665911861 0.234218392834124
0.305108634889213 0.0808837394878287
0.285092922699047 0.27484112800124
0.292649181261941 0.193291092739121
0.283608955696928 0.288456625096818
0.290799251108141 0.212986135416124
0.305908639979484 0.0647576270879881
0.303581106653038 0.0814725948076885
0.282035417737963 0.314132209802108
0.315518983969821 -0.0430403297098612
0.303860775034784 0.093541317963273
0.294989054540446 0.172814846843417
0.295440504467619 0.169623034701689
0.286688568159118 0.254846805259177
0.273875209075435 0.397542173016409
0.28632148374286 0.26109925264327
0.307287267769818 0.0535898484600176
0.284728737570086 0.27409091929599
0.297335899285656 0.149654471156934
0.289146795653807 0.238430003564232
0.289939420435309 0.229505363496949
0.306570076369755 0.0627036973133678
0.285756089915437 0.265694729233041
0.313539906851937 -0.0186563766271838
0.28706547082827 0.254919943185386
0.276413199040188 0.365239060171641
0.320846012589399 -0.0833466540985466
0.303408533162873 0.0884860542344364
0.309778152000676 0.020980546773877
0.291390406865804 0.216040956769742
0.303982928001858 0.0857806118747038
0.293788946516597 0.191155022966128
0.292784610882629 0.19574468654363
0.27149646202454 0.410448136061757
0.304075847381061 0.0730263192154577
0.288072014072019 0.237253025904087
0.307096663782727 0.0565139906569745
0.296320493399185 0.164174537771361
0.283330743456638 0.291034939944836
0.28045206065449 0.32732763122506
0.27653931002481 0.352335890948726
0.294979807447016 0.18331040949892
0.296799081633815 0.153334723196959
0.280151220214299 0.313370815096357
0.312100422993511 0.00125373295065914
0.301931016682116 0.115309093866152
0.304283994334581 0.0892990860956654
0.295330182151851 0.170294105575876
0.305452433556089 0.0710732675849645
0.305389359201067 0.0685150801588984
0.288439432019894 0.241887342420461
0.288946189718375 0.235230525176027
0.277246680329851 0.358718101556811
0.290553261926049 0.220798732866552
0.307332862368891 0.0507288823107404
0.268126924949474 0.44799436461634
0.310988302885099 0.0133459848498012
0.276445066560601 0.369887082204963
0.279707067417835 0.340463550888644
0.299064872428243 0.127489103678926
0.302519470236631 0.101730801051266
0.290526009524343 0.221260640812689
0.305458565020092 0.0711098893221879
0.306365454129672 0.0571944020147657
0.295232869861535 0.173854376858435
0.277729659672907 0.354600885322049
0.30800441764236 0.0525681920017067
0.282298910073788 0.300083239173613
0.283947186101116 0.289876807729276
0.297221931212647 0.152518055296559
0.289632762122433 0.2214640132118
0.304383320687533 0.0863550379067223
0.290304386154607 0.216681409789031
0.290862822734351 0.215732243558451
0.307917889342675 0.0389699809035162
0.284712724965576 0.281787792926741
0.276462301642007 0.365748769509492
0.302993211465118 0.0912409283370769
0.299412777023974 0.122719603078105
0.298443364703146 0.136082316840295
0.302213420181394 0.109894352772519
0.307447203430877 0.0475794059242013
0.282980218450772 0.293989847252344
0.297484510518685 0.155464004805915
0.297504521937247 0.148855234525876
0.309904927043527 0.0257115711532619
0.271434064236681 0.416003877010901
0.305674528604848 0.068557769876542
0.296333123657414 0.16403585163496
0.294518092408263 0.181526213094712
0.291266123764974 0.210139609599754
0.311333182325906 0.0108172933000205
0.287092207337167 0.258659261298786
0.289026940022623 0.238766211164799
0.307181508986189 0.06437713839836
0.310972729306682 0.00744883125526657
0.303677746020718 0.0865936281235325
0.313873437581594 -0.00965099954280405
0.302621211117327 0.0923032177818438
0.297610828578574 0.154427572579539
0.273624344622697 0.391188825565602
0.28673989030576 0.254687161891064
0.282495807280687 0.299278397051938
0.289575328745087 0.231644603925712
0.307676691081141 0.0481747308248875
0.288791997775926 0.232656961242368
0.300643084767813 0.128475901471285
0.267078568137022 0.454123549573247
0.290401270098031 0.223935811037378
0.31414731970685 -0.0098577746561436
0.319934942477746 -0.0794495374215788
0.293742714555029 0.177987917118845
0.297859076827984 0.151243885883117
0.2763334096897 0.373973286457132
0.306451390236125 0.0627705337253667
0.291120308179882 0.215012548815921
0.305166296318089 0.0781484746374697
0.286534550351855 0.261493435404206
0.312044360615329 -0.00936162856427367
0.288601245740057 0.245214582665465
0.314994284193053 -0.0287396325760054
0.288579946457222 0.237752154780884
0.301370865315559 0.105792538770616
0.282478861801744 0.30410907583434
0.296043104415428 0.170808860744621
0.285271937292038 0.274207569507026
0.289578912262398 0.233225881094468
0.294465254148512 0.180803680433261
0.299067289280829 0.136834556848644
0.292718771393986 0.197978178758486
0.287309598518107 0.252883260736797
0.311800094244024 0.00380179484614371
0.270200437100187 0.428135137812254
0.306318953551353 0.0646237738938494
0.293097200168331 0.184904969164524
0.319074410847108 -0.0633457622569854
0.29839377247251 0.135232652567794
0.297560888876576 0.15849194311632
0.273228109131391 0.399298858963846
0.302917446539403 0.0911588905403285
0.28927517334046 0.238063985049307
0.29617357856597 0.169296034001845
0.304542103582788 0.0892386593485799
0.284814642853124 0.272499887084897
0.283369049659838 0.292169834533813
0.261105094108827 0.51287866799003
0.286203028701485 0.268156140916658
0.297653008218962 0.146985679876929
0.292365259291251 0.208636427831447
0.30481407717593 0.0666812765050971
0.287072098685486 0.249627458947895
0.286665877599624 0.263973150820227
0.28867170556044 0.240772846568213
0.290809594714234 0.230337340333226
0.293373130082019 0.19512310711393
0.311894863923099 0.020157200213231
0.272011103769321 0.406218816899914
0.292258078972556 0.200521444908001
0.2972455785974 0.159709331193877
0.30084923163178 0.118735198208248
0.309204182806725 0.0270355738813703
0.277378327399999 0.360690223040423
0.27186091183337 0.404768419639799
0.31223684137087 -0.0100396312538123
0.298180554121144 0.139583981511734
0.297954051562022 0.142784717954499
0.291635286720455 0.21272691652229
0.301285349281711 0.109743527232405
0.306505919685709 0.058814944227913
0.316724780177569 -0.0428755727647508
0.287804226855943 0.257469141896686
0.30387809253707 0.0891668161026574
0.300449983608598 0.119009494786748
0.300928909523583 0.117691527460028
0.309294528853535 0.0415414327584609
0.279205102702635 0.336740136334091
0.290365913565266 0.226075130531328
0.300167811716687 0.120015079541959
0.288819310315866 0.24304655381522
0.303178952336818 0.0872580935181427
0.313813935406679 -0.00727549076206963
0.302677183505349 0.0954032386536881
0.319838154760276 -0.0764255273775788
0.286215246166113 0.259849864456627
0.302673516817996 0.0989900803002569
0.274834783313484 0.379422666121204
0.294694435865197 0.182713952976228
0.267615056158906 0.453468309706987
0.279165438587571 0.33449183386244
0.281805931169651 0.312626107935804
0.276130627731693 0.370090851049142
0.286819517846617 0.265033482026521
0.305118440035615 0.0717716077624986
0.293311839663304 0.201598195392767
0.295489417194903 0.1705598173816
0.294028501459288 0.179279930060569
0.307285033616698 0.039237255800487
0.30114066312939 0.109965924319839
0.30742581042016 0.0477374377762997
0.281514451032376 0.308267046925276
0.297766437165883 0.145049523994085
0.273655157629896 0.389770897692216
0.278233298327919 0.347344682787461
0.285515435226106 0.265826302747621
0.305229587887301 0.0678020622345436
0.285018581782073 0.286367780620564
0.282897806994822 0.301726624710751
0.30816299279705 0.0321452038989654
0.295132265700894 0.17835930952091
0.302221050819498 0.0953643274674571
0.309430796469267 0.0224020190198618
0.293403636173157 0.186468342037233
0.28023732475947 0.32647569373946
0.306228938561426 0.0695425503055044
0.27904897983664 0.336009751609984
0.29702210467621 0.159091736548094
0.294134113493908 0.181469869472312
0.292760951040447 0.196913703678545
0.282246213552815 0.305249775699174
0.304668230439401 0.0779439715329408
0.256322243400898 0.566661246053766
0.300054729682086 0.130545983355312
0.289322507204634 0.233557243708903
0.313791648443408 -0.0141802547343318
0.292521929476271 0.202739061882043
0.282362097967805 0.299328484099935
0.280139987396653 0.324877579918595
0.302094191014116 0.10264428896297
0.321180388983606 -0.089001474420684
0.286534090916424 0.263755928309247
0.304718344901607 0.0785966980238897
0.300672688541041 0.109194330682013
0.318628102306024 -0.0669799854746937
0.270740775855202 0.425053545651789
0.27938491727967 0.340011210379861
0.312076971925102 0.00435514741187965
0.304150991338184 0.0836646083581101
0.267473277659452 0.455152223373902
0.304637152350854 0.0728476259003045
0.304168065807368 0.0854569434891394
0.274655167733387 0.375523700737622
0.302457712773727 0.0952572414880339
0.297607214576482 0.155570056759112
0.289681418134764 0.230104198918207
0.294612589962811 0.186671008603721
0.271046374270632 0.413689278668238
0.30010025720007 0.125048461621882
0.294885721622978 0.179722400780429
0.29749264628794 0.153448683355183
0.317081633443379 -0.0533131870163859
0.297636876905453 0.150603764377046
0.279879699050258 0.335929184518244
0.301920993943288 0.108851979653443
0.277756198254466 0.34891662579635
0.289220630029605 0.235331747288719
0.294574976469635 0.173968827806097
0.299111234326164 0.136701231308658
0.304204100899247 0.0824775659449588
0.287907161020873 0.257694907864665
0.290533773321838 0.22558688751216
0.302872010573076 0.0977521712016819
0.299903150726434 0.128199008362533
0.298553013462042 0.139343926933139
0.324882695503073 -0.123900198501516
0.280248246761067 0.330304616008331
0.27282825020117 0.401084924036392
0.300374491548435 0.126390123153462
0.281869507586859 0.306513450774025
