0.409837693097031 2.97210876665499
0.405771179911743 3.02338371963672
0.423546527759157 2.78833606922262
0.458237363627112 2.32952847310485
0.377495073802713 3.38730736924512
0.429112233071976 2.71924597384018
0.396950132987216 3.14471266623304
0.425382140892219 2.76566469538894
0.417367221667306 2.86765196845825
0.402875869017654 3.06261513258873
0.455376348487154 2.37022279880958
0.400091049244542 3.09757462752094
0.45747118220547 2.34372298771438
0.37482624597236 3.43353060595427
0.44078606128265 2.56268375192607
0.427050112353894 2.74936078978724
0.390303723614938 3.22782778260697
0.425068523321225 2.76706055005698
0.458004476685713 2.34162599302269
0.439998417548793 2.57345881968862
0.441130192308707 2.55545032809277
0.434852807190537 2.63922153886279
0.434627941776788 2.6435026785812
0.410230083221175 2.96423081401651
0.44513655342142 2.50244496156434
0.404873604144198 3.03884409149256
0.401700678811732 3.08180824218912
0.434731287859773 2.64346423671369
0.439451308183974 2.58344322318008
0.395746533672078 3.15484981752617
0.431613499047432 2.68714648923603
0.420340266657298 2.83833383295279
0.427489403677318 2.73347194625923
0.428145323760452 2.73608502605885
0.395223123693008 3.16518507723929
0.433959413695633 2.65748977891066
0.414143531726784 2.90749646855191
0.416891741418406 2.87473784376667
0.424975989119844 2.77151039079924
0.401161685509262 3.08309270308421
0.40071280490782 3.09213609680083
0.389225053380771 3.24138015791131
0.429191053457149 2.71701746591276
0.436135247407202 2.62681547228156
0.395761463409706 3.15423189592863
0.388798090532806 3.2508181363071
0.412555287491914 2.93440098159877
0.399745617191214 3.10189584295074
0.427630642069611 2.7391689826413
0.392707566742583 3.20093754611153
0.429626044933101 2.71687644241611
0.411149918954841 2.94987437623321
0.422403082206713 2.8071889517626
0.425629468455308 2.75839795524067
0.407646025756594 3.00173899846904
0.409285872846281 2.96780521004029
0.434171821242761 2.65158291616731
0.408634851409469 2.98259438415856
0.416628208919519 2.88028318268458
0.434450214970696 2.65782591769546
0.408150967835077 2.9946965270048
0.412754477999467 2.92783297027089
0.40511251762538 3.02645127651544
0.428458107216254 2.72298179207737
0.390547431974834 3.22141797001496
0.397760347986968 3.12782103258624
0.405615317615139 3.0271367850416
0.446189150490616 2.49663715358533
0.419744788701255 2.83448870615275
0.389410874695128 3.24006081092525
0.396240828569843 3.15409615489901
0.446240950855347 2.49257352399769
0.424587607508953 2.78529402217322
0.404621758750328 3.03608049022978
0.393859707490709 3.1763510822342
0.403397732006032 3.05677841885471
0.419121709209261 2.85988636279324
0.433972985196076 2.64976060164134
0.420774921004027 2.82730895630364
0.411921324114989 2.95723945688298
0.419047302194285 2.84677287145747
0.393174593108246 3.18628934579244
0.395537482801894 3.16027362097036
0.433416222064384 2.65795224008825
0.432223277500381 2.67501902568823
0.437922146965351 2.59852706824061
0.415663637630289 2.89592103410618
0.402483771617608 3.06569125509681
0.446061967086661 2.499316436785
0.399849635118103 3.09597545709268
0.391235758242243 3.21506356209027
0.402007869478337 3.07539187232326
0.400979564934146 3.08783753344812
0.418982374054541 2.85816519302152
0.392051123364194 3.2062291901422
0.416209943691262 2.88736886463714
0.431999924196117 2.6772556951561
0.401637967312812 3.07900578141065
0.390321132571092 3.23024070951546
0.414532897399125 2.91272160211922
0.404166914739895 3.0434633642003
0.380124797624067 3.36008020773554
0.400704984674679 3.09246015666742
0.422261067837867 2.80898566622216
0.398959106424715 3.11108438204783
0.432271472997638 2.68250490436448
0.397560638580371 3.1342875674586
0.432923672871329 2.66306433963703
0.408837073037014 2.98226659640198
0.379479808099889 3.3689756612932
0.418096175237284 2.86367894911023
0.39845364947996 3.12051161125021
0.414471686218235 2.914666553514
0.426640933090675 2.74816081519969
0.387245195884353 3.26628223811387
0.395633627154697 3.15421240631467
0.383147606509125 3.32587968747567
0.391131521318914 3.22527456164823
0.382831118275966 3.32517911355829
0.378271225873282 3.38185401212312
0.390898115306759 3.22413746323378
0.432501066559059 2.67439864481331
0.441080520373284 2.56071566035015
0.425860120134307 2.75333041528779
0.438557689427757 2.58988163855121
0.425525480937631 2.76250051232591
0.405407999830919 3.02720402434186
0.40854835532163 2.99121732941517
0.420087150939298 2.83318965796269
0.415294199017236 2.89153450524884
0.399145897849461 3.10077140481073
0.418815941338139 2.85151777433745
0.397427833144679 3.13527124592799
0.413018788235825 2.93586615728853
0.414467226187937 2.91156268964726
0.414718700340196 2.90804183734901
0.389152653314231 3.24182236032086
0.444434367632157 2.51221106257761
0.399281396046196 3.11147293860917
0.430211911561335 2.7045793378833
0.42892565879476 2.71306052880809
0.43091603509202 2.69315525720306
0.419082052402374 2.85708189926371
0.410370805128444 2.96638851660127
0.42130239524454 2.8227773386264
0.42308981716717 2.8016216462089
0.426335994297338 2.75047110488889
0.443335663787958 2.52467177921255
0.407936880092871 2.99412746941465
0.409459303754657 2.97512271114492
0.415303826275096 2.8982242308241
0.419332131615496 2.8411992021078
0.40137502080958 3.08255089027674
0.398990002474293 3.11520516665215
0.397579062770114 3.13864070471997
0.378715706378243 3.3737016277359
0.410142774937518 2.97218312094599
0.414321008566706 2.90391106727084
0.371134974699062 3.48901273032362
0.425722469540744 2.76831333393211
0.42417076426917 2.77774938619236
0.365968884793858 3.54952776313428
0.383660353292973 3.31881503769298
0.422893577565473 2.80270342353916
0.449476541454532 2.44381789659606
0.427584004175092 2.73292066700024
0.421694895412734 2.81810468166889
0.401088617344488 3.0792970994778
0.414167366523208 2.91395345229628
0.399847248318696 3.09171196361368
0.403591800239856 3.05498937602977
0.425488718265957 2.7640322487247
0.390306976104835 3.23169903019227
0.396530871818393 3.14293026254282
0.422458992767019 2.80077047384481
0.435472136521756 2.63509194163866
0.387430536667481 3.26498115389602
0.388511696863494 3.25346756241382
0.396296211188569 3.1433550446783
0.40519227118403 3.02877205048181
0.390649400744428 3.22439608853388
0.42223790713728 2.80515268913031
0.436215597503892 2.62610476016242
0.429885210385036 2.7054351033186
0.399269039697437 3.10764092236171
0.414289010846887 2.91613002427371
0.432891716021765 2.66402542482681
0.414305299548954 2.91245043349096
0.378359142445101 3.3920519604515
0.451621530099023 2.42084507949633
0.40667073075904 3.00644393836027
0.416766963813513 2.87418918693649
0.388161604192712 3.25978940179823
0.416304768578091 2.88129061235471
0.414466822207034 2.91090848653574
0.4410973863457 2.55371583938037
0.423210359533676 2.79705033722785
0.405329552960493 3.02967725345417
0.416408049090079 2.87740738939427
0.394619081266234 3.17670328201613
0.40865143939836 2.98733667245208
0.435725722177468 2.63127682072924
0.437151892613989 2.61261746154417
0.383177270410633 3.32246121670663
0.410377831239714 2.95507452937164
0.410517000939824 2.95746036695965
0.423697987100661 2.7929648702563
0.39489643103153 3.1716462968577
0.417779963262506 2.86801740263057
0.424215847476145 2.78169225078998
0.449904375906021 2.44408900672814
0.391344266294549 3.21024632812711
0.418069230540237 2.8655950824476
0.420809834243498 2.82589656381961
0.388297825520202 3.25558633182105
0.420356144738185 2.83009354652497
0.397846594239231 3.13183905938489
0.411015280642621 2.96067031133144
0.384809538143507 3.2936871960268
0.406271342321173 3.02041828976428
0.402870765538331 3.06516516877037
0.425786882358452 2.76044333458006
0.405788225182637 3.02757101879642
0.383270662998115 3.31500174883986
0.404714851148712 3.03974554997151
0.388953091318118 3.24490740780533
0.427815584839604 2.73598955159935
0.436688717096344 2.62268489699734
0.412631647129163 2.93573832435159
0.403280835975925 3.05335281264752
0.395094055327755 3.16189401443784
0.410337299109347 2.96278712950089
0.419845566651043 2.83912425429468
0.422117176380114 2.80824576974322
0.421593883729264 2.80965371618078
0.384954439880044 3.29413561634433
0.415225861032546 2.89834697550015
0.434277047821355 2.65147996002739
0.358977239292451 3.63979895738594
0.417433353335297 2.87631451382673
0.399365669749179 3.10829712247274
0.419540574846767 2.83623267754659
0.414124256503867 2.9168947414247
0.384392432635814 3.29596631869652
0.412008169772643 2.94047062966906
0.428666664167658 2.72591167866631
0.4289180248391 2.71506219470688
0.40723791369046 3.01275686141868
0.423466289986279 2.7929430276656
0.406232941402598 3.01950000857712
0.401067184975682 3.08461827516483
0.408844686731882 2.97795495469417
0.389993031110794 3.2339181552669
0.378844230884139 3.37744134699226
0.410674468535831 2.96082186026405
0.435301949708349 2.63231650206999
0.406565314866972 3.00884987784308
0.404640379645335 3.03362682972692
0.427763171550377 2.73501704773419
0.401214580144076 3.08487496413993
0.409100639814782 2.986865557063
0.427978198366108 2.73333811763313
0.377102090525374 3.39915621735205
0.396088009637437 3.1460320436387
0.429150031205126 2.70359219193145
0.424364105775179 2.78170544419334
0.410195496916879 2.96381715348621
0.419209334358712 2.84033364562656
0.379029711376169 3.38059656752683
0.437952499248183 2.59626755849589
0.37639201134243 3.40646056565051
0.427491486967959 2.73878239422816
0.411803584457976 2.9438535011956
0.440567412349622 2.57070015027656
0.443813471106372 2.51358615055479
0.404567590277915 3.04453241109109
0.436545581321613 2.60948172583921
0.404793721953717 3.02908723626095
0.409863736636511 2.96297618864329
0.407205236906251 3.00781047071352
0.439807929385232 2.57741542428752
0.433330829068441 2.66450364918622
0.40411573035602 3.04060738355242
0.380378143334132 3.35844991572973
0.415241957732358 2.89840710987237
0.438410264235037 2.5989518954679
0.381806315394418 3.33652349730343
0.406965217402381 3.00931220381939
0.399272605877994 3.11137894166231
0.409335923582044 2.97330822012104
0.414905783314146 2.90149951592753
0.404832907221119 3.03368347161623
0.40808612840272 2.98687557772846
0.454343946815142 2.38577016293811
0.357148376731793 3.66409567119068
0.414927734490579 2.90671803721298
0.415731000502421 2.88978238799085
0.427875176189087 2.73305361508482
0.403031061213184 3.06028674951085
0.431941022425067 2.67236713042734
0.407591146840271 2.98980869683821
0.388405195920584 3.24759408883246
0.397378890864167 3.13413892279394
0.44527222779444 2.50652173705846
0.385196106158463 3.28882715993743
0.395616447765297 3.16021459980144
0.41939748503951 2.84400295016567
0.439767228003481 2.57203285948243
0.37774560748331 3.39008919743794
0.453548510608611 2.39802581060887
0.397704788537143 3.12522868989944
0.386720222491803 3.27088369260875
0.425035381325209 2.77093116056955
0.42464186631673 2.76719512705246
0.427254841728961 2.7407608715499
0.399344577786992 3.10957931748408
0.414553479819963 2.91150418095262
0.42021451099358 2.82797367396754
0.412569601444087 2.93788553609256
0.383702609738907 3.32352446861924
0.402264072242993 3.06975890324694
0.384447920325072 3.30219291930056
0.402445143389542 3.06616127457893
0.417056518620583 2.87225943785016
0.383522485142939 3.31718086099259
0.391086320247453 3.21258738272248
0.434914926277786 2.63567146348393
0.406955898192317 3.01569314579085
0.39056516084317 3.22388787789537
0.372899640764386 3.4583459319496
0.413243383198394 2.92172380587695
0.404751224634236 3.03421810021211
0.387051325610629 3.27108883065916
0.421354633500532 2.82195190919584
0.4026970493993 3.07169826995943
0.405955559101531 3.01474502590098
0.397773290756087 3.12888190343408
0.423734724799833 2.79431071416222
0.419973393533726 2.84063298546194
0.369826370025403 3.50026309197538
0.410874524290173 2.95732230503503
0.381238536432052 3.34430179199565
0.383593564482407 3.31572456509506
0.422122726536206 2.80727205413636
0.396901394969677 3.13726431352695
0.408293963601393 2.98201089308541
0.420993844113545 2.82074602607065
0.472639723345816 2.14395375998948
0.39214909861919 3.19718526674167
0.369331171699147 3.50644396216443
0.410067126467485 2.96503677575255
0.427838833255391 2.72990058043392
0.402637968054916 3.06551083760922
0.422797122469666 2.80050071566589
0.403597060599559 3.04945320131804
0.373379039115979 3.45418440342027
0.432227752217988 2.67903630634972
0.446623257107309 2.48622593384275
0.443853531413255 2.52644295324639
0.403058073139067 3.06207421512901
0.42634986109447 2.75868704763401
0.430158640588573 2.69584088206533
0.410634661951417 2.96269650309607
0.432406405194448 2.67560295815256
0.410882034382013 2.95458743922202
0.421993728438518 2.80748563986247
0.399247952179753 3.10456038886393
0.40903272242308 2.98384321158195
0.389835924116005 3.22942311247015
0.380226836464999 3.3628390340001
0.387282630191193 3.27458184474408
0.410346685296492 2.96939491915956
0.425509197531976 2.75843120978455
0.41661467948097 2.88253910116591
0.403506025446951 3.05389572472565
0.423861301793095 2.78076464268401
0.408717079169092 2.98022024480847
0.394267232554244 3.17349054478634
0.410154514176338 2.96718480596012
0.418463782135237 2.85510272847573
0.389574246202951 3.23905653871232
0.430592430665034 2.6965681970162
0.404400597703891 3.04274222919365
0.411856963068617 2.93139818879769
0.415149533908723 2.89346657600624
0.391125899664976 3.22039835358276
0.447886111638661 2.4755441248871
0.447891626962173 2.46721108735247
0.439545018093802 2.58455511819481
0.405772230600321 3.01692833436189
0.419496965056775 2.84321239041499
0.420828137769904 2.82584030062561
0.410735982047026 2.95980835825925
0.450675075497844 2.44448479892618
0.445154188827478 2.5081926138877
0.391805655245304 3.20635624155744
0.41870615988179 2.85005627284889
0.402545437195617 3.06475513056707
0.431304325002075 2.68116596903232
0.422576493207027 2.80239854362495
0.42737566654925 2.7334622947394
0.406368186413738 3.01627260325385
0.419983025019601 2.84166534238484
0.422117495684086 2.8039823194864
0.438468580173188 2.59880378871097
0.395395589200955 3.15817947982128
0.387315666228375 3.2679668248771
0.393397901914146 3.17785431471836
0.431697696731133 2.67987342089527
0.38784174542643 3.25954807667285
0.408420550576481 2.98097595373851
0.398128838323397 3.13331194850918
0.436595455377728 2.61748824260062
0.432274672756546 2.67856936434494
0.452846552071848 2.40335851988703
0.412027067319717 2.93971702904007
0.404930218283596 3.03333335861517
0.40433109756061 3.04062862814647
0.409902571532772 2.96883609063898
0.431281625381791 2.6859859083917
0.413154014312678 2.93079249015086
0.397791774059821 3.11817177342775
0.409872266103848 2.96185097862419
0.400487703062842 3.09063376601859
0.434007590198409 2.65141811213741
0.401180438968052 3.08067955939064
0.404274600206039 3.04409791647445
0.394647768856226 3.16255567393761
0.423888540356674 2.78553998244208
0.415187714540441 2.90040731264039
0.400423770528022 3.09564594327916
0.410308582982203 2.9571694984159
0.403230797566727 3.05741859357052
0.387430519020694 3.25998576719109
0.40284055330038 3.05697527492882
0.425161279272772 2.77450640334326
0.433117595088243 2.66486392702187
0.421653634852804 2.81170608095889
0.409543607613442 2.98325628209793
0.417960810711159 2.86095633568504
0.42898928768735 2.72437848329006
0.421179157085287 2.82012090788872
0.42164272349815 2.81391597050748
0.39452610037983 3.17463342213249
0.41036551706363 2.9699413210066
0.404926359997887 3.03359135509053
0.358286746382507 3.64963586950288
0.41466598430582 2.91662467522648
0.430819202090503 2.69439746597338
0.400182660151069 3.10617883684435
0.393145287156035 3.1880072413089
0.429532605555969 2.71711240795018
0.392351516271968 3.20278810500344
0.42326248729953 2.78462480175937
0.388318891874234 3.25316484973196
0.396295432005125 3.1520245032079
0.394884757462859 3.17083506677874
0.420524308169097 2.83009362962505
0.412969906444367 2.93058022502351
0.407654993844768 2.99801690328638
0.417503449997333 2.86224262038761
0.429527980338092 2.71212271555356
0.412315205928257 2.94297271643843
0.415803712990215 2.88626332072042
0.417988930210209 2.85882260129492
0.406068433460927 3.02128278690915
0.427266485992613 2.74435690358887
0.406730632059092 3.01492418828109
0.414063202901702 2.91613365908942
0.391053528984224 3.214590728381
0.424013409522731 2.7859703422119
0.432202820088232 2.67548884589207
0.423511783876378 2.78775795399336
0.384155128249888 3.31231774555609
0.432392023284679 2.67566237981397
0.429036735325829 2.7130363386867
0.408268456430916 2.98500099018557
0.431896925785276 2.68498328337392
0.394039409828222 3.17143673975064
0.413972598713714 2.91696789554226
0.388779917929111 3.24854132140039
0.411097899149294 2.94893756682463
0.427607184457852 2.73613349048198
0.398693379988887 3.10784426495167
0.403909353045071 3.0497122345052
0.417017818208404 2.87759947869099
0.419328639751525 2.84703343921452
0.392727841194922 3.20501332663884
0.415739383573314 2.89650267290385
0.402444021867116 3.06539580666642
0.369531383621376 3.50513598469259
0.41235694582373 2.9386799671346
0.371203858456085 3.48199629550998
0.373797767982376 3.4448841196342
0.414368799198559 2.91385481214995
0.415488834433118 2.899771424819
0.429355785963035 2.71166624470191
0.388713916827281 3.24681908803354
0.402240600570237 3.07639064604453
0.406389762961328 3.01522413732091
0.456356927299114 2.35893907316464
0.405578253191175 3.02686775305576
0.432396999779892 2.67620442150031
0.418122277955006 2.86015638134408
0.422872775680076 2.79708139277747
0.419500852872907 2.85108756989956
0.428884777331407 2.71274654794068
0.403339968804699 3.05684412237451
0.387511629568712 3.26555696101177
0.404583989480102 3.04343112795206
0.420500529480083 2.82639339077311
0.384855186602595 3.2990636697107
0.431257287838479 2.68761133237009
0.394390266117302 3.17607138650301
0.390639356421528 3.21225608549534
0.400751646872075 3.09625322179728
0.403334527043657 3.05192807067714
0.426011913893238 2.75563945232688
0.408305146991654 2.99196424171178
0.431035473616663 2.68298522707463
0.436932742448248 2.61727893803843
0.444667102023855 2.51755714260662
0.394272755016862 3.17578850931105
0.435085001214223 2.63678455914175
0.410849011812415 2.95570858535964
0.425400374572337 2.76155454385382
0.358967794239189 3.63666762810945
0.407940013080335 2.9891205069469
0.40727526712174 3.00283700894289
0.436385632717823 2.62187605894526
0.402856248358018 3.06573591542447
0.393783250105198 3.17862608550872
0.427053047003474 2.74918639911202
0.403505185005858 3.05825741281241
0.4026967230148 3.06438176800585
0.421402192345433 2.82532351635964
0.408599801324748 2.99031974985257
0.405962314933394 3.01860920496071
0.386917775641617 3.28296862318595
0.410055392949693 2.97200482496009
0.424624291066617 2.77897496164589
0.438592129082643 2.58843694225354
0.378521399472246 3.38346340715212
0.391873643253207 3.1966682196689
0.400117743552348 3.09447068693446
0.403917223905079 3.04897662592313
0.378830128993536 3.36773712152801
0.409038099921623 2.97781357421275
0.391260145157036 3.21265022276273
0.419761033917145 2.83773975387555
0.380146694988632 3.35669077370037
0.400954947458939 3.08761372348617
0.384147570379748 3.31129013402508
0.419716637335871 2.84402581094057
0.430929743457924 2.69453119756112
0.428193044695885 2.72122693555372
0.403358956563124 3.05535626688735
0.425344042562178 2.77468342423062
0.393377563345209 3.18047412046658
0.436562591800361 2.62057778176207
0.44338273444431 2.52911791337918
0.41648751877069 2.88902832795562
0.406862960470249 3.01170271331886
0.39409155435477 3.18007847178617
0.405132618423556 3.04003220734225
0.403898321435833 3.06059125863509
0.422701449443053 2.80426578091259
0.385441319431261 3.29762540250202
0.413374634415385 2.92680104544467
0.431418127560203 2.68264770193287
0.420312614079213 2.82414809947837
0.417168398171695 2.88367216548101
0.435023882917171 2.62602144427448
0.431221833326113 2.68682100437977
0.445322227851745 2.49911154923182
0.387999253783443 3.26053128638731
0.417826967479293 2.86615553614603
0.379130252238262 3.37446426272962
0.430862938428286 2.69961374851026
0.40694939630493 3.01005300960744
0.428795282331825 2.72432552746929
0.404327991062632 3.04501939641154
0.443354244740481 2.53023175156839
0.416664103575254 2.88879888236982
0.399530447246856 3.10738551035165
0.414073193031006 2.90457145357365
0.430511176284829 2.69983591883172
0.421531716268521 2.8133496779395
0.414506018683976 2.91999687902185
0.420974466786349 2.8232771098635
0.428759299791038 2.72134429941054
0.415989408645762 2.88911882979236
0.438688334915157 2.58703232995338
0.420976588394037 2.82443024686077
0.392850275953052 3.18246596962828
0.403199641917753 3.05822152367668
0.388814261054398 3.24262641743947
0.426506246947815 2.75199954137394
0.43790991006606 2.60142222941725
0.374549325831933 3.43152626394486
0.411502639542957 2.94531340650332
0.396111195308554 3.15064242009289
0.455013274186506 2.38548590316493
0.403615815618785 3.04831835436623
0.409821789877589 2.96171591179719
0.396751012278361 3.14941257686711
0.435337744809579 2.64094027619776
0.402298014655907 3.07022673547537
0.382175930029074 3.33411425605418
0.448936201526079 2.46076316926403
0.418678002937895 2.85196333004111
0.424193601987602 2.79147818467668
0.429196722878855 2.71096696066974
0.421209572459297 2.82625247677212
0.423537429712888 2.79292690772829
0.399960518716593 3.10081631438979
0.432981482856368 2.66337284163412
0.405895277123002 3.0211198712769
0.412950749102767 2.92318861039011
0.408384150509349 2.98782506043269
0.408099515988907 2.99722772747102
0.427976806888932 2.73414337576797
0.420864806398452 2.82419161347523
0.414663730272744 2.91278137495836
0.417982437381553 2.86042793539217
0.432418114930315 2.67153384916723
0.42304444947268 2.79752944754368
0.406342891307072 3.01795245647904
0.414104687537551 2.90843874822698
0.382278273478111 3.33069276781606
0.434024305335079 2.65191256253123
0.394797620568547 3.16979991453975
0.409248122850944 2.97632432562796
0.40508381855172 3.02195117509337
0.438870473994531 2.57915998608302
0.411232190646517 2.94959808764611
0.407974622232012 2.99623936584806
0.41506408646984 2.89858899560571
0.414020484908537 2.91947436133396
0.411361321311055 2.94556125435554
0.396105805256316 3.1550484825396
0.409693903424586 2.96733418757714
0.397783219436832 3.12640173368933
0.404910069035748 3.03343174157885
0.404036954120887 3.04548318092128
0.407036094938328 3.0107956061232
0.414788289802741 2.90203032083861
0.410562483164421 2.95763408544381
0.39166345419301 3.20296079614446
0.407069527307804 3.00525280625551
0.412271709351264 2.93581409235891
0.39076355965936 3.22334329277486
0.381088823837459 3.35430363685508
0.386346338197168 3.28926257684219
0.427383285280477 2.73399018891573
0.409581069138577 2.97144417193967
0.454277995103877 2.39263260365906
0.432848040182746 2.66456096818426
0.396804593305578 3.14063181525554
0.426832455267351 2.73799680898841
0.391306091297829 3.22024922178699
0.438237853149776 2.59439576024853
0.419750492222908 2.83721505912755
0.389306160802154 3.23795388953079
0.391493963209783 3.19900640392827
0.433072902180861 2.66069972652728
0.406082651081068 3.01099020242624
0.412315069697293 2.94153582915635
0.442050209426766 2.54113822005483
0.417429278513355 2.8726681060457
0.422587162058262 2.8050643743291
0.421265661427317 2.81682589992069
0.412594839779285 2.93760497385369
0.391971523902287 3.21132653567764
0.421089272156428 2.81410298854761
0.416344037418936 2.87688506151471
0.415170166190736 2.89335152261258
0.419417280416869 2.83953431378089
0.398757573162308 3.10935810548493
0.3970681305727 3.1331209734766
0.423938628040134 2.78166072377068
0.404881249439416 3.03737175901983
0.436603121588686 2.61863008715695
0.422978440214583 2.79836218260473
0.390510621415518 3.22814964427519
0.392615414198038 3.19580719747857
0.397909709067 3.12481759467287
0.403641149804185 3.06230421296871
0.410297545654747 2.96419280214962
0.393888287415152 3.18492741237477
0.402953389714839 3.05084985165923
0.43100981080456 2.69418233284078
0.418510179155896 2.85921997220401
0.416869545577676 2.87749114321351
0.40235730293493 3.07610302632262
0.421255990964203 2.82106472704148
0.405306546372873 3.03070110620694
0.442978857827972 2.52990639185474
0.407896655824741 2.99264378053476
0.386930235357898 3.26561542211927
0.43252827189475 2.66803244038929
0.429067396353092 2.71892360475284
0.407928385284002 2.99651945952325
0.406743364520888 3.01387805277022
0.38742529030249 3.26206117971522
0.427916111318278 2.73304770119651
0.437328296932017 2.60682537731376
0.409135498869819 2.98318515146821
0.409256426518014 2.98796519483337
0.377807142511962 3.38834086972378
0.416258619360218 2.88715823790304
0.405218351000567 3.0307550711013
0.399767582710319 3.09649144659741
0.409219640316986 2.97857652261911
0.438212518259144 2.59099373473926
0.425308813088299 2.76181479829742
0.407922231655785 2.98709799745109
0.419762518043649 2.84123971231251
0.416360913720009 2.88124776263899
0.426549815264358 2.74974995889526
0.412447286691856 2.93580506513378
0.398720672102185 3.11832399999211
0.420434130078543 2.82932826709156
0.487622895527638 1.95274185335831
0.442275968904099 2.54445706394992
0.432278851194371 2.66554018196066
0.451761847778034 2.42039974818014
0.40979957454504 2.97419610972647
0.418595451473492 2.85890443575941
0.431235643723108 2.68576419953519
0.414410720317681 2.91616599128918
0.424259876945657 2.78549832498835
0.410416301451648 2.96133559999621
0.43713608250311 2.61697823794549
0.411384455073882 2.95147639461443
0.432092005010625 2.67476320581426
0.397405475533943 3.13231564369326
0.401639091907727 3.07380435297178
0.366200701716405 3.53799716926989
0.417003123779229 2.87309472880413
0.410331457618035 2.96186692114489
0.438879202410832 2.58472656346023
0.410169192185227 2.96648643536189
0.413076570432366 2.94041140452588
0.40928399827162 2.97999476255051
0.423317292407367 2.78784421001575
0.386787650897425 3.27173951403073
0.375647676650461 3.41763447864071
0.408283792993226 2.99381629153418
0.380496222721799 3.36006922735508
0.41978906276573 2.83343497936092
0.402612102941185 3.06776389149598
0.446513871014462 2.48547522433428
0.407846978438289 3.00019713758807
0.452979407737042 2.40086292420012
0.392058633415035 3.19740197407359
0.421680221630381 2.80794167554155
0.411568052849109 2.94683405212344
0.415723025267877 2.89000519986572
0.433863668089628 2.64953709839744
0.414559549644876 2.90271299682452
0.445886807787943 2.49703999180763
0.428812510865057 2.71348762145926
0.397142980512338 3.14253093980133
0.393498713530396 3.18542371255353
0.405022111047283 3.03459934576922
0.427875842791449 2.73166003305167
0.435153669345681 2.63872241427655
0.422549230023016 2.80078049171015
0.402936207608213 3.06079603612935
0.414688432430466 2.91106180225962
0.379097355271471 3.37699093440495
0.399827553527344 3.09792850981807
0.419190118231681 2.84716103511647
0.415000133272384 2.89991394309339
0.390611205663159 3.22774510578053
0.394242513680571 3.18375956512473
0.392796903206584 3.19286946600517
0.38707104718804 3.27036748036143
0.409022036782533 2.98026613101354
0.408364909096121 2.99041913474093
0.422582868579775 2.80308535578529
0.403096767958284 3.05697231471669
0.381976301810784 3.33577176607273
0.406846006033705 3.01150006177403
0.393720121181873 3.18255676872163
0.410918426928146 2.9555339151929
0.37499599894235 3.43117365018539
0.407888733567793 2.98994649902452
0.426391853341671 2.75420101336971
0.416201235505448 2.87488619895533
0.385922761739992 3.28631910506681
0.388607170966867 3.24064008151485
0.38156961798009 3.34087335147866
0.422329741942238 2.80345045976629
0.425532798550144 2.75751657947886
0.43401770415556 2.64788077726181
0.405397803276575 3.03341703377029
0.415025661822232 2.90307200048342
0.429601168972376 2.706244663796
0.368331219544056 3.51094983537673
0.433567268245978 2.65166989270273
0.393438121182723 3.18606987516574
0.402971921678471 3.05718269186437
0.389284409691658 3.24003211392755
0.398556748469575 3.11604292810814
0.388146508096735 3.25614837623597
0.446759658899773 2.49201447715865
0.397781476422844 3.13034969466026
0.369851200684788 3.49232041415842
0.388938044377683 3.24836859299666
0.422645125427177 2.79553701444374
0.435902926062311 2.62934818857883
0.400010489280198 3.09473525356806
0.418421590443906 2.86043913148605
0.392683100953072 3.19084817475795
0.402066449066367 3.07219138601785
0.399016641818087 3.10710055061814
0.382314894972665 3.33072348697521
0.416237215091652 2.8854049920653
0.434487876314725 2.64462306337304
0.412411069454853 2.92781049674025
0.402880404646265 3.06037966932358
0.398641930281162 3.11020493929095
0.408300548441702 2.99467231291787
0.422845500559575 2.79872155679254
0.397509480038803 3.13094144740451
0.422150640683784 2.80775145678317
0.423786623563404 2.79075770071948
0.386259915820215 3.27905796816551
0.385654836215096 3.28984453064875
0.37878666693807 3.37984025003832
0.41624023644851 2.88647452987178
0.412970924926717 2.9231359922853
0.391558767029631 3.21744940179963
0.412756407576134 2.93929929831692
0.430520450586967 2.70741244063737
0.399140881591626 3.11323540599141
0.402782320728542 3.06603346790569
0.394319607891812 3.17777223870267
0.400229077253161 3.09634617988573
0.403721241480797 3.05192296443313
0.438506416479263 2.59566370079756
0.422932258071624 2.79175926927041
0.439428077991416 2.57954795732091
0.42477328987588 2.77752672179585
0.399994055859608 3.10321399075823
0.42539776036927 2.76919393566393
0.396190832207363 3.14900839391012
0.401268046584405 3.08106318727027
0.400396227535586 3.08786231043311
0.398617028065517 3.11541000905715
0.420104922805375 2.83059118171465
0.415465234444867 2.89074328725447
0.428246660551657 2.72921264730129
0.406692586267501 3.00555874720766
0.3844008653657 3.31181781528361
0.411016045003198 2.9560634880346
0.407140280178664 3.01524002834704
0.424549861615106 2.76235694763069
0.38458550490096 3.29800769086292
0.425326045757149 2.77358916825918
0.456563020137315 2.36288136750666
0.39464643315868 3.17332278169434
0.42047138240712 2.83105469156249
0.399773374453368 3.11101970302014
0.41432853449776 2.91577952729502
0.407432193183175 2.99888266707536
0.396113360304963 3.15906645941454
0.399771524464471 3.10881197237444
0.403809115265314 3.05316128800256
0.397424648984269 3.1313518939871
0.388432218779144 3.25241089689973
0.399464825912873 3.10546854347703
0.458877412438568 2.32460069175159
0.413789249044502 2.92039227072055
0.385614115062568 3.28677496397784
0.405132963833972 3.03030560043028
0.422955633653933 2.7948531870636
0.410607350976397 2.9616308860108
0.421879055548849 2.8108772750563
0.42707271539213 2.74184004721269
0.400070992616138 3.1010928053414
0.426029063022861 2.75718936489468
0.406607538189378 3.01479966824474
0.408714882009389 2.98795233271845
0.393049056511999 3.19042532140261
0.403849613318721 3.04957894288247
0.419618913604822 2.8421141082609
0.406709405748175 3.01406721690578
0.395196340003472 3.16204050712411
0.42328821735529 2.79922639989814
0.403856737492575 3.05008826685144
0.389567250201622 3.234164536589
0.42309804315513 2.79915749245268
0.441761273980097 2.54912611104156
0.405012316866299 3.02800250907054
0.417913348473269 2.87440036160487
0.438857931677768 2.58626997396014
0.396407002683823 3.14253836468048
0.394541235464287 3.17194017998497
0.393644460558173 3.19331642354219
0.384669008458452 3.30286166943076
0.396111363019631 3.14012951343513
0.420375895448851 2.83465769913665
0.420082536968745 2.83687731267604
0.42063065033615 2.82087145394852
0.413991249440039 2.90713168385279
0.38876985571471 3.24843763773269
0.417898943500615 2.87809465272845
0.430060965568414 2.70717752083541
0.416454032272589 2.88175599876803
0.388445403574283 3.24498512480115
0.422444949401159 2.80781135078736
0.442263382393376 2.54595220853809
0.441986606291496 2.54255165129604
0.415052635395015 2.90455105132893
0.388626505929014 3.25244209185807
0.41639958562889 2.89758232913159
0.396140402288884 3.15753036257155
0.401427463326788 3.08665705177548
0.392896720617765 3.19501108162364
0.421953764491484 2.8138505707489
0.413978119235556 2.91476276211225
0.427362538446779 2.74149313582279
0.402063929956298 3.07264918442104
0.381471821779399 3.34073683029846
0.358890220815549 3.64189815546271
0.406792326012591 3.01295245857843
0.428480021370835 2.72227759866576
0.435327311875514 2.62566847939183
0.451870129735176 2.41842493432673
0.408945286877542 2.98433705789663
0.413712559837464 2.92584396317508
0.419043591077327 2.85057821877442
0.415942270653185 2.89131067581124
0.416908036216068 2.87908266239438
0.41277533498664 2.94175503249766
0.428766777849895 2.72943021204813
0.405747616091475 3.02177510808594
0.382077685279541 3.33849408635864
0.420665936654347 2.82774432091373
0.401888597348363 3.0757057201698
0.412080845580347 2.93545586513556
0.39593224168587 3.15472539131206
0.375834244459453 3.42191294315222
0.438860526818032 2.59105920318264
0.366801085808228 3.53366603764894
0.432438593676416 2.66476196755944
0.422247530192343 2.79808710481275
0.402594940699924 3.06466186463085
0.407965264390911 2.98799817040443
0.369020998504579 3.49853301694644
0.406532431889768 3.00790485108445
0.393906008709568 3.17570959855411
0.406697375249162 3.01073259552983
0.430338751430401 2.70633075262349
0.43143021104915 2.68644263011265
0.396675788784482 3.13952943910753
0.396404742376512 3.14624809705464
0.429387035323019 2.71471909890398
0.424010977906381 2.78368986981797
0.408258784296694 2.9935840237134
0.433053978040399 2.66355831994691
0.414828071940414 2.91222274059503
0.404532925195019 3.04023156075034
0.394905810567788 3.16582532983242
0.429755949875329 2.71053110747359
0.375015685683879 3.42182978577765
0.398839380775053 3.11034512991095
0.414972391184184 2.90749145576372
0.397316399342454 3.13218632458327
0.388658354552831 3.25139166597639
0.405977867885312 3.02003525387979
0.398409362387131 3.12017253748801
0.396349666270412 3.14379272432633
0.421053881104253 2.82093830781946
0.411545014383226 2.94807021646661
0.432370159957763 2.67799195452943
0.409105882313622 2.97513421147827
0.420300857472746 2.82421851466519
0.425389005848252 2.76539123019362
0.389266013135275 3.24057013079101
0.418033702766804 2.86795981651114
0.424549127033784 2.78366413315942
0.43547208675566 2.6389005669781
0.392452552592384 3.19283605112386
0.417036365926946 2.87309012240636
0.396931352646997 3.14270870459082
0.431421040119579 2.68712469798533
0.42157072186432 2.80674384745056
0.422517791046815 2.80788161199955
0.427469247106802 2.7368123164705
0.411453101165398 2.94880340548903
0.466472153368768 2.22574315352289
0.419721435027758 2.84122552544551
0.40323990392499 3.05750731165538
0.419623452878977 2.83977377196893
0.413482802275567 2.92622754421506
0.438294693880005 2.60136978462122
0.41353820325114 2.92578006781184
0.404413636865461 3.03730198425221
0.390323094138883 3.22875945997311
0.410444967488484 2.96613464146042
0.411352544422391 2.94808457087029
0.403318105883538 3.05355056182938
0.435079285308757 2.64284187028288
0.372932108732201 3.44584686142997
0.393757639366976 3.18187720276953
0.418036013290524 2.8614777226342
0.384808943742919 3.30028334188602
0.403665097543453 3.05619391621608
0.418113583240073 2.86589940919254
0.426333847666333 2.75658376565181
0.433690226311526 2.66023981665116
0.436251117055551 2.61856297568479
0.403406384601707 3.05578089467741
0.446975065628216 2.47854481349334
0.414616377258286 2.90392495617893
0.382000795840371 3.33516297403484
0.385580007441348 3.28513080998403
0.430172162370872 2.70504680632369
0.406699084558569 3.01593288699394
0.401836344949545 3.07543868262449
0.396022606816022 3.15659387040326
0.397373434026975 3.14181873728402
0.449591364564329 2.44791796928021
0.391049960487431 3.22033395533978
0.401408129110964 3.07922300106378
0.418765160335729 2.85402350378056
0.421573941044716 2.81469538099537
0.376523286450609 3.4066805872379
0.432973465390643 2.66597653413115
0.376866096906787 3.4036868356467
0.363514908856607 3.57095586385081
0.388819317493833 3.23848830911853
0.398842371289393 3.11911048463748
0.393348849877013 3.19171337189826
0.403890054269655 3.0397204743308
0.42238417196978 2.8093098099634
0.419634834669325 2.83728470356771
0.394424565467751 3.1658346644121
0.417762733460746 2.86664132460292
0.45309700390803 2.4010081443271
0.391222716964334 3.21709952112065
0.427287531345947 2.7443521660266
0.389689868872177 3.23575011137555
0.441034458291186 2.56092959654484
0.402183516868377 3.06979831346682
0.397543546843683 3.13888858492167
0.429615370820181 2.69924126780159
0.375459548595011 3.42140953324566
0.395598308938417 3.15394334498235
0.414137848111612 2.91316688023508
0.437055261369074 2.61796253072649
0.418722128786903 2.85782220000319
0.450799178737738 2.4354024386279
0.439580233877568 2.57700147111202
0.442684576569041 2.53529910749598
0.425367286509535 2.76260786765837
0.432676219484092 2.67514792375836
0.4092696136323 2.9741266895971
0.383670857696503 3.31490166325695
0.4257219863144 2.75575532978257
0.403520180070683 3.05254403043847
0.406575421773482 3.01510763592969
0.400525509942817 3.09920844661286
0.412351887153926 2.94117820146432
0.404190135694296 3.03944356262347
0.389187554099724 3.23401383074482
0.39727406541037 3.13682292371176
0.394450300524913 3.17405051030303
0.418547217428251 2.85642462593468
0.384875505144072 3.2976637954851
0.433196866047302 2.65139203364883
0.395339962237251 3.16394615071704
0.3959422214275 3.15839666057098
0.378729066919271 3.37811051285736
0.429965085684772 2.71366853838101
0.393263997500689 3.19079154424817
0.390450481211681 3.22185615683943
0.410228338182553 2.9635591943633
0.415380460982559 2.8920245013073
0.404859347218776 3.04281829357685
0.4036857452839 3.05862548860531
0.395761939619666 3.15579797983165
0.444269278971179 2.5199545055482
0.430161307099981 2.69906064052587
0.421071500562223 2.82360701393335
0.407907820939375 2.99820011965179
0.41696228369866 2.88004697235457
0.415994940617389 2.890518734022
0.420646910063049 2.81964192564035
0.415418469397738 2.8975853493235
0.398588947104834 3.11259187383542
0.412364428425218 2.93814714460052
0.417429880640554 2.87478757695351
0.430971747006728 2.69157992802247
0.401433603738587 3.07765260628142
0.379629551751874 3.36435746230402
0.412448424240643 2.93248811390752
0.423284293417202 2.79074357839972
0.422577950836982 2.79753945494876
0.438260122900483 2.59811605463496
0.398687298249103 3.11398381737313
0.387799421474809 3.2648141771643
0.412667594770836 2.93875205429038
0.42590327631546 2.75835634805243
0.393884147093244 3.17911418702822
0.416721017085174 2.87475589049775
0.397441024566791 3.13591191718451
0.399238074267169 3.11591084496046
0.434629184842218 2.63925997372641
0.422843744892205 2.80087978196541
0.423893890337351 2.78628602765713
0.414738042992822 2.91085366252223
0.387747290469373 3.25912813835395
0.38726241640383 3.2688841286568
0.410555592445518 2.95899912336097
0.406002172137938 3.0211289358998
0.437291500404838 2.61178172887809
0.422655565508649 2.79919714375446
0.374493945220671 3.42800248636075
0.404447147578928 3.04803880391722
0.419371688310587 2.84079050051067
0.399535878795359 3.10757692984469
0.458029233052379 2.32741042903115
0.395180153209417 3.16743991536647
0.417029342894802 2.87997679336583
0.389957884933259 3.22868480155146
0.427398922230038 2.73530346063843
0.421604708686088 2.81979033894616
0.402258046933026 3.06731298550307
0.394348444063228 3.16755973499405
0.381380607207944 3.33561699504992
0.399260870479858 3.11124008802655
0.457211775457977 2.3458216474905
0.389846103503926 3.22637447773801
0.405548007354977 3.02119248919729
0.418742277448399 2.85775597630871
0.396770455188166 3.14432227249119
0.421038654792165 2.82049027362792
0.377513351160603 3.38905758078409
0.440927134301368 2.56067563296975
0.436069361707741 2.62192564595225
0.412323859873912 2.94334280514272
0.410225917515 2.9640096847869
0.405239777895792 3.02765981964396
0.3964617738238 3.1513897467178
0.398284562898992 3.12710611881442
0.401873555154327 3.07294410625453
0.42047858694023 2.82961930929947
0.4313322785314 2.67714480356091
0.38077168357789 3.35096048814508
0.415026615455329 2.90108115482039
0.434686968256547 2.64396152360558
0.433110512602161 2.66402609785325
0.404968153739285 3.03851522819796
0.41101767259091 2.95312514515318
0.42191003682429 2.81195792236816
0.425292124874398 2.76058471138728
0.414532032546517 2.90459505629247
0.416941478621247 2.87998921537833
0.388896465838466 3.25168253373083
0.3717275226766 3.47040869586768
0.402020625467941 3.07474189418718
0.419796945049199 2.83796539099634
0.397711550793337 3.12912918969828
0.38276474380006 3.3261951812233
0.42274777024395 2.80320652465434
0.405809603631016 3.03150127847116
0.372652593603432 3.4504272333925
0.391521202713262 3.20829941744394
0.358136869654783 3.6460979130857
0.399008871967278 3.1162541939695
0.424052433113506 2.78401398377925
0.407102879669288 3.00231584803281
0.406046650179044 3.02162335041893
0.419640555285607 2.83652944384201
0.437588382374206 2.61326795836835
0.383386950723942 3.31404101329694
0.411664730271232 2.949030603828
0.436161478069792 2.62220786077429
0.407216711380964 3.00027414221163
0.409905655264001 2.97121911818754
0.411048459115262 2.95440913419461
0.433558170760895 2.65583251299438
0.432075616640682 2.67646113929877
0.428450517371127 2.72110856120891
0.409854903947779 2.96064245669992
0.409160966787537 2.97824684270808
0.394211965043325 3.16894101671659
0.439257015235269 2.58242017140337
0.405222300718045 3.02997442665964
0.411186691196593 2.95512705074465
0.409895273877736 2.96559313610679
0.406416621661334 3.01951185845114
0.42806162270035 2.73500371788659
0.418357902553191 2.85269066677122
0.421239492960389 2.82157645775552
0.423104655702749 2.78707996607153
0.380833303426538 3.35236453388255
0.401439523620921 3.08357899142601
0.375411516466791 3.42021873969334
0.419303495787965 2.84368899378137
0.398255926430866 3.11910505381752
0.408399533386205 2.99134090371913
0.426825412955578 2.74419266198986
0.392699227316143 3.19623857678763
0.424424416913246 2.77869693731797
0.397430198262008 3.12901617494181
0.409668906892331 2.97330058194858
0.405641946466554 3.02592714566734
0.38675805984654 3.27627755005165
0.415976879418667 2.88550790373187
0.407025574116567 3.00587893739619
0.408363639821445 2.99131985330548
0.419527448357468 2.85158833093821
0.386698129437169 3.26875732632454
0.394087139961644 3.17602033123617
0.4455481089749 2.50699602176341
0.427282495771814 2.74276524903567
0.449118378694248 2.45069690521552
0.390865047072954 3.21819555085256
0.417456420091838 2.86858518237621
0.423731414496422 2.7887126733722
0.415047355539725 2.8974437373293
0.415371944670975 2.88767592825666
0.42461448146004 2.776887523319
0.40903844255764 2.98726760377756
0.440349769283251 2.56853451812635
0.380789954911691 3.351142371852
0.404962684813011 3.03792320129406
0.439512805335421 2.58584895040007
0.423127954810353 2.79459809644528
0.433696724433739 2.65013894912419
0.396556053651363 3.1436115951963
0.406840219320325 3.00660144941164
0.411866637614772 2.94418380947168
0.372692614292233 3.4540067983479
0.40100208668072 3.09257789628271
0.414725229056544 2.89786960729793
0.415936034546592 2.89807311821575
0.399878510114514 3.09764077731122
0.42228768546915 2.80713350452659
0.396447027405285 3.1420447130226
0.397289252598214 3.1410140986377
0.387267935740506 3.26515545760506
0.381361058623316 3.34714388216373
0.393222523091596 3.18173260532541
0.403722668565029 3.04733931020977
0.430312232604756 2.70410834282843
0.396726633294728 3.14603546504811
0.419245752737873 2.85043406693863
0.419988734597845 2.83352290071767
0.427207294688622 2.73602927982148
0.429948207856767 2.70369284985943
0.415800028219438 2.89150499555456
0.405853726099906 3.02846586344068
0.419776391854425 2.83893237259548
0.44072169959667 2.56270422809806
0.366772895642981 3.54095659173372
0.429421304739261 2.71407739375282
0.427112667106443 2.74400639045686
0.448248282849923 2.46255877049711
0.43965533127846 2.57433232535653
0.389988649147079 3.22198293211084
0.419865869981963 2.83152692271751
0.418835932703277 2.85579404796353
0.415909910930331 2.89161548560616
0.450555301161207 2.43094149712133
0.401446790952524 3.08455198624847
0.397777079626715 3.1169092550981
0.409621125677667 2.980737230001
0.381374490753298 3.34204508903762
0.3847636394298 3.28699496865301
0.435705827320605 2.62969329419327
0.369647968754255 3.50937858003903
0.431085154189686 2.69712650810259
0.409723202129414 2.97074536591531
0.373467286495933 3.45229185251849
0.418807534708853 2.8521799386935
0.409629815009389 2.97161399477202
0.40926261212566 2.97548622353732
0.418446787659403 2.8595099796679
0.385756981663577 3.2878824198654
0.4017878663562 3.07606009763141
0.396898441362427 3.14000827618116
0.396183510701099 3.15116559594269
0.368326924077876 3.52153731598232
0.407635321026116 3.00775906874654
0.419645218054778 2.83372485783205
0.397935005568577 3.12773126498388
0.442305367087736 2.54203757183388
0.397141601123719 3.13879608131185
0.415442117657407 2.89291476369431
0.408421687333772 2.99266850829878
0.398910394609854 3.11709811482301
0.425190831344247 2.77660592439733
0.414362731162867 2.90699442544473
0.421433056577034 2.82020656335503
0.411198730628956 2.95201443240479
0.410412628056898 2.95503369975661
0.42955902683282 2.71592971023646
0.415227293511279 2.893618385145
0.40653677941265 3.01224872705061
0.393793923301112 3.17645809820973
0.424551253196916 2.77751624707893
0.417816136505623 2.86606607770844
0.424323059196727 2.77782318351294
0.388751909987402 3.23999943698308
0.437427024914468 2.60395336268586
0.410455724635632 2.96932880506553
0.421554047048996 2.81503491731589
0.435613217260841 2.62793514441003
0.434906839434157 2.64371217792942
0.381653108538645 3.34122471044037
0.380109198505986 3.36301716322681
0.395275955777122 3.16150183167927
0.407536129996222 3.00322097024445
0.429129407617563 2.71766013413478
0.352643986215741 3.72542751560832
0.410983069896256 2.95312273090326
0.409245299509967 2.97938200427047
0.414490395701305 2.91145863222437
0.386024779655874 3.28728710849598
0.423491608562095 2.80296358941371
0.405244797672506 3.02549560700438
0.391221402824762 3.21314743152837
0.385991227894477 3.29139254060734
0.40433217205657 3.03790960355251
0.442608463980885 2.54369648774554
0.416014598735288 2.88657889551386
0.410119003800488 2.96031615046554
0.406833492052313 3.00553558232936
0.423361324950347 2.79418556362849
0.432820470666134 2.66862035674834
0.405274154723187 3.02465091219945
0.389949238548994 3.24213310021863
0.42304751024086 2.79339277673447
0.387386832959895 3.26748861180964
0.416646074416018 2.89022941643165
0.374045595653534 3.44076527716128
0.404234250060649 3.03522126083778
0.421756740670954 2.81763746525165
0.397040802502366 3.14466670277849
0.413857302446936 2.92017672434917
0.442138669532352 2.54527604940267
0.401534159551039 3.08452692894312
0.381807146380875 3.33803717464273
0.424898607891451 2.76124396454742
0.426240516669169 2.75746200691499
0.415256827487155 2.89856290495758
0.418642063748069 2.85248308469465
0.399281339357153 3.10380341949736
0.40417593666939 3.04433605567213
0.395370359483261 3.16534401249457
0.422684484838133 2.80064798778194
0.436278211470293 2.62551925690972
0.421597492725204 2.81658023568027
0.434189085874436 2.65318864035771
0.415403373580331 2.8976005707372
0.43230121235705 2.67394081015296
0.425960064614928 2.75746231337131
0.409936070361465 2.96839057941822
0.420973711780771 2.82665148022763
0.403942948342062 3.04069397308134
0.42553593376292 2.76903058061981
0.430022822839494 2.70002862114021
0.439986128700395 2.58280369235232
0.419606508215606 2.84299956201229
0.390722025372205 3.21811167868557
0.418119495462742 2.86401147406239
0.409538685762899 2.97987574907911
0.407495837929608 3.01274470228989
0.422906543917116 2.79118548379735
0.43795241221294 2.59959819669207
0.412056044105661 2.93639237380698
0.402982258116973 3.06340986452724
0.406684180900735 3.0104002181739
0.39600533614598 3.15861634102138
0.418581721329181 2.84597970620508
0.397472302964048 3.12736957652055
0.414740527542989 2.90890596969055
0.395543286155185 3.15927694579318
0.410618674689549 2.97257908363466
0.441998759624156 2.54999483630551
0.397837345737114 3.14411201553208
0.412694050929841 2.93044002217127
0.376398514786303 3.4076952316064
0.419443692864268 2.85090652769721
0.426491556974594 2.75255774175521
0.386503358827038 3.27291684473558
0.42830882443771 2.73129435188336
0.402747918070015 3.05713064694173
0.407106973811298 2.99736929046932
0.421933096133172 2.80749320588451
0.422731187433616 2.7976913594131
0.41946871392704 2.84714542599251
0.392864415401437 3.19114334786617
0.389729425713663 3.23608480456731
0.427965851828642 2.7341058349135
0.422132150635942 2.81691386410769
0.388861837425139 3.25083132919682
0.439447158170102 2.57873164805879
0.41937697377039 2.84671752389429
0.426900189188784 2.75530896542738
0.399607538706212 3.10456741628341
0.430505466432008 2.70175901754077
0.39293495404721 3.18967523613556
0.422586423851746 2.80815355854054
0.428072897975836 2.72559618746108
0.417503188405175 2.87799275933819
0.407083279863776 3.00459120315144
0.428325921912598 2.72739932437212
0.408899329994306 2.9775154415686
0.40148723778356 3.08182985857628
0.406611129377237 3.01089975243189
0.395262067272408 3.1653761825848
0.412080153766297 2.94013717624292
0.387947699903343 3.25623612870255
0.402525440729144 3.06919823035027
0.382230213740282 3.33527329910003
0.445633117277408 2.50581920831641
0.398096620848549 3.12552695816535
0.397008659748556 3.14739720001044
0.39453372985054 3.17190505860432
0.418474591610922 2.85112376515356
0.400305132960148 3.08420640961867
0.439732440518612 2.57418376094743
0.411620147813328 2.9468597468815
0.41209971446687 2.93607800340954
0.432577549031178 2.67091569455113
0.385343104492804 3.29024542065172
0.394701689762774 3.17042616542019
0.404062794538479 3.04187235602259
0.436761605224576 2.61243698164449
0.425880886564011 2.76840498307679
0.405378651600703 3.0309021670945
0.398373326747109 3.11246621670036
0.442773966617979 2.53925996240645
0.390338790954779 3.22076846203782
0.396251370349024 3.14308431229695
0.418907143702625 2.84656327962983
0.432217072397581 2.67465644460939
0.406995484505882 3.01594282065591
0.409703832306612 2.9713499411655
0.402920776581233 3.06616056832264
0.39068175916656 3.21929731239092
0.377053841937885 3.40049307211698
0.409010136520339 2.98222022490464
0.425073113717613 2.77182130623582
0.382002050626916 3.33356408691019
0.37974063663283 3.37279235548824
0.375372942902306 3.42469612008152
0.378967240280776 3.3771897529962
0.422340239142469 2.80795549934617
0.405930543170615 3.01808755300793
0.405020997788315 3.03274407738766
0.411364277855274 2.94888470449
0.429505101273044 2.71341146698592
0.398496252600241 3.12217244658826
0.402058157050499 3.07522347932113
0.446452102253626 2.48211622695231
0.425094657111727 2.76864995850929
0.385761830751192 3.28919545912439
0.396507714992317 3.14829570095234
0.39071925465452 3.22649143443872
0.418474299583399 2.8566539191408
0.385846933969187 3.28497108059956
0.419654459437872 2.83792659242627
0.389569441792436 3.23915146210817
0.394663715814391 3.16477987837122
0.374847509825036 3.42844562360869
0.430020499907585 2.70911221365105
0.409752418722462 2.97318996452174
0.383377765367133 3.32618051077819
0.408273851861851 2.98530017786697
0.415113743876664 2.90431942446369
0.398386052877047 3.12314213869822
0.410583001155258 2.96312467352876
0.40930155043524 2.97440701385087
0.390267221377473 3.22845205620026
0.41198164210626 2.9479566528235
0.383768966894468 3.31606756628616
0.408945300244976 2.97946318903349
0.426958664332384 2.74659437798942
0.437874871051184 2.59526442079509
0.399976036033777 3.10182694224316
0.41061556777479 2.96109755333961
0.405010132595911 3.04247004102352
0.365957066640299 3.55222323581892
0.433966770400532 2.65478055878728
0.394108002547397 3.1804837125789
0.40057397813494 3.09215540483732
0.392664786509302 3.20121083934703
0.439535688078613 2.582953526639
0.397578381148519 3.13007447107618
0.441026364074884 2.56644581661402
0.429985456700464 2.70167283889496
