0.39916929443598 2.48327119088843
0.394446014263411 2.55296383837858
0.401418218558518 2.44490133745806
0.404709202790213 2.39192133939832
0.418286672037426 2.17918711414578
0.392149205569372 2.59156177226655
0.388081179241183 2.65600554193414
0.410670838240206 2.30562962816143
0.398598581689179 2.48591745376685
0.402935301717624 2.42426600502216
0.387315601115393 2.66090564587069
0.418376032601166 2.18722478898427
0.379710487449176 2.77879046996102
0.419124241137929 2.17917936793462
0.410509743232591 2.30800777158711
0.398924397728201 2.49091068574323
0.418464450850928 2.18713347360894
0.38992791577348 2.61921903861681
0.403898341559015 2.41533112450305
0.39091419396466 2.60737112500075
0.413557783682086 2.25788084952066
0.407170876236188 2.35689286446179
0.407710289824516 2.35057466228898
0.397170126642708 2.51063534231199
0.358164864709552 3.10329730668244
0.415838059937969 2.23015151563543
0.407304826597767 2.36226361319898
0.407670292445352 2.35240696102489
0.385581679115239 2.69232804711474
0.391217166492718 2.60110508599657
0.396284264799831 2.52911824178461
0.388311939735672 2.65453427594875
0.407305974013618 2.35162706407678
0.440195108975987 1.86295767604458
0.404215978788031 2.40752944398553
0.412508959770671 2.28307856301764
0.411406763508254 2.28774489245866
0.422380506639897 2.12359491312572
0.410878401823718 2.30302098999656
0.40747027072304 2.35227764062377
0.374945118520233 2.85333315007112
0.423232507642017 2.11370627242678
0.391227857414296 2.60406334728711
0.387951890839932 2.65566258957132
0.398670075954629 2.48746088808435
0.407728224804457 2.35436720126997
0.396076144459961 2.52846342748115
0.399600738950285 2.47347418838294
0.41054503824817 2.31102478271948
0.38115168502531 2.76264715704854
0.399169446070436 2.48937199562035
0.401500486881632 2.44221916719764
0.410351492794745 2.3130832506152
0.391604153602535 2.59207285707261
0.387880542187058 2.65637533061812
0.427383379938008 2.0395293004907
0.393423685685085 2.5705152423312
0.390802926264919 2.6045328425337
0.398543069790899 2.48995696217552
0.406092136654224 2.38864765016557
0.403380500282712 2.41953664291965
0.422763475857527 2.11641913948252
0.409171132517377 2.32142297195626
0.398273409505052 2.49255053549946
0.410222020081325 2.3091838124216
0.403108675298388 2.41921505788708
0.404976118221075 2.39404914796583
0.422894034067008 2.12465053034401
0.402664433752689 2.42167001481788
0.372196748269808 2.89425478469123
0.39443321066526 2.5592858883324
0.428688518202985 2.03204876140587
0.400774226522286 2.46705714664605
0.411900031401933 2.28355579064774
0.373458751103637 2.86865635578727
0.399098547731741 2.48424158703014
0.408475347025235 2.35269867693429
0.412239938980208 2.27801261681763
0.424891015627868 2.08969082163037
0.391243297008324 2.61877729816959
0.405682627758513 2.37955135417236
0.427259160191985 2.04860160335273
0.404923637900219 2.39543742618201
0.376897545867273 2.81878442786591
0.420752080410841 2.15079901370257
0.39885229263482 2.48351942810645
0.379935053723445 2.77710351357255
0.388085475263121 2.64870365984967
0.394042376988145 2.56630198833729
0.417065826460247 2.20092708133395
0.40110706413224 2.45164404378253
0.396835890844851 2.51936815549654
0.373219221566276 2.87880938639663
0.392266900294997 2.5963259926543
0.416338765485271 2.22119762052982
0.390068318711157 2.62092079315757
0.381625053838197 2.74748737297097
0.414442570540378 2.24864757769487
0.406136667067418 2.37842314805049
0.406287258018501 2.37770377233169
0.388843048269469 2.63711819941986
0.402142309921614 2.43420255060843
0.401417100236234 2.44849562244103
0.41552349490478 2.23389847876755
0.393607608436926 2.56372843375161
0.4140100176787 2.26325949754059
0.384129171292038 2.713896212442
0.417203775960425 2.20220739653969
0.401495137345965 2.44398332401827
0.386583117722979 2.67240869247867
0.411443391846577 2.29590204885438
0.412414658872304 2.27964255181233
0.382395384026876 2.74347224226659
0.400564415076415 2.45929865052588
0.402538913089996 2.42817745897725
0.415557768928918 2.22743639508804
0.388348116898523 2.65171663479445
0.385402913297708 2.70150325817983
0.400682206286351 2.45763909714834
0.386542647515527 2.66906178793376
0.422547419612248 2.12991640795617
0.412269000386271 2.28390942558876
0.40041382757951 2.46429198641746
0.402853832772542 2.41789685283436
0.4044405931318 2.39816717214892
0.405460249683117 2.38366921846539
0.427468075690872 2.04744395034803
0.394893327761369 2.55129428644885
0.389276133792706 2.63019889944749
0.405698373016007 2.37320026337063
0.396642610414823 2.50795356073993
0.396404554730028 2.5224713666858
0.412268180865093 2.28330364294139
0.411852350869582 2.29596010552054
0.414987120088753 2.24234952830269
0.411463383448251 2.2961676010304
0.401502793900344 2.44467361045931
0.38529191630814 2.6901571231417
0.39596226860797 2.53263845049689
0.39642494220211 2.52570007920532
0.406481843983961 2.36233958594886
0.392547867516107 2.58277806347922
0.425673606844047 2.08630382460523
0.391243012742326 2.6058420460767
0.396122354706028 2.53143363922461
0.399281312838557 2.4862868218002
0.416124353524559 2.21925779229448
0.398914418502574 2.48014891864669
0.401257442429416 2.44759558274386
0.392972326919854 2.5758347933852
0.415171097695543 2.23674945763426
0.397603344409738 2.50031330423075
0.400955217175103 2.45486755467426
0.402006078691206 2.44076189806944
0.416727759302949 2.22138601347419
0.409425948239578 2.31802393099872
0.409248815184741 2.33381344728743
0.401838369591073 2.43211350363839
0.408071074440051 2.35628954567248
0.416111444129075 2.23075785097642
0.402344820308057 2.42802689291398
0.396821252178522 2.51955062836183
0.417395214986697 2.20791797736688
0.434395675641444 1.9479375455487
0.386468045854771 2.67016034747923
0.409655930283815 2.31663325273346
0.40910428113186 2.33368470689638
0.408134030978224 2.33721281551237
0.395947705482471 2.53147528245982
0.399947393967311 2.45743838911369
0.371576241096876 2.9055530607702
0.4010408855467 2.45209039216123
0.403283312631087 2.42337420364717
0.394664465190683 2.54736390271104
0.398436940575434 2.48834664031106
0.390878414955445 2.61062892137491
0.415963600934532 2.22453443801211
0.394484503594773 2.55559352961562
0.40064381854727 2.4524505172769
0.407316779733068 2.35356930538205
0.369899771352519 2.92983452898234
0.403206395462998 2.41730267510838
0.377812281975439 2.81120393316941
0.366112302695064 2.98433204382331
0.410948306379797 2.29905873129969
0.408275741047565 2.34696683607258
0.391572764556975 2.59392806606529
0.379473045800678 2.78269672025756
0.399655638848523 2.48243134113558
0.397638673471799 2.50480174307929
0.401048948012982 2.44621820004647
0.403580253192414 2.40797390656786
0.409646895770862 2.32593965781212
0.405839265533398 2.37447926455274
0.41796479780404 2.19569730286729
0.381454182992889 2.74567274833085
0.394362654881259 2.55779233582105
0.400979481454439 2.45309873063119
0.412353501456581 2.27195071415037
0.396013667453762 2.5363466827321
0.427702858650431 2.04730965609681
0.407801685927551 2.35151000400716
0.411224749460513 2.29967383200599
0.4061022479941 2.37676587957394
0.446800814145326 1.74483187180442
0.415752752320705 2.22342072351934
0.399601828590876 2.48056559914342
0.396203912304847 2.53164218510033
0.394952016276243 2.54854145260615
0.418379900355562 2.18876562150287
0.39072702750054 2.61161972467213
0.378287257800329 2.79586715455829
0.420262587768241 2.16307188037963
0.38001383622812 2.77344315348722
0.430988152038527 1.99776034163343
0.419898869825712 2.16253918426675
0.417349113383404 2.20754706802461
0.393028905164779 2.58170986722776
0.398278037587491 2.48825751981975
0.412490857119573 2.28106047305706
0.414139482730108 2.25611162685425
0.402277204532783 2.4337302006674
0.401825920910934 2.44545368771365
0.416505333279488 2.21090848576551
0.410630067702259 2.30864668733302
0.384247768772744 2.70883611641527
0.39864812979936 2.4914390376815
0.409009516638589 2.33766850569383
0.417026911134578 2.21148654533113
0.397730292502465 2.49915382394462
0.393574180572753 2.56340206663032
0.418662813224011 2.18252564886783
0.399310477871469 2.47967033200457
0.392281221433196 2.58591121422519
0.416660774365366 2.20731498020431
0.383863003513614 2.71071045163617
0.40463251165323 2.39650007038118
0.384919918483702 2.70282438587499
0.413522649345809 2.26188599896325
0.400532669862814 2.46818989921555
0.384021711382075 2.71259687256906
0.433580955531062 1.948212863108
0.408748043171203 2.33826301679778
0.421295243392744 2.13228097605382
0.411938327889737 2.28520360329419
0.415784946082014 2.23137064398417
0.404151943686419 2.4006355842837
0.389792095316082 2.63415601444571
0.38279554637729 2.7337397200218
0.413787370663029 2.25962379223334
0.408585318213503 2.33593449067726
0.387520398906604 2.65229979153645
0.384840044980991 2.70299950706871
0.400958761913235 2.45268984954246
0.409243250792493 2.32882189024046
0.399228538719703 2.47728642040014
0.415045350992519 2.23334416646731
0.404732278438558 2.39017505799012
0.414533334718852 2.2473449650167
0.403941654861875 2.40944696193605
0.384931137450549 2.70677614998245
0.4026818706196 2.43002382855176
0.399305221568239 2.47650243103338
0.416782546275009 2.20587774271165
0.41476018628967 2.22857922723822
0.391319222107255 2.60409339463031
0.400938117567032 2.45196814804739
0.388165615655801 2.64137126906851
0.411191239371217 2.303148832332
0.41136081025142 2.29016616043733
0.408222749701898 2.33831547222637
0.416886385016313 2.21139083616747
0.382704336835921 2.73207409857874
0.419963903462046 2.16969404420366
0.401696683323599 2.43141146535574
0.415647540162773 2.23571994609416
0.404137957786636 2.39477734494384
0.418368646822694 2.17878720759828
0.414079879158999 2.24541197316703
0.390837024712279 2.61191809030102
0.394991031168939 2.54716758831953
0.39554722194142 2.54037991989826
0.388850291440659 2.6328744709293
0.411488237444269 2.29334857535369
0.406405284759228 2.36971759908509
0.401704435585782 2.44808577479817
0.418892812707547 2.17651617335342
0.402747880602223 2.42809620380735
0.392133975142917 2.59097700044895
0.387244926759819 2.65918079225499
0.407424631522827 2.35256922402862
0.394557400625899 2.54896485542048
0.41000160276567 2.30789357090538
0.388649436730505 2.64311652289045
0.389647567922395 2.62687526264801
0.415832442219609 2.23100855819941
0.398164682493889 2.49330744568244
0.382025671700397 2.74280356884117
0.415226120097635 2.23657034016116
0.388489632344928 2.63632894036512
0.42183574215668 2.12290064746405
0.386789116907025 2.66464798083076
0.400434741282722 2.46137296491571
0.361217794427846 3.06316742482451
0.410445687480618 2.30205742868517
0.414500280312476 2.25028472403461
0.412303041194114 2.27994995091974
0.40511105839562 2.38566362364573
0.394275896609644 2.5528647638813
0.390821985246492 2.61221095549004
0.426319530426494 2.0609601647754
0.416817293181337 2.20755210734897
0.400771763734565 2.45780266803596
0.40798199649256 2.33701591208625
0.393631859102795 2.56560055807165
0.418269067491606 2.19067535730471
0.406750608343999 2.36912861506214
0.415182322959012 2.23006027089245
0.381884529840623 2.74927550005568
0.413328684123774 2.27560171069091
0.420123606357039 2.16105777523177
0.422488839678367 2.12253650218578
0.408035288149561 2.34392099390317
0.406861329693169 2.36001640513721
0.423055088160696 2.1171693441506
0.391989933773179 2.58574927737682
0.403402761002785 2.41109892582333
0.402023017978372 2.44624802271582
0.394654138396283 2.55009144144466
0.39701662281196 2.51609151552627
0.401058290402504 2.44814604687671
0.425810030135489 2.07076284597941
0.39894767242678 2.48528389460433
0.402837216696325 2.42901773383336
0.410997541212911 2.30932584255454
0.414938535745802 2.23265742341586
0.381786982438895 2.74659476587526
0.395132084184039 2.55123904468085
0.384093576122847 2.71553986596198
0.409935343757516 2.32035248480746
0.416326731945785 2.2201006241541
0.386495000524837 2.67168751969627
0.413363967469881 2.26455108422302
0.385081320898958 2.6947295938177
0.384990063100597 2.69370355115267
0.377714573966444 2.79871616906562
0.389700966487582 2.62223328170353
0.408193637370203 2.34410951771958
0.408977858536235 2.32481500368034
0.386960667865043 2.6713756660903
0.39116408670693 2.60049819852436
0.400726149276551 2.45352137606607
0.414695711276292 2.24447685502
0.417530381468229 2.20222873717066
0.410744615496228 2.30081397133098
0.382608231153493 2.73909187955637
0.396914440814468 2.51972805791521
0.398452163242271 2.49248521186633
0.379784068812596 2.78165526687125
0.398307326876859 2.49725632705376
0.422913060529525 2.1250434216036
0.410650018297338 2.29742989908987
0.384895812970247 2.70267904211639
0.442294390622352 1.82532751926685
0.415382227882729 2.23179980314054
0.39561927014265 2.53214488340023
0.39121427163998 2.59721619918996
0.405324899836086 2.39084021173371
0.407308251945305 2.3518126604951
0.413476566560245 2.26579636648697
0.398336121652395 2.5026390363774
0.402870455075741 2.43100194854438
0.417641541616871 2.19274202363045
0.39151026571298 2.59991922414451
0.397079104022184 2.51345644042021
0.417881839293515 2.18982090341662
0.400036529341067 2.46245637572492
0.392398493675639 2.58238531456634
0.390590685674838 2.61357367033233
0.418817036897517 2.17928638971631
0.405286780695622 2.39040306681342
0.383398979925422 2.7210937737806
0.402513042665451 2.430779041673
0.390984986117899 2.59137189249885
0.39903172564946 2.47525188940213
0.414796536748653 2.24690171210203
0.411735933382142 2.296510604669
0.376929838002396 2.81818751826151
0.402104438374572 2.44302953015448
0.422012342053887 2.12381152386601
0.413725665048716 2.25910259410718
0.411979739459625 2.28581323243846
0.383608887189309 2.7200654156587
0.395683911801525 2.54840078634404
0.400258759684374 2.46775288327159
0.382675960641388 2.73180012631333
0.41438746937466 2.24452917504759
0.399043929696439 2.48126138472215
0.395983386166402 2.52212784765032
0.415144155901263 2.23687549091913
0.401546718425446 2.4379864167232
0.406913626484558 2.36340083161077
0.399163793624797 2.48696931953062
0.399782463959097 2.46650984741786
0.412928286237887 2.2773702089835
0.420315115012978 2.15552431755601
0.411339124873271 2.29713219236802
0.431151311842501 1.98237765611862
0.410812271790641 2.30039011403854
0.414840477917667 2.24161232954689
0.38818672913863 2.63951885383461
0.396301420939799 2.53560400677191
0.405331834294772 2.38594330666483
0.418173634980758 2.19525088842499
0.403170191329853 2.41935008071669
0.392050510765639 2.58794496262151
0.402711685969306 2.42514297377545
0.412806144343443 2.27039255468416
0.391346845732935 2.59969128843773
0.403760888860343 2.4084220518141
0.376997119028799 2.82448737756164
0.401946307601272 2.42636725608144
0.4018773457139 2.43049505911929
0.405895965059217 2.37524960551575
0.387040203104801 2.66585908570125
0.436238692860706 1.91090485231243
0.398783343358836 2.48771883906719
0.408401149978218 2.33149697589415
0.385628028904598 2.68846811693818
0.41025976107526 2.31201606640597
0.402810268276778 2.42731288131987
0.415998096644054 2.21641735563714
0.384117161321429 2.71111737328902
0.431842071643573 1.97644938609062
0.397386009942095 2.50242877665987
0.429970826887879 2.01776313476039
0.407575388360774 2.35398233390184
0.394230697320216 2.55320758017859
0.386085573792475 2.69166632490733
0.398441668400289 2.48981673910222
0.399064511724175 2.49007574942598
0.409264655777903 2.32576150369114
0.410292262030473 2.31009550704965
0.400532209103341 2.46371133943688
0.388496937513057 2.65204799622464
0.395433574883781 2.5368897642732
0.403908268434239 2.40974294463801
0.392407080937387 2.59626108914436
0.390081085047964 2.62022973198578
0.381204696935772 2.76554214230256
0.395327008836424 2.53735906982197
0.40313665282376 2.42746959290492
0.389062409448849 2.63855840457829
0.410035652627334 2.3048346222215
0.413231708592874 2.26620147702995
0.413560139588209 2.26545939483999
0.412545643624152 2.28124767079918
0.400502317080459 2.46138739997613
0.40189217957316 2.44136345665928
0.398312229780749 2.49318559386589
0.385090984473836 2.6879821037369
0.406173358408796 2.37573066041545
0.405475106639144 2.39061833491389
0.409281972445975 2.32071176868024
0.39302895786226 2.57000480412763
0.401457874954849 2.44788709292632
0.404333737089226 2.40643696000903
0.415499610201 2.2362949920791
0.41447583175946 2.24919197373111
0.397884871137783 2.49757046726033
0.413119191140183 2.27061013955764
0.401891239022595 2.43900954241415
0.391473119347666 2.59551825662424
0.403312668270333 2.42214544469009
0.396605555251884 2.5230578195709
0.421105972742215 2.14097302763671
0.41280609194823 2.26633151997784
0.417163600382722 2.21178674056817
0.392311684930758 2.57818324700197
0.406311419881815 2.37334995558211
0.408248262003601 2.34416660410349
0.402389857151809 2.42646500323947
0.388291880608714 2.64648488933079
0.42540677590126 2.06989389938905
0.392961538368833 2.57757438595922
0.389841679724803 2.62600089551253
0.413556534112157 2.26352785708386
0.40617640053246 2.38564232813485
0.393865167482273 2.56656781962976
0.399088574158994 2.47999090594688
0.414019400459101 2.25980849176875
0.402343597935731 2.43466057629826
0.406360306067225 2.37513647030962
0.400278612716047 2.46485713765892
0.406489862061345 2.3732794099624
0.42042947530333 2.16119374364227
0.411850857539711 2.28598150810282
0.421826483981329 2.13359212184305
0.364294113419066 3.0206236053471
0.411237865106837 2.2960155848072
0.407083372472314 2.36125229226975
0.403469177784472 2.41590284931789
0.392005699666982 2.5938424704607
0.423017529721484 2.11606660611473
0.393922607082084 2.55984369098171
0.37997121127283 2.78339626613834
0.375834230831418 2.82966641080373
0.41607135788965 2.22470251766318
0.409378943639663 2.32649406427609
0.412348141737547 2.28441244011617
0.430119754220718 2.00465042798395
0.409084116819029 2.32946727145422
0.405978491288883 2.37618973875638
0.416455571917825 2.21980912078889
0.413352133114891 2.25210545518533
0.387708120294048 2.66382145026661
0.386620334597623 2.66816412450709
0.392720217624152 2.57731581915824
0.388576046425605 2.64453361585779
0.408906241026465 2.32280619733004
0.402622971184188 2.43275577385368
0.409788261212879 2.32505937185377
0.392903816341512 2.57746896700177
0.382458888608996 2.73497856539575
0.420885068608961 2.14779893734236
0.412747653907337 2.2692347749191
0.399424946660003 2.47340918187736
0.409737203331044 2.31260446800284
0.412407477625598 2.27784849836351
0.380834942252774 2.76264994345554
0.394163429730434 2.56279603307539
0.405669428051792 2.3780882243473
0.398879045552471 2.49195179915572
0.401002415264036 2.45817855473839
0.391420071622446 2.59936318725297
0.411490538909149 2.30149732914529
0.382251946381853 2.7440075996802
0.399826453276585 2.46839051984728
0.399060362097489 2.4954455170287
0.41578802172999 2.23303718777914
0.406972565290257 2.36565402964824
0.421277858746542 2.14024691180076
0.41951543271881 2.1719119687559
0.40206112138068 2.42569968120422
0.401265559730071 2.44471133922896
0.403970275591238 2.4091146360342
0.416845144646298 2.19879026993179
0.40478860745215 2.39197012764739
0.394841672036455 2.54465566146361
0.400642444109265 2.45656818161056
0.420030824210838 2.15767581290036
0.407789364010944 2.34983119627943
0.411927429388788 2.28959531232154
0.425603106589918 2.08206698487136
0.40461943827658 2.40042758694988
0.420370271422093 2.14852579485963
0.407722126945692 2.35052899391165
0.406694925971107 2.37639712482314
0.416449955557386 2.20963091441889
0.404649569831743 2.39995252587547
0.408481615466306 2.33942360350055
0.377851646986558 2.81395342274532
0.4293717297075 2.02289251717838
0.426696117049147 2.06368585857458
0.390279619866353 2.62597015908074
0.409442346807478 2.33871326777103
0.41229703682923 2.2849297957986
0.414587703898121 2.25307563131726
0.421192433405954 2.14816400818668
0.388240181959913 2.644156844758
0.392915653565767 2.56706487351256
0.364930284513648 3.0151109229089
0.4225222751799 2.10986080762034
0.388554407569782 2.64160990701346
0.427992762908088 2.03646603975564
0.425708999427715 2.078922496048
0.41924706831171 2.1762515705412
0.407928629743464 2.34764888391525
0.391202703352702 2.6101476998522
0.40199050678734 2.43978455160079
0.400758893002672 2.46110299091722
0.401189389889487 2.45278540403744
0.414263400614104 2.25180195339577
0.410424737414756 2.31918004212496
0.404770037124272 2.39667116857619
0.410610304488278 2.29505677164508
0.407019497558474 2.36313309515466
0.389460378145804 2.62603951808055
0.418791708974245 2.1949547699468
0.401495795114804 2.4451959808792
0.389608521024748 2.62684268402026
0.408829963662773 2.33323123383668
0.391201079423345 2.59870123194286
0.396581127756279 2.52182673613425
0.419822757629042 2.15224141271174
0.403583628045436 2.41454233112839
0.403582592509925 2.40844520897947
0.41540082028418 2.23436779107922
0.412715074511945 2.27490746235763
0.41798775559118 2.19001891262592
0.39948770440528 2.47307645147875
0.412615377038257 2.27547429577769
0.41766798368069 2.21019092250235
0.422639678156432 2.1182832292835
0.402603920454851 2.41844570841889
0.429480693593558 2.02607975106077
0.38823291697474 2.65566396513
0.399610011211815 2.47547201852212
0.409759767137934 2.31927555324254
0.421698322758746 2.14279504212883
0.388685805344389 2.63857724318207
0.393858370718105 2.57438594025168
0.404262716652163 2.39844739113434
0.393775419670986 2.57017131570857
0.396719934309472 2.52213323861776
0.412802040968086 2.27358440433451
0.411187928644259 2.2953413014023
0.418856278996255 2.17967057846138
0.402332864755219 2.42567042796576
0.395910527154124 2.52916803824083
0.394193401308649 2.56206013322274
0.405745636359523 2.38408007391433
0.396083711763421 2.5271486742666
0.381062051777112 2.76462783170726
0.419347613986364 2.16987237942388
0.427918350763497 2.04006861054957
0.392959277446972 2.57708386116088
0.411112535287742 2.30084566079682
0.392882870125887 2.57057488010724
0.418107937219703 2.18917732997993
0.40578150350854 2.37992124858015
0.410426476804719 2.31112516435193
0.3930983664812 2.57216041643738
0.372424012542972 2.87670603943025
0.433244227906475 1.95085123137992
0.39834991806668 2.49095902299198
0.396957109176744 2.5167900759772
0.398924544612561 2.48149072704628
0.407060252334235 2.36535503613395
0.411669469719237 2.28491825132312
0.410027083553688 2.3199726713579
0.409790193300974 2.31323832145075
0.420633791597638 2.15033275451837
0.409037926359617 2.3284954204529
0.409593472878869 2.32041471908774
0.404321020945063 2.40666670579346
0.420704349214823 2.14842037229083
0.415697406989603 2.22488172426048
0.419894047218413 2.15711558660514
0.430855057065625 1.99580614002354
0.411875447169177 2.28437428326366
0.419702774216395 2.16996286438909
0.424665950601029 2.09846350138071
0.402714454263335 2.43847558650223
0.398293610557464 2.48830626981837
0.388098150822764 2.64769002371736
0.406659311157659 2.37586904866274
0.401361043199276 2.44476973643128
0.405878992884306 2.3772274527465
0.40252875922252 2.41949206334389
0.402901539779361 2.43156965964159
0.412332841377653 2.277282652273
0.425143495045616 2.0813927398831
0.391205273575427 2.60005499028101
0.414959645466954 2.22511261661497
0.396999029378169 2.5096365205762
0.397145216223522 2.50171335709014
0.417262679717017 2.20927225317278
0.38725978106655 2.65643646725708
0.41102261723678 2.30289504244016
0.398874258677739 2.48866984230157
0.40441092724089 2.39747030336463
0.422443059510393 2.12978769133218
0.383446736804144 2.72800238472335
0.391807699650114 2.58424188936885
0.388402865123488 2.63645150348704
0.428388775320311 2.02706508158939
0.382259832975532 2.73358954207162
0.425947394661508 2.06496083868503
0.425668353313591 2.07040277666612
0.396156570984065 2.52394230674969
0.394077267577438 2.56109072090335
0.400541509498193 2.46151468676871
0.396881627788706 2.51735641991762
0.390169767275468 2.62257420197729
0.414296784896712 2.24919305357433
0.4022823039472 2.43098957126914
0.395931107666014 2.54293191734169
0.395186339584224 2.54192741107082
0.407201044786579 2.3639714343076
0.390866392142811 2.59622443718753
0.420867426729372 2.15258838271794
0.412371186699096 2.283121336626
0.390183047975931 2.61791113000365
0.406216351064373 2.38252808344513
0.387452617791412 2.66184529372768
0.406104677858625 2.37641880958474
0.385802710555604 2.68028736019126
0.398370498534185 2.48959907478564
0.398904081141484 2.47749570683335
0.405581650371359 2.37914923017951
0.4162221223663 2.22265927663314
0.429552722642836 2.01835079686639
0.416910326259466 2.21373896561605
0.415507875068995 2.22803195775841
0.37295114674276 2.88268789138174
0.391888788090004 2.58999820244685
0.389195593843752 2.63800391140744
0.422045708649066 2.14358563326132
0.395010791815522 2.54070051342265
0.386522271170465 2.67580375063258
0.398755519627905 2.48685772234824
0.399521652337332 2.46824911937748
0.428240225410566 2.03747983045298
0.421510574364221 2.13303232714328
0.407570933143198 2.34717396575292
0.410046027608107 2.30527434428881
0.417054297842053 2.21028306506976
0.407821464899349 2.34520263768973
0.410567317740291 2.30647784428041
0.415590382965562 2.23055764357599
0.383576319539901 2.72141347285722
0.414442155487413 2.24624182202436
0.399231974359078 2.48742803100756
0.387851987829703 2.65534779160492
0.388537982855799 2.63213210896013
0.410037110901737 2.31770771145514
0.393398018186312 2.57372715231077
0.405110112292942 2.39544722549292
0.400361116417431 2.45967011287551
0.397061655569705 2.52112131853239
0.397353087776204 2.51517495708121
0.380371314183733 2.76658122730975
0.384184791435274 2.71665499444729
0.400833173740764 2.45772826186763
0.390882167180111 2.6044633340424
0.384891493945865 2.69712115490203
0.411292944772036 2.29110000706107
0.389701819985843 2.61779878528162
0.419742805540037 2.16337186677175
0.404515849528411 2.39739554549779
0.400420016173442 2.45807273011685
0.437814536351103 1.89151523569319
0.3996313967617 2.48873830363868
0.390612482649391 2.61463732111904
0.420707773915509 2.14632568087511
0.391536970890781 2.59515291125139
0.416238108033716 2.21692793114354
0.389117175027953 2.63854372514219
0.380812397871659 2.76535936119715
0.444232475916199 1.78607169252463
0.404091460145564 2.40881616158313
0.401430869692776 2.44445444111064
0.413847801655261 2.26101419041883
0.381125972920993 2.75499584868846
0.416571723691705 2.20699675032122
0.412059911192191 2.27675476826581
0.39767211921878 2.50292984649472
0.385794395476348 2.68253003467508
0.406175217210699 2.36898677044287
0.407237945987917 2.35164309746285
0.439644053109861 1.86482464104433
0.404260733949523 2.39488463497756
0.39496154095738 2.55119634980783
0.420856789628802 2.15012287315642
0.405232231641401 2.38957312357656
0.405007114516527 2.39078676441566
0.373128983173118 2.88035483004427
0.413594028537163 2.25815375665561
0.402969915086449 2.42309156925045
0.39414937879893 2.56305594972218
0.419646035981965 2.17105957482702
0.403083550810897 2.41663591519311
0.420676449153036 2.15293503942127
0.425718998827503 2.07315219315078
0.419156849252222 2.18117865949389
0.4107054577963 2.31444085792352
0.419319052088494 2.17141059821219
0.396903834994314 2.51612206955674
0.436474378633834 1.91050987188231
0.400165726188959 2.46632964167509
0.407939855222461 2.34833509053488
0.407743075891586 2.34801884114557
0.406726833372864 2.36415371224071
0.415111833098359 2.24024948985637
0.410878570778579 2.30262251010841
0.41412742100058 2.25185295375228
0.421378429708788 2.14458347977226
0.414291799922319 2.24318523301135
0.405256597362592 2.39002408425981
0.405013342635966 2.37854070892552
0.413727188328148 2.26030050635594
0.409220393674799 2.31712557351624
0.394192361231256 2.55534074338802
0.412550427886351 2.27424721969636
0.409757064919039 2.31178865207741
0.402534868145771 2.42492426242166
0.381144559915622 2.76204291451554
0.414380262966356 2.25013900192309
0.397175153501855 2.50689196368302
0.420863556738041 2.14315842826253
0.380609185538311 2.75719746056262
0.389143588956211 2.63411138588037
0.413678313512146 2.255398124559
0.407398019279282 2.35478371605828
0.410378313861845 2.30666889729652
0.404977710560891 2.3935457853437
0.404502188210451 2.408635582014
0.403485702836161 2.41658585510268
0.416398358738658 2.21325620603767
0.390931218387121 2.61042006626456
0.415502661969606 2.22436892747651
0.388946257650945 2.63976442614901
0.394868853970527 2.5411514956407
0.389122923574234 2.6378453982498
0.397123491272336 2.50609557494241
0.406988800242459 2.36159300629293
0.409498058268111 2.31658920757593
0.388117701355908 2.64774072070236
0.400355319225425 2.46223210795514
0.412244256203914 2.28072529024297
0.410826605179287 2.29226879006222
0.392554046586283 2.58031519796164
0.399118527442271 2.47325967987248
0.4100619265692 2.32009991001237
0.42517087398248 2.08378668583053
0.425075038246782 2.08364103336246
0.392374553961922 2.583949452118
0.369383762973986 2.94067938618129
0.422266410344168 2.12666544658253
0.401726412509736 2.44336461865776
0.380946120695059 2.76077857207897
0.429895333734986 2.01265641179243
0.406101700490206 2.36838357845775
0.369958527057785 2.93484111004015
0.424413451008144 2.10431941640068
0.403749426863957 2.42220140702043
0.394494578862677 2.55495259087585
0.398883789103541 2.48863974152174
0.401206757409947 2.45359961080452
0.424921510851836 2.08756881182138
0.386435993817694 2.67657636973734
0.415319491704568 2.23754675392619
0.411969271712362 2.27850812305283
0.412881630766744 2.27044361855402
0.401686346977411 2.44706981229278
0.394609797559602 2.55487227766935
0.38720005215679 2.66803901796886
0.41020290057179 2.31134684054998
0.40066829795402 2.4561267444686
0.414222533763473 2.24361915328797
0.39808395719002 2.49497221977806
0.391061126474913 2.59933572167956
0.393922573416658 2.55469876884902
0.410310938701823 2.31264492297204
0.391607081872898 2.58945131184668
0.402351433015504 2.44090549840381
0.388510864573714 2.64529567376513
0.407166713785024 2.37007408383445
0.404043239107059 2.38981328853989
0.40688203961463 2.35764945141989
0.394819815719127 2.55613635612337
0.413682938456539 2.26911139038106
0.408091804367587 2.34834723384017
0.413301472453477 2.26624399826196
0.411735100199228 2.29914485205637
0.405259858141106 2.39368092081211
0.405932286825953 2.37419851165329
0.403696961557842 2.42143540057615
0.414896013251377 2.24756999112823
0.393124896015152 2.5777055313698
0.399355657755559 2.47585429119002
0.409202948842106 2.32836910586581
0.394030373455843 2.55841578880199
0.424055681906734 2.10097401114291
0.377594903112272 2.81320539782157
0.403068585853042 2.41862061697673
0.417803414962014 2.19454184076886
0.395517002438888 2.53366668369465
0.417347919372943 2.20531841839955
0.406648157287094 2.36609680704943
0.38102036963174 2.75628847748773
0.398413866350775 2.49535549508361
0.42559871647444 2.0778260078819
0.41621236689202 2.22322303821836
0.401646633500571 2.44632227373078
0.418187139566032 2.18993852489758
0.409648810996936 2.32195220879047
0.405857345645999 2.37999131072834
0.395441573806495 2.5413914744241
0.400944667827253 2.45342118629603
0.385478866798745 2.69697216577624
0.398113270616507 2.49864087172616
0.399238675479193 2.47676664760231
0.414855645082263 2.24530158121209
0.385853311444949 2.68343857923369
0.425158087816386 2.07767669351602
0.408382459506696 2.35253953971851
0.3867700380907 2.66812463265239
0.408202446036161 2.33787050090311
0.410047918731357 2.31529128750365
0.415317226586057 2.24593873778414
0.395349706774546 2.54089186192259
0.416317191831888 2.20668192947262
0.378840236641305 2.79556705268092
0.406991551012346 2.36338546192992
0.405946479824172 2.36918780142464
0.406344745736533 2.36166694729997
0.391999634431986 2.59168221403157
0.408024655597811 2.36238959206367
0.403671295863886 2.41581908127981
0.409545820227212 2.32089170029139
0.408705306451533 2.32758444961387
0.402121277803374 2.44033384700351
0.408219036203372 2.34588161962494
0.429442174151277 2.0137231257085
0.392951346639072 2.57948131594679
0.410495940776178 2.31174409025367
0.422762608054295 2.13686504235914
0.395549294351572 2.54450785200945
0.387716640282817 2.66268029881713
0.413185959553395 2.26874746126012
0.384464043929265 2.70923971737781
0.41127503263201 2.29488498854758
0.410376916650302 2.31207696343897
0.405497915819412 2.38461461054568
0.414998962929157 2.23585134970946
0.415357510581526 2.2348616801064
0.399048711711983 2.48595296984835
0.397559815091475 2.50264080835733
0.406384747092234 2.36039868519569
0.394681023102922 2.55108065825056
0.409067413107094 2.33261992208819
0.380687392725127 2.7711313512178
0.401791227364241 2.44281818339506
0.406062715070521 2.37749936022881
0.400071722920238 2.4692380015765
0.404274209843756 2.41517669739107
0.40621150573108 2.38340997532706
0.404760784055167 2.39342848524563
0.420675585460844 2.15632063418696
0.393016226505687 2.57512794290166
0.390179847791421 2.61899004899662
0.392972129821887 2.57012739644141
0.391059952677618 2.60687749178917
0.426702088765954 2.06592716730774
0.406119293393159 2.37813147549748
0.377427804968081 2.80962902836204
0.39833180130076 2.48451828670541
0.38372866006464 2.7067990677393
0.3992542198793 2.47836188894364
0.41560580858072 2.22176630933099
0.399294409457933 2.46870064981238
0.388046940977369 2.64397309469896
0.418445599598916 2.18192845150814
0.384177423170487 2.70885960519274
0.403379561802257 2.4239796679
0.412977233042364 2.27098243136838
0.388480319721744 2.63985254311108
0.412483226671792 2.27702122272053
0.393344835007736 2.57202947276946
0.405179604889749 2.3893197845194
0.389543652359552 2.63085195610876
0.396878896880068 2.51474226570361
0.404175007552262 2.41356915103701
0.389163087062168 2.63401848031983
0.408686774296228 2.33498544818273
0.398198208501537 2.49880215357342
0.398252472179387 2.48736499110329
0.418406848066632 2.18184861739259
0.405079181124115 2.39674998664176
0.387225216037004 2.66035427675442
0.390937157922324 2.60990871691019
0.398786734316082 2.48598899679777
0.398447071992102 2.49129457364194
0.370915744653704 2.90777472508131
0.386291451578871 2.67583954353356
0.409309963773316 2.32680866654361
0.439027503438611 1.87758762363055
0.39779876365551 2.49595314395775
0.395627245186862 2.52589648416836
0.394447044520108 2.55341674701272
0.413964489278224 2.25496532272954
0.409553796308002 2.32922205326804
0.406903043235278 2.37146503095497
0.413502303294141 2.26939548203878
0.405743819350866 2.37365262979402
0.402594130907341 2.42613337576601
0.41841900991841 2.19062165952027
0.414777666531955 2.24372619218402
0.420910319458661 2.13869105826624
0.402591004622416 2.43411344813097
0.400220025547541 2.4634017499262
0.369882107408266 2.92796321870219
0.418813752237086 2.18264833966243
0.423603494285506 2.10930332333227
0.391840311303517 2.59384441389813
0.404857975283684 2.39244300412557
0.362604904278341 3.04400967844137
0.40712679202708 2.3661641852507
0.383290341297603 2.72827099074443
0.402740649679927 2.42128776496106
0.428442607032004 2.0357028175721
0.379630045266033 2.7840574990592
0.405456454017583 2.38275180842769
0.427928866438828 2.03948972098127
0.408437054431508 2.34526203774968
0.39936720238555 2.46612665385857
0.414122303449423 2.25315648533308
0.393939308463444 2.55995773505731
0.395606582084745 2.53654484349985
0.398090384001443 2.50302502569322
0.41544214624102 2.23804854502595
0.408224852974871 2.34659111889578
0.408853060611252 2.33793032483175
0.409503357985999 2.31868220421873
0.410815402629998 2.30433013505561
0.400669014218603 2.45467537394979
0.401422893495303 2.44275945922604
0.411955992732455 2.28401467636513
0.412217808278471 2.27681723623451
0.428582700965886 2.03505212154166
0.39767522319538 2.50922779448705
0.414101094818178 2.2526838216413
0.368824858429292 2.9490883067362
0.411579364464036 2.3006697601136
0.398579920009056 2.49115640095393
0.410592356948245 2.30991179666886
0.394085221154125 2.55617815871937
0.371789731948926 2.9007470535209
0.395852194618442 2.53040113337656
0.405379987264872 2.38418064693561
0.379927322156662 2.77568078656472
0.410315919444285 2.31046232876807
0.400131985607748 2.45588633212401
0.413311560081739 2.25529966651856
0.416668814201127 2.21889700560233
0.407900047861944 2.35326128082215
0.401491035410162 2.43539427311211
0.4035146825073 2.41933466752011
0.405479281069661 2.38007302517909
0.41018020079423 2.30428886362008
0.403366674227654 2.41800407288763
0.408199636637776 2.34367650039656
0.405907384244387 2.38083481068075
0.385743533196798 2.6904319324834
0.421277305022731 2.14392717187743
0.392915626326178 2.57806024974488
0.400845466722061 2.45407746188542
0.40930226736725 2.33434338086746
0.428028289156012 2.02793981838085
0.411356123148895 2.29351045617461
0.418753517372264 2.17757220014893
0.406875686758011 2.36293830840181
0.406058385553587 2.38303438664098
0.403293663397578 2.42341570618137
0.405742512615116 2.38546188101972
0.391856165843963 2.59069777045934
0.414677811216638 2.24158487717212
0.411726047555449 2.28529099608627
0.39789414206928 2.5070592028546
0.390804707217442 2.60454814783612
0.39253692140864 2.58302631541296
0.405320236302643 2.38061936969973
0.388555983894604 2.64204658218305
0.4257308883177 2.0779351668571
0.411363542699917 2.30245311202525
0.401330600958329 2.45264269648686
0.384370018106397 2.70114000491107
0.394874266455704 2.53715483032181
0.414747346143727 2.24502068743185
0.401507499861303 2.44697431526315
0.40217466836488 2.43663838544656
0.405702276275289 2.38033977413169
0.415255589645383 2.22206991316834
0.38945073557855 2.6327937235321
0.375430240369548 2.85003979713574
0.390450520367526 2.61244652687475
0.400732796652655 2.46647803738946
0.401317204617902 2.45108277441102
0.389879473720267 2.61875155286563
0.385353013114391 2.69015230004484
0.386481472567969 2.66900536609095
0.426100594056973 2.07824644741134
0.398775854682915 2.49580578616568
0.406523190065306 2.36899429098041
0.414426499542009 2.25113027242395
0.389222548446178 2.62890735002453
0.415700118216146 2.23010495225196
0.395630461459595 2.53802007566639
0.423488184076037 2.11358096767787
0.426782081847844 2.06089627371948
0.388270165578416 2.63794927577805
0.397549175038241 2.50624120396463
0.393512949404826 2.56059627992564
0.389366651437656 2.63227723609774
0.389232209526706 2.63815844513833
0.411419506171513 2.29367431012957
0.418215228338167 2.18662797247489
0.377204684680663 2.8124267451052
0.404149252738782 2.40125650308241
0.403373051506104 2.41407523648256
0.394988270688686 2.53908857185997
0.423927664543156 2.10552630456642
0.395687508666451 2.53141648103941
0.407073188085555 2.36562023613231
0.425729485561644 2.08276261159623
0.412718820332856 2.27382884666695
0.409790917719842 2.31772461346438
0.405768332129513 2.37509768539768
0.427872605870776 2.04578235138838
0.396422004914395 2.53023707165205
0.393400727255865 2.56376736121234
0.404946702382562 2.39479536337367
0.397767649505497 2.50392049827096
0.400868267655541 2.4608054984784
0.416909258624348 2.20845665968233
0.405641826881424 2.38377491691791
0.411780595600547 2.28659782799109
0.420207687627167 2.16077834738281
0.400413145877274 2.46541797103073
0.402194711788997 2.43216083587621
0.407801809473225 2.34083255392218
0.395043589929126 2.5525546832326
0.400434882972969 2.45669753885951
0.41688340331816 2.21234318230401
0.397860193329703 2.49068067220677
0.406345017699972 2.3765395466232
0.3781233085511 2.80757640207612
0.427236770281302 2.04873312966643
0.391010632349066 2.60145678895992
0.418803067208992 2.1862280820535
0.394235550723976 2.55346260447563
0.40255934821364 2.42156602897165
0.401559099308998 2.43414517156046
0.416900553707389 2.21268761253668
0.419323475436483 2.17231280108048
0.404689497585258 2.38906124372321
0.407067805577199 2.35389653548298
0.410708126009788 2.31058051406697
0.431542837828078 1.98963375238427
0.391311116939525 2.59825265266871
0.395421343546959 2.53054183589143
0.396663984688963 2.51898911750257
0.391000276622058 2.60192930885221
0.395796324803216 2.53965780875669
0.419564985892165 2.16837851721734
0.410864271564627 2.29891561997562
0.407894895687082 2.35402498758592
0.412065930157727 2.28969066401082
0.377019327619226 2.81682448850367
0.405602580950389 2.38241275205651
0.415441365206192 2.22056360631726
0.416985567210147 2.20719288207925
0.409590920709447 2.32087699912968
0.399117874778539 2.48286585818795
0.410266290869945 2.31217431256804
0.406754415067804 2.36985313974957
0.407657773738667 2.34950556001814
0.411581147724132 2.29242256266613
0.402787891869865 2.41881498931365
0.406244687263921 2.36906974857491
0.400510745862293 2.46434439755285
0.384645604487945 2.70927116314533
0.409828176266585 2.31700546309729
0.382598623841807 2.73635961037157
0.401835385201791 2.43921305203469
0.407459403041381 2.35347748685557
0.41984111958689 2.16523424613044
0.386234787437132 2.68231477983758
0.401428164456533 2.45649048508794
0.408123370491238 2.3333590532392
0.40390261491503 2.40551211786282
0.417407065879102 2.19731234816746
0.423855065733197 2.10822288353883
0.390690487404971 2.61144498367984
0.402512804851903 2.42579764734029
0.420912606088286 2.15064726745152
0.399561760550362 2.46968662658867
0.410123445089386 2.3235947732042
0.423721261160042 2.10110442029461
0.419972554925786 2.16686432731784
0.386644708108888 2.67056319949536
0.416558265527221 2.21019161008948
0.40611185175966 2.37744951381834
0.402561245503848 2.42937485360507
0.421609001076336 2.13637246947165
0.420058416824791 2.16102602690853
0.402421663256804 2.42695983835882
0.384973132751484 2.68686777062368
0.412267545240885 2.28003766093005
0.404196941700015 2.39622370016564
0.427243709711933 2.0517983702504
0.397632914026978 2.50281424688526
0.405536760670479 2.3866486355717
0.405526879931385 2.37929528866044
0.40851569708417 2.34319671999077
0.405588256698769 2.38822011467378
0.392882765151488 2.57101919677029
0.399607078790753 2.47599493213372
0.404825578181242 2.38481278151524
0.4076451671025 2.35182264304457
0.416991631324673 2.21261306294959
0.3894054954243 2.62657493288046
0.421454018026248 2.13857278515723
0.396772127689756 2.51366618752596
0.384813420453952 2.7027124804128
0.386607610111939 2.66986215808903
0.382403326237438 2.73765709124583
0.4067018670017 2.36645123475254
0.391007652335827 2.6007071243252
0.395087383678174 2.54441890722619
0.421147250252529 2.14565888350549
0.387604320461944 2.6606065630853
0.409453681555105 2.31937335001295
0.416656843929337 2.21238676917038
0.419304013190223 2.17574899114674
0.432512253252353 1.98223247417162
0.385020446290997 2.69017479674973
0.423793843543901 2.10350442881058
0.396362450758567 2.53197142001309
0.3826697803572 2.73536266141332
0.415677147783714 2.22640008757466
0.41687590112425 2.20921249953922
0.3999565999766 2.46740795853302
0.405923035975411 2.37973122087299
0.402616673180316 2.42363254466459
0.381924990281475 2.73267488300933
0.387225886279641 2.66504675759753
0.407032561393123 2.36882002481725
0.412990214896009 2.27036181652683
0.41237012629146 2.2776920335376
0.421926675601682 2.13770975175693
0.398344175624302 2.50125219195143
0.401078228650985 2.451136965536
0.405503060271522 2.37749673201103
0.408764388281424 2.33303472136432
0.405929459149722 2.37401561494175
0.417216766596472 2.20622886697491
0.424039099884125 2.0954827051199
0.419239895882289 2.18162123549426
0.411287527980483 2.28648239861079
0.399050315163072 2.49240697410019
0.384718916818935 2.69767012449408
0.38670541493923 2.67272091775984
0.38573737719818 2.68077231266316
0.411762168444279 2.29550426687123
0.408898417855897 2.32979195394338
0.405657014846685 2.38456536831901
0.400769854150587 2.44849922133889
0.385446273785731 2.68650291780935
0.414829675541138 2.24566335261021
0.421759401236644 2.13985259183617
0.396036162066488 2.53366206474913
0.391326846696221 2.59739483962798
0.404580509527538 2.3922343201917
0.422265991504404 2.12639880290993
0.395973383198948 2.52983061718541
0.418440832326033 2.19323984831792
0.391522056519571 2.59732876350574
0.390488277799233 2.61257244201666
0.430616244147893 2.00561271887813
0.417750543583138 2.19923935053534
0.411246376899845 2.29817965138993
0.372655410005726 2.88328248866963
0.411021144050364 2.29623061904697
0.433803806706381 1.94149141325736
0.388085042504917 2.64249934502733
0.399913492136449 2.47424422460243
0.42531336844685 2.08354024954732
0.390270452634078 2.61280768338429
0.400947188697337 2.45860304432236
0.385701288674388 2.67264793188093
0.423845149846474 2.11378257705633
0.434522026898746 1.93771478508463
0.416588184322392 2.20029284070121
0.435386201545082 1.9277270882681
0.399134876028811 2.49347927966803
0.395979670122499 2.5372621638666
0.412273956405859 2.2795866731472
0.393161851922254 2.57692816642786
0.392866245364547 2.57773600429567
0.400846993706624 2.45396755873622
0.421751528048039 2.13388252740283
0.412750616023204 2.27657114865392
0.420026776579142 2.16301140276909
0.410479444838957 2.30820987509561
0.409048821057439 2.32954324889713
0.408668324605417 2.33708271480056
0.377401242204558 2.81877146799683
0.397504563246324 2.51630861975372
0.395563318077006 2.52750534038301
0.411643826381158 2.29158001962304
0.403557703641833 2.4133706766588
0.392585475260238 2.58321018806585
0.407851197026091 2.34413217810889
0.401740826672394 2.44601909408943
0.430536501710352 2.00583720982272
0.387011445021907 2.67652769086498
0.403079420195934 2.41684062833338
0.378311430331648 2.80260243024488
0.399193944988069 2.48038791805465
0.411638636843412 2.28134483539409
0.392455568876748 2.59028353349892
0.39808955226011 2.49095948184156
0.404124181468011 2.40394227860725
0.422763357754508 2.1154204180466
0.405856776952861 2.38022711963728
0.374404157932284 2.86058333154412
0.391589564971012 2.59485498175477
0.397615142381332 2.49590763152815
0.404916063732859 2.38963617578979
0.402517776310384 2.43857410665833
0.41702351496984 2.20779928942359
0.411166711630232 2.29454330532884
0.418812618963406 2.18566299506433
0.414155673021743 2.25248875236783
0.408700902756697 2.33740196646205
0.392395517200797 2.58438536011122
0.397810119565222 2.50463614181007
0.402535214149768 2.43165217380778
0.41215375512609 2.28546488289822
0.382791244501154 2.72854340398574
0.407430931063941 2.3566683873471
0.376746366869153 2.82641113504539
0.417697909256009 2.20245957205837
0.404051852163488 2.42128647967667
0.391237905789382 2.59606635035486
0.432343309647133 1.97219412857501
0.39636456339525 2.53222363288722
0.398863336752177 2.48021133044268
0.394166987214846 2.56330365672017
0.408586013670602 2.3351280313112
0.421111218131336 2.13866566748206
0.384084217237274 2.70623249666061
0.409045755141217 2.33259539930394
0.403620506924463 2.41436283224491
0.409906954024025 2.31079339929366
0.428519029239686 2.04523004372821
0.397861407317872 2.49771548183607
0.393081623773792 2.57600697966125
0.411222060234968 2.30833419910289
0.414280212461075 2.24952232914574
0.382209779690194 2.72957943696423
0.411668700472472 2.29575458886392
0.415130661038487 2.24451521376132
0.418224121024687 2.19310655341307
0.418710818717815 2.18317954545075
0.409313388040165 2.33235325174847
0.417801829679258 2.19507625933682
0.409728236710052 2.30741801267366
0.404589255818726 2.40252203635019
0.411036749713476 2.29982926569691
0.388519062469562 2.64163052919885
0.410191951718984 2.30633902345638
0.412321752501817 2.27979996655932
0.408140059704609 2.34988417004418
0.394891786420169 2.54579644854013
0.386815661278441 2.67370728547755
0.401019785468402 2.45400272991816
0.402793476098244 2.42997540857705
0.399046276150407 2.48375138828113
0.426790635686191 2.05884154272826
0.400785957898852 2.45606924151727
0.401095553723411 2.45075430727965
0.412661157779462 2.27862775800151
0.406724559859684 2.35745109009562
0.389643886050201 2.63270412843697
0.415565371391137 2.22552296301441
0.37674475444521 2.83454376242826
0.405873658375994 2.38027168303211
0.410346976326004 2.30599824931509
0.399993985286123 2.47151113242617
0.391691030404901 2.60190744548321
0.399980393990326 2.48224375158667
0.407002940712449 2.35361344860312
0.411586391877577 2.29087379044747
0.382838278813897 2.72489738644158
0.402575746657755 2.43249336591792
0.363521002419859 3.02386059899475
0.39103506651845 2.61257840339572
0.403786612892695 2.39995788994909
0.404665373270147 2.39055609045356
0.391815579792964 2.59689206954322
0.409460178218551 2.32555203867619
0.407476648880206 2.36880295395235
0.397469927173539 2.51030966304909
0.416114869770676 2.24058860907655
0.398507557868323 2.48879566209476
0.421629113352833 2.13525411006926
0.414363609984294 2.25759557874312
0.417123650473774 2.2090076596263
0.427293920601314 2.04654479499
0.415271533654012 2.2398383780582
0.385279006100073 2.68614153831659
0.40101268423478 2.44250102731087
0.407658159475543 2.34736252161185
0.401787591353584 2.43769021765487
0.417199196400275 2.20961196346495
0.388267014621923 2.64453228844519
0.403170692548425 2.42117875489547
0.434141665415299 1.95004103564893
0.385896704656083 2.69343368114138
0.413609594093066 2.26584044238691
0.402001783155855 2.43576903297139
0.416981126025707 2.21182710916514
0.41572306431828 2.2397203355064
0.39646098542503 2.52163414543021
0.398306034373407 2.49871918896516
0.419527769709817 2.16725549207832
0.403031586632645 2.42899075308916
0.386688667818474 2.66595462416993
0.390768503696733 2.6192336294924
0.400641941938263 2.45654170226685
0.377544461302206 2.81157046121551
0.407773702220406 2.34391259276337
0.406222461619269 2.37545028864165
0.39961002435999 2.47210841908144
0.403508749689304 2.41855868707774
0.387638734162764 2.65692703353786
0.405498074284752 2.38257441945935
0.403895602625182 2.41219998542523
0.396593004290969 2.52222957750217
0.392670200953666 2.58823980907342
0.401011161127529 2.45352908583899
0.402710338630179 2.43684739098545
0.421603906837444 2.13832171032526
0.3947590698462 2.54198320336464
0.412024764690324 2.27157293604325
0.41499261429972 2.23634850354432
0.405609461394598 2.38297407948218
0.398596761936603 2.4853095641479
0.390013768704396 2.62054889135597
0.412615348384067 2.2727958330919
0.391309399697957 2.60240303604454
0.407606898635872 2.34709470297829
0.40685040926253 2.35988310491186
0.371793693838321 2.91022349486467
0.414234573670317 2.25313314604763
0.434338429537713 1.93393077867112
0.407533208301994 2.35674167107663
0.394374718840091 2.54700967341532
0.412577117972976 2.26931872637662
0.417246142573112 2.19998748140111
0.396762937085709 2.51670063417289
0.364344150901759 3.02232938005866
0.415592770770027 2.22926053411606
0.380145224886852 2.77779327412061
0.400321670799837 2.45981353605068
0.396261847610221 2.52425869246062
0.416228128743136 2.2219121360975
0.411266405657261 2.29888125256984
0.415450810835195 2.22912746082321
0.388474966600701 2.6519884840108
0.400959941125044 2.45494618346602
0.404570282797495 2.39958924804922
0.393938326677845 2.56329308305825
0.403402705361013 2.41235821509432
0.401837373521469 2.4395488964937
0.417657793386562 2.19729791588733
0.398926931475026 2.48716023467841
0.397208550751535 2.51406835846426
0.389492888816146 2.63204954831865
0.40849092610469 2.33152523807777
0.412183734609939 2.28127530309116
0.405550880246233 2.38562871596041
0.418042166937063 2.1959727071161
0.394817536571354 2.55269164289554
0.407538815752335 2.35356665333297
0.388832294764861 2.63816079152671
0.388075171778069 2.64672484718036
0.409531951874337 2.32539325509617
0.410077474416201 2.30824047672739
0.399196462545578 2.47805726226515
0.410141462715249 2.31955239561662
0.395889997361726 2.533450068851
0.412480902769495 2.28635710929709
0.415657183176585 2.22264272711233
0.404707030540224 2.4007165037754
0.399092689225806 2.48489446005065
0.400536267752858 2.46366590588863
0.409334040692928 2.32227067354671
0.398697106027162 2.48905745462823
0.394067304071723 2.56592567068594
0.428005905212914 2.04420688049854
0.405641090035645 2.37940734744037
0.421448117859111 2.14313753080168
0.416363434411632 2.21152171613537
0.405478189162766 2.38702084615839
0.421280362378759 2.14432980253097
0.38928423968685 2.64226508973008
0.430277817722594 2.01128100775591
0.41788274613353 2.19814579335376
0.406931304612794 2.36642835740121
0.425582336115385 2.07755694319686
0.397004591201726 2.51968134601883
0.432347732202066 1.978415984452
0.399470204000202 2.47487360000779
0.384640124587307 2.71073769695855
0.412826460270767 2.26865908310595
