0.362135713771483 1.51411595817131
0.348962899215941 1.68117946687902
0.371463893435653 1.42586713327819
0.372739278092223 1.4050725093748
0.357945211768934 1.57171073708398
0.362811003361086 1.52048635441459
0.374984725484642 1.38159405393306
0.358505761802099 1.56478874876042
0.364690397450455 1.49802212912947
0.361409125359018 1.52777033446319
0.360766599879865 1.53991581984156
0.36049394272305 1.53838350565515
0.359433272759442 1.55452239428797
0.368841191751864 1.44382997250748
0.366707561705569 1.46654071810747
0.345413510227099 1.71852154303798
0.355939547075722 1.59518294494892
0.352861226094451 1.6274787284642
0.355557116203585 1.60639325985966
0.356749953665463 1.58373201956592
0.361255597565176 1.53263134539579
0.364853804164342 1.49044595070963
0.365269827257815 1.48074842595195
0.349182369564534 1.6742085732374
0.363744304446087 1.50108550201036
0.354914720402994 1.60632598135388
0.371816745359303 1.40413101000274
0.365343426786344 1.48887223700581
0.357573394043606 1.57892534934373
0.369038134590605 1.44546369633996
0.350797456632402 1.65582840969244
0.350601317193633 1.65018718992081
0.372344849941618 1.40227564688979
0.357814129981155 1.58342022801327
0.360855535766331 1.5366099160649
0.363713161067151 1.50179950305579
0.374667242636048 1.37983138000716
0.369683066254934 1.43588953111375
0.361073973098493 1.5327550940582
0.370164014625027 1.42794845606109
0.368567590647878 1.45339242610798
0.356486021344345 1.59979364018936
0.358093359025489 1.56591580983478
0.361899146738552 1.52657099416372
0.364157987680782 1.49609472763495
0.370398835532419 1.41570077334331
0.353302352299309 1.63334399700914
0.349964524352811 1.65911829527954
0.356484696042836 1.59496695766705
0.358752256936754 1.56158371249647
0.355055306761878 1.59582140899652
0.35598097707213 1.59672148454519
0.359413062870881 1.55593591531622
0.354866635386408 1.60187819506083
0.355811367957614 1.59841905024646
0.35820798475435 1.56028762122823
0.363052997189285 1.50958786563997
0.364729206470446 1.49069478585051
0.374661555905824 1.3795805714605
0.367945370006443 1.45666772700562
0.365541814738838 1.49183474577755
0.360558660484966 1.54273069345641
0.365167578017842 1.48354412202427
0.347986680387881 1.67749083619253
0.350547262856931 1.6612533245162
0.370968102522362 1.41906113741315
0.359063216833072 1.55606965516059
0.357395487139116 1.57086500132249
0.357305017214412 1.58071801017796
0.373078436761327 1.40318256143019
0.364400131440414 1.49433796657018
0.363733135371731 1.50318898015427
0.36294699936594 1.51528724537452
0.353938174395847 1.61975723267578
0.362962886690454 1.51113269781445
0.363682615176523 1.50640518732122
0.363863918939616 1.50603922528932
0.361071378482984 1.53597636065983
0.355537493294173 1.6059542161926
0.374732780192501 1.38054418797342
0.349286134562773 1.6769958843694
0.365290156048303 1.49237275507867
0.360392535805249 1.54216774377841
0.354534925567272 1.6100765272886
0.382116250236064 1.29304093280248
0.358793495928742 1.55702807117845
0.372561407402179 1.40258578771006
0.37043090150941 1.42124157395022
0.368360932618878 1.45595408133688
0.363657755588167 1.51379554123477
0.359132706619826 1.54290002198238
0.360882623977191 1.5306000583101
0.351701659201878 1.63825371213298
0.356293035145198 1.5903235981012
0.361630568530393 1.52774881864197
0.361413566261317 1.53706343647898
0.358207948170092 1.56349886013319
0.357917422611642 1.57705100566695
0.374318894705242 1.37474128092023
0.366786278734087 1.46753159989284
0.367443154381269 1.46131751590903
0.356454648805316 1.58365874668244
0.357725054387842 1.57479312430586
0.354892965558147 1.60814514671023
0.355033882832229 1.60287731353594
0.367124106995117 1.46094382782426
0.359988165907692 1.55172649491287
0.363647523797951 1.50952150346543
0.367953678844314 1.45477078077743
0.361252364249784 1.53851845742668
0.34668196041824 1.69951498722193
0.374004168866718 1.39227522416662
0.353280458761844 1.62363296253131
0.363620677553669 1.51030308916738
0.357484298082024 1.57924697829676
0.361335328122227 1.53165677965871
0.366625878857026 1.46794102468946
0.365045922596567 1.48911023425655
0.353391551656771 1.61836546695839
0.364728673329617 1.49900046343585
0.353898090908518 1.61858095862086
0.361644333009729 1.52385081065964
0.362757468478684 1.51596185140004
0.366778595441993 1.47202460885893
0.349650855256519 1.67236648585598
0.356359577434502 1.5921200874336
0.367859114483683 1.46223915179101
0.358643538975411 1.55631281453049
0.344760208427268 1.7236939770649
0.366256603522092 1.47067410590205
0.351581687944592 1.65095562924477
0.364817850394338 1.49098767423005
0.363994969957943 1.49646898181428
0.355156384404945 1.60303643855337
0.355686259228839 1.60128047395165
0.363915475712955 1.50858447084712
0.351794181231721 1.64904340475411
0.3571342460047 1.57639516609009
0.365281014030572 1.48294311546189
0.357622093554571 1.5724688876077
0.362453903619536 1.51842425116131
0.374656730249312 1.37999908684851
0.360248800479892 1.5461502643003
0.366884023942929 1.46152337647975
0.370651482551677 1.41780293158021
0.348363803167589 1.68646571598518
0.35692106802134 1.58369299298731
0.3667762324433 1.4711179421904
0.360739356328584 1.54205808427593
0.371098012881161 1.41913452831007
0.353854311047432 1.61833515117285
0.372111114371726 1.4010954915892
0.368029044200226 1.45657073242916
0.356447344344986 1.5977219484014
0.364482050906283 1.49715351368405
0.367627688713581 1.45846143381272
0.362854626938256 1.52190738537492
0.358901469262862 1.5516011345765
0.366142997906318 1.47520680470228
0.364170832694493 1.49840306369393
0.357432712291882 1.58094290317849
0.358109917976746 1.56865084496655
0.347676346315957 1.70100957808328
0.363635764939672 1.51403423071248
0.368243275325658 1.45315678266745
0.366344260579872 1.46818853923683
0.354635901011286 1.60674222414969
0.36106475151219 1.53517294664923
0.366907623150829 1.47359014453644
0.349032044405137 1.67557607836213
0.35314978800177 1.62380752065482
0.358732888983567 1.57437394267121
0.35482379186685 1.61035941339807
0.356320753172058 1.59622032497795
0.366141736425793 1.46995727017365
0.356098691473396 1.59833707621808
0.356515799329019 1.58447759900325
0.363344879043873 1.50530110486258
0.359833147972858 1.54480443915732
0.368828252649793 1.43957231432903
0.3518759539038 1.64419325852181
0.377853524928019 1.3453045279274
0.360418785049229 1.54122036855259
0.363173291368468 1.51315749132608
0.373568384847628 1.39263611771723
0.354557120615845 1.61261819967375
0.363458205821703 1.51146500063035
0.356194575403904 1.59649082464218
0.355479573368857 1.59727782449143
0.361962870903996 1.52681793155022
0.370110046799362 1.43444348830955
0.357798825090266 1.57034437569559
0.371226232649122 1.42046956811289
0.371034489726507 1.42566935655996
0.370052349580706 1.42761109860091
0.364574876545619 1.49438415735094
0.37737974019407 1.35265622649869
0.366541731373913 1.46982842557877
0.367491884223366 1.46209372608976
0.369783537058173 1.43216764629947
0.364676055133924 1.49241897857787
0.35094633646748 1.65950354909802
0.374838047952744 1.37324890587094
0.369741629743829 1.44012532321378
0.368830424184375 1.44667531529046
0.362190630530299 1.5186302489616
0.360100750545793 1.5513058155031
0.381885556157862 1.28381453475781
0.352133018582254 1.6441333196142
0.368173000043021 1.4473745632807
0.369657772404145 1.43750860564852
0.358116623879867 1.57027657788449
0.358514993573797 1.56658048699683
0.360776965198813 1.54315767441897
0.370377654181318 1.43169324249723
0.36455074533722 1.49511030754427
0.373650361944286 1.39060168706964
0.367789450959694 1.45507678424417
0.356304084128035 1.5909669771852
0.36222628734899 1.52605442925189
0.362759805629291 1.51402222701046
0.365330678456286 1.4853453063484
0.364644925455064 1.49220430553332
0.369645076915462 1.43546916401443
0.364235329479645 1.50421117074917
0.370678910687006 1.42302363205743
0.37125638318504 1.42076896861256
0.374464707479061 1.38465693613606
0.362876985368617 1.51867613523931
0.370136434689929 1.42461129015063
0.366608879063978 1.47424029341638
0.374372143919918 1.38757747899875
0.357523977238179 1.57690942901267
0.36908170297266 1.43907930405194
0.374610598332879 1.36834737047966
0.355390109509631 1.59704027436824
0.358411891020908 1.56910873370245
0.366928853987623 1.47706879458781
0.368225662260686 1.45386026776108
0.373913767513293 1.38116958421031
0.358743747165814 1.5620181066435
0.365256679229705 1.48912223163901
0.351580602533744 1.651188938175
0.372381135845568 1.40327374261587
0.358072834603089 1.57361603471988
0.360902873307962 1.53789156635448
0.363600046025626 1.50851008152278
0.359780702816478 1.55471729297536
0.355024340477541 1.60992814500267
0.367606075438235 1.46449517181765
0.361646138484513 1.52781435726874
0.373180998223394 1.3889924234569
0.359290094298674 1.55261754510782
0.371814860076572 1.40214657011446
0.360557079313005 1.53569061504132
0.365900550596287 1.48088499277773
0.354746571614542 1.60821315212581
0.373936019360074 1.37631243654731
0.37141265737235 1.41840330457718
0.362408719410614 1.51952529939005
0.356908247175154 1.5834432984189
0.374173533317869 1.38711468448082
0.363685731834237 1.50638699648703
0.357473014008955 1.58150032774459
0.3690417016661 1.44611278087394
0.362429026464078 1.51860603197297
0.366608030560955 1.47155027462753
0.349712957897499 1.66990857726056
0.347164697666689 1.69656816032642
0.353035688916644 1.62329645626196
0.365245914507855 1.49348491580712
0.36394300294358 1.50097687397531
0.358985754023011 1.55926347724084
0.378251578656729 1.33637046338619
0.37042208549609 1.4315678970461
0.363103355391766 1.51051461154179
0.346235682958951 1.70679850709787
0.383220570950701 1.28263776369938
0.376823090476176 1.34698353571323
0.364686759830186 1.49573901714818
0.372106549995222 1.40271758016113
0.365878685918644 1.4884186505366
0.365024519831382 1.49104960186919
0.362664917636654 1.51914765144449
0.363283249117102 1.50289612350696
0.347721764440437 1.69432561558646
0.355952465927662 1.5929332549531
0.359370364991127 1.55003245925232
0.362681010580195 1.52730781153136
0.364727135451628 1.49380167689363
0.353385877849357 1.61431947881725
0.358714313184481 1.56408629605432
0.365908184917954 1.4785488723926
0.35770936272368 1.57653811852422
0.374386198032631 1.37434770354513
0.360131745091764 1.54013534035003
0.358698395219782 1.55977579454286
0.365645501781959 1.47490172440135
0.361197266042171 1.53464911239341
0.359793356110216 1.55683327673023
0.365976203550733 1.47212545758598
0.370936612258388 1.42272103512603
0.36739618742973 1.46481119543292
0.364251398750867 1.49654147768075
0.357439162504057 1.58030915450723
0.376683435632529 1.36064081075492
0.356491929828894 1.58910788634134
0.366800147821144 1.46580540055388
0.352345610394922 1.64772715013357
0.367566884287198 1.45730185206166
0.359753311868691 1.5517754550929
0.363523958706231 1.5074159126661
0.350945701309492 1.6589345246643
0.365868124586956 1.48258680065725
0.363993266870674 1.5108181706248
0.368664333047163 1.44486628734587
0.370519226506012 1.43376932932835
0.359775789927722 1.55271722150371
0.356335681988269 1.59441578436286
0.351932934421059 1.63895275417747
0.358540412637406 1.55989886770099
0.358816257239111 1.56137596018593
0.359836782935062 1.54442541974961
0.376118287348354 1.36460134355739
0.368889516394479 1.44658280229731
0.373956005924279 1.3787570000844
0.377721641149893 1.34425157295059
0.364564280306146 1.4892649470168
0.371496972360513 1.41401072804695
0.370194210095934 1.43484242889973
0.352611104339457 1.62791722969726
0.362817192566802 1.50918547232241
0.368815360938626 1.44537325987424
0.371429607100245 1.41713172186893
0.350069399784819 1.65480229376148
0.372871964170234 1.40367313949891
0.364717963920557 1.49417192446285
0.357008932100963 1.58353508405372
0.367411163673902 1.46376315983089
0.363825928640717 1.49767995816395
0.37463882035167 1.37815983969946
0.354915144480037 1.60628554039734
0.356203152262689 1.5877830568444
0.358177841038971 1.56499817255524
0.364261740215562 1.50473259416262
0.369541706522958 1.4402333603136
0.361712843155504 1.53147440863908
0.363756147119845 1.4996819437302
0.381010256016371 1.29849216973842
0.355684208550343 1.5998044866306
0.371525465034134 1.40990811725835
0.35767234197823 1.57902255472279
0.356278525130536 1.59449097227391
0.355000031148308 1.6094599407363
0.353700980850121 1.62062153603289
0.360050390972698 1.5532636471805
0.363282826166707 1.50693442619448
0.365158574626159 1.48658068265638
0.373204108327489 1.3935352498095
0.363747201906564 1.50380325787057
0.374568258672382 1.38032539151746
0.364436490961311 1.49174275849576
0.368072024460399 1.45233594513196
0.367911499641409 1.45659831823155
0.362247293741806 1.52001405070134
0.373301407030613 1.39380536129475
0.371797761806389 1.4087124517478
0.354149030295795 1.61594919287564
0.357246725103491 1.58398497585508
0.369014676892344 1.44149148720847
0.362527935760595 1.51901486464371
0.367126370960903 1.46449057015485
0.35570006994532 1.60036131668657
0.374508193421212 1.38557699438452
0.369199469624258 1.44895695838894
0.377636536152202 1.34404616300691
0.368176887278027 1.45309433142809
0.366241633105393 1.48208383688723
0.36116989353953 1.53360699600435
0.364080124546545 1.50091311804521
0.37845221549892 1.32971291463785
0.363020674935175 1.50652352953942
0.364437361396214 1.49291792593201
0.366399393534695 1.47272638683122
0.35887639650439 1.56116418201932
0.355476168954233 1.59447522678476
0.360534699609516 1.54783357490149
0.367874932599638 1.46739629415564
0.354442755240948 1.61568240436398
0.354506240200956 1.61740417459951
0.36652978853553 1.46865148485559
0.359639807650065 1.5492542854341
0.347431001230156 1.69628041047074
0.367457187110856 1.46385376154361
0.359878070103569 1.54836711004897
0.361084617652041 1.5380236814921
0.364855915777338 1.49613632592531
0.368168886584805 1.4544842534397
0.361823860960154 1.53145976225472
0.362181105184439 1.51215759600239
0.356821418018057 1.5859378529545
0.356874033454695 1.5811531498536
0.366153746098676 1.47950700109346
0.366028766411934 1.47081232006454
0.368499613534227 1.44586851394665
0.366305162113695 1.48010052569139
0.357793531923586 1.57037675957054
0.368713031649439 1.44728947784003
0.360091678834886 1.53942851599536
0.362058198519629 1.52455122262721
0.367537571300235 1.45749677066427
0.364079564006582 1.50073277853771
0.356680618485319 1.5857469271731
0.367785136126058 1.45027571281861
0.362605707951258 1.5189875906013
0.357088537773214 1.58323818726949
0.363108476380012 1.51239641411408
0.362098268417194 1.52865071726722
0.353371442579256 1.62998006547438
0.357812964932148 1.5744237664714
0.366702426345745 1.47510233165955
0.363897228256532 1.50872889406089
0.366426995154097 1.46658440340747
0.358857455009132 1.56345448892598
0.357652133873409 1.57913030460271
0.374031500392704 1.38163504533046
0.360282962973696 1.54153746415888
0.365056811169251 1.49330556770468
0.369868108452271 1.43559265927759
0.361696247560942 1.53023943574877
0.364262297238351 1.49742987377399
0.362040127837318 1.52769558567251
0.356865775067164 1.58685009495848
0.362774877979919 1.51896414614672
0.364452694927859 1.50340785664222
0.363546628338404 1.50511818726433
0.366921099749955 1.46128684781306
0.364982381755791 1.48560343212715
0.379511088091625 1.32590096805641
0.355761097404634 1.59833702617331
0.351607360619859 1.652744082755
0.370568192307231 1.42139643895239
0.365129661838194 1.49740055723797
0.368065820927684 1.46227014531198
0.363037410942662 1.5191597985749
0.373501436634775 1.38815663667896
0.368051610300017 1.46089830713895
0.372114477778949 1.41024859663824
0.354475438400752 1.61035530583155
0.363628500292565 1.50045068364879
0.362682600810737 1.51584418109838
0.353570363429222 1.61763436538197
0.355735004270616 1.59381285066568
0.355703695674087 1.59984643840124
0.375125197747964 1.36917621853294
0.351503537636018 1.65119157190562
0.363447002320433 1.50490626222473
0.359346136968585 1.55891088226935
0.35959618710959 1.54639592832613
0.359184963658233 1.5593196044624
0.354296810803671 1.61314710513877
0.367242803893301 1.4598854438628
0.358863047168481 1.56523805956787
0.357136330413419 1.5826972791734
0.357094048432787 1.58216317554631
0.354776906669198 1.60426829385117
0.359791446753612 1.54179077246912
0.369242155762663 1.44386993489326
0.36067154756653 1.54155392219677
0.360141830216095 1.54655921079795
0.352084502222881 1.64075337987799
0.363406513091209 1.50681704264334
0.364995870284507 1.49267026847895
0.352282701580698 1.64101031353024
0.377419791981847 1.33722942422741
0.365616101559176 1.47853553431282
0.371347629493152 1.41081899371429
0.3628577307111 1.51520322904388
0.368732441742644 1.45104026228891
0.357905931097632 1.57272200341622
0.371990908124328 1.40491482527525
0.361651275799661 1.53404542411926
0.364560404051149 1.49641021328431
0.356468390771124 1.58501057475662
0.362596580719016 1.52264929605888
0.363001523832943 1.51135368453049
0.358271361832519 1.57777623291315
0.371897037284357 1.41298066567197
0.366486595284245 1.47146064617199
0.364449116150087 1.49754306163029
0.361905657013311 1.52644370106722
0.359995708918644 1.55056033451575
0.356766500560731 1.57823618931436
0.363873731490482 1.50390833622188
0.3645200645936 1.49453139441765
0.370264188105195 1.43312240431722
0.363861221091942 1.50453360580029
0.366174614182074 1.4809765970101
0.36410177347519 1.49832643846195
0.359168364079547 1.55573206144706
0.364331205921881 1.50386020412241
0.372068137343175 1.40970918861011
0.36015659102002 1.55498668634061
0.359810775683931 1.5512527056753
0.366930458584818 1.47083899884511
0.352204070860963 1.64637928463356
0.355380954840156 1.60052217771883
0.351537380642337 1.64241039843787
0.365318415101481 1.486850151631
0.374080104872257 1.39199801502128
0.367536158731025 1.4530926283839
0.364946321336789 1.49101411407806
0.366166497256061 1.47221622694301
0.34912640704019 1.6719925214601
0.360428447656486 1.54816414178155
0.357964168241942 1.57104023079497
0.360932257262697 1.54230851353314
0.36631714228927 1.4791273962017
0.366931168570773 1.46397326383603
0.352944200962844 1.63512255244214
0.350724551490966 1.65336191602787
0.365043577498824 1.49015387069102
0.364488891550398 1.49928340013946
0.376125611762226 1.35946817495463
0.37069554683007 1.42427405812028
0.371401569637189 1.41249107273441
0.368501197702907 1.45718578878987
0.368640551170341 1.44951973367424
0.357041522604637 1.58272838929698
0.369078082144332 1.44356717129872
0.364276351301072 1.49876838590756
0.359817374727728 1.55436436961819
0.352108038300158 1.63259172084142
0.360161625627912 1.54725031856224
0.354542531174721 1.61706556887924
0.377755657337673 1.35312850320138
0.361184017440546 1.53867387133988
0.369575872556009 1.43870746956965
0.35764257097453 1.57619511514181
0.363946550732694 1.50182076121541
0.358010038984151 1.56823316239318
0.366951127309162 1.46811807966872
0.35846623454386 1.56170218125491
0.367751804141966 1.46167752858961
0.37822661933989 1.33335039073453
0.367777058249046 1.46081842823364
0.357133615505849 1.58234654599027
0.352105696163893 1.64198597023772
0.361313964299525 1.5299940892141
0.367723171871244 1.4552121848473
0.3668764928484 1.46887860737372
0.373042350167756 1.39723310178066
0.365480020857522 1.49102508908802
0.355606889715031 1.60315206245007
0.366902587428414 1.46902050517046
0.359482294441869 1.5531961407935
0.363474708623564 1.50144593676314
0.360580457394058 1.54778332375295
0.369084663011373 1.43966380301877
0.3487557074145 1.67988288346649
0.353469575030858 1.63306690780973
0.359589862208452 1.54983494836517
0.366658179304204 1.47664536218002
0.353666247093846 1.61949860266564
0.361999905088135 1.52198812159158
0.355965131096323 1.59728737248409
0.36533540789262 1.47671100353181
0.364453354533163 1.49652969032053
0.363884669745635 1.5026729283079
0.364288097289172 1.50118756696636
0.366899068514242 1.46882664538618
0.356446297931544 1.58625489098066
0.357953366367556 1.5743123355645
0.360775856037995 1.54076456240707
0.355385068701666 1.59492428879669
0.381530673179698 1.28940392940422
0.369323261258879 1.43775797678077
0.359817655130883 1.54582185361194
0.360531437530295 1.53997400736402
0.358466371567331 1.56972695985387
0.374394215590583 1.37505075337368
0.363990653427072 1.49786804876422
0.356524369021496 1.60096172418458
0.371800926813141 1.40659091546102
0.360385281311407 1.54423914472267
0.37224860361424 1.40263967429508
0.362776123382265 1.52601220795959
0.353637994376449 1.62343986070882
0.368690028190854 1.44773760928383
0.364469926174633 1.50194136256876
0.362045056403881 1.51658743278003
0.365196448120215 1.49357938963396
0.358360021166637 1.5620210516468
0.36569267087485 1.47535337377245
0.353153592721938 1.63131644643944
0.351058252129988 1.64823639818845
0.36462438024422 1.49425699340356
0.363058834010324 1.5065161608926
0.369074043573357 1.44252142961327
0.355845291686003 1.58936651752421
0.37180024019336 1.40968771740076
0.35673827236308 1.59093148465454
0.361149255883315 1.53462974485092
0.35607498211604 1.59251022042104
0.355776456822722 1.6022784321628
0.349751747469358 1.67040833690987
0.367583411124242 1.46356960264841
0.371022153890344 1.41592437521043
0.362385704861194 1.52276353604678
0.355599341408483 1.60427802770476
0.379158362395211 1.32440486244385
0.35880992641205 1.55606663668209
0.348912871388533 1.67842783571764
0.371497420527675 1.41615493546572
0.368171425034479 1.45741234220377
0.363966820144465 1.50432588945518
0.365825528656707 1.47517270554652
0.368131194341439 1.45335790814567
0.353838241229883 1.61459716302978
0.37049792410233 1.42695471979897
0.354148817076189 1.61556483596797
0.368988130112214 1.44021340056881
0.35190951372977 1.64326462389257
0.356640481930692 1.58929085689195
0.377512024345701 1.34658507125772
0.366820969134855 1.47523375850906
0.367375525963943 1.46310800645198
0.357686294318386 1.57950249553179
0.364590620610559 1.49237330053544
0.370069747267822 1.42968419511238
0.359817224832772 1.54986149235206
0.364975206951537 1.48946693524598
0.369778105101687 1.43678724216316
0.368877848558814 1.44765987000425
0.364109462202423 1.50263197695178
0.3681959259471 1.45161262107677
0.353826748431519 1.61803850603917
0.365063296283541 1.49134110660735
0.367646760455522 1.4518417567196
0.361628778583516 1.53352951752993
0.363087374476837 1.51525244237057
0.366414988753085 1.46864833933337
0.354258365494053 1.61549142537728
0.355977642933935 1.59122407151651
0.368346695884182 1.45552491694134
0.367162658143441 1.45718666640423
0.372738042424839 1.40837763468316
0.35489782469414 1.60431547046581
0.37118432145702 1.41341327926272
0.364188099756318 1.50341527497178
0.373784299450817 1.38497873501732
0.36097473129934 1.53761026385906
0.376959132092412 1.34994826509396
0.358830951255611 1.55833966516521
0.356840130233433 1.57683433414395
0.362218496143823 1.52422099892581
0.363339223027622 1.51351732453718
0.36880674560271 1.44589696341272
0.348792892446534 1.67938862483173
0.366626697113775 1.46898255671416
0.364233960211797 1.49293991413473
0.359668515554261 1.55175201988639
0.369161623627308 1.4524188344844
0.372459562988452 1.40326124024087
0.36849988195377 1.44177264790595
0.367962283032088 1.45963074392205
0.363590267391378 1.50315369264545
0.370053421881855 1.43750148150689
0.357492979639385 1.57639265228546
0.358203338733762 1.56332916209794
0.356529849830926 1.58611753646364
0.364557041011343 1.49314499565689
0.354790141222564 1.60559883301676
0.364373934586301 1.50017353014294
0.362141899584258 1.52167466003677
0.374505284045165 1.37996922155193
0.362257359659216 1.51566689146428
0.357180975652722 1.58151647938032
0.368463330983015 1.44881292712689
0.368603174770479 1.44867767498769
0.371500286435985 1.41145546158821
0.367117949866261 1.47106375146804
0.366651168291065 1.47394272487372
0.353065936390236 1.63830689165309
0.362154599027024 1.52538785239981
0.365667967393068 1.48500286299112
0.361576996537625 1.53224165616569
0.363498841628852 1.51208663661354
0.361447937652298 1.53315177380062
0.358912525383177 1.56681781832438
0.374608288723742 1.37962796685589
0.366330230430882 1.47408671849014
0.365443332373638 1.4891006767783
0.3574776251829 1.57727562953002
0.365141252508619 1.49361418320538
0.36182564361141 1.52257151923793
0.358490540078262 1.5747774540036
0.349179601189441 1.67668048253622
0.355094778677629 1.60974837100403
0.357258485645964 1.58147624957532
0.367274232241122 1.4653693504059
0.369366576639259 1.43793942314338
0.363565474238422 1.5062929985818
0.357747706306254 1.57076419519522
0.358750662068529 1.56544735279032
0.35560311777729 1.59686968407745
0.348015024670281 1.68834339050927
0.368187257795008 1.44982685583875
0.368996075759218 1.44279597395947
0.36427844956362 1.50594679709345
0.360986820384613 1.53318594859382
0.359820245530474 1.54670212973101
0.355958240177803 1.59185459116573
0.369037309489647 1.44579711255033
0.377154599635426 1.34831586421838
0.361125106535797 1.53115809896936
0.357309917615504 1.57529578674475
0.353896059989979 1.61348351084361
0.365797437245688 1.48476440050753
0.371977377223302 1.41181055437802
0.357544099435714 1.57634184344434
0.356577357735672 1.58903215048424
0.354486191407804 1.60993818927988
0.355459454161434 1.60195116578104
0.364574605495698 1.49024767593432
0.353512271406122 1.62041555515618
0.360341440946937 1.5448325321572
0.368055733186969 1.46373570605185
0.347659324933388 1.69321174307374
0.359517596951745 1.56209570362264
0.362678403318077 1.51017147136197
0.368343882067337 1.45118112262228
0.360299594042132 1.53755876580624
0.371635250470015 1.4092057293028
0.36191636474071 1.52744270348635
0.36856219775082 1.44535727732414
0.360522132618185 1.53352724985678
0.356802369034807 1.57687580038873
0.35897077728831 1.56117743115353
0.355099373543574 1.60914706713798
0.357576761209225 1.57202367345921
0.365063982879604 1.493303443201
0.36555491727734 1.48584958578267
0.362865547973056 1.52185809847276
0.366083220950112 1.47757936145363
0.35800744268995 1.57319228788853
0.355910437588485 1.59764610293904
0.356706492192729 1.58584082769713
0.357013118675337 1.58622463113514
0.363150273237508 1.51102407627743
0.375600529631867 1.37507471794577
0.352842445995165 1.63656497080978
0.347263616242527 1.69795155495502
0.351588192451851 1.64274752820636
0.360813674267395 1.52914138175223
0.355358290699466 1.59793478718109
0.368099331247153 1.45912650459069
0.372919645881679 1.39041782365186
0.366331535835791 1.47094573745061
0.367950986244845 1.46197277107984
0.367822464589662 1.4582029716277
0.366535037568203 1.47871334721807
0.360332890700346 1.54412344054334
0.367435882038495 1.460258793444
0.363399224970507 1.51317455484012
0.362126969505219 1.52338255321891
0.353121279265996 1.63399824629045
0.373213140847989 1.39951990451783
0.364497507833754 1.49659995717042
0.367349710263318 1.47330037762551
0.366094484039939 1.47631822771067
0.35450383534452 1.60665235719267
0.355624027705049 1.59571395672828
0.362905039021023 1.51457656922622
0.363945826818704 1.49893283527876
0.350854803042561 1.65790660161434
0.36060489480361 1.54517417492314
0.369205062522121 1.43264298330814
0.358594223926259 1.56872567783196
0.370409998131111 1.43438720254471
0.365761338641154 1.48541970920231
0.361788882714887 1.52998858298227
0.351125500677013 1.64963766213806
0.364576474255892 1.48753798730453
0.368683388280637 1.44835571282347
0.358459374151342 1.56557216974549
0.373760735870467 1.38865971095337
0.366220629457287 1.47748960658709
0.364546839093053 1.49115937312634
0.354168192894116 1.61562588207732
0.351905387260022 1.64133218104948
0.37225582868762 1.39924765101962
0.350917054054298 1.65877319461777
0.372660345561568 1.40656225058717
0.351750643293954 1.63929676150111
0.363589303953378 1.49662726692664
0.369076376983134 1.44807010416275
0.366539888427071 1.47874996004163
0.371804711414213 1.41582694506249
0.371270086439131 1.41515766808671
0.365813356121027 1.47573976143465
0.358785222324738 1.5657390984586
0.364511440659061 1.49271668975448
0.359185846346049 1.54784466580037
0.368734234784042 1.44801818686792
0.365777965403352 1.48671313029228
0.353283200899353 1.62500964701239
0.365208538348629 1.48181284486172
0.354766061284476 1.60469774684211
0.359325619853031 1.54903380497946
0.360413852669236 1.53496498409813
0.361415838593396 1.53769739274789
0.367597429835691 1.46207386764237
0.350602954773488 1.6553317026753
0.376597641308885 1.35256293878186
0.373979417965231 1.38057531794985
0.372527052067194 1.40419010790921
0.361771260895884 1.52792964957988
0.379423768989071 1.32209406481643
0.357048475986144 1.57993295701569
0.369391318937488 1.44399428663667
0.348497266394933 1.68259084705184
0.362555456777126 1.51987071617896
0.362463190959441 1.51666240181743
0.365784822053571 1.47853368969969
0.356299564732164 1.58741943323229
0.370140313879048 1.43105315626098
0.36961910562724 1.43296255853927
0.355097601393485 1.60594021820916
0.362594561695435 1.51323717982837
0.367172569778348 1.4629377082932
0.374372389295836 1.38032086375793
0.377215930166118 1.34206916681491
0.360538323141718 1.53120687052169
0.366942902437078 1.46818580178703
0.37088162960319 1.42606365533404
0.358039019864206 1.56737329270288
0.366954731621899 1.47114258684902
0.370264511482643 1.42988100294336
0.363441763470032 1.504483111792
0.355936919750003 1.59905497071478
0.358630174778641 1.5647386407757
0.352461087209756 1.63104982261571
0.357965893881757 1.56935024906874
0.340179137822957 1.78446446930333
0.36624807683754 1.47490580230408
0.370805074729315 1.42934706330594
0.362362459840003 1.52799863668897
0.365544217228496 1.48013405136571
0.360597386130911 1.54851948351263
0.355194045990243 1.60116775184889
0.349750002561072 1.66835472159649
0.36365609349547 1.50434111479457
0.348021926789559 1.69445482872632
0.372439019742848 1.40582390860683
0.361670841960386 1.53225228764996
0.370485390978719 1.42472143610125
0.358296132411524 1.57097308593972
0.376377542448424 1.35521900205177
0.358819863400151 1.56975356281286
0.354987836259909 1.60433717637314
0.365001519784971 1.49036797357976
0.367105411295378 1.46979282142207
0.349714305220911 1.66643360577117
0.365105512087988 1.49324125857299
0.369740770922041 1.43639619006722
0.363382238522073 1.50493394324136
0.360260743002052 1.54272799923936
0.365429594031007 1.48435746852135
0.363205208618627 1.52238312212191
0.363409189082179 1.50708996455024
0.358860066391152 1.57022601724241
0.365483838746752 1.48394540254717
0.358340713035733 1.57082903941185
0.359788029064107 1.5503932077914
0.35894385739998 1.56247686633128
0.352851878296355 1.62234503598655
0.359053374593054 1.55642070091415
0.34353486562021 1.73936333881845
0.364839566874162 1.49530481353175
0.359263181957525 1.55687051780373
0.354603468520712 1.61030867862024
0.378042520087348 1.33708902879887
0.36342968448317 1.50011276871568
0.356550067151344 1.58307171799232
0.371948081499548 1.40735811341386
0.362331730111711 1.52865599164795
0.359390095776591 1.5538533096071
0.35815545459714 1.56116946585086
0.363127459083703 1.50553383921548
0.359145769911348 1.56738237565923
0.355482713362683 1.59411180546194
0.370843612418629 1.41529171354217
0.347493823038092 1.68862198684928
0.354346298819234 1.61324806288307
0.349086104751968 1.67369353577745
0.36678312004125 1.46705002157078
0.356136409479392 1.59533954654536
0.351610667338855 1.6538422083929
0.370089131051856 1.43504348679983
0.367778142194264 1.45705305432577
0.352358035033167 1.63317351744774
0.360874904300258 1.53418563691659
0.358049533939454 1.5692312149092
0.364528479475624 1.49189376097411
0.364632296550649 1.4957963323182
0.356640397430846 1.58863909637314
0.354138892501142 1.61673558704514
0.367769826423855 1.4574869042182
0.361081315130359 1.53709184182177
0.361133883951287 1.52955786994252
0.357442505486532 1.58065374568901
0.36874223433973 1.44861687174694
0.369880679675472 1.43510302852814
0.369422955617849 1.43269087197009
0.368689490444361 1.44904484815028
0.352777134983329 1.62726089152923
0.366462484848006 1.46800434781666
0.370285130600143 1.43299829346458
0.364272454656273 1.50153066984474
0.356187299117413 1.59357008507908
0.355583682330996 1.60685176718767
0.37284990407699 1.39424510219356
0.352220332429746 1.64038473872926
0.363699390036204 1.50124643452627
0.355916866149944 1.59642296952247
0.364096651702124 1.49238580700313
0.371460539187606 1.41124268838946
0.356135098307856 1.59877620843434
0.365115787758733 1.48639807028379
0.35091399307917 1.65259665353508
0.375041147660393 1.37616744403894
0.366461597085485 1.47140761119921
0.362565806559541 1.51448576608093
0.370324655272135 1.43294133051392
0.374854438068123 1.3733777922699
0.380443866664537 1.3171148444886
0.357360466575239 1.57660741755824
0.366901166029538 1.47136696648872
0.370833087290821 1.42134870945396
0.353550552891809 1.62280092211409
0.356876018714697 1.58651495136187
0.362106189895732 1.52333860612371
0.357817240267092 1.56119937046467
0.371264707083611 1.42155069611728
0.367842299716719 1.45871270205684
0.362863720865514 1.51406350683499
0.365602982508752 1.47988769271423
0.361219187481761 1.53140505165365
0.364818926753269 1.49302826026268
0.360147994219836 1.54638710228746
0.366619596006196 1.47178333235413
0.360873640462354 1.53998068744183
0.365391609352068 1.48698057296727
0.364237910750095 1.50276040017172
0.36719693779326 1.45552890557747
0.36263895408278 1.52044533009117
0.371521834425013 1.41151964502451
0.364850336123243 1.49196281340547
0.362872879839156 1.51467186941938
0.359790746064084 1.5569381736078
0.365073055544226 1.49220234671109
0.35762073801702 1.57281722040768
0.370533090639392 1.42687600247717
0.351882369881872 1.64799990557079
0.364302385246362 1.49373381508608
0.36458182238163 1.49894885656803
0.362919077565295 1.51032074367026
0.363033570660226 1.51613351706971
0.368070801032258 1.46109403453136
0.377387062052416 1.33867733058445
0.361861847629354 1.52507842681146
0.364217360419935 1.5043972631986
0.359130571625074 1.55968374819428
0.354885694241261 1.61667633409346
0.365796028002968 1.48293300494511
0.366098296561251 1.48551791269222
0.362048586350638 1.5264296887177
0.359696794935679 1.55005586829751
0.364719704941658 1.49544325706009
0.360584302848057 1.54369628369945
0.356641400832171 1.585798005124
0.355861564128602 1.59931781186889
0.365597100390499 1.48038124624996
0.35733209126258 1.57873201078571
0.35728339867666 1.5817460269323
0.357432615250265 1.58038520477265
0.35803808144637 1.56067130784604
0.356879343753386 1.59430862650994
0.364568930300444 1.49804690860524
0.353484446727676 1.62526004359663
0.366435932748695 1.47184800540084
0.3712461102495 1.4095450863858
0.357732210830512 1.57463631710163
0.368570267402731 1.45219120297226
0.362815191274171 1.50829972891965
0.371065325677186 1.41338923030116
0.35982315337005 1.54860179159493
0.371033110965152 1.41518860286985
0.355961098537425 1.59567070967667
0.352305779973997 1.64201256065953
0.355466089058841 1.60914936816685
0.37223483228655 1.40650601646241
0.356701449090767 1.58109901328475
0.361769684114529 1.53345262276616
0.355151159121716 1.59937645325148
0.375321691964232 1.37090792738047
0.361718348419016 1.52793653341449
0.366693491595521 1.47270467888542
0.374074635804741 1.39009591570697
0.368223297302859 1.44871139253699
0.360256393951209 1.5444315428337
0.362640405295328 1.51567739952978
0.360253645149839 1.55314731218913
0.360438637018137 1.53788484449453
0.374805349036827 1.37290777395876
0.35124006987712 1.64925521676514
0.358199432586921 1.56659482360068
0.364745862085392 1.49419108107624
0.346155132824518 1.70770979212532
0.357517697847725 1.57754609155554
0.355066014955281 1.60489260000942
0.370207808010987 1.42848357522637
0.355875112375007 1.6006789345183
0.35932590310057 1.56135036240213
0.35876536181587 1.57157760860726
0.362910781292516 1.50524283356262
0.355636446490177 1.6058912719445
0.365840408328847 1.48368041845108
0.370568783277227 1.42610929955587
0.361049368737071 1.53165167116579
0.363462664520354 1.5075041475535
0.369145627798632 1.44378754487809
0.358788968743118 1.56111573916657
0.365716639700209 1.48537678310612
0.37284654812206 1.39828896019094
0.355538244125942 1.60389564257025
0.364848852676622 1.49349708928318
0.364097188729288 1.49268556133746
0.347545241853006 1.69727544862799
0.380526840759691 1.31868686860004
0.364860042383813 1.49667833667874
0.365127632493516 1.48836292711925
0.352982437226206 1.62935919152634
0.371055432096245 1.41554761034376
0.365197478073798 1.48372234876464
0.361433210956758 1.521994641229
0.375588966418672 1.3772853533108
0.370187500243585 1.43071762995135
0.366398884112052 1.47507876482441
0.374678877909054 1.37563736483853
0.370173317728584 1.43420683162025
0.360447434013874 1.53465973171703
0.359465398316344 1.55741058531675
0.359002447973301 1.56199507029443
0.362616164138811 1.52185315161767
0.367652624417371 1.46445199953487
0.369112743501752 1.44158052168837
0.370711939740945 1.42337936938554
0.362859542203339 1.51128376879708
0.36308881031297 1.50968077004686
0.362701993497719 1.51699684093165
0.359913051749775 1.5522091849848
0.355223641750724 1.60440786049308
0.363486950259137 1.50546363690162
0.357632813127488 1.57927118076271
0.368847814113277 1.45309915259033
0.360605410164398 1.53440053634947
0.362617041335401 1.52223159545021
0.365547623053704 1.48538302281056
0.362545197543027 1.52503839076776
0.353203369697685 1.62563238521327
0.364339022138513 1.49510802967619
0.353247780506886 1.62588710486212
0.35140105945169 1.64691732477445
0.364734056327559 1.49015561389153
0.373337855824143 1.39012109720847
0.36341572203766 1.50178339906026
0.367344660044866 1.4615055872523
0.364010227403577 1.50059561531682
0.370500426337358 1.42959718963386
0.370560265670851 1.43062939832134
0.347242037425022 1.69235056214097
0.369864816467816 1.4279263256117
0.368978705937059 1.44981135609835
0.35655809559586 1.59000032224646
0.357195013868524 1.58798095698091
0.35922052572432 1.55498190736641
0.354414081170423 1.61554090162737
0.36668725144432 1.47121656257109
0.368627893356129 1.44872570850143
0.351755145610387 1.64307753162184
0.372365790484451 1.40733793972434
0.364743144720261 1.48574283983921
0.360200539170097 1.54827995379408
0.362749778493113 1.50634720500698
0.361595146914307 1.52716738686015
0.360380060046986 1.54289805671628
0.374035918373023 1.38066769151521
0.364490485012216 1.49779261414878
0.358346867799783 1.56482994691661
0.36446666215773 1.49158403588301
0.370145965558247 1.42394029520577
0.365431330495081 1.48608496346537
0.359267530250543 1.55345863084123
0.351974079810319 1.63913237422675
0.357931805254812 1.57924643782145
0.355148376191802 1.59470426063944
0.371135589888891 1.41513289559952
0.359844071646047 1.55312820642058
0.363786942652641 1.50525703114916
0.362556200942061 1.52227622361175
0.363256697170406 1.50405237955614
0.357132935717913 1.58203844321696
0.367124112904402 1.46601318278573
0.364711154245122 1.48499738818228
0.351752527021682 1.64412770984381
0.362715014313139 1.51157756975985
0.366621656409387 1.4677840052183
0.361071322977631 1.53919218916805
0.351873291820963 1.64209182509928
0.362652537404351 1.51160661170371
0.373159472046585 1.39671848712212
0.367872169408642 1.46009906389154
0.362459542197784 1.51667309510546
0.369358673777545 1.43927581647761
0.360492160534367 1.53866952172478
0.380304010436706 1.311542649326
0.36128726104545 1.54262838595963
0.352913905096959 1.62608289719788
0.372896700424717 1.39749816952029
0.367599308724403 1.47629303536002
0.357795689960301 1.573148686596
0.359405224290337 1.5581996002137
0.339418974869011 1.78714885833037
0.361287195283759 1.52894970508284
0.359404478331698 1.55401519963099
0.363927426659539 1.51396202761436
0.369665462615799 1.43683698871045
0.358831060653065 1.56099980494032
0.355948571118562 1.5939678477908
0.365777276381087 1.48026354027295
0.358677749573031 1.5643926822403
0.352768088306133 1.62498871135897
0.353235436147571 1.62430277813034
0.376091473733473 1.35969718071316
0.374753505739445 1.37927742727953
0.369924896597908 1.43684754627865
0.352005984915826 1.63944593199829
0.35864560210109 1.567613420567
0.361429990117727 1.53740614283227
0.362296940826342 1.52330911132845
0.348573426411513 1.68190156048205
0.3733582582953 1.39702220211867
0.373033487491856 1.38911570920518
0.353857297249485 1.61738398910169
0.363666776186016 1.50792263113346
0.368680392912615 1.44486155975051
0.35964266498723 1.56017484118369
0.369402923666121 1.43516935597638
0.369142300449921 1.44580897068598
0.363734484397236 1.50806206372075
0.35678301430463 1.58167314954605
0.367479486727382 1.46413259693571
0.366273999801515 1.47030076695729
0.362254294650853 1.5282895845224
0.364049336105058 1.50715028062444
0.366858892140267 1.47312357575023
0.366845887402678 1.46866104880112
0.357125987803842 1.58805634856752
0.365708501151884 1.47916308104144
0.358096404551433 1.56905279385456
0.362566102079853 1.51543247292689
0.365427300674702 1.47977728538488
0.356337347625249 1.58989305673187
0.371690396563817 1.40497865015441
0.358640382374785 1.563701931952
0.359573619723635 1.55129440206798
0.363356328480322 1.51160829268242
0.367461545758292 1.46018650796501
0.362499879333172 1.52421489603445
0.363244034814055 1.50812198518152
0.356590869125997 1.58024251123396
0.368795084183292 1.45301713178151
0.355807131297831 1.59574006328427
0.350829683287433 1.65486818886609
0.366641152774334 1.47744726347776
0.355312581064857 1.59730909744604
0.355552451859183 1.59764380060312
0.345292019123068 1.728370462274
0.356543480111322 1.58520088024428
0.366138527905193 1.47660873198378
0.36068292953454 1.53958221153649
0.360732026823339 1.54653522192968
0.369171921843676 1.44091292663049
0.37375269117978 1.39691737125917
0.372396565625991 1.40045297355334
0.363727227751772 1.50059715878085
0.364973678225155 1.48708873663139
0.361097068157083 1.53661833914667
0.362469306689917 1.51825846384883
0.357104649140792 1.57959896454632
0.353480136728083 1.62000082043934
0.360319716420178 1.54161084511228
0.367118814072965 1.46405736986938
0.347450620849734 1.69828254908381
0.358225822915474 1.56073015301967
0.359269121333573 1.56379578091947
0.366406562427282 1.47054087804262
0.369927911421889 1.43914433592556
0.363566693853876 1.50338553441899
0.372793725341609 1.40809557102726
0.36993744918879 1.43679990554354
0.358838638448194 1.56060573074997
0.357635012549458 1.57512302860355
0.370584501517794 1.42130602518826
0.355528153954565 1.60811444012264
0.352701310656793 1.63934598292854
0.366957894080616 1.46232471471791
0.366504899476665 1.47223282751426
0.360809887336626 1.52221906786177
0.374343514338852 1.38115078701087
0.36263221180742 1.52673435715203
0.355603235329314 1.59375747188657
0.359630739122715 1.54204687392165
0.363681201287922 1.50100682602501
0.359928336785335 1.551510787621
0.356081139906575 1.6028378073014
0.366665034135668 1.46364812293427
0.365256213669179 1.48870868834468
0.348982802934172 1.6771771723433
0.367953147920523 1.45528387174437
0.356675044110216 1.58552148067149
0.360688223843021 1.53075299697836
0.36952777452407 1.443410355721
0.347238919582927 1.699712640458
0.355728037081379 1.60336528745776
0.351702950043018 1.64622991866644
0.358501528261944 1.57147887003149
0.362267435264485 1.52223455443791
0.361902003813626 1.52785349644013
0.369852514108469 1.43121575485559
0.362063646367494 1.52540172588708
0.355200930665753 1.61126463473149
0.363733532190704 1.50544514772471
0.370529538652207 1.43183137595547
0.354076872325391 1.61007372127716
0.358181322992282 1.57304616315498
0.368149267981567 1.45580013591861
0.358281025969792 1.56840663206022
0.370169916769504 1.42722616289612
0.360090913630854 1.54629134198374
0.374337919325616 1.38683531856517
0.368917698529941 1.43838298717342
0.375482281018599 1.3667384326184
0.360513948151732 1.5421501774748
0.356168724506352 1.59731962416497
0.363478257666709 1.51272780291216
0.349204271027537 1.67030300695877
0.365939709328345 1.48521210622872
0.35490397161208 1.60962228428358
0.356482613215994 1.58866222517272
0.368396068104057 1.4451275998494
0.361188871909342 1.54558547578558
0.354588008076109 1.60832083264032
0.35153906087995 1.64702432813165
0.369765860649682 1.4374093192924
0.360263527656935 1.54873423141383
0.356108226661048 1.58707392032353
0.364568542750774 1.49751646490087
0.365661769382486 1.47526348630309
0.35462046514208 1.61148705272103
0.369051265614684 1.44508869429297
0.359196906697693 1.56095992328838
0.358009262896637 1.56063641800682
0.36567792916435 1.48033180793023
0.362787525990919 1.51434578199775
0.357696665139233 1.57104813722194
0.352702547576569 1.6258884091964
0.368027364588749 1.45403933592462
0.361936729495478 1.52767701148554
0.363233323461809 1.50211417841578
0.357492405667257 1.57091468825317
0.360949668865794 1.52707143264456
0.357953293039879 1.57584222403549
0.369057503212698 1.43707484942365
0.35943941515109 1.55296669503146
0.357667281548278 1.57813765027134
0.363963773451288 1.49775787032582
0.35426597803539 1.61135757838625
0.372293086571241 1.40468598229247
0.366667490147091 1.46757268845857
0.364527895941211 1.49214433049932
0.371350155189821 1.40312452762503
0.366164304448807 1.47850999250918
0.377120421096186 1.34698689878419
0.365755811537722 1.48445380288118
0.356865749934179 1.57538754442173
0.366435920057581 1.47498067603537
0.348742722201365 1.68107209286893
0.355870931869837 1.59864990492389
0.361981601388447 1.52481080133325
0.369943548207397 1.43122455666533
0.357708655955087 1.57435081209101
0.37653796870494 1.35673066705592
0.361052770895677 1.53315689289923
0.362244863631984 1.51439251340361
0.374643341453562 1.37427397588279
0.360137472287968 1.54673451577656
0.36463169561709 1.49827404782056
0.3625022150722 1.51863538868207
0.362339253859823 1.51788324416294
0.357616371773351 1.5799038082844
0.373139993325414 1.39381490830623
0.359643980945273 1.54866334458179
0.36211100556622 1.52409267356432
0.360397932581837 1.55342683047117
0.368499551434668 1.44288678744472
0.363842783559847 1.50962712241402
0.368311836176522 1.45045143730859
0.372862195369846 1.40290800972211
0.368966955682934 1.4448614242686
0.360507539944722 1.54518523000704
0.353049556234356 1.63044942712387
0.374622921371714 1.37521318254416
0.370223491051163 1.43683262832173
0.358772842744524 1.56565534934752
0.36177384978089 1.53518869022497
0.357405127440908 1.58025010229681
0.348473397640276 1.68231970759923
0.355218651412229 1.60169991129502
0.365708880628375 1.47832203006648
0.358723020892609 1.56415460935436
0.371621624897375 1.41901453836486
0.356837666576109 1.58596774881201
0.347917973588605 1.68838045994905
0.356158989496204 1.58579700681539
0.359515305001704 1.55521574819413
0.352957958792198 1.63320033641799
0.364090800107467 1.50064145866076
0.368226038161323 1.45428182913194
0.364306606837562 1.50008275437076
0.352789581275436 1.62718131680144
0.356177956940654 1.59469334899189
0.355909859878194 1.59550924495138
0.368923552185113 1.44113263261387
0.359679720810525 1.55844934518065
0.360303989723455 1.54542384978831
0.354455295687566 1.61324498999155
0.359019948928869 1.56491038863293
0.353266570722922 1.62689690951138
0.353872406372625 1.62174601572879
0.370398688713783 1.42715394900806
0.362572819910245 1.52152250847178
0.371966159167807 1.40655291703882
0.364743180483496 1.48649553152432
0.364007857977851 1.50078257971423
0.358275115065702 1.56626223338261
0.366135984312603 1.47070076498188
0.356953079369406 1.57938313985934
0.358411382560542 1.56829133253764
0.365161996230828 1.49439584367566
0.360529889001917 1.5374247994416
0.35715937863143 1.58927189974822
0.365058900542978 1.48965021150791
0.369627776156128 1.43130472210858
0.350737635181995 1.64852536687276
0.352444109359753 1.63804383182555
0.362393135798906 1.51907844471289
0.36352830567177 1.51077373502325
0.365389087942899 1.48482856483803
0.369661080896254 1.43684134009477
0.35975831324653 1.5580789568864
0.355373248128904 1.60532738358756
0.356844833211696 1.58390902342415
0.366003758992315 1.47262956664186
0.369174989996347 1.44657354311199
0.365321513717172 1.49361457737369
0.360648037898232 1.53687288379166
0.359533338150686 1.55309268877443
0.364799327597699 1.49058841154337
0.360623587151851 1.54563467373695
0.368202489634141 1.45261688870812
0.370498796347739 1.42256486079948
0.375761439072561 1.36393624911039
0.370983351491705 1.41727706608768
0.363314022765559 1.50943630474382
0.358904439497536 1.55963326084535
0.360650622733244 1.54107867920311
0.363558118014922 1.50083739664454
0.354853191537453 1.60988968573419
0.356224246253342 1.59957590831769
0.351575065512288 1.64106474029938
0.357455665980072 1.57100653209724
0.368160004753288 1.45134741400917
0.368315758855901 1.4518401755889
0.3560655238777 1.58734452369167
0.364492228332469 1.49705063615033
0.361344738145807 1.53839992458564
0.373040947906127 1.40042948455259
0.371080558261958 1.42538477798363
0.365778667108219 1.48260945253304
0.363289622889307 1.50627162099476
0.361615935552936 1.52869834570981
0.364876024527795 1.49290664886918
0.368829018267435 1.44733472404717
0.366386688302511 1.47483372824909
0.358814872102237 1.56561973252759
0.366333794291698 1.47188401141783
0.350997540348106 1.65248429197756
0.358681404232011 1.56420640505214
0.362177250756813 1.52600501154493
0.373412412684551 1.39013506718139
0.364227044135131 1.50968837789636
0.359589129699528 1.55578670977511
0.361435455955473 1.52272964175549
0.36497270919516 1.48588487890181
0.349949261420953 1.66685178677433
0.372736470184307 1.40222974228801
0.365649503472843 1.48803791518701
0.370687580271347 1.42088550743494
0.368152550703861 1.45798613016558
0.359127263007887 1.55793312233382
0.370811810050312 1.42178533657693
0.352513541964316 1.63736501430336
0.363391193127573 1.50994992849392
0.363847296254498 1.49590030654269
0.368588230409576 1.45062200815748
0.364523361503645 1.49103252498611
0.346119224029742 1.71695756905784
0.37081172904441 1.41717158678536
0.363146824102184 1.5105314485913
0.359015084306071 1.56327571559615
0.356391171308899 1.59206386454086
0.352865505963783 1.63538870191961
0.360682686938351 1.54180050791241
0.356881207357034 1.59096573846389
0.364786982207282 1.49601997321254
0.361804386798762 1.53493818879736
0.364234235967884 1.49862248766796
0.366728388902768 1.47259306866631
0.361759513744893 1.53603988128223
0.354285683224653 1.61378806278177
0.368732864540943 1.44712041493535
0.359433023769835 1.55442528902553
0.348644323086004 1.68350385710877
0.361314994422695 1.53976321715991
0.348908867283614 1.67746447667616
0.358123247950946 1.57185779901861
0.358692026927009 1.55992608459022
0.364265284099045 1.49645197477836
0.360151311701261 1.54517947919252
0.353952806295494 1.61779775020796
0.351233762996672 1.64223680653057
0.35733780663713 1.58051719906374
0.365828187510123 1.48464561008649
0.37843182167667 1.34417168222476
0.36748351222448 1.45781679469829
0.348556665759012 1.67932046133735
0.361107083620226 1.53250517159635
0.364383512917744 1.49595063895915
0.365697035663969 1.47712911087712
0.379240182229417 1.32014574118643
0.361279486188736 1.52980827965747
0.364654647014135 1.49262697998536
0.358054218226306 1.57426635787739
0.371007374314018 1.42688839533203
0.36410122879852 1.50327832190731
0.349292123562316 1.67212468871378
0.352314323807908 1.63490566868412
0.364854054698128 1.4983676298677
0.36318195690275 1.51553352064527
0.362960034091261 1.51476140144263
0.355139925032245 1.60709836595345
0.355314512872103 1.60359784583628
0.358243246324525 1.56281893945045
0.355498006317541 1.60317521462359
0.359048873310084 1.55892158223167
0.362289984515635 1.51793274642743
0.35595035158419 1.59934699129829
0.352952090095993 1.62791598114591
0.373839524211209 1.39117928121264
0.355486516371036 1.6067050400625
0.343280317074806 1.74134304476657
0.356952471310199 1.58386735832001
0.367298404291966 1.46369460121409
0.371183576567909 1.41456454803213
0.346806079702222 1.69421751249615
0.367068346621354 1.46951992384689
0.363150105816047 1.50678909583995
0.372252321847921 1.41183843895663
0.366156425706591 1.47232218132846
0.36642302787842 1.47051899824159
0.363823327092234 1.51293896641004
0.357905115745749 1.56797707317572
0.366518531231124 1.46812861797793
0.360628363738802 1.54099249764791
0.362935260827035 1.51590733425501
0.357165379741499 1.58182808452267
0.373563406026839 1.38838895612025
