0.419089490372586 2.46024701737277
0.426419347949579 2.36876444189634
0.418988505180347 2.48449725275866
0.497718080192778 1.31390070750516
0.440644526461412 2.15060874822489
0.449537433903157 2.02217604932814
0.42757134041824 2.36120208829412
0.391875392667462 2.87128364979571
0.411881773780925 2.58006142011932
0.444244179734633 2.09083325649932
0.416640036249227 2.50698910584151
0.381253809230916 3.02172097307973
0.443279897261605 2.10333437331758
0.519182357028663 0.979452281207972
0.421609743520366 2.42845073138437
0.410092747797516 2.60211910999762
0.446567315956045 2.06846369107807
0.434008674425348 2.23883885861013
0.399746538324564 2.76175721955395
0.438923189337729 2.16789354895849
0.438495615855864 2.18458105030808
0.431675289222532 2.28678763932439
0.412054149132055 2.56208048362338
0.463600712508687 1.80873079912271
0.432807778944383 2.26619698026455
0.426066087163518 2.36741479595768
0.416832086216924 2.49897914182286
0.43863657289803 2.18428163949241
0.431740919927199 2.28682662801234
0.43535200671226 2.22570693483066
0.463473827693632 1.80669997739065
0.436100564519831 2.20231240181723
0.408069730159417 2.63309263890319
0.460677942333313 1.86801785437665
0.442775753912015 2.11494155696455
0.423408359069296 2.40308725381965
0.414632057287048 2.53709116765823
0.467882526639618 1.74754238422206
0.4255478178333 2.36998676728555
0.44785291634899 2.04128718408505
0.435161055044105 2.23128486693945
0.456547458539419 1.93035542361447
0.426231865845435 2.35865924447714
0.432552746785735 2.269522081365
0.438531865578049 2.17427549825032
0.413652337888843 2.53568256126852
0.447108258296586 2.05532477763907
0.472363050706161 1.66662912907728
0.415146538870022 2.52858557225153
0.446432527545329 2.06690146069173
0.398387060843287 2.76299175982603
0.408278609079613 2.63975131077267
0.398534723539436 2.76539802611892
0.436032262804621 2.21006571856441
0.441415206275195 2.13339463475243
0.427572691625862 2.32567781057907
0.424841755825668 2.38236665221599
0.466323269270333 1.76893877373306
0.441161694374646 2.13987598986027
0.401012292132257 2.72888572183277
0.428967819501412 2.32614889310503
0.405265386769485 2.67233176989363
0.428814862950972 2.31717582928377
0.456296334001833 1.90857452842722
0.439674575211268 2.16878377923862
0.428923906094108 2.32316792427522
0.463583946639017 1.80573969736199
0.432091232361484 2.26367672386562
0.409600181559041 2.61459918899599
0.438410161153454 2.18666817852189
0.439432133465259 2.16286575993725
0.432167048448262 2.27644261717683
0.447272490473146 2.04789972803829
0.45175713113017 1.98459965301972
0.397855532255891 2.78397427689474
0.446303807020548 2.06916988489474
0.443187107281804 2.10925554844593
0.444055061006805 2.0918382838737
0.413211977704439 2.55968623877406
0.396475368398297 2.80738589544331
0.437141167010122 2.20597527802043
0.408576607566824 2.63027320396729
0.418183604034784 2.49005937616635
0.446980304301952 2.05764520238104
0.410413326359038 2.60006666118186
0.432025547569954 2.27196769044834
0.409685109292173 2.61659171300583
0.430875271287555 2.28837108384136
0.43411391239418 2.24484001812362
0.418430600993712 2.49227121042804
0.397639268584725 2.76978761708907
0.433926000718983 2.24371964053207
0.422707879647982 2.40790604182983
0.459722912004126 1.86489514952157
0.446801840585463 2.05632720906187
0.412631175387411 2.57523435288044
0.435829460040105 2.21425388233901
0.454934608263301 1.94727490392879
0.407909245448705 2.61871418562447
0.404136098977261 2.69126906424348
0.41864793265844 2.47146620368004
0.421932048041279 2.41380706987779
0.445105322799322 2.08451008305294
0.452769065214736 1.97206570865447
0.394246557897919 2.82966526265706
0.439847902935999 2.15379513052231
0.434101776591644 2.25260206493646
0.428661791984934 2.33016161740538
0.408009452769188 2.62959440761024
0.456798531742277 1.91266489429821
0.449517587774258 2.00172738977859
0.396739497720213 2.81964445377233
0.407717905745349 2.64742035501901
0.388677894867198 2.91499817542999
0.415940857855209 2.50976110938793
0.376212343859811 3.10418232361976
0.403905036674059 2.68910373512555
0.443598397893147 2.10452123133208
0.419276939214653 2.45101385974944
0.450520232369907 2.01154616488934
0.423203698038192 2.40831782623522
0.407832299597581 2.62610926601932
0.4022953699684 2.71518304793657
0.428662907102195 2.33076557521621
0.417239546839884 2.50159726043661
0.459264689137583 1.87285839825083
0.417885060359413 2.49133036947801
0.425032199552903 2.37656784409731
0.415477391837543 2.52407754807557
0.388471690358605 2.92003705777602
0.414293500915694 2.54336456373473
0.404691782728697 2.68741837136943
0.432519488755358 2.25595869800178
0.421744599676495 2.43229222818477
0.449839286145719 2.01576166280646
0.44336245492855 2.11776771056153
0.430696250447577 2.3083899704962
0.465816625053963 1.76878638554113
0.439476654063474 2.16028044114353
0.428355284219338 2.32485799400112
0.440390434574279 2.14930158796972
0.410905789051297 2.59356754308418
0.437020656299137 2.20262530103104
0.484873927225775 1.48846515248849
0.452587446977051 1.96598370568728
0.401153042736829 2.74252621572553
0.394869591553583 2.82809038378536
0.391893409991869 2.87397500827999
0.426285272228294 2.36050923335169
0.436620836096232 2.21205964557286
0.379248757747546 3.0605074572246
0.433694067919161 2.25021368197586
0.43062373633476 2.29509391275279
0.411570220980695 2.59405631850215
0.407431202425166 2.64187030135398
0.424340961200438 2.38667267956043
0.416332074101703 2.5180641392646
0.40777211486306 2.62897159556194
0.42841355283066 2.33475865281724
0.453198035047859 1.96019765604724
0.416356515543405 2.52061706564216
0.418382434657444 2.47181171742967
0.401620525260417 2.73870766072821
0.437514834509534 2.19848706732098
0.427847939129347 2.33925648559612
0.41971104597261 2.45459498205976
0.466717540395794 1.74863552056039
0.415789261869685 2.51268672878921
0.464820416318349 1.79863326801146
0.39079509415927 2.88735880756249
0.440779033023728 2.15087826542616
0.422359733088187 2.42967523822975
0.421556559082183 2.43426528422127
0.417472510557769 2.4988137487228
0.432802820634417 2.257740278821
0.449324052654109 2.02734423865723
0.434824745799991 2.23193549765006
0.390757414285096 2.88793855610752
0.453247988904107 1.95633253457911
0.420793562391018 2.44507506096738
0.436520045429323 2.21262314648615
0.445999302316417 2.07569781788985
0.399943082936607 2.75306751052736
0.442970941674865 2.11360251313169
0.429951904195168 2.30819738105304
0.428562068482095 2.33034855221439
0.44941223561613 2.01856767354759
0.427081445640889 2.35281858168974
0.424878297094937 2.37379283284832
0.424332717289113 2.40149851394198
0.436803271262222 2.2072782828007
0.419948107715443 2.44501707964553
0.414802541061424 2.54123787169986
0.438404728015477 2.18930324166644
0.428795777940762 2.31801993090579
0.406600032084014 2.65346403747935
0.42377166752999 2.40557155525484
0.442320162021127 2.12559297413088
0.426602769368386 2.35547903179455
0.415343145837684 2.52581126084682
0.445491977297871 2.08076422889705
0.366176924171479 3.25698007731626
0.382224404574885 3.01318474061652
0.403958064681906 2.69250687374112
0.443079611266523 2.11469984387788
0.403441682485279 2.69541373468031
0.435664490347809 2.23005766499788
0.4379818131149 2.18566929408203
0.394568709714137 2.83733124261669
0.430651234782137 2.28719472015261
0.415309676910129 2.52787595510409
0.409057951638076 2.60863412593677
0.451417904399092 1.99120822283036
0.399120980938064 2.77247443016375
0.4460177050235 2.0773539156039
0.390497629135565 2.89112636538958
0.454167665007817 1.9568877457009
0.418113291203641 2.4854062427568
0.478785857928803 1.59683273199607
0.437509351266352 2.2031881079328
0.441481965242766 2.13444399620185
0.396400918957035 2.7996785499131
0.394322595228471 2.83323524909539
0.484462206390677 1.50094898492386
0.404196398429552 2.69067455126679
0.404051372099068 2.68856076779217
0.42030738654074 2.45746905256512
0.407053357118663 2.64598136360064
0.386054990107342 2.97144216609561
0.457692529703938 1.89186155987402
0.41581796075588 2.52128245583453
0.433367897003658 2.27107728924238
0.44272358897769 2.119765770805
0.416594357472205 2.50139587886243
0.437738132161301 2.18311833930131
0.442465684207357 2.11820839997825
0.419986439369282 2.45844888453117
0.380286416699691 3.05664178410042
0.413216183863232 2.5579212216787
0.440278974029953 2.15761758141434
0.437323990421384 2.19173081401367
0.454050895529696 1.95690637175935
0.411998681882751 2.57985729489803
0.405807500527161 2.66691390098376
0.41127569969071 2.59599857206563
0.434977103787509 2.23532267142067
0.400254202717707 2.74954205015938
0.398720889219059 2.77318705592369
0.423513251913505 2.40815332365385
0.457820631322261 1.90183175556631
0.420626749783562 2.45012335634703
0.403684570180812 2.69027845177436
0.45210380251703 1.97486149631795
0.407524405848394 2.62320081905545
0.469670682439413 1.71003276727624
0.436400820503405 2.21231046766757
0.446331482008053 2.06345663528314
0.413984946676927 2.5373611186771
0.420892070312835 2.43961663321396
0.449791870450734 2.00694672517463
0.400030756776892 2.75570724126207
0.385905412983302 2.96107895504579
0.419743967289105 2.46521630289063
0.457958211832901 1.89761834434621
0.432995279599406 2.26579247181324
0.454618609967425 1.94336289502531
0.441347019801224 2.14128952776808
0.471493505079643 1.69118377112581
0.443551793355642 2.10217805132173
0.433724799792188 2.24056230352913
0.447984470741528 2.05102102175935
0.417972454026446 2.48175997817023
0.400070053193247 2.74733285179568
0.415504496717585 2.52568723060141
0.407433718186324 2.64089533551374
0.402655158710109 2.70611896551213
0.455385520248576 1.92813047493287
0.430128559410753 2.31307932196091
0.425263488277421 2.37770761344858
0.430000810013808 2.30754456455539
0.429742404524799 2.30903193935498
0.434474031001949 2.25791450282637
0.4053780431878 2.6745804760769
0.410376394973532 2.59812254754174
0.405572661641044 2.66631007962789
0.420604407818814 2.4529555598514
0.382598293362573 3.00532617240427
0.43466400574232 2.23086512397076
0.42107881076144 2.45311437968029
0.428579075834617 2.33246811904271
0.436172757916184 2.20153329501099
0.423085184623554 2.41172118187764
0.444936719977163 2.08416463195137
0.40693040872181 2.64650358033927
0.427392172125483 2.32926866954907
0.423573654892104 2.40060776307835
0.427348421366037 2.34790030567592
0.45185591296478 1.97658764933956
0.434498787615814 2.23722654803188
0.41752857666373 2.49792471094987
0.453720740879182 1.94869362970127
0.41836010100441 2.48305566128994
0.437817980392739 2.19542613485211
0.448590566510075 2.02480765312445
0.454819224338961 1.94876484548875
0.387383309649515 2.95442253207527
0.4315049952752 2.28539635684013
0.426957479231427 2.3548587406661
0.409548028533223 2.6168679348101
0.460909297089765 1.8491796983897
0.44380595733908 2.09928658742719
0.384856631394963 2.97683605864541
0.412431449101611 2.57526073098404
0.402754706650564 2.70304469041849
0.444699673974173 2.09876144399239
0.445699090915377 2.07387535564356
0.428039497323957 2.34000830957733
0.432174282622662 2.27778149061267
0.418435588293773 2.48412886596969
0.416395232796226 2.50555728442815
0.416997817990283 2.49665488350847
0.407619404253386 2.63580213716289
0.427654461301343 2.33061096256748
0.396772030005148 2.80184932510854
0.438349920524072 2.18210865956149
0.40166538527798 2.7169525112755
0.406908549362787 2.65900285568855
0.418982833045133 2.46799869066089
0.40013917503904 2.75407992229839
0.400823811312775 2.75031873714819
0.396744218778098 2.79305848298234
0.463066757258276 1.81744730236719
0.408108451038025 2.63749752064005
0.417581085795083 2.49533944018067
0.444614227615636 2.07579241659343
0.407008855494496 2.65464824115672
0.437130617028874 2.20654415717364
0.424784896783973 2.38239142985447
0.433411332723163 2.25448915803603
0.436921125538068 2.19684861977912
0.391862776366577 2.86650179091775
0.436534786954617 2.20255622953557
0.414324316601642 2.53328878523402
0.454029003725524 1.9512040056287
0.391829203414832 2.87819747879101
0.437272541711259 2.19591333536917
0.430467247819312 2.29750423061812
0.432121021595145 2.2743249501784
0.443013764881339 2.10754714196641
0.394236948154847 2.8392679296362
0.396045485762152 2.80701738243145
0.429619001094167 2.31621907494459
0.437815398741795 2.19744841188637
0.430530615730103 2.30010907965645
0.432291314845552 2.28196055641352
0.4231170718959 2.41025848293931
0.437236382262336 2.19406982149751
0.354813908666112 3.42064523280885
0.437266352119223 2.19949644859032
0.450211036553365 2.00816359492248
0.41607452554025 2.51935460198392
0.416037598538531 2.51071180694134
0.452119771019193 1.98299617375074
0.414082267312672 2.54107441853267
0.470232680356352 1.70890865826256
0.39266320298043 2.86377402220183
0.443678148074011 2.09724811596548
0.440061736717724 2.15417432632601
0.442151210930854 2.13022602941767
0.411865373539904 2.56296689048367
0.425835355746537 2.37538856201113
0.434692814101766 2.23283839193761
0.434687780650066 2.23838283100416
0.427900354564886 2.34639686978789
0.431574063430105 2.29226415485972
0.436555178587962 2.21013538534712
0.43615778394479 2.21752651799375
0.450008001395334 2.01370274368328
0.438727887660964 2.17832799262412
0.413790704631268 2.55398659319871
0.410991550290265 2.57753957838078
0.482755873118326 1.51026507718808
0.463535421700852 1.80332676080688
0.442634281916179 2.11777592295238
0.40499550378758 2.67395779262646
0.43858726752438 2.17754526421972
0.441620559272023 2.13901397554808
0.401727015050341 2.73689987307628
0.424854882952201 2.38705311341065
0.393855621288168 2.84888743533292
0.417120706588004 2.49579798553472
0.411214350143998 2.57423473475797
0.398448970472268 2.77458481954347
0.422895683709666 2.41479872050878
0.430240305562775 2.29406934347475
0.434314058845001 2.24872444256447
0.424645906543144 2.39060268167409
0.39878244762034 2.77254333686945
0.378973359386677 3.07045507518507
0.44296518229286 2.10511418107146
0.437335910909252 2.19466767318785
0.447542892034572 2.04237858411806
0.416546565075547 2.50769689715816
0.433526848970681 2.24862003587464
0.424776963920399 2.37714817327683
0.414784100024426 2.53502180053961
0.414453593735167 2.53453015803891
0.378199738803774 3.07668194340816
0.386687699990655 2.94096699373343
0.409006083151053 2.61713265374838
0.382330226136662 3.01305852486301
0.420817223848192 2.44081279755107
0.442364994095799 2.12708141544711
0.423007557040526 2.39570813760546
0.437655034794296 2.19562047714448
0.42982560607214 2.30521028651157
0.401306870636118 2.73085564939316
0.427916808307516 2.33795115196832
0.374949439212993 3.12978805321178
0.426497766951217 2.36682549322449
0.449902453161477 2.02878293635215
0.418787921469212 2.47356166934343
0.435171384206246 2.22596717448063
0.461084968561773 1.84713511637142
0.414796607230068 2.54220600397644
0.414977287275371 2.52170599908146
0.40443637511472 2.6814789991451
0.420289922262738 2.45769727020405
0.429205571635846 2.3141141356084
0.441116155713063 2.14448600741656
0.414687155969798 2.53193552784147
0.426425100811805 2.36545894024119
0.432879784146359 2.26328729444288
0.430062477400033 2.30827631828113
0.448195871969445 2.04922064771379
0.41788894363556 2.48611682002915
0.406138209524354 2.64712580227043
0.446085349896234 2.06871093697826
0.388725799630241 2.93383947792313
0.401755417100114 2.72697861813376
0.444622867913277 2.10360885401197
0.431347652948396 2.27841442580046
0.420407171883456 2.45282881899038
0.459869283195431 1.87902969867641
0.435883955282349 2.23236553084024
0.474000571180197 1.65245386237684
0.385417840155198 2.98386138637092
0.410995974031517 2.58721371558184
0.414484327178477 2.53661944531469
0.425353052340219 2.37261620484696
0.401039920398719 2.73191446464914
0.436833454062221 2.19356896846632
0.451719049706007 1.98128456984973
0.399143618725457 2.76460875797555
0.389746647461674 2.90483447056999
0.420681196136543 2.44485135609582
0.419337423255973 2.46039175080477
0.441582521181412 2.13314404611954
0.43383991574683 2.25587603275868
0.417075512266754 2.49471222384813
0.406558521808805 2.65414586316826
0.431748588331156 2.27518010769852
0.414406238359583 2.54580730830423
0.448633016171217 2.03919840858189
0.424358123286327 2.39296334107062
0.420306666794113 2.43708206545577
0.396968048642637 2.78963509150313
0.423107727330601 2.4154210554039
0.434198088487935 2.24702971563275
0.43745006114938 2.19211934942858
0.392912474470222 2.85501078041544
0.449281351696063 2.02293195825161
0.416180744468839 2.51998867282106
0.424811529008297 2.38954800895775
0.439466602985221 2.15942422873853
0.442999665519041 2.10679672764386
0.401678964004883 2.72266489006454
0.422362734135091 2.41367014325796
0.437456773499133 2.20019421384645
0.443157506033777 2.11063637676092
0.424114747403085 2.38767943240674
0.427520171992843 2.35054029994246
0.408981256588862 2.62712989139546
0.41953940457369 2.45863526487768
0.43938853102862 2.17340417541423
0.429444659638569 2.31378243233856
0.40633774044353 2.66833863893029
0.420993886053717 2.44056518507617
0.417295518331313 2.49591698552706
0.434403853474472 2.24336778644682
0.390482802236712 2.90410123946292
0.421668337412556 2.42660336703116
0.366900756457965 3.24416348131759
0.387498882530901 2.92686410417501
0.432924245571718 2.26306102170715
0.465279607292176 1.7905803106847
0.414200621715004 2.53923914287074
0.414356944539284 2.54485649605958
0.42941332328039 2.31026269470364
0.443706036516373 2.10093916850141
0.444076984678153 2.10399137813692
0.431800593147959 2.27677842272185
0.391389966816498 2.89325201828659
0.442842786921233 2.11969374314908
0.443845224283993 2.10613080261889
0.467628201819844 1.75912735493675
0.412338783016432 2.57191262878491
0.418604229456246 2.48141035236551
0.408985622381536 2.62158791667658
0.399705014274115 2.75726462240941
0.434120460786313 2.24245832744062
0.454471491881119 1.94122416847947
0.46348529439397 1.80030481743673
0.447171926452423 2.0469587102867
0.407405225651369 2.64838348779252
0.411435724976241 2.58000070278363
0.444387089117014 2.09444857617605
0.417089607139624 2.50524106494244
0.423605093276358 2.40129865871503
0.42258719807719 2.42713963490404
0.403313956014829 2.70045963281571
0.426214785405384 2.36605780987268
0.424142552730824 2.3975472470001
0.477935912472799 1.59884199279743
0.446733826226254 2.05579485155822
0.372324122108373 3.16581707510234
0.432513210431076 2.28223206262991
0.412811296343615 2.5635034074834
0.430992680078614 2.29287362044586
0.401760090334993 2.73126826975274
0.443913881650817 2.10591006993964
0.449441604619425 2.02110573493509
0.418705391808947 2.47273626370926
0.445013389877377 2.08960821890454
0.436655815828316 2.22091672471275
0.415364357729025 2.53872003740974
0.405462807872848 2.67122090623558
0.43205054950961 2.27669935640056
0.431499368381058 2.29082303947535
0.434287268243851 2.24203298006871
0.418158855825206 2.47378839335681
0.439106283667494 2.17119845910479
0.41406803419427 2.53688355930998
0.422376934558259 2.43787841814303
0.3959081552074 2.81355551297931
0.414832129581093 2.52983842670941
0.403190909209438 2.70239779525208
0.414348191722291 2.55468230559568
0.42605246472867 2.36009915717426
0.423956396195049 2.39984116327212
0.441842029834173 2.13627117842698
0.434317542154142 2.24423674777484
0.405931011885786 2.67811915678478
0.403126244818402 2.70760062789796
0.464832734552122 1.78600178772769
0.374086775994209 3.12564542592841
0.426830435967826 2.35076531616571
0.416895835490989 2.51374139918003
0.431304216560483 2.28736436495864
0.439828341104463 2.16192123672148
0.476886181260637 1.6260244331672
0.473923678964779 1.6517680803933
0.422030166141992 2.43212858915222
0.421181133354272 2.4359488382365
0.425017416779545 2.38904985337547
0.456960546200538 1.91171464221932
0.461678480028541 1.82397452988249
0.419107158207118 2.47011613381283
0.439851939594399 2.16451150492709
0.404010957573786 2.70005663947847
0.446678042971983 2.05915410835735
0.376132072679365 3.10634387691367
0.409220957202576 2.62088425333266
0.441215958673948 2.14354039239945
0.421593577001838 2.41628852238478
0.42472087253634 2.37878619613409
0.405948028925092 2.65997256181811
0.467945977081288 1.73072156644787
0.422570123137326 2.41294241819978
0.468762463766317 1.73228153956106
0.442441279101634 2.11565621181235
0.465210549928579 1.78216936075098
0.41628160332209 2.52876616441625
0.41783276897246 2.47744973297119
0.444149044094513 2.10305241500485
0.429866161905354 2.30761874410915
0.45473006037593 1.95320111169057
0.469518546304744 1.72076771460713
0.401790578277711 2.72005986077811
0.444641331906959 2.09676995730627
0.432558126759517 2.25509671856474
0.429715050848419 2.32300950986045
0.426832072201942 2.35085292364999
0.401178355296355 2.72228535255864
0.448523433185395 2.03561921477138
0.407575460110258 2.63120471385636
0.395374581657238 2.82273303172089
0.464658512565518 1.78073745790756
0.408584664409218 2.62908245982984
0.43757654122318 2.18921385675093
0.389082646873037 2.91628637149821
0.447672606699404 2.04696707828945
0.426724055028201 2.35391865316877
0.445900378872331 2.06018546659188
0.423503300412819 2.40179279388373
0.437523721204142 2.19766338394966
0.424590899791485 2.39255537794436
0.426616869101546 2.36064252793385
0.404489610036635 2.69554295712509
0.412427115087008 2.56942634013812
0.463927764739191 1.80509186205806
0.451880957431172 1.98109742170784
0.408238214256728 2.63053541841325
0.440903897149054 2.14865981462367
0.392497367108258 2.87293425220088
0.423120439988942 2.41218382990185
0.424450581096765 2.38713636282243
0.407809319993465 2.64060512479041
0.439330986879919 2.16522907449302
0.409669155476154 2.60450019629469
0.407178382618282 2.64456971712779
0.405681037363687 2.66483596241131
0.421845175428144 2.41725553892644
0.389691266763522 2.90777890267296
0.436332494478477 2.21910495960155
0.423942589446199 2.40877020378115
0.388859491824272 2.91002083825212
0.421990487422532 2.42546191705444
0.408770231063537 2.63288264706096
0.437673717538265 2.1949090134511
0.413456354213871 2.55064777928344
0.405179765334034 2.67197300014122
0.422224014201807 2.42360546988709
0.432341938915958 2.27091006466145
0.450828345505451 2.00075250060765
0.460552256141218 1.85372258856201
0.426968534543292 2.35612614079036
0.442410038770127 2.12187325795523
0.420787688590653 2.43923570974058
0.419448180954531 2.47046633171185
0.396292025345763 2.81758449346089
0.462189394518174 1.82779498423122
0.431108133556226 2.29631732219508
0.463111958712602 1.80118689768549
0.419779080279958 2.46525783245721
0.416361882576398 2.5010172979111
0.465735692071521 1.79193288067713
0.436457815477687 2.20944136079313
0.432798201561296 2.25388565920507
0.440800192366223 2.15242095808455
0.417724203352268 2.48582207744661
0.413360501482439 2.55822221035082
0.42045285349124 2.44751675035274
0.430568016884428 2.28994326034873
0.418063493986936 2.47639874080834
0.364199661211543 3.28680409217478
0.398946928763186 2.77293855728168
0.386611790568929 2.95457931723174
0.396970320047249 2.79036605407062
0.411598880229832 2.58120321368015
0.406871198144791 2.64176245225212
0.429557499846292 2.31583601627717
0.451291428183438 2.00536740310915
0.383839234951021 2.99311647582762
0.446625475050031 2.05416649299309
0.437125120534959 2.20281123007567
0.390620753441829 2.89399228687747
0.419656430708536 2.4686018049262
0.413722065278137 2.54622582320929
0.422733029229753 2.40880435081138
0.450454272412867 2.00104795186436
0.422336564590402 2.42600371819144
0.407630471477279 2.63296163480365
0.434231301284935 2.23840912161755
0.416462334778648 2.50082985737381
0.43427823848004 2.24075799389577
0.419108131120969 2.46880456357024
0.432353106540715 2.26670355267872
0.446559000005835 2.05365008610672
0.41135140410643 2.58379223677542
0.421327339898764 2.43039164134718
0.400436471573829 2.75934853253713
0.414634591726731 2.53784896895233
0.430634590322002 2.30557238319502
0.427769509090259 2.3471007656329
0.415428070489468 2.52241832574558
0.439671512748682 2.15817216207439
0.358800859115759 3.37874367718756
0.401180306066884 2.72958158216956
0.446749172099876 2.06742879594307
0.39363536310417 2.84499052176005
0.374314195268728 3.13753049598665
0.418555164454058 2.48808828458903
0.433332155763488 2.24991223592157
0.428605557913192 2.33722281550847
0.433574444491378 2.24722943403935
0.399510930600269 2.76875305086191
0.436997837179591 2.20669338232555
0.40143474288459 2.7329422152014
0.451520555921174 1.99362573085718
0.441563226371367 2.13915006157893
0.443640008735771 2.10386126947952
0.448126503973502 2.03261277583541
0.413261666787786 2.5452855178256
0.388773226962057 2.92406722855994
0.438610652029102 2.17735055377789
0.434873727722216 2.23502652552275
0.399991866183343 2.75890114629268
0.430597609726999 2.29340444027595
0.421266516751703 2.4461933931875
0.421930851937887 2.42480877366606
0.399429059518794 2.75943836415752
0.44794573480438 2.04336743262967
0.501795668744504 1.24760165133587
0.391460339497128 2.87928616440012
0.414179614152055 2.54074469104238
0.452953917682115 1.96883791108566
0.448266472790242 2.02607051186837
0.431578175753468 2.27756557293588
0.42340426257164 2.40335987124702
0.418026265957944 2.48335162555081
0.433476807555545 2.2539845706192
0.402215993982829 2.71381180263842
0.419210044189352 2.45905791262381
0.420261055910549 2.4424285875506
0.383153186486962 2.99530222596991
0.429813751064177 2.31648328538662
0.40409182334302 2.69806365194576
0.434854541834837 2.22471927277905
0.411930429111869 2.58106681183042
0.445637400417172 2.06757587951015
0.459539571194055 1.87076288133684
0.447711622876502 2.03546146706726
0.418450728023041 2.47383204174283
0.38807680348896 2.92780422670064
0.408621148670619 2.62260258679188
0.438899604464766 2.16456685925006
0.428407742633746 2.31774596562244
0.410243948557935 2.59806072072627
0.40790200652582 2.63980581701051
0.407520303667764 2.63256229110652
0.413067898147334 2.55967869036685
0.377982609267928 3.07758195881932
0.455487326385995 1.94025627276129
0.465402604232689 1.78649218961356
0.435746110702455 2.22766651517331
0.436425880837214 2.20762883137302
0.426566095096655 2.35549398483331
0.420052388328623 2.44958379187459
0.445391028172551 2.08432284085537
0.415575197730666 2.52755493228017
0.407269886665415 2.65069546471034
0.438712455169874 2.18274804467219
0.42808656929375 2.33592164915666
0.465132712185503 1.77791489489146
0.432012053155196 2.28337817141633
0.470774586757044 1.71559430944659
0.448432677926516 2.02347805992926
0.443880178911795 2.09568790365337
0.421773586003814 2.44009514592693
0.39792065778878 2.78513534760114
0.411858266290951 2.57818910344992
0.440728691907171 2.1464216773777
0.434469478043214 2.23538598762157
0.417807056004063 2.4938046713301
0.406271865230255 2.66550161746703
0.387658954778635 2.94132085296317
0.443160915749707 2.11414747218555
0.453376280547913 1.95889327661028
0.378123756993225 3.09029932471798
0.446720447488069 2.05890466349533
0.43034053594974 2.29990450140353
0.412673095258266 2.56241593027589
0.397379231999342 2.79122403968238
0.474566160283822 1.64612520831619
0.446079971689067 2.06896096017187
0.405957810788018 2.6686243306508
0.434714327253161 2.23020543438947
0.450869070475391 2.00418245307923
0.407709899033434 2.64801510853295
0.38863720931503 2.92556278670512
0.462246083260814 1.83206126073215
0.44838797143539 2.0277453160198
0.399732482374725 2.74876243606558
0.421645166034515 2.43063657877008
0.445921593597935 2.07065641778443
0.39754223273881 2.79317638166386
0.383074650216919 2.99675930396783
0.444736118016616 2.08458406972435
0.372052713733807 3.15949057238161
0.415637898943885 2.52478984739229
0.401429787796201 2.71932307873208
0.407541197348674 2.64323138396571
0.43503150569977 2.23778059891603
0.444742721823472 2.08566295525595
0.38780306169379 2.92629811508588
0.396200201790557 2.81501132952381
0.426305222278664 2.36599392356422
0.414715719720736 2.5375874867582
0.412872134308925 2.56197717905483
0.423073708065816 2.40364618482493
0.401135827193606 2.7319820870046
0.432924298447448 2.2527236624467
0.387470335738437 2.93204920634527
0.388345857466871 2.93206619283778
0.45789936041395 1.90637742512586
0.410214618870123 2.59520927159791
0.416236786745607 2.50319570811572
0.435448589532973 2.22574092817912
0.439606447310209 2.16636404812189
0.413004525717495 2.54568526342795
0.413740248957837 2.55609322886252
0.457285108424521 1.90716323238316
0.409234901375798 2.61392162308959
0.403639370356509 2.69266560171641
0.389358330287798 2.90918875216671
0.40484812277801 2.67492189079332
0.418997434615936 2.47333765040071
0.466193273339254 1.77006384555149
0.458637220201602 1.87318194174792
0.397953891751572 2.78219426862781
0.463327345345731 1.81433325097198
0.431269548084003 2.28381527503759
0.416019269961177 2.51034783445585
0.393581023586615 2.84864740587645
0.399752712947009 2.75009628773456
0.398675570445936 2.77553023471435
0.397389890968008 2.79112503908728
0.446879316990483 2.05645473191979
0.436516856868463 2.20453659432397
0.39953944242514 2.75550825191528
0.455093195429384 1.93969000851872
0.40096444793507 2.72847952161795
0.425331442936542 2.3657210579737
0.463620886950706 1.79778047845149
0.39502152104584 2.82958958749468
0.440626536848281 2.14971832325489
0.420824051645179 2.45138687467569
0.390691112852366 2.89122444007445
0.399571719762523 2.75433057611587
0.42310714169695 2.40951235074375
0.472614501978385 1.67892831251152
0.440667286456657 2.14798409125075
0.424222641195157 2.38698189190042
0.461910146346485 1.839421907206
0.434216109305941 2.24386695359731
0.419790709227466 2.46638946535236
0.444104069033655 2.10950240819142
0.419207621263293 2.46018793637727
0.432930712657935 2.27131572498648
0.468163523307001 1.73654734798555
0.450994751562155 1.99172605373863
0.412722566331577 2.56072922231947
0.443147510440517 2.11911673539229
0.400367998325013 2.75089751123419
0.426694462229448 2.36272490622573
0.418240784761744 2.4763909551683
0.459506454633327 1.87656862703111
0.449134799238105 2.01957472414552
0.430274923048745 2.3008609933026
0.445064338938424 2.07525353381447
0.404077489170724 2.69755425889845
0.400223493237912 2.74782397417603
0.413565224380043 2.54956339139103
0.380502581488997 3.05037247787105
0.431445862577055 2.28721752637076
0.405478011425187 2.66534874006459
0.421647153529574 2.43063933751102
0.422525043691179 2.42187111463071
0.421784407977536 2.44590974767853
0.425549489123314 2.36929327306295
0.434080995659571 2.25683014109717
0.408068028806491 2.63038795567926
0.39939568610113 2.76647863818032
0.393169548428619 2.85345230522083
0.361120304867454 3.33692379897815
0.416054601448342 2.4995433967435
0.416558863823483 2.50098098241166
0.450248468744802 2.01147548391771
0.422666730842533 2.42360339206818
0.436380425917636 2.21173960420432
0.426527477977283 2.36037676461919
0.44655523881544 2.0613941086459
0.428387411520823 2.32452663605545
0.434693087773047 2.23090005339711
0.440064798422949 2.1654746678305
0.446843858722972 2.06124702919784
0.401400335164644 2.72564071854202
0.417586354456906 2.48309503265518
0.435627760058954 2.22079710061419
0.405379328386323 2.68641572006574
0.398175640579296 2.76303364409527
0.447877175691944 2.03555387689154
0.398633394658019 2.76447491973678
0.414146376775502 2.54484785496081
0.454207345754525 1.94810572974035
0.377601530776208 3.08180815330941
0.465697273065062 1.7834602864174
0.414139151552138 2.54714533446748
0.442234808298622 2.12848954806937
0.368484062444222 3.2222240552781
0.40764115411932 2.63617362798163
0.428335472165055 2.32346900626607
0.418404638920399 2.48114094085284
0.418677788911551 2.46889824007763
0.411505709472814 2.58978873694265
0.436656385325514 2.20726497697504
0.392574021102329 2.86031295897211
0.449713726135303 2.01911033496899
0.401380442923382 2.73616628195478
0.442107486351269 2.12668234154816
0.440003203424145 2.16566104291876
0.42106093448943 2.4430002225872
0.412265936474943 2.57570784966663
0.439080388479889 2.16079979995507
0.43973587550899 2.16932602745425
0.437384521060531 2.18990854957676
0.443217542443986 2.10139481537169
0.459232455876444 1.88193702960708
0.43965049849718 2.16304119291473
0.375623287287944 3.12019996543612
0.400625586059425 2.74915589196867
0.448782217626838 2.02154775444407
0.428421236270655 2.33819375361246
0.455597418040992 1.92522375397516
0.434660169633614 2.24224682837716
0.432620736171542 2.25443904857919
0.410223057409439 2.60375330812144
0.420709548882762 2.44003153367251
0.446531739437582 2.06051925694313
0.449950037885733 2.01699934071445
0.465295930375574 1.78143937999968
0.426030552230531 2.36841132258398
0.473793617623247 1.65787420178151
0.398542066861779 2.78175227384359
0.435405372398531 2.22893129209421
0.447132753625582 2.06106970021229
0.431328466266986 2.28329805592291
0.368995092282999 3.21597169775353
0.449410429322125 2.0166680754296
0.423079985840705 2.41035213818975
0.446361356916269 2.06020221747272
0.439461343937698 2.16603815914509
0.43831231299201 2.1667389024219
0.393791422815404 2.84346138276303
0.423582281622771 2.40873503809107
0.460206997997003 1.85689320720405
0.420313159638707 2.44509771300503
0.398614677332558 2.76957211826559
0.409084892516535 2.61483611877126
0.439014917245453 2.17446843642572
0.469343611672745 1.72787945095859
0.41784339084019 2.49676551077354
0.395966512823726 2.81419753663037
0.433668934998895 2.25602721975073
0.427694716358953 2.33329981628733
0.431407357318559 2.29075614907961
0.390793415873534 2.8866890465992
0.45193146639437 1.98144727063846
0.379055847025996 3.05998826063691
0.417334789609776 2.50368826802416
0.433454085989881 2.25868752522637
0.470253114210859 1.69989494034617
0.451719461286731 1.9830376453555
0.405070023508578 2.68502790622292
0.43020588879807 2.29670678514498
0.438768260829926 2.17558304630839
0.417352794108061 2.48584494517209
0.457170934961332 1.90615326499157
0.428928357433884 2.33886919199514
0.436644619157923 2.20286515909116
0.403335367113974 2.69935795702571
0.470230743792897 1.7235011001001
0.430083096349391 2.30889656281737
0.40627737216019 2.66400900218024
0.424580575751925 2.38726546394205
0.446010894755358 2.083415470442
0.428301975267965 2.33460344657413
0.44534274419775 2.07695258880176
0.439651178382007 2.17365840744316
0.440555151845547 2.15664633233318
0.474435498284047 1.64540533627621
0.436731630035095 2.20984146711472
0.424737798449045 2.38582606992812
0.405735740229418 2.6575322497484
0.390728161533138 2.89480365872786
0.411901768775674 2.57538839576084
0.449786200914202 2.004911159389
0.398927197346815 2.77776992996924
0.414791006735297 2.54699579430484
0.456846099992768 1.90868501196806
0.40346707635375 2.69338000426351
0.399700732324101 2.75366287571284
0.446849629073717 2.06015413456472
0.384629855779647 2.98380538025701
0.40471037753061 2.67925219705871
0.419181496975698 2.46147305651652
0.401215937822946 2.73242065482191
0.394169119338132 2.83691346129878
0.438789019922934 2.17577004437521
0.446970890895825 2.05843256199662
0.388965881919982 2.92726855287132
0.413075308751432 2.56170225081985
0.426553009310379 2.34575251227368
0.418075023052703 2.48902440167791
0.456143736503087 1.90968922163857
0.410032677055043 2.60351786158638
0.459748792366695 1.86403237191901
0.452353305392074 1.97212269538818
0.442949313662672 2.1287224301512
0.43353274908996 2.25480915652729
0.43505584919386 2.23166679954631
0.404625417129956 2.67921032421227
0.426731804693987 2.36188454386012
0.389008042751889 2.90844310981038
0.434359291804258 2.2436375595427
0.400582266324976 2.73820829911563
0.43732505622269 2.19048047327658
0.44238776729059 2.12242942285987
0.427142099992963 2.35286805581084
0.412645434558754 2.56533640834606
0.398072376551666 2.78271075947498
0.438249660654036 2.18140868022761
0.397289175977125 2.79382468660889
0.415106968412673 2.53303786327313
0.447458342449133 2.06043245986798
0.427096287398712 2.33972356820613
0.412444926044021 2.57823102962456
0.490759503628779 1.40646351591509
0.458180318286521 1.88804288720933
0.404399974758709 2.68515118955884
0.451765624620495 1.98243951331799
0.40664044908518 2.65038358132674
0.43442919232416 2.2414666171533
0.425816299330473 2.37777025231751
0.415023138090595 2.53758790186206
0.436091807809532 2.22392188761924
0.401847600611785 2.7306709310022
0.429147417816937 2.3074279979153
0.427019796464749 2.35598726235502
0.413546422126878 2.56174592199845
0.412669992873183 2.56653537787967
0.430132515614189 2.30465980632616
0.444148162266825 2.10102995289965
0.42177895958712 2.42467636204267
0.404088066099809 2.68348913460936
0.435710160265105 2.20929239664927
0.425685993958202 2.38951650406147
0.433539701932152 2.25573205596113
0.434561951877511 2.24520421675132
0.397231953247935 2.79058268952293
0.423475516782998 2.4102405662224
0.399547503083027 2.7445182381838
0.410712535907193 2.59573328430693
0.43305067657565 2.26397689104187
0.438480607865001 2.18428023062383
0.411711840973781 2.58277931885393
0.39763602905639 2.78041809944219
0.428404993342022 2.32689380562368
0.409460797507302 2.61174564177
0.378397253849167 3.06802055139492
0.444686583270746 2.08343458776191
0.399630006389996 2.76306283826327
0.445087690057812 2.08411077657764
0.441011212668039 2.1337651085265
0.441231896774779 2.13737357695057
0.424776637351022 2.39146445745154
0.423382736131245 2.40253381881339
0.424879439902145 2.39177086728648
0.397228175063637 2.78794565409447
0.388079840096723 2.93634717467097
0.427832561956807 2.33633047497604
0.434235032410521 2.23721129879553
0.435550311760003 2.22074355966297
0.411189640689721 2.58393773257732
0.388952706608743 2.90981992023105
0.44171213560197 2.13822009418836
0.436930318896901 2.20213831454499
0.449204459632189 2.01596651432898
0.40533570491142 2.67753083086059
0.378448464352258 3.07480777510447
0.424219349809923 2.39356458317831
0.472792366891259 1.66781469616673
0.409064026446814 2.61244128429214
0.465130160918694 1.78834065304178
0.418283024172869 2.48039357416025
0.418253930567911 2.47984773439504
0.415398305268171 2.53022466817743
0.429055769956107 2.32880701438244
0.386137028022978 2.96187000572391
0.403525549306645 2.69666502794054
0.412462863568935 2.56645423583136
0.396622375681032 2.80555250776229
0.43306444263441 2.25393654321471
0.437710477071651 2.18337324986902
0.41646426219576 2.48680763463596
0.422682524832637 2.41732320886138
0.41624285638029 2.50709524588981
0.385246201736005 2.96519412268019
0.437774305945263 2.19985836124277
0.429161278685909 2.31553522690405
0.427366449689339 2.34977323441811
0.410541071570445 2.58822461700891
0.408949148123383 2.62040571821381
0.402322893197999 2.72074733651455
0.406326673181048 2.65201629999595
0.423734115130995 2.40346095659424
0.413754373308824 2.53012829841279
0.427029675725031 2.35046063002811
0.447443663387908 2.05430729160026
0.376264000288613 3.11122601109194
0.401953055559414 2.72701825937929
0.447486647981142 2.0408879185494
0.421583205018171 2.43035233949437
0.432529575033431 2.2693538702983
0.422679436344505 2.40138820783987
0.407024428885582 2.65307501774637
0.450154192817805 2.00131028028411
0.416204990242396 2.49711038948258
0.428282719444268 2.33793439621319
0.421094988547062 2.44490429728628
0.4511670685322 1.98680472323554
0.39850129288173 2.77720022604404
0.425849922621786 2.37383330783629
0.412600537576157 2.55983281700922
0.407846366329161 2.63708529729079
0.431172233481064 2.29149927111179
0.442134956568233 2.12546266311295
0.415176374211045 2.53391149271089
0.418880352600359 2.46995951966705
0.394574476412436 2.83140632226153
0.40925633925927 2.63818345647561
0.418029692486149 2.48043310653893
0.404367552966518 2.69513758322644
0.409373316567874 2.6045559439831
0.401315134914806 2.73266361462728
0.400853135778411 2.73695830749108
0.451413347129236 1.99584889344422
0.401759083962847 2.72299543720946
0.462867298209933 1.81802999228529
0.434692490889938 2.23426894348458
0.386233836731789 2.95606610233057
0.416043461434468 2.5072315675084
0.420622126931892 2.43269272635895
0.438860322616947 2.16987222423802
0.410705957036404 2.58952001852235
0.450382866966403 2.01167141944078
0.428805245718596 2.33520089428583
0.408396202064337 2.62357108355766
0.390719132869154 2.89911173473903
0.419816836044347 2.45881104199685
0.439974247638933 2.16228916027205
0.413131778170985 2.55352144725545
0.453127894248992 1.96769274487245
0.425611020888745 2.35377920321513
0.397420679503863 2.79258084267967
0.437789721032318 2.19491422531369
0.41330628731659 2.55429826345711
0.410764883433028 2.60609386572646
0.41005142933883 2.59425522007673
0.424779119098173 2.38465983928335
0.428575648233885 2.33451852240221
0.453904959617723 1.94708053356674
0.421502584817845 2.43890567503236
0.44411545278459 2.0868575651475
0.401939195994537 2.73574479312128
0.457634887830667 1.9017918684189
0.429174908930322 2.32587956145757
0.424005571323586 2.40485001628453
0.421172837952468 2.44802735698712
0.417488109683831 2.48989070919542
0.421370664091261 2.44496162108025
0.408112696887875 2.62082100771872
0.435288722327454 2.22414983140723
0.471131945671224 1.69795129796345
0.40032219579255 2.74512083132472
0.424359514176095 2.40327731419585
0.433945240162878 2.24997975740677
0.417562609415851 2.49441374765036
0.452930838251873 1.97271144157678
0.373076663743641 3.1598814811636
0.467359047691879 1.74629837627738
0.405015375764394 2.66232604896905
0.445687223567663 2.08604598057205
0.411920750589315 2.5829086541302
0.422517482111761 2.41660522384412
0.420939697730771 2.45262863910041
0.419946725213758 2.45325243999657
0.432900244228618 2.25997795045867
0.415543752570074 2.52653007772996
0.436105241306215 2.20980760442987
0.463321590343121 1.81223830301965
0.39047740515995 2.88944632693429
0.408073942793062 2.64468277897163
0.445595303789086 2.07944678134935
0.402381040802162 2.72299676368654
0.428022730628503 2.32997048510517
0.399562172517592 2.76036747284945
0.419836164070961 2.45507709232522
0.429820043079695 2.30547319714509
0.437040602154437 2.20727715701378
0.434121042727672 2.24353534684426
0.379859030307497 3.05154592918768
0.464745089679689 1.78107842394324
0.428081197793863 2.33378229863315
0.40858643128536 2.62700938491374
0.410057388541544 2.59775856816981
0.453765765512584 1.95861689727191
0.427983890048306 2.32533035336464
0.382931070876238 3.01079847723036
0.448265774223995 2.02777057985945
0.407350071527755 2.64535003042687
0.417702562625618 2.49389826234662
0.39864935920508 2.77978887506835
0.447621473731905 2.04667985721603
0.428106533847859 2.33447779965209
0.451939155551928 1.98963447928109
0.445848380764061 2.07361837031903
0.450989276541224 1.99244178668141
0.39637630360023 2.81056191482439
0.422308517701563 2.41052673665789
0.422357566572762 2.41879125812695
0.457407243274658 1.91592487088249
0.424214330398377 2.38698975600941
0.425441864419554 2.36046782577571
0.410196054290829 2.59516021064839
0.417674972637375 2.48873984660121
0.41280848948946 2.5667448743682
0.426762679829128 2.35112970293765
0.419306457111174 2.47156051782444
0.441568235967866 2.13847188826801
0.464886144069553 1.78575027482159
0.417775615485644 2.487547034508
0.468252492482701 1.73219616285565
0.423863365914412 2.40928714894915
0.427230839651772 2.34438530804491
0.443237247896853 2.11542204517823
0.41561274645623 2.51915203456395
0.434255783999881 2.24634162776189
0.478390458473322 1.58727449932065
0.444099581395026 2.10501623257273
0.392943302100045 2.85645054451329
0.41928085215916 2.4640484274097
0.405185175774766 2.68630058158723
0.406233135061262 2.66227517885869
0.44735540800957 2.05653265590373
0.446107203097539 2.06402400925579
0.463937311248419 1.80929766170792
0.456675267683193 1.92210358819503
0.434265408156304 2.24447745924388
0.456458042930294 1.90820612287414
0.39289116737083 2.85533384734638
0.403810667820524 2.70085099068896
0.422957869058021 2.40897888837889
0.420498679210354 2.4449503680787
0.437707341671106 2.18911902095226
0.441637593145837 2.14371140676436
0.446538570176093 2.06992351987344
0.442467181002774 2.12363434867687
0.438519341104495 2.19192295511593
0.426988740253524 2.34722904036356
0.420065076783959 2.4556996043665
0.431865715099265 2.27378795052495
0.436211678934544 2.23302152901842
0.383271066494088 2.99859706953809
0.429976356328529 2.30945974632363
0.427671395828695 2.34070524515554
0.428422554656391 2.3395789159508
0.400642895042092 2.72698858140925
0.4121165998709 2.57756815197687
0.443931937701941 2.08837176086001
0.446574563455261 2.06622400271598
0.415693514946584 2.52411854539302
0.445278373241965 2.08263620919222
0.437147640293933 2.19152660698115
0.455984120921372 1.92097811224917
0.446151490926619 2.06675969193974
0.445602913826247 2.06556562199922
0.426220319775278 2.34669310734051
0.433533575609323 2.25215405373096
0.41866807516594 2.48202166491619
0.46701587852347 1.75907318021821
0.439029829979022 2.16649324415348
0.414108722622804 2.52839777513055
0.453218178722338 1.97370821907786
0.43473667503277 2.23131355999736
0.406620374681758 2.65393854806065
0.399259361180802 2.7707889770558
0.427153121625704 2.34369709499657
0.46218885362903 1.8205987196859
0.423366715564595 2.4026919987583
0.397737073709157 2.77650160114714
0.44117671809415 2.14123834856144
0.429762720355913 2.29524841748307
0.423221117585062 2.40952070610561
0.398196257392937 2.78086368968532
0.429698568912944 2.3159184248795
0.420085188659289 2.44960560778482
0.419260495996682 2.46675943033421
0.446519204183269 2.05933486490667
0.447656919703141 2.04049263435836
0.432916323591073 2.26511646814901
0.416839280975794 2.49920434033683
0.418214180269795 2.48241741161478
0.431960308225556 2.27293138183484
0.417014419632097 2.48988675149225
0.469437246957374 1.71275309766882
0.423646773007373 2.39848199499145
0.448514033704736 2.02304533049283
0.425826248881117 2.36985231411584
0.405303654446518 2.66880126344512
0.431114963837783 2.28553840174444
0.404620445927828 2.6880197089601
0.421237400347577 2.44025226456629
0.418332047274027 2.47732205782443
0.439000305755863 2.17413028627762
0.404806914795067 2.69615645419522
0.423261236603357 2.3963519698658
0.405596827392689 2.67545275053647
0.438436714395154 2.1800224980335
0.408370945105816 2.63490045254438
0.423593035689869 2.40291174660747
0.415329780927159 2.53541610936229
0.482855823952032 1.5225265370859
0.380404766164233 3.03797210967606
0.434365742525162 2.25354608778864
0.407069077637276 2.64869064696097
0.430994273832296 2.30093115077889
0.427600626768038 2.34357648917274
0.405331526988343 2.67627547599876
0.43360268163985 2.24412923720122
0.443242496839568 2.10734738753527
0.43483123934106 2.23939718740538
0.440528694813721 2.15204134698888
0.424713742456056 2.38364263753754
0.445520931654466 2.07865576721703
0.405240258038457 2.66673808539958
0.423481612145622 2.40906130189262
0.409816353992021 2.60730586915026
0.44397798646704 2.09740518312846
0.428653465896263 2.33100470211009
0.423216561318927 2.40367873779827
0.405637173777804 2.66314501405779
0.423085617374055 2.41169876206321
0.426152515661622 2.35464688175602
0.453146495345637 1.96673708633772
0.422967143650437 2.42106454023775
0.415929666571508 2.51208512056517
0.441509606684048 2.14162090054136
0.429746052001513 2.31186605028722
0.44425256080136 2.09514402678071
0.395707822660357 2.81192128649059
0.392581546092416 2.85545090526061
0.406466577003141 2.6591221683408
0.406278559404686 2.65735181421404
0.409152019984655 2.60398638767852
0.463257021913167 1.81294041771032
0.417147810097169 2.49709048947533
0.428218033551362 2.33048958981737
0.422264924452763 2.42127429376882
0.412516272638598 2.57539488814989
0.430311127852652 2.30696961911672
0.440348642559653 2.15112635351747
0.396647395188473 2.81404502752674
0.425187095492707 2.38049738031311
0.429201370970436 2.31697882939396
0.412914156378127 2.55136511160193
0.446143208449408 2.06316670833579
0.362755011999035 3.30286955867183
0.419258390204741 2.46868968301747
0.416489944354458 2.51348333966723
0.430396770940733 2.30506382237591
0.458898843137532 1.88249686653301
0.438051150214566 2.18762220996588
0.425019679229241 2.38063083595776
0.437306952420122 2.19491551069879
0.416451549570229 2.51717082807508
0.440419200889959 2.1682844533724
0.401574070966172 2.72429505971875
0.434269143437649 2.24629182547054
0.417726572792946 2.49235453734273
0.422425732327396 2.43003048053058
0.405358092791382 2.67574318651881
0.443949675714973 2.09716850604232
0.427188085945954 2.34679094883464
0.428482949124955 2.31325866275004
0.418042675755457 2.48665695965965
0.438683007832437 2.16863714876635
0.455284108872205 1.94109625464946
0.423801671279208 2.39142516998885
0.460545764995209 1.86048481488701
0.446216155210443 2.06967997610229
0.427520328663755 2.33106145207875
0.432111695264761 2.27018165371654
0.426308535812417 2.35948845776481
0.428799805665931 2.32950316042745
0.401547380336396 2.71399089976123
0.414913321608258 2.5313105376737
0.401352140955443 2.7382707929429
0.385657714984791 2.97142048455279
0.430120588197738 2.31141406974628
0.413082808514963 2.5555316695998
0.41530492426582 2.52130155711668
0.427747328037582 2.33649605592829
0.439302906520899 2.17433293151283
0.447647271894999 2.0452272602271
0.396835267439665 2.80060702023
0.442058456920895 2.13241385568619
0.402233422948018 2.71519802854847
0.404831755884516 2.68533499714539
0.448844737133395 2.02014950253743
0.444410810333203 2.0980316951715
0.423504201839728 2.4054520784758
0.435703691713403 2.2345678650828
0.461902555911342 1.83678118589994
0.434101270244002 2.23716878396324
0.399696524120771 2.75440613132744
0.440172437466839 2.15695922253965
0.405405593192734 2.66888938544414
0.405311831015998 2.67712305936813
0.459985386958077 1.85909254327679
0.38277684275413 3.0189842807251
0.422237973171045 2.42882147602154
0.435998262787336 2.21811346272552
0.421461829602001 2.4344829902598
0.466436789388218 1.75612389024459
0.438581777356992 2.17189788238622
0.380816865872704 3.04613557670875
0.448626611974827 2.02803590192019
0.412645513135849 2.57771030572739
0.454062672686294 1.93876858592846
0.454880882751567 1.93881826806255
0.436461239590219 2.20954092518814
0.409216999095805 2.6193171819804
0.401738196373076 2.72680006697683
0.398451105044815 2.77453149148465
0.427206586873604 2.35483878262937
0.420178542489144 2.4522164102188
0.459869550906305 1.86721748376384
0.394972120824086 2.8262094813776
0.431021936541714 2.29433765642172
0.441905305811288 2.12851253454883
0.427927881083114 2.34061089504286
0.434635101820097 2.23247168973121
0.404437584515004 2.6934537604954
0.436526085273916 2.21137174773939
0.405282877476858 2.68083742540704
0.445812741161488 2.07229953672648
0.413311308473868 2.55454917421708
0.423908602750574 2.38681956342172
0.445223864070024 2.08245645884777
0.433726817254248 2.25248559212188
0.443199759258848 2.11360509016221
0.428312707694544 2.32264346208884
0.399868779028443 2.75603685901124
0.428608809563778 2.33351981200441
0.415581847403723 2.54049233223977
0.482175836019573 1.52894692981142
0.436559552456975 2.20797467192915
0.400354740070305 2.74564711662781
0.407010222433293 2.6473385495126
0.423071080409817 2.40101257536391
0.44974702324987 2.01910579825408
0.454713330105219 1.93805966822255
0.429740356080239 2.30961979652485
0.446838550482157 2.0563867502733
0.442619198852821 2.1277100303415
0.400915283356648 2.75146466584266
0.45420922449589 1.95253415775359
0.44649782165359 2.06124571970566
0.418847728072978 2.48468818707597
0.384770139159887 2.98132075729329
0.419342165140965 2.45888759963962
0.421190476676816 2.43068843020112
0.435548841344604 2.23436093359605
0.433759270886732 2.24611457364118
0.442607345304903 2.12013891549218
0.439859813940172 2.1583710740765
0.456993013774793 1.9088300026679
0.413387570716595 2.55430742768237
0.400072349646451 2.7426956339923
0.431592909246498 2.28135740257473
0.453461165713236 1.96739615494005
0.403078903877598 2.70699782072768
0.423953169061589 2.39816032232792
0.407454548974881 2.6443684841486
0.450716030231386 1.9956524367556
0.417003308334635 2.48977967581445
0.410346551028911 2.60336301967113
0.414843041558437 2.53132459571801
0.43449109423203 2.24495664510072
0.410047872938687 2.59287363129254
0.432962144042765 2.26240338308079
0.428794696467114 2.33014937780105
0.441980666379727 2.12291853296332
0.416845603093982 2.49559603302674
0.438803931401538 2.17588329878397
0.452649608569271 1.97361635236733
0.452222069135875 1.98133730917957
0.434573620842646 2.24132614893036
