0.272753613649262 0.0175808089422225
0.272445440421723 0.0183940605125499
0.272588148590875 0.0228769788683527
0.270892778412191 0.0414052816787887
0.271878354184285 0.0305013987664019
0.272555075299854 0.0206100502791413
0.273275333142775 0.0150058127300142
0.272955850936246 0.0140037841780811
0.272713048113258 0.0170501969996953
0.272707857730014 0.0220893039303663
0.273454678058073 0.0119836627595065
0.2731203741403 0.0173351562218645
0.272801034045474 0.0198115312040955
0.273448565191218 0.00816743108976709
0.272163044044668 0.0240551102015767
0.273207866047545 0.0113751094215096
0.272881840775056 0.0211232763655624
0.274340853302381 0.00364390866280286
0.272736015971727 0.0176685248030571
0.272072987308049 0.0250376875894909
0.273529445241305 0.0076644918071916
0.273212926994218 0.0112266073479246
0.272055173182348 0.026936500453264
0.272259894794719 0.0254571036216153
0.271462184070415 0.0337852101413539
0.27218294562748 0.0263242815469927
0.273043470957615 0.0142429113658734
0.273231631891145 0.0181609340329082
0.273274682140385 0.0113088500553342
0.273072642660537 0.0158776093996769
0.271395746715537 0.0341104529114229
0.272040659466831 0.0263618788120805
0.272713978477263 0.0220221859853924
0.270560818293609 0.0421367601548879
0.272750417688704 0.0180570770004872
0.273559908727186 0.00913379098819991
0.273217453343104 0.0108245440597626
0.272819494924641 0.0204388618944055
0.272611480971015 0.0202647620140143
0.274136810566063 0.00464048292198353
0.272401222344777 0.0224854092329421
0.273326757392486 0.012298895316892
0.271261621811892 0.0347252298099964
0.272985523120417 0.0186416253110639
0.273034760888508 0.0143310223444764
0.273275631840799 0.0148698110182661
0.272636627744116 0.0206549299197409
0.272263227957196 0.0288639029540531
0.272065678426043 0.0262686672972988
0.272105315755791 0.0259036785801646
0.272402782764055 0.0236599426714994
0.271735136864331 0.0276510848593532
0.271364314063821 0.0319690382579209
0.272565793036894 0.0224240450472302
0.273051866056245 0.0201171574840991
0.272782189057639 0.0162156073305411
0.27279135187541 0.0210574778728189
0.272673936781304 0.0207361328841657
0.272697873306802 0.018835986277977
0.273286107749437 0.0162835468386749
0.272911216062776 0.0185409394003163
0.271866982944863 0.0275505286440115
0.271985542484457 0.0249172779563589
0.27051203571182 0.0479391590682376
0.272550762546982 0.0209362410567452
0.273697948484937 0.00844893406661273
0.272033556263313 0.0300452577668842
0.272300270854038 0.0212352234544799
0.273023336932854 0.0156240360355266
0.271509927677067 0.0375735782883901
0.272353991886342 0.0180851070524419
0.272492319643972 0.0213005983918748
0.272106037381671 0.026544829038217
0.273498785849979 0.0128721426374904
0.273336312725184 0.0115436492359357
0.272253464608434 0.0253749368606143
0.271537916303549 0.0344395231681905
0.272442312013503 0.0214999733297519
0.271586025500662 0.0350960734990165
0.270715157688638 0.0431538671864247
0.272410329750389 0.0214662053343464
0.271747713209814 0.0311605369382872
0.272358949431243 0.0236682980787066
0.272172537183191 0.0237014508268005
0.272082600134975 0.0268420676023438
0.272161018063982 0.0264760534335896
0.271294561631412 0.0375427362350306
0.272454191930383 0.024187078074152
0.27091055818568 0.0397334180644593
0.272297496197808 0.0259685053393991
0.271575921977333 0.0296216361679551
0.27167294766122 0.0290412649129763
0.27122095491964 0.0327492603659834
0.273368447365232 0.0151257062500379
0.272888450028437 0.0187915330177093
0.273364267794829 0.0114752354408791
0.27301501003146 0.0164628798980428
0.272640461235467 0.0226138460477366
0.272488554401888 0.0227808276218779
0.27100780751051 0.040140109520148
0.272739963794843 0.0192310076349643
0.271192604854037 0.038508327267431
0.273027416451088 0.019908850822304
0.271525476457529 0.0329088319571873
0.272842165572191 0.01836088893602
0.270403447379364 0.0481138885709133
0.272248092660758 0.0282660660718549
0.271160029463654 0.037369699882355
0.272180927826653 0.0248544431881251
0.271810004550414 0.0294653385243181
0.272311750326229 0.020990435191352
0.271992686123996 0.0288002574515138
0.273190904238221 0.00953295889885498
0.272235649325332 0.0297670664923871
0.272280573439281 0.0237696169291865
0.271681938592306 0.0369374418415021
0.27266716106263 0.0185306343392091
0.273122244883566 0.0177797459913022
0.271549738969552 0.0331120562486959
0.271548348048194 0.0323624716141194
0.272899078976459 0.0180313551845989
0.273901713121535 0.00719290822895055
0.273522151067777 0.0103587452363284
0.273364380953206 0.0111263981391272
0.272225441398768 0.0240034421101965
0.27285622952145 0.0221108737244266
0.271859818564139 0.0254714488165217
0.272717113828344 0.0216331413055414
0.272744507287342 0.0179948229719015
0.274178501065146 0.00345114719257343
0.272012283765131 0.0301685381956045
0.271446055476852 0.0349953722759728
0.274033525499397 0.00374116689705421
0.271091205754943 0.0401224059528271
0.272802332121404 0.0184952855829034
0.271769735893446 0.0308247119061456
0.271936458376471 0.031305322532996
0.270612216394553 0.0442903027924958
0.271258762348626 0.0376544930043287
0.272692862188015 0.0160927918992268
0.27179769035091 0.0290977415025567
0.271893563029456 0.0313133621925886
0.272484211175389 0.0210048707452313
0.272413183641418 0.0210365907505187
0.271083325074772 0.0394094108692924
0.271912886938821 0.0281713260522492
0.272852243795228 0.0203352757441148
0.272071552965462 0.0280705784058369
0.273227986379206 0.00920084830022534
0.271837259323832 0.0328658071802048
0.273643514416128 0.0105448688068939
0.271993820988983 0.0296111780660647
0.271716195069883 0.0296217163998196
0.271563851777575 0.0348992096491142
0.272254327129344 0.0237844585517034
0.272245685343837 0.0220460305665284
0.272255461514627 0.0258346884967001
0.273474522975073 0.00777103821401681
0.272026480062586 0.0320059262449538
0.271965721770689 0.0291815684252267
0.273206247869745 0.0151154513254882
0.272992631215034 0.017494132016684
0.272758212956073 0.0153043984824947
0.273534692039765 0.00962565794752556
0.271732161308353 0.0357923818459517
0.272580634664473 0.0228466768874481
0.272456966146889 0.0240150178734828
0.272106652802984 0.0250770065470128
0.271910830698145 0.0237843119451153
0.271379116029926 0.0358570506314097
0.273209207976165 0.014882311918748
0.272638477062477 0.0220787420048493
0.273010685908182 0.0164848829636305
0.272766110513933 0.0186393762113305
0.271779156473206 0.0322996925086803
0.273126414948261 0.015147099379727
0.272194807669818 0.0221819039234757
0.271891586012747 0.0331509868453491
0.272495852677118 0.0228900368131828
0.271851425202123 0.0329259868457001
0.273454471024464 0.011705046824688
0.272996548235866 0.0155393206237011
0.271626370648007 0.0321051723732217
0.272506737703548 0.0271271344173318
0.273182563370855 0.0142948062933969
0.272301309639817 0.0272784702484622
0.27205309572938 0.0267971449448725
0.273210092734607 0.0145680616795511
0.272163416035846 0.029051100743697
0.271509890895995 0.0343306231207349
0.272343497126982 0.0225542193037642
0.272347948158761 0.0253226610085135
0.273012244978801 0.0158996280741044
0.272656568418224 0.0175308571934278
0.273440615741924 0.0156120881367544
0.272275822913892 0.0229277113453053
0.272026635762995 0.0296539867186107
0.271147467419554 0.0359256521900009
0.271564422677373 0.0339981625587346
0.27179360910261 0.0285549653528061
0.271803202660302 0.028711278803035
0.272919403764244 0.0200343622528889
0.272040890254965 0.0268825286095996
0.272999596748822 0.017529067382152
0.272613357773792 0.022972355192319
0.272129487987193 0.0265755397106695
0.272333667266025 0.0241090221541998
0.272785661388329 0.0165173952798485
0.272639325994459 0.0212189091743347
0.272559974564578 0.0185869352153094
0.271479122755577 0.0364548636910835
0.273630188374396 0.0137647816042509
0.273176915094285 0.0150306692741763
0.272245847504023 0.0240813232142708
0.272544047125716 0.0200089865863585
0.272849905034421 0.0129652658497786
0.27271290297287 0.0212564019935833
0.272335491143726 0.0222978429780933
0.2720483024685 0.0313383044162172
0.274112555342018 0.00644823803737288
0.2711338613807 0.0360282600170382
0.272266271257327 0.0231359779288855
0.272103445282218 0.0240933061368322
0.274052310133759 0.00112427708625771
0.271877518055984 0.0301974689920234
0.272957043581136 0.0169905587648372
0.272928202332452 0.0167764225770292
0.271355624214638 0.0330487171036075
0.273592010685567 0.00953087442101318
0.272685419932911 0.0210981330089193
0.2733903657216 0.0102453840433263
0.272766478104014 0.0225031822350563
0.27384327453355 0.00721666200183625
0.271711334684045 0.033761369722338
0.273297198701239 0.0164500813963234
0.272774306657415 0.019600884910047
0.273057504354056 0.0125043735501128
0.272689240203597 0.0188879614378745
0.271081083159672 0.0375292261191289
0.274160859128958 0.00378778348947053
0.27265296977797 0.0219147300071288
0.272851980194299 0.0170376748876598
0.271335871050339 0.0371934159501902
0.274311315731915 6.05012934923391e-05
0.272742468984487 0.017373631998027
0.271927407502018 0.0277365022130417
0.271850776312424 0.0293723669023627
0.273312647541062 0.0154838468604694
0.27087341005197 0.0409662826895987
0.272010013345419 0.0293207170194889
0.271902499503718 0.0303077268003096
0.272276360383703 0.0240313674263305
0.272897314224537 0.0153864566909103
0.272343497274936 0.0241037804022728
0.272088794660458 0.0235355933057034
0.271140767804191 0.0395862956671831
0.272663403379571 0.0214867619607821
0.272371052377467 0.0273121214573971
0.272673133919962 0.020927361841577
0.273580856657889 0.00821983646929328
0.273977604513136 0.00369103349845731
0.271378442026213 0.0340978192782374
0.272350666945967 0.0241204846246477
0.274257263799458 0.00485185573153446
0.271078387408741 0.0341880187923801
0.271171462584583 0.0368486436834655
0.272136339037785 0.0246461299004338
0.273233610416538 0.0136298201748041
0.27323599987275 0.0158555272421852
0.272754907654935 0.0214384435168049
0.272066304960702 0.0315777231112175
0.273570766440225 0.0072646268239739
0.272518405087856 0.0225963524568069
0.272633274342841 0.0253080539079651
0.271281180435957 0.0325448325932475
0.271910191878526 0.03100671582504
0.273318446018263 0.0147408658542233
0.272040355472901 0.0295437593291192
0.273631380325188 0.00860414435576719
0.271142710410443 0.0392537039857917
0.272677441812478 0.0203627901220879
0.273507824532022 0.0110924166111271
0.271827657818915 0.0305813982411322
0.272677457073684 0.0228265757396361
0.272616754140614 0.0206230914511197
0.270671497306644 0.0450654238537494
0.273068940719008 0.0142240464041432
0.272416316812763 0.0255965180774509
0.272729472759094 0.0202666684183467
0.273046171119613 0.0164443894986701
0.272818262974695 0.0171430996236673
0.27196645515411 0.0284448671444282
0.272044556276737 0.0357682284096802
0.271571535652311 0.0317091876933179
0.271777585890175 0.0326716817908371
0.272687281835657 0.0221508736038705
0.272595697196989 0.0235382606458269
0.272897630660426 0.015586129033265
0.273450990489953 0.00856862535743493
0.273547195163073 0.00999238295524968
0.272354920124473 0.0234619863052028
0.271664007860274 0.0331599931099341
0.271549190052951 0.0324861462424305
0.271301321482887 0.0349403208567584
0.272869375282061 0.0176507277964572
0.272641547701888 0.0200305590342276
0.273118531692588 0.0153321196825167
0.271009920725751 0.036848349030823
0.271738786271991 0.0292658628529638
0.27203313615086 0.0278028255713753
0.272993620368387 0.0157265103505167
0.271731600669328 0.0317812257512664
0.270749327861002 0.0426518727793737
0.272406056546586 0.0225278717938253
0.271248220806935 0.0389027658074608
0.273523459394888 0.0113519981982248
0.273175952257144 0.00962369636200427
0.273505527798097 0.0127201878607522
0.273632316652542 0.00891502198521888
0.272352073109696 0.0242052917738093
0.272132930870746 0.0250130378891444
0.272946187437784 0.0150409646651483
0.271085812917927 0.0404199897691233
0.272597656785792 0.0226434119316893
0.272656663945788 0.0229670094172693
0.272703242817793 0.0187299350472592
0.271613184153037 0.03273801027336
0.272853603372358 0.0221077812306497
0.272539302422012 0.0257831141622142
0.271388222329597 0.035229412100755
0.274025318925337 0.00575308037829039
0.271286151053156 0.0378969119666601
0.273352574777188 0.0139209560913578
0.272903090591915 0.02098644001253
0.270232686102344 0.0511677860194811
0.272987021660104 0.016495892931417
0.272287329382758 0.0235909090778175
0.272964118904461 0.0193385610073455
0.270730070031934 0.0435748619354265
0.271830579481719 0.0284650041547261
0.27284856116847 0.0207882599079826
0.273106998841346 0.016280408409961
0.272916192930783 0.0172271858592427
0.271581729410243 0.0311922185021232
0.272962428256408 0.0146692226540552
0.271810116287959 0.0297280074616696
0.272068660724347 0.0238842906847741
0.270099090986333 0.0518477473363456
0.272373802760396 0.0271244312914206
0.271164257188376 0.0402413803073271
0.272384376476042 0.0228162136449745
0.272661394354941 0.0224214640389811
0.272921683078967 0.0154004808478782
0.271057886603242 0.0382144674487906
0.273357985434572 0.0141386782008427
0.272060261194917 0.0264795219005052
0.274353901371658 -0.00158757728886773
0.271381957095021 0.0335159438649346
0.273228048885073 0.0115409720162191
0.272582949925987 0.0229135869618631
0.272518499265665 0.0210079297222091
0.272010051874673 0.0265043974486234
0.272244365963275 0.0235822161209518
0.272377641625937 0.024303720935614
0.271936359208863 0.0282048927331502
0.272009187434127 0.0304879198676697
0.272853842132679 0.022464419837274
0.272760310960462 0.01584641317167
0.273186441147139 0.0163041376579064
0.273155824330185 0.0117773530599467
0.273672462429147 0.0106942069320214
0.272883413653911 0.0234565304607902
0.272534989523184 0.0241778125128851
0.27295020842884 0.014399130450864
0.271561649203097 0.0333086287598188
0.273222322947103 0.00952336890715077
0.273684964469682 0.00991697473573782
0.272637063488717 0.0196610822056266
0.272906843647145 0.017269990604031
0.272301793760317 0.0245009683930563
0.270774996663884 0.0426979916723284
0.272525195857609 0.0238001322026428
0.272300340971407 0.0268366456629608
0.272934564407013 0.0178752924034862
0.272466122707844 0.0228028800582771
0.272541934477897 0.0200392285181371
0.273520225529892 0.0115217907681435
0.272053994663735 0.0272755798970793
0.27269063778561 0.0163131113793142
0.27187508079127 0.0311427814724932
0.272722529830995 0.0189197146012621
0.27186923710819 0.0252263163877524
0.271502126066283 0.02822286670815
0.272271921412628 0.0284811475013379
0.272933585492028 0.0197138258582354
0.272190688342069 0.0257337513192203
0.272618691905656 0.0175038112200872
0.271728368077191 0.0318299251274773
0.272317573120853 0.0262120793825878
0.272764234658393 0.0185944464142449
0.27150084034721 0.0312687914113785
0.272058990723904 0.0266410399502428
0.272140825932645 0.0282756849956252
0.273051749585541 0.0120693807448757
0.271132633035574 0.0382858230463363
0.272104561414744 0.0270513244734299
0.271795188625114 0.0311675071895193
0.272429440854426 0.0214449379924697
0.27278160420019 0.0155310234867819
0.2719886557495 0.0279580304927204
0.272021812177632 0.029190823043472
0.271781327803533 0.0358008705031216
0.271968013744476 0.0279192008954758
0.271874213241812 0.0299217170914445
0.271795717598606 0.0330320927343801
0.272694715814782 0.0205503029647268
0.27234149320544 0.0220211475910046
0.272941182285752 0.0195312799912454
0.273158720850529 0.0149014983118436
0.272340407271317 0.0223193455281284
0.272631572676684 0.0232821347432199
0.2719444355765 0.0265133361749204
0.273482595323981 0.0101571230553052
0.271727380221337 0.0325620474683861
0.271679556567331 0.0316284152195584
0.27329919583032 0.012197249070499
0.272860036099938 0.0159499098914875
0.272626198075178 0.0213041537923638
0.271070808578354 0.0403365763211255
0.270809962492252 0.0440258380188415
0.271470500131159 0.0368955310080144
0.271878274868536 0.029971962706864
0.271664963243816 0.0339607583886435
0.27242197223426 0.0210372998492848
0.274220705097728 0.00143705116039286
0.271168823184594 0.0376236164349333
0.273542829298058 0.00881955414242026
0.273046055125009 0.0150440031630275
0.272214545344599 0.0254268348205971
0.272571679577234 0.0206803007968266
0.272522071209916 0.0223166836471323
0.271927077296748 0.0302091908647605
0.27284511999298 0.0164578249565671
0.271258729718092 0.0355263039760946
0.272548480182745 0.0240330848801318
0.272514084915619 0.0233087334911299
0.27265915993289 0.019232296993963
0.271476267272692 0.0339623117803757
0.272833033732422 0.020108862663292
0.272660615506477 0.0217427954580658
0.274074293539008 0.00388383951974621
0.272029638870395 0.0321152799296285
0.272217860770737 0.0256631842308802
0.273574145555636 0.0134127227126927
0.27264006923192 0.0186863579282441
0.272226844703504 0.0301735829819011
0.271298145867999 0.0343916093900936
0.2731311923578 0.012289470182384
0.27135846810599 0.0330778455899383
0.273433269010127 0.00866828779590077
0.271478660456245 0.0347371351788141
0.271956688526451 0.0291645361185936
0.271896541454334 0.0297558950597529
0.271443976850464 0.02693473624744
0.27256767100602 0.0222940157446944
0.271961314870087 0.0266199498316831
0.272044694493989 0.0324463608787588
0.272794234500757 0.0175171925308403
0.272460724666421 0.0187983142650758
0.271368324529882 0.0369489665444956
0.270975096534961 0.0430509288486637
0.271974941406357 0.0280442604217674
0.273947597400307 0.00739751626198895
0.272240063850582 0.0226427923659601
0.272278700225941 0.0274019658444666
0.271753866366473 0.0304758683829219
0.271601238649024 0.0290870720234898
0.272291933711443 0.0233636485138686
0.272963060186444 0.0221770762392442
0.272780599861706 0.0214916879183028
0.273696410551207 0.00636172559209618
0.272303589065243 0.0252973150198857
0.271693458910864 0.0302022775615478
0.272459429501274 0.0222983139927707
0.272667705380907 0.0245098632530932
0.273602152132079 0.00539746389661783
0.271444994616099 0.0339307107142751
0.27136208488448 0.0343294677314974
0.270815805943588 0.0437275976637375
0.27174509173041 0.0318256962097061
0.272346420510502 0.0219975836032489
0.2727367118802 0.0176744850549833
0.271668335248734 0.0327607266856274
0.271868691163912 0.0289102099440999
0.272746260264484 0.0203644757537829
0.272351435869578 0.0227878305179476
0.272436209173122 0.0228966906655749
0.272762934538248 0.0199558271535559
0.271178379758285 0.0342254187689875
0.273394079888923 0.0120482896925907
0.271186299495644 0.0377524262620882
0.271816997889021 0.0274971301304443
0.272527755663388 0.0274807659292424
0.271957963466568 0.0276470894894967
0.272423152087544 0.0230043779464295
0.273137250567768 0.0153174594734749
0.271226445239303 0.040202678519484
0.272452184216553 0.0215523860524391
0.272445986959659 0.0213509219996453
0.273386884619322 0.0127602960103761
0.271164567637618 0.0412288036852424
0.272680215221118 0.0198991949042036
0.272359129829222 0.0258781761823019
0.271555084824201 0.0308475717171359
0.272158390808899 0.0272206033958648
0.272877072985713 0.0167945490730656
0.271994164149193 0.0306010842315261
0.272572869626855 0.0241074767163628
0.272368462802282 0.0182617828551
0.272428192827393 0.0237542306067074
0.271668097288633 0.0299632848777548
0.272749658520889 0.0188358902940578
0.273404804650072 0.0125185474259317
0.272024712535492 0.0291605513262695
0.27356091714821 0.00950237261769923
0.273111964226261 0.0192660019496905
0.271906480806074 0.0279361480433164
0.273447191906657 0.0106817681824486
0.271949911440998 0.0280041524715437
0.272656050656626 0.0208237484259814
0.271121374481861 0.0411196008030898
0.273117296266584 0.0158719656128025
0.273179475396405 0.0158313074368855
0.270365926020213 0.0448096858962413
0.272711379570475 0.0167660137787986
0.272407974859084 0.0254375798126271
0.271312588997253 0.0337512590987409
0.271589971974777 0.0338323964856628
0.272164478994719 0.0255211603430581
0.271500826997289 0.0347733752484693
0.272774522353719 0.0171553853834541
0.273096827312009 0.0152927156492669
0.272884689051554 0.0179939367273695
0.273089206308901 0.0138055074320182
0.271876283538719 0.0285721793043145
0.271038252686116 0.0378558962337276
0.273224041564379 0.0132258146978635
0.2723300395653 0.0223995063581444
0.271514931323374 0.035245425063911
0.269893230421352 0.0553125119872744
0.272253147392508 0.023770454155456
0.27269822963053 0.0203450454484887
0.271804349986457 0.0293848160032197
0.27220551358848 0.0275188745400793
0.271407326661797 0.0338712431015962
0.272807800294687 0.0149912901336641
0.271885011403402 0.0298384425397068
0.271547037183406 0.0355132482209217
0.272925978720732 0.0172240683717866
0.272829967691655 0.0204082277973184
0.272465099940361 0.0243475595848404
0.273353261581074 0.010557195365246
0.273095970848953 0.0172642487814871
0.271418843039468 0.0354271376167296
0.27259157805396 0.0208895991586847
0.272385300232629 0.0214413917538023
0.27398362900848 0.00718993259082778
0.271845300511576 0.025186008243683
0.272438047525733 0.0211509157908237
0.271197009948143 0.036850451729012
0.272012532185904 0.0287330259218221
0.271842772190561 0.0279728538639293
0.272563153403873 0.0204578209549874
0.271650349542243 0.0365526478164238
0.272789921567822 0.0184980718488114
0.27183678128387 0.0269952032939826
0.27180916355211 0.0303454238858115
0.272998444858338 0.0183880663281614
0.272115417998288 0.0260503278209205
0.271844575355007 0.0310076286842375
0.272163765123242 0.0241026159772473
0.272180029090059 0.0271997087397575
0.273047937946712 0.0160805411043432
0.273156181675297 0.0127022363204932
0.272105470250072 0.0274576535988709
0.272283405364358 0.0269672688517408
0.27243166647704 0.0263780471188534
0.272357472674341 0.0244342426178761
0.272720475847196 0.0196415812200973
0.272755118750173 0.0166091226777178
0.271200776408224 0.0385118972986647
0.272380949370815 0.0200332798910468
0.273070724211322 0.0131761661155995
0.271126274905979 0.0395110997916391
0.272548961773224 0.0230715357080523
0.271688467220589 0.0321805571601969
0.274018715880229 0.00561742112145614
0.272650569710344 0.0172719770223674
0.271946341647816 0.029897831922142
0.27197633563854 0.0278960261405007
0.272421363817815 0.021898799165372
0.272653347297841 0.0169804098635273
0.272995615457571 0.0185261586887693
0.271836980663998 0.0321455689825871
0.27163971297465 0.0314259807802965
0.273717141981403 0.00660208594072475
0.272270058618111 0.0259958655245958
0.271067768239375 0.0395023645473367
0.271559534437299 0.0348820430944631
0.273116537058744 0.0162396857963561
0.271072608969761 0.0393094055000435
0.272521814533415 0.0231606096524578
0.272597566143061 0.0175816917040228
0.272004693285125 0.0238564484754065
0.272903521029375 0.0182919524855236
0.272968686628564 0.0199192051184094
0.27188292015272 0.0316562015823388
0.270437273069454 0.0484819237994627
0.272255242870094 0.0273372602391862
0.272502620688507 0.0187586113975954
0.272836179007675 0.0198087872629275
0.2718548451721 0.0310969457849923
0.272880738492657 0.018893030959521
0.272465478754755 0.0218376890608947
0.272254551945537 0.0276801250246058
0.272433911916132 0.0234711957548819
0.273297151103947 0.0141403542212091
0.273154958886105 0.0132586929898968
0.272188424617456 0.0236091389236404
0.271473025885429 0.0355827635119751
0.272588304534384 0.0228921462832818
0.27373644126905 0.00595957627205129
0.272902573375211 0.0188341624225423
0.271943095868695 0.0312442007802759
0.273216907206227 0.010276022478407
0.272166697374336 0.0250543607533055
0.272854390945293 0.0177696747003037
0.272636094949754 0.0217459155665982
0.271668692728401 0.0343613714346359
0.272418225915188 0.026375657986743
0.2718676714943 0.0287746676738252
0.273011826944897 0.0173700214032434
0.27315054394635 0.0176325817383085
0.272928531722362 0.0160976567932104
0.272611326959586 0.0190667048877518
0.271220797121212 0.0366273099597611
0.27219598104849 0.0277026060608946
0.272542135257132 0.0240560687913645
0.271759907966228 0.0290123525569176
0.272068127413033 0.0235448053340116
0.27191859953069 0.0271884491331685
0.273198880025098 0.0144312889367484
0.272889322441133 0.0201691293121555
0.272490382455694 0.0197687911851813
0.271946888918764 0.0248170706250097
0.272354373056172 0.0197084970045188
0.272717968999667 0.019412748586985
0.272226927560635 0.0269918842490936
0.272093250929709 0.0281050039640191
0.273171141773111 0.0162209172172539
0.272167256565016 0.0280336676226657
0.272843702033588 0.0208843695111649
0.27374722121784 0.00640150042645096
0.271997378855376 0.0282705641975198
0.272516872117985 0.024856198264503
0.273553060079416 0.00842614124047845
0.271714367838785 0.036416653371426
0.272590311210032 0.0236840725746864
0.271541407678688 0.0345569732111596
0.272588546226042 0.0228956278918841
0.273770994858731 0.00607721293707653
0.272061389799239 0.0236273609635076
0.272486123883941 0.0235061238207936
0.271100033163588 0.0387309230668901
0.271790226831759 0.0370902149763824
0.272563911580662 0.0228415928842824
0.272242084360065 0.0254911805743535
0.271928302510164 0.027399376799725
0.272349233853156 0.0229823274806067
0.271946425708081 0.0279452587735452
0.272988514230077 0.0172131132229873
0.272275650210876 0.0273809987906906
0.271977482432606 0.0286888394075433
0.271889221185955 0.0284957075193929
0.270808628685021 0.0442649945937745
0.27269953542644 0.0208503133584799
0.272378850837673 0.0225216238945517
0.272272136632475 0.0281125818741639
0.272841221868044 0.0144612361689597
0.271736721473394 0.031899115269001
0.271753564773927 0.0291196450082855
0.271505142805723 0.0352912158673244
0.271340096170852 0.0367916138365999
0.271687402068666 0.0301890041467329
0.271398949605174 0.0366918916479008
0.271350675181784 0.0314427020096603
0.272148061923856 0.0279391613378999
0.272339493641384 0.024744090532546
0.270590162787223 0.0442397938682374
0.272759322650253 0.0203758206005906
0.27270931445198 0.023610791356358
0.272940832718096 0.0163586480863113
0.271800485385835 0.03056396334769
0.273089121787785 0.0127326428486175
0.271205874785135 0.0376300347114678
0.27168591317558 0.0303488762631531
0.273505019998366 0.0139019227958972
0.273784947792289 0.00797277512432315
0.272599276291769 0.020187872587603
0.273008912902379 0.0189804669692612
0.272716297771449 0.0184871194188239
0.271746370510184 0.0330103849135824
0.272167985748658 0.0287655827152643
0.272852280740634 0.0173521358555333
0.27206509716865 0.0256281263901434
0.271908438714653 0.0321399680670452
0.272232060089928 0.0255768755732026
0.273805285664641 0.00902434660356126
0.272293469525076 0.0258504839195231
0.272252775634264 0.0245969160950785
0.272231018180063 0.0258851153206074
0.272741734140142 0.0196305788358514
0.272759679604515 0.0187334544921631
0.271007458249453 0.0437410638188651
0.272166134060434 0.0243258618851953
0.272498269636561 0.0235074618120924
0.271738631093105 0.0344567239151722
0.271733307843928 0.0317203374007847
0.271804540188843 0.0301836947092055
0.271738356951561 0.0315210408404754
0.272477112823306 0.0161892112472542
0.272260318299988 0.0290102950754507
0.272237642002914 0.027275553777962
0.272818510342085 0.0189212118829473
0.270594615627787 0.0438043456933278
0.273409228039272 0.0139377323875338
0.27186857048724 0.0284334544809272
0.272672696891782 0.0193697817079668
0.273452023297015 0.00769248659510321
0.272744648055701 0.0200823443802092
0.272669908468533 0.0200984405001419
0.272474829708382 0.0228781310784288
0.272628252420044 0.0202937881811722
0.271772871167218 0.0300528169722279
0.272583018807633 0.018414444680959
0.272632819933763 0.0192975512486921
0.272896299770174 0.0173349766431726
0.271996185192695 0.0276312022897394
0.270612059486817 0.0396280224447705
0.272676947001891 0.0225039908448488
0.272591912165836 0.0178611819202228
0.27200160195494 0.023303731584014
0.271113986756754 0.0391424694330557
0.272563735060359 0.0232969226085575
0.271338945271304 0.0362190578422231
0.273763473352955 0.00893272089204097
0.273684860091304 0.00863181218798166
0.273910403022511 0.00479473463312038
0.272848453821933 0.0181823991542815
0.271107423707016 0.0401231563736519
0.272004405284226 0.0305023119879997
0.272312198435176 0.0249610040816238
0.273952305559906 0.0061963339702621
0.271988279613578 0.0266714276308329
0.271511516628914 0.0328523016307377
0.271795426590516 0.026783112833245
0.272447334636367 0.025023103043697
0.272705518630799 0.0190359209578252
0.271703345949904 0.0298858409160619
0.272533358780581 0.0211642946996658
0.272044968171512 0.0277950428185425
0.272376192362709 0.0229665709909168
0.27292827223191 0.0182086322459409
0.27171629388844 0.0312518204793173
0.273386209814829 0.00963305936739979
0.272047405121517 0.026295026034154
0.273491552285656 0.00964750497807096
0.272265820999543 0.0263042723142515
0.270760405221541 0.0363910871868544
0.273418473348812 0.0109099792846778
0.271857505239056 0.0292278330335172
0.271994344506271 0.0258722650693361
0.273686399316203 0.0061472820952947
0.272891029178654 0.0171594856304596
0.272727163410228 0.0165200379050165
0.272319881425058 0.026198164836088
0.272742612019019 0.0205018369456255
0.271892073725456 0.0295822971275266
0.273340971002858 0.0126390423644444
0.271915568221661 0.0275208522353463
0.271608852391403 0.0305301661902724
0.271844941509395 0.0302791078246273
0.27282761919527 0.0198283198104751
0.272733927326066 0.0207440122155924
0.272003857886308 0.0297459485113401
0.272440211426245 0.0231068584393299
0.273801933926264 0.00982839848360792
0.272100264127613 0.0275285240063997
0.2725588291697 0.0220866811082264
0.271675411629366 0.028851539885072
0.271680781945973 0.0327536210183306
0.272819355629466 0.023155076579505
0.270696148629935 0.0431863283764661
0.272499390382226 0.0210811953204049
0.273054002645362 0.0178807521111115
0.272524357358327 0.0200801732267208
0.273464621184062 0.0110025536297589
0.271984124911797 0.0257116914780402
0.270506772316167 0.0503581501112291
0.271846547339082 0.0312337905270326
0.273531696046391 0.0104943693624627
0.272197879854016 0.0271590183295183
0.272027510059551 0.0253801650479004
0.272538703902222 0.0223628671987048
0.271488707913147 0.0318558844501585
0.271677848826536 0.028064748188165
0.271614996716445 0.0292287785300814
0.272529289235344 0.025043336211211
0.270854443721803 0.0459336461001805
0.272139511851587 0.0281222395290653
0.27246249670305 0.0182100745824627
0.272591277293136 0.0184720433953528
0.271455221757073 0.0317809074207487
0.271051830373035 0.0380969606326711
0.271704098403558 0.0329127404506434
0.271855802014404 0.0318856339660114
0.273310370913698 0.0100129161452072
0.272415613617739 0.0228806383645717
0.272952452366499 0.0226442334912285
0.272886318491867 0.0139662501508176
0.271460178829439 0.0340695532507333
0.272413499296279 0.0238759245033738
0.272856270695684 0.0188938021886029
0.271838372414325 0.0290878303941673
0.272680262910302 0.0159632132226568
0.271402925667561 0.0349980358579716
0.271607161488378 0.0344351266850424
0.272931544020031 0.0158797501223343
0.272619335133074 0.0191090216890321
0.27333742663724 0.011594960347382
0.272290957254791 0.026865415937259
0.272029209850418 0.0302392858987602
0.270821206078164 0.041919176931107
0.272892007859117 0.0219827701244514
0.272567768878297 0.0241725519805749
0.271403551602272 0.0327368187150138
0.271424576611306 0.0375635668756305
0.272650155506231 0.0232027155129983
0.271439761613125 0.0309743295793147
0.272404882069802 0.0211339603944278
0.272890645046952 0.0144405254752818
0.271830089474496 0.0291636868117441
0.27393259065363 0.00136172417209992
0.271787653165437 0.0266612763363189
0.273385699794803 0.0129218677149559
0.271701018186425 0.0332460580322963
0.271643378925957 0.0328108277594897
0.27187953133249 0.0285408903945797
0.271662905714965 0.0322115250228129
0.27202231731943 0.0257989000453549
0.271690711835154 0.0325647053531916
0.27270015593005 0.0216938867348509
0.270864126056887 0.0455821488839544
0.273393444554519 0.0105849217762543
0.272631248218566 0.0224833322286724
0.272532906767183 0.0190594347775652
0.271376768775502 0.033137086764924
0.270709708601615 0.0418767885818055
0.272894623057928 0.0146475366239611
0.272187449213557 0.027582461892742
0.273017737777731 0.0143112935955369
0.27278774343623 0.0222859427005813
0.272793105183602 0.019503113041735
0.273296889845362 0.0124509262312707
0.273115533247962 0.0145958746642348
0.272946762379316 0.0204106304850888
0.272344861239948 0.0286277639102344
0.272650300460655 0.0225391226948548
0.272838589887888 0.0178979546080928
0.27204853380816 0.0280184027964013
0.272535245983409 0.020146547875262
0.272206315366738 0.0283005006147874
0.271482888764942 0.030176403440174
0.272441508432606 0.0207742341141425
0.271892884561968 0.028657885449314
0.272552709677712 0.0180779335405016
0.272527985110473 0.0231849751287584
0.272150508926906 0.0252093301386444
0.272876499456178 0.0162109789118793
0.272615986365514 0.0213680883174938
0.272006532818447 0.0266556640969618
0.273045552287436 0.0130423968035149
0.271648313203644 0.031595091337861
0.273355882649798 0.0109121948139944
0.271309743116204 0.038641482269898
0.272988000247714 0.0150149023985798
0.272556430571678 0.0217367305134589
0.272959623209144 0.0182509102199271
0.271098595229312 0.0395588581725276
0.272380473135976 0.0199960372839062
0.272593736502093 0.0267018563634233
0.27306790961461 0.0158845855963212
0.271986942806919 0.0257247661594179
0.271332642069941 0.0364617210586906
0.273501322921795 0.010058444064024
0.271924403176591 0.0295903480763149
0.271494687059278 0.0345957870001167
0.273366106911309 0.0101798689876512
0.2720385514213 0.0291471503044751
0.272660450159028 0.022894201407682
0.271544845521262 0.0349179022559416
0.272345403627672 0.0286781744430753
0.271055314565069 0.0433255921555574
0.272968765186223 0.0180504349431432
0.272822326438161 0.0189799982817812
0.271804427754611 0.0301321277742309
0.272441231942968 0.023707587628767
0.271765473615263 0.0246235196746549
0.272432759804097 0.0249335736110802
0.273628664601388 0.0104821939161148
0.272267610453671 0.0250855853574506
0.272204726805946 0.0269134836778672
0.271015637156089 0.0410650168960929
0.27277572453811 0.0192061092116192
0.272064403273702 0.0273006457375389
0.272213946342383 0.0251045540546617
0.27226136627725 0.024599209027207
0.271780521377924 0.0306287675721193
0.272924182725008 0.0185611206002621
0.27248798958011 0.0231507377203156
0.272620791577274 0.0177885507379575
0.271375756011043 0.0353767131283534
0.271900776936125 0.0293744147933715
0.271998940547199 0.0287622783436085
0.273401311200301 0.0116938413627802
0.272884708390276 0.0223215130724657
0.271876949076868 0.0314691317558492
0.27340361287355 0.0114449953945624
0.272309043869756 0.0231902185338408
0.271834359728828 0.0335739301087844
0.272814842549394 0.0200593750460211
0.271507356053905 0.0323964759686163
0.271713580474045 0.030913720601559
0.271324964319598 0.0335008367620794
0.272495887124527 0.02415256984236
0.273044938751636 0.0152546950411085
0.273090451024393 0.0154576932946286
0.272205938949399 0.0262926723014459
0.271631229884193 0.0294670816609269
0.272263157338125 0.0228784254290256
0.272099876833754 0.0265648671132842
0.273383710517596 0.0130369200912295
0.271126250660713 0.0434875896282728
0.272581437497668 0.0221468114571552
0.272187474277439 0.0253685584310544
0.273162041775416 0.0113461123069672
0.272120973935476 0.0264175397621089
0.272249791182582 0.0242551676020675
0.271920580602397 0.0303232666013361
0.271192895571597 0.0366690335880946
0.27241389000696 0.024480368425324
0.273558205322358 0.00896127773998799
0.273080559047866 0.0117182475572095
0.272298176375533 0.0230208464604072
0.271980512999055 0.0286678264104796
0.271906921190314 0.0305336591143015
0.271809066853242 0.0307245736077231
0.271515315363855 0.0361921653339428
0.272685228535297 0.018704179722402
0.272946471923829 0.0145849113046193
0.272485246929391 0.0216187550724137
0.27306997835866 0.0166635433893041
0.273758273619043 0.00725802156531186
0.271792893682924 0.0294778063999098
0.272576213130274 0.0179508527877471
0.271626044890694 0.0307967002216937
0.273202979964024 0.017465734400653
0.272676071989168 0.0190022786993262
0.27234218935649 0.0243317122277049
0.272290410475177 0.0234265147186463
0.273573093274053 0.0109076046682215
0.27094243956241 0.04107789259019
0.27385099737449 0.00646725696837116
0.271880286061734 0.02894391462527
0.273494992622657 0.00870455480738644
0.273014971828776 0.0148378811993029
0.270824650031401 0.0408197904502607
0.272072769703317 0.0298489582428895
0.272697558323624 0.0170428555913414
0.272257906166192 0.0237497662909717
0.271864116064985 0.0301808556307323
0.273496534455056 0.0115523817515547
0.272658304167994 0.0196317319207689
0.272613980986984 0.0194554490479391
0.273284849934482 0.0137328565979226
0.273035252275664 0.0144053522936075
0.271735153575828 0.0293803857561691
0.272327461258876 0.0213827545070385
0.271852865661316 0.02770520503272
0.272677736064175 0.0193576993192763
0.271384331978766 0.0340107682034882
0.272286943394664 0.0220964068074257
0.270837616684224 0.0451048258945321
0.27309611986544 0.0137071760598338
0.272297422851431 0.0245873659001788
0.272192192378838 0.0265113171446095
0.271792015465196 0.0327490747916079
0.271785234270551 0.0286183186540838
0.270851000668013 0.0415545839215418
0.271199544009655 0.0407938688277693
0.271854156679397 0.0306529897373505
0.271181227560482 0.0370153440898971
0.271758142186428 0.028607720683698
0.272851285207151 0.0180353826201124
0.273209919298394 0.0161720249636073
0.272595738873784 0.0163714923728009
0.271530241311283 0.0315509156154647
0.272661510322814 0.0193435691949864
0.272147766000874 0.0231626821687948
0.271804555972732 0.0271753254582107
0.272086729797738 0.02926304950724
0.272479497854987 0.0233181229460734
0.271476690242585 0.0313154993421158
0.272559957872496 0.0216610223969787
0.272677782139032 0.0223107130283523
0.272332383477336 0.0238223064567163
0.272899168988463 0.0158598737663899
0.273362427890147 0.00986155432517756
0.272796668456524 0.0204280745716174
0.271972412702497 0.0272255610199656
0.271809526392797 0.0283282580473163
0.273870779982405 0.00866865428912752
0.27265480633678 0.0190768911327926
0.273662662293871 0.0107110435823998
0.271678680051376 0.0364273492933844
0.273220532598213 0.0157153781313546
0.272178456390711 0.023827402805569
0.271496596854129 0.0343493921559111
0.273345583550141 0.00967264394443275
0.272792932365858 0.0162439399621187
0.273848786874775 0.00644575168618805
0.272821700848078 0.0164366933484537
0.272581107684627 0.0230441899643965
0.272284443057518 0.0207266205396245
0.271799266527041 0.0254495081666942
0.273042268240464 0.0170209770633227
0.271784890287319 0.0338927045989797
0.271694377352362 0.0318276665841513
0.273323365728938 0.0150815779540184
0.272963417182287 0.0191719900696333
0.271634393452862 0.0305918144747288
0.273384232521505 0.0102047968816066
0.272428163685335 0.0207206046272868
0.273026389629429 0.015606772799784
0.273309350546619 0.00692297651818603
0.27228130341819 0.0215315850466321
0.272630392480644 0.0229343497498011
0.271608055661629 0.0308616135459982
0.27135218719823 0.0336400228013547
0.273285903919568 0.0149385542072427
0.27193872792914 0.0319720516413371
0.272279560590504 0.0260778660869971
0.27100995209118 0.0408385591994416
0.271549427018381 0.0340998514023087
0.272991091840144 0.0193233575921805
0.272655778115136 0.0190428779105862
0.273038466660585 0.0152072422308488
0.272848889913543 0.0187736814025283
0.273197906570466 0.0163836290242407
0.272688256133059 0.0216023695668919
0.272385858365523 0.0183150838871936
0.271316304799725 0.0387349315807637
0.272017584822441 0.0303436360907723
0.271902629973891 0.0261320540585959
0.27239014189547 0.0220167695496291
0.272949590943159 0.0167667137193763
0.272125065166503 0.0258750576217496
0.27313693516468 0.012068737455968
0.272777741161105 0.01896979258592
0.271830561513977 0.0308462075763216
0.272951771747762 0.0160915275030976
0.271278258964754 0.0356367204124165
0.271853442557476 0.0280816258854265
0.271212208471488 0.033255367097115
0.272715650906442 0.0202489711891211
0.272835821566208 0.0179856494740322
0.27155036910525 0.0355499374190701
0.272008772999096 0.0300177142505261
0.272984179142758 0.0155625298089545
0.271381844572398 0.037264218288336
0.273086377242396 0.0123575985171977
0.272003537759803 0.0273050243428637
0.272087074920745 0.028706736335073
0.272461783738086 0.0236753929632398
0.271979482705868 0.029165070836152
0.271736683888418 0.0322335217572927
0.270822983274694 0.0404178758031163
0.272322729306295 0.0266259955984126
0.27120006490931 0.035532258832087
0.272545024753022 0.0240358449941229
0.272511920527897 0.0221153205309034
0.271746285382101 0.0298590793884893
0.270449899163399 0.0459941121130805
0.272304579323699 0.0207361045594438
0.271895425838791 0.0270925103984585
0.272954644386305 0.0167788903948002
0.27218029867895 0.0244597679541812
0.27201256080952 0.0276523784353042
0.272750022211436 0.0175975939124908
0.271630804026606 0.0329386100603218
0.272052998852757 0.025476937652726
0.272166022918059 0.028907299027411
0.273155604418453 0.0159677130961336
0.271242045132486 0.0416184090505151
0.271738209505199 0.0310132752605843
0.272569587598676 0.0214570241811684
0.27211495960133 0.0305524948115209
0.273734281563477 0.0134814407322028
0.271987438604436 0.0257391363087533
0.271977243648965 0.0241998051480439
0.272240399198985 0.0296211622463359
0.273163813423656 0.0163027970254521
0.270572531854723 0.0429981898222734
0.271878159088709 0.0269302195697323
0.273541404917983 0.00887036594972503
0.271551075101522 0.0340934102365623
0.270943590562556 0.0391789455906347
0.270850929515625 0.0452853112089971
0.272673080561166 0.0200047796661486
0.273779379212943 0.00679042743183726
0.272687112238677 0.016001216901757
0.27357082357593 0.00825135104198261
0.272896514641701 0.0198159877581481
0.271914332781224 0.0285835221474819
0.273212751522767 0.0127328360061849
0.271918455924197 0.0295976348701454
0.272111362876035 0.0273605808728884
0.273340054151582 0.0124279565380982
0.271832229909116 0.0318092612904539
0.272559538693726 0.0208866430094521
0.272203873501479 0.0237340866019785
0.273857366688113 0.00915132637959141
0.271231628821615 0.0382822276182255
0.272013262817647 0.024459598158499
0.273220325786198 0.0161931013324496
0.271932229286469 0.030342215770465
0.272342028974067 0.0243907918161516
0.272349297108188 0.0245940492610742
0.272509115777642 0.0217082622205501
0.273619891789551 0.00990703073978487
0.270842347583253 0.0430146740005846
0.273371674155101 0.00890995889594305
0.274432067700364 0.000250072857635234
0.272686437880418 0.0207610706830768
0.273571505541239 0.0121367556967267
0.270914199760986 0.0410788311637219
0.271125183946491 0.0363827114977649
0.271160053148408 0.0349369851727153
0.271639212855196 0.0297574043286855
0.271039471054914 0.0382126395953807
0.272734186371283 0.0180236589766249
0.272177271494937 0.0257016320556971
0.271766643748351 0.0283053325808269
0.272922317078613 0.0161147669035297
0.27198576554283 0.0283769970263824
0.27302548102042 0.0184620622142901
0.271925501634195 0.0278211387380683
0.273045887685291 0.0175174022493928
0.272416625630768 0.0279005262864559
0.27099173059883 0.0420354546679789
0.273145369511433 0.0125617071166951
0.272133218188712 0.0279326555166978
0.270978372781931 0.0414175614308991
0.271666340570062 0.0322949848447931
0.271465618235091 0.0368655177796913
0.272397453305936 0.0261948715666704
0.273158048500005 0.014397292950249
0.272817319946902 0.0186218679299612
0.273298629647665 0.012940099580694
0.272762576079867 0.0199168613461689
0.273699134089562 0.00574602883960635
0.272773953585744 0.0197257017927772
0.272967222435527 0.013484572126198
0.272423546710701 0.0211776705363732
0.272412147113311 0.0234892807467536
0.271980651575591 0.0310770169136382
0.271726907232491 0.0288680052672323
0.272612209833915 0.0212652487295894
0.272457411285142 0.0252275139772053
0.274416503173798 -0.0045914569079212
0.273219542059893 0.0155897905992059
0.272733154683669 0.0167344438561376
0.272984626929167 0.0183128511864094
0.271297552810258 0.0354884057770532
0.272577397720397 0.021331172388432
0.271341867036885 0.0358020437227164
0.271516289609327 0.0316639704609648
0.273007387654089 0.0171671931023998
0.273634769370363 0.00787262006843137
0.271980644017523 0.0289666490265964
0.273049706797375 0.0171201164523767
0.273476556364242 0.0100643877434761
0.270581104366254 0.0455282129789858
0.271805388278181 0.0295807476582261
0.27236075225571 0.0230881357943179
0.272991758100509 0.0187801762061805
0.272578460183225 0.0231922080861096
0.272234257964039 0.0292696168315405
0.272616694528016 0.0231672607303663
0.272578318237821 0.0206016157325143
0.272844915837839 0.0218158988166869
0.273749412171657 0.0100662798258813
0.272214550353705 0.0230986072355896
0.272381205224707 0.0214260578823383
0.271488228382105 0.0328462641140125
0.273136393940235 0.0149872390689957
0.272502983554 0.0182753223001608
0.272480842206693 0.0238165187210339
0.271940383665335 0.0297603358583165
0.271945297582989 0.0273189979789413
0.273152598155981 0.0154447628471083
0.27249844538086 0.0219942182137519
0.273824176064193 0.00338710792576144
0.272896322040281 0.0195129596008956
0.274266195696503 -0.00056805453250474
0.272678677787045 0.0205453306381948
0.272105650025906 0.0266330577945448
0.27291306358117 0.0146503761255289
0.272974555457532 0.0169486621649312
0.27190483839068 0.025488951815745
0.271948675842857 0.0298940580806999
0.273057638350472 0.0126023442533648
0.273344020256694 0.0106671665307781
0.272254924023301 0.028763222130276
0.272270426416168 0.0269922822153356
0.272555158809638 0.0224912702132152
0.272315264494233 0.0230581501643244
0.271362792574656 0.0361533680032244
0.271902948871484 0.027767221230916
0.272031456172155 0.0255528956053246
0.272823571307005 0.0181072889926979
0.272112663209236 0.0256952835897909
0.271532389816056 0.0318017849063859
0.272351850788824 0.0247894173579218
0.272689320148508 0.0177010656503787
0.271991942244241 0.0320132135129521
0.272286038368111 0.0268381310138329
0.272775699591671 0.0219684095101926
0.272035773949856 0.0270501848332457
0.271650043060059 0.0338115255113167
0.272420231493625 0.0184705328123596
0.27091531192433 0.0422019101075127
0.272539994763206 0.0231372788450198
0.271840306737513 0.0313592656503288
0.272169487438431 0.0278426890517675
0.272759689179907 0.0237298325334734
0.272332014225646 0.0236755463011028
0.272193322902755 0.0294744864275337
0.273838140437847 0.00895690841318477
0.274283771660865 0.00166789460514911
0.272208100190643 0.0254540099519976
0.272218392251276 0.0283122643259539
0.272635207702525 0.0215057998111222
0.271389946880656 0.0374699462066713
0.271978287199806 0.0299301724476378
0.271090982566638 0.0393818450811367
0.270016819421924 0.0517586966153488
0.272974386080683 0.0134145407819333
0.272639816948162 0.0184024543033215
0.27245326183619 0.0200182770185523
0.271937369499916 0.0289413195455247
0.272929811857361 0.0155780305940387
0.271940312221846 0.026622880536423
0.271698411499807 0.032057369001717
0.272391483195312 0.0233528758805971
0.272250721962132 0.0246552558885882
0.271967174253313 0.0298966281192129
0.272492306537515 0.0191492857354727
0.271623142906903 0.0316373804484463
0.27116769969172 0.0369499336223053
0.271860831409084 0.0296424244274146
0.271909606951564 0.0293382630814913
0.273126854575137 0.0162202221932931
0.272666628232414 0.0202439488619373
0.271942423610858 0.0286292762747615
0.272195782725811 0.0277623803657753
0.272244866364886 0.026181259440233
0.272121129154141 0.0284051452746163
0.272937285434548 0.0201938692295338
0.272686353771552 0.0240418147467542
0.273105924408638 0.0156252358636033
0.272325156699409 0.0289568762563136
0.27197442049593 0.0267909423376701
0.272325128816218 0.0211659895701529
0.272202131945257 0.025592406449393
0.271711797397165 0.0333670005919298
0.271574979659019 0.0367123409677504
0.2726943962972 0.0206606081925678
0.271533063094574 0.0304319595790963
0.27360263481317 0.00530521594075374
0.272531654652193 0.0238409689135769
0.272709644740629 0.0201950504635258
0.272902177042683 0.0176052814784606
0.272316371527193 0.023915999534136
0.272962412674643 0.0171408982767525
0.272366317973985 0.0267307391357762
0.270724776900665 0.0430894376979125
0.271288922035626 0.0361538767144295
0.272022492876508 0.0265014756913975
0.273064358263178 0.0116855818997763
0.272002510559041 0.0301208810271103
0.271713213328912 0.0309044388314806
0.273309456011147 0.0139994150609968
0.273165321594194 0.0146714264329917
0.272048168324917 0.0263915820377127
0.272865830101274 0.0190428856024386
0.271995615953612 0.0291713247454491
0.272408946103053 0.0176741907891217
0.272313002466533 0.0291156456886123
0.272411919088645 0.0240928542847566
0.272152312911889 0.0262191527102665
0.272259916718068 0.0255807690286314
0.270714659012734 0.0415460238348603
0.273068664580779 0.0160075403862283
0.273268577732803 0.0130847309577027
0.273772707589413 0.0110447243482094
0.271860310708179 0.0288918935638006
0.272955636951532 0.0197532766524776
0.271487656122671 0.0391528069649186
0.270964264918089 0.042819189164502
0.271279671795174 0.0342772773321279
0.270933251255452 0.0403199734134517
0.272273148339682 0.0289632772993069
0.27217744761997 0.0244145096690861
0.272405641474604 0.0222532470585103
0.27178734811259 0.0331574498403512
0.273437224293308 0.00689810520060837
0.273093091403454 0.0117739844368492
0.271957744604443 0.0300155219360237
0.273550091108443 0.00876074768375542
0.272118093064734 0.0284663164560431
0.271876276188525 0.0315203686910591
0.273367382236081 0.0141638621293934
0.271648698662759 0.0293088395604993
0.27238406692138 0.0257768161986546
0.2726506295423 0.0196814260882084
0.272906201984563 0.0160152455486605
0.272618970657769 0.0191040156092717
0.272304709982662 0.0243355813471136
0.272054825906168 0.0272538281593885
0.273330079442307 0.00754182889527125
0.273840780203068 0.00828877370980452
0.270805868337627 0.0381433052808872
0.27230141305824 0.0286054971453038
0.272153264766239 0.0274923297112208
0.272571452317396 0.0204101606128251
0.272314584299411 0.0187113620711663
0.27190658318835 0.0284648978243745
0.272275519914183 0.0282062517684828
0.271719499411497 0.0299681084095725
0.271218490090366 0.0384457209544517
0.273234616509872 0.0125733311295817
0.271713142566873 0.0301842461857024
0.271772398377455 0.032679978742443
0.271877384160705 0.0331286722266992
0.272870009748378 0.0229490501471861
0.272921025918998 0.0149498707585863
0.273123770994484 0.0123577469701615
0.271671501468989 0.0359471993205408
0.272874497360673 0.0185609654545616
0.27228215262358 0.0275459856489933
0.272328461778977 0.0234756640170953
0.272364824322803 0.0261460130520491
0.272830111177183 0.0189925580462591
0.271409026094662 0.0364964845066265
0.272294477252375 0.0262900411665404
0.27332064877482 0.0136639372766941
0.273431753010041 0.0140007551368188
0.272555383261334 0.0270446763597108
0.273486120453824 0.00948890116596839
0.271122916109281 0.0365111843927398
0.27372520019468 0.0105667622838402
0.273592926606762 0.00903214417077914
0.272913691537903 0.0154199206259001
0.273197608479581 0.0109615331961421
0.271919066241957 0.0308558000783134
0.271997517744759 0.0264185627582081
0.273171848889742 0.0160635709470705
0.272020261521086 0.0296485580134802
0.272181518822628 0.0299197925595918
0.273539697291195 0.0115023158450307
0.270937210388354 0.0415871780278023
0.273403864619093 0.0120861499258258
0.272239627439976 0.0229900887565991
0.272208263064526 0.024445193807894
0.27234545658508 0.0225551719184242
0.272655336729915 0.0206572335732881
0.273225611453195 0.017086961613442
0.272828943390406 0.0172410011125126
0.272261453408773 0.0230696780065875
0.272540461720291 0.0274756004461294
0.271906801029761 0.0296334198692213
0.272900872811264 0.0147001082606302
0.272436933060913 0.0219240531486661
0.272077146076323 0.0261559705994314
0.272123345548037 0.0273708893072969
0.270692303934182 0.0421310847860058
0.271339269846848 0.0387808459180811
0.272593315303079 0.0205042572570486
0.272396840332308 0.0253210868153109
0.271864102880278 0.0272424137329024
0.273145512116189 0.0122965512918224
0.273402037196144 0.0124925475602698
0.272296491073794 0.0259973220431516
0.272587331312049 0.0236552846109944
0.271829792786072 0.0300967963043615
0.271974965464983 0.0267657144114707
0.272839753754122 0.0158187389287393
0.272316953543278 0.0233967879061422
0.272255162487314 0.0252788721112179
0.272764917305759 0.0160249417943238
0.272433198381794 0.0219366129916858
0.272061785907037 0.025323155011426
0.272115172438624 0.0270426393612676
0.272326319079796 0.0225938298782499
0.272908325026294 0.0190608766572712
0.271577481932206 0.0308244564022685
0.272598414517935 0.0234009067857364
0.27244484460591 0.0238282118156195
0.271523960714465 0.0346650590863579
0.271418167296141 0.0371966199584153
0.271276664038335 0.0366915038400287
0.273432228203788 0.0118998017055294
0.270521215815201 0.0472513511402211
0.27344879172378 0.0084863095836406
0.27208135435153 0.0313168928375993
0.273086801833465 0.0168226841744054
0.272150710124144 0.0249568613463246
0.272742348506911 0.023334622537804
0.272277507813739 0.0258306168929169
0.271285614269935 0.0330688264506085
0.272621811733713 0.0209618315154858
0.271628534808166 0.0312128284739785
0.271997449340558 0.0314407234080016
0.273505871206798 0.010804136327271
0.271015381974024 0.0375838011104857
0.272566531619414 0.0201371174860753
0.272918098489306 0.0145393282643149
0.271652628137271 0.0296836831096224
0.271614227137811 0.0329290502241879
0.270891095105815 0.0419847162002498
0.270748406359774 0.0431356616075723
0.273273996944425 0.0148260001773271
0.271028853857228 0.0410511195483755
0.272611066505098 0.0208981667588396
0.273179703621785 0.013329831335458
0.272469859475724 0.0209403843662951
0.272665900904812 0.0199274960687537
0.271946719774118 0.0252416912530555
0.271944021125274 0.0278981932635824
0.271674276243609 0.0299797677416211
0.271767603837926 0.0281801864120324
0.272435853670051 0.0227999405096029
0.271946425159422 0.0288546569217827
0.27252752169432 0.0231405746984575
0.271261693777142 0.0376775848394978
0.27353583468857 0.00811944042398294
0.272804172311915 0.0135381983544394
0.271696580566717 0.0322722355783552
0.273993081967312 0.00449947375531361
0.271025694865644 0.0390932898350973
0.273566021477243 0.00794476327615242
0.273411219404431 0.0121246047580223
0.273517759373973 0.00868272339761709
0.271563127991181 0.0318090909806459
0.271614497655052 0.0326106722199445
0.271788947512239 0.028733811756882
0.273008828112126 0.0172020659300946
0.272560743074152 0.023222404418762
0.273291391006539 0.0137209491906274
0.272268455847124 0.0252490008101408
0.272192157482327 0.0298483859607218
0.271845083672137 0.0315619979695458
0.271306820535533 0.034228709138708
0.273665709439388 0.011252131082252
0.271792191466964 0.0276755864305956
0.273331069008679 0.018580054600317
0.27256922926817 0.0227792504097134
0.272231390008468 0.0283294425949571
0.27228856500649 0.0235872913308766
0.272397635736082 0.0217279513100535
0.271595018387388 0.0332110974011899
0.272208171640943 0.0286331542152337
0.272183123398939 0.026349064404307
0.272394288230684 0.0245269877524759
0.272707830625052 0.0214292504964769
0.271457729263854 0.0321395170716561
0.273096645876223 0.0172262633146955
0.272194953957501 0.0271340115421156
0.272047290815933 0.0273769842310189
