0.400214095750299 2.59754262162578
0.396159541104075 2.71527722576451
0.394010008730857 2.79143035562061
0.395154831385358 2.75382858105157
0.395346852720517 2.74946295875312
0.396838650036791 2.70084878458881
0.396711426062555 2.70990301252454
0.396550129963773 2.70641187670517
0.396070390441513 2.72129325192893
0.397239180213017 2.69452275938026
0.397083967771493 2.69712770196235
0.399558317068093 2.62463763861586
0.396864633399583 2.70385184959686
0.396341231944061 2.71269512694176
0.39578417687544 2.73060709278515
0.395097990844012 2.7511739998891
0.401956224465256 2.55366521755652
0.394408044187156 2.78189685187322
0.395746928035786 2.73261363978603
0.395834448212949 2.72901643231286
0.39939867112278 2.62093890519606
0.399223541550019 2.62579900052685
0.397957014445405 2.66779125155592
0.394627164318253 2.77033181785056
0.395787360229185 2.73315077876669
0.392458998400753 2.83597201919396
0.398912965409009 2.63702218073033
0.399164840705535 2.64025232071506
0.395139122794032 2.75088543329291
0.398050065068996 2.66661641757236
0.398304256417507 2.65583847839229
0.397904878664218 2.6680587368239
0.395157418870176 2.75756022029539
0.399089104335066 2.62916747198521
0.39865603453177 2.64540607402527
0.396950664859796 2.69833474935487
0.396702881363507 2.70166121903057
0.39644115930887 2.71816547378333
0.399411640374703 2.62373402938632
0.396270217867948 2.7230484878575
0.397211597103784 2.68965207208319
0.392636773475525 2.82945315214809
0.398699442495451 2.6424100810702
0.397502993759506 2.68620345344921
0.397697110430122 2.67407059055814
0.39470641755554 2.77046490113736
0.400888649027608 2.58003567175379
0.395623777408302 2.74627210553759
0.397290327394334 2.68696180318465
0.39644959360303 2.71258187193066
0.400862362612789 2.58125224470107
0.396767721119697 2.69824048757857
0.391131998899481 2.86896287882172
0.397953931900372 2.67067549661094
0.401241296114927 2.57698479416097
0.397629094934221 2.67390330306003
0.394886220495474 2.76574206881457
0.394229892535757 2.78271707794953
0.396486713084419 2.71149928944128
0.396821714567882 2.70886715106901
0.399197055032105 2.63335813627945
0.399705874792274 2.61171679194346
0.39642398396815 2.70923344975167
0.394238556628973 2.78532823537654
0.397629507687694 2.67739139831448
0.399934029559042 2.6095070526148
0.397870270580335 2.67518708540163
0.399929541299198 2.60298458785466
0.393788411220171 2.7942158296787
0.392694122512149 2.83452178328386
0.392059457406637 2.83695435311191
0.399347814525087 2.62485264298265
0.395436501464327 2.74438129405154
0.398203504192402 2.66560729397713
0.397974824449246 2.66692493452657
0.398988407445862 2.63783517470304
0.397841189711483 2.67390902239842
0.39862081196535 2.64597937434304
0.399101848950266 2.63769106053482
0.395123844822238 2.75419357526478
0.396670341555342 2.70442087346401
0.398298627194555 2.65833520941271
0.397365840776679 2.68633781471173
0.394395057814567 2.77236772541535
0.39871368472851 2.64518356708377
0.396665083811156 2.70837063586632
0.39742157063858 2.686870585464
0.39661579656709 2.71182459044039
0.394970014894088 2.7568851647832
0.39354882813368 2.80452660392462
0.396726411261404 2.69961234467879
0.398412010763231 2.64989811142402
0.400305632065889 2.58942879196127
0.396100736378283 2.73060859456559
0.394276544371983 2.78225709872725
0.398767787513035 2.64330510451358
0.392770893238333 2.82633728019576
0.394805244695514 2.76791805900359
0.393716051321384 2.79785852611236
0.397259447910991 2.6905038336634
0.396498864092072 2.71246639772629
0.392339714438918 2.84017113888387
0.396163351922277 2.72989983524291
0.394421745289731 2.77418351529283
0.395198313892933 2.75266354578419
0.395997607631898 2.72999073971899
0.393450384770957 2.81069603167351
0.396546904746684 2.71009703075427
0.397942805040301 2.66731615709173
0.399636870657326 2.61606987807495
0.391936231312264 2.84505806225819
0.401329700884209 2.56752001145417
0.39881159814307 2.6349361774486
0.3945301799727 2.78019539651079
0.393913786530868 2.78946543882664
0.395268220884265 2.75887661151043
0.396570525426931 2.70762575870044
0.399017429076433 2.64186728984054
0.396227451542704 2.72039919356899
0.40105456540044 2.5729080382407
0.398882772937748 2.64149871620294
0.394470393968083 2.77733838936116
0.400027325545926 2.60640925297645
0.399491179916438 2.6207168655357
0.401839736666911 2.54840615900765
0.394773966986265 2.77246697899804
0.397949323041682 2.66121197306398
0.39803242836122 2.66987058454385
0.393544240402314 2.80018670994433
0.397659009211838 2.67970579714547
0.398338752557557 2.66111048941472
0.395239741016266 2.75168004415996
0.396116061446862 2.72395900409475
0.395731742255483 2.7382816427006
0.398769606133771 2.64381104568228
0.398959474066168 2.63822000895864
0.398423567439627 2.65865382373801
0.394685092795847 2.76726403909568
0.392318941290751 2.84094900325439
0.397190065670379 2.68529928124562
0.398502085123828 2.64965818602429
0.394584700759237 2.77427119219286
0.392583934623941 2.82894905371336
0.394976496834201 2.75525170957701
0.397698197443807 2.67745068083987
0.394320281908942 2.77712391383229
0.395087856562279 2.75975704952258
0.395285325092186 2.75105321387103
0.398594985267115 2.64156201867147
0.398349163855094 2.66178380647418
0.395368744160814 2.7504293034683
0.397173928233017 2.69487448269189
0.394399410792099 2.77324780190185
0.394432702291852 2.77807400522753
0.396789488174593 2.70167567350283
0.397326520251363 2.68216728584068
0.39631260831668 2.71972106006927
0.393555965023671 2.79687886038859
0.398742662658187 2.65218523890479
0.39652321583273 2.7133276818928
0.394709580630322 2.76921093167849
0.395863724791915 2.73426577319948
0.398897111985395 2.63339633029364
0.400490524295129 2.59111717328829
0.395335261171912 2.75607648947659
0.3956578842817 2.74118999687333
0.392604616128161 2.83318770935565
0.397635649716959 2.67530434194549
0.396144407681578 2.71421420577616
0.397422206673831 2.6854621855621
0.39375236683331 2.79803903658604
0.394939493094158 2.76291149215615
0.395492299216298 2.74389770168298
0.394081024278189 2.78552476747728
0.39009676731107 2.90936247941141
0.397707175537007 2.67678738060908
0.393598607826389 2.79431244909773
0.398847721262078 2.64828566946868
0.39432472652315 2.78004596897053
0.401786325044468 2.5578945961197
0.399905455364798 2.61105096112719
0.395163122049408 2.75183116425448
0.397636688840171 2.67742799388185
0.396794754264847 2.71264147417526
0.400136212475665 2.60294653280485
0.399201159148388 2.63565607014726
0.401607005240499 2.55682811859866
0.400724816854886 2.58623893933391
0.39552882599743 2.74720937278191
0.39831982438779 2.65842473779782
0.396686738336183 2.70463586067166
0.394114994101109 2.78718344247355
0.40094843638143 2.57763462307516
0.400646638220163 2.5822299273075
0.395912183143132 2.73876690930683
0.398089814353275 2.66125011475784
0.392498134718252 2.83750289704061
0.399492498161224 2.61812043941461
0.399113893659452 2.6346793104897
0.396189205903871 2.71881093907235
0.396092614777275 2.72217041990099
0.398077498254028 2.66979962237827
0.395507085316379 2.74163754191175
0.399198726880981 2.63307530528033
0.395696094147785 2.7408755087483
0.396601281545054 2.70976502437316
0.396922644181408 2.69989403479215
0.396003561620096 2.72375863471212
0.39934737123751 2.62779537447659
0.398882345801285 2.63567125730706
0.397012886230013 2.70111072231482
0.395247304853926 2.7593557668218
0.395649715597366 2.74018306018905
0.397130983035589 2.69193508770556
0.398043596037818 2.66297043077095
0.396951208920147 2.69017182868183
0.40043026892114 2.59659338354939
0.396161553198392 2.71974062923625
0.394179065152592 2.78991696586554
0.397156629507736 2.69879236914281
0.396823618608299 2.69876686007072
0.395637343202249 2.73563286455945
0.397073693408128 2.69063829373682
0.395305600445508 2.74415520382233
0.395471243284491 2.74521055102398
0.399282893679334 2.62893450996068
0.397445660201606 2.68362342422406
0.3976364070093 2.67374699347344
0.396888136802442 2.70176414341191
0.395829215669665 2.73510481514013
0.395847931283095 2.73011294454713
0.397762270484543 2.68076257358434
0.395732184303076 2.73770190131897
0.392288595302416 2.84425356450321
0.396655923928541 2.71467661221564
0.398011853060445 2.66797136555202
0.394624017207303 2.76419463064664
0.396050100294208 2.72459066500327
0.398720692054134 2.64299114180687
0.398852078768106 2.64369249468276
0.399917456082732 2.6119005277349
0.399518123659571 2.61966937443911
0.401486026066788 2.56400198593256
0.39801340820466 2.66564304504176
0.398384840321306 2.65210803190685
0.396562804453591 2.70881439514444
0.395342847974864 2.74693432694895
0.398980066116394 2.64271741154854
0.395319647585571 2.74766743948828
0.396840966137254 2.70449462102805
0.392837104736391 2.8256004477921
0.392966686510383 2.81865394172559
0.394937015370192 2.75651384397312
0.394175714240149 2.78334896664046
0.392331464934047 2.83296404932618
0.399524623136665 2.6233128527351
0.396301460294673 2.72087439862324
0.39817983402351 2.66829949588718
0.398451584795395 2.65511321855158
0.396861571456958 2.69998582568717
0.398402909257818 2.65339404072286
0.397065826049673 2.6932319436203
0.398870409784635 2.64121717069464
0.39480091250935 2.77051331915151
0.397277952161204 2.68070038163126
0.399497805264839 2.620051790836
0.397361809750485 2.68330541277347
0.398942871076276 2.63892532458383
0.398390667460197 2.65952973613986
0.397006283102362 2.70161057806802
0.396974039620492 2.70591090470002
0.392341285642225 2.8347954363559
0.400440197529017 2.59457862057585
0.396138630260215 2.73203667356728
0.398316747531336 2.65064913854733
0.396449805979959 2.71760190974212
0.401744317081357 2.55782668015714
0.391094821631739 2.88004402800324
0.397728473815813 2.67532358592106
0.399923184593806 2.61087083446649
0.396052000974679 2.72684318165819
0.394650922360339 2.77023182625081
0.396135761998841 2.72458722411478
0.396665411714893 2.71273330321843
0.397855101137894 2.67132395050886
0.392364304278239 2.8402139892874
0.396631318349011 2.70679995360415
0.395929066914813 2.73434030063767
0.394723184662879 2.7680850545117
0.399464926544831 2.62421823174125
0.395613090798842 2.7376185074938
0.392195987431626 2.84299226639063
0.397386689306798 2.70041119498772
0.394867101038276 2.75962494086324
0.394247101650302 2.78460524133807
0.394974467831801 2.76284555720622
0.395570609966447 2.745343082768
0.394943266968907 2.75670479535942
0.396419619483826 2.7111433637665
0.401082602664791 2.57428686284558
0.397846624401079 2.67125399960044
0.397609970717486 2.68104049706273
0.397417379959153 2.68327572093196
0.393911399366695 2.78877107641982
0.400369340482413 2.59548763424882
0.39387122740468 2.79170552160456
0.397072947335738 2.69645559979391
0.395964713986955 2.72390343385489
0.393512640380161 2.7998874387417
0.39703509912181 2.6966869073151
0.397018753729231 2.69601577197174
0.395579237935945 2.74159977877253
0.394776860447463 2.76450769009337
0.397064640798049 2.6943263347215
0.398885960221674 2.64374110695912
0.394195301953652 2.78489911602759
0.396343549057134 2.70966239144033
0.395881887358216 2.73581000073107
0.396143187809642 2.72380710660263
0.395758058227151 2.73572875349
0.395799440625366 2.73132460397549
0.396116146981922 2.72122304609839
0.399193876753156 2.63355918749012
0.395198556953082 2.75489493673215
0.3958710567072 2.7364959992019
0.398669035882068 2.64515732366717
0.396639492346266 2.70872402094456
0.39800405870721 2.67444058526578
0.397394120630231 2.69263945530945
0.4000599152173 2.60463068584832
0.397096784781059 2.69774223875198
0.395848399511304 2.73492029319435
0.398954862040661 2.64164573971228
0.400766748714137 2.58964918239199
0.396555174416472 2.71496062456144
0.398104578729019 2.66436255308513
0.398065319965634 2.66336325528644
0.396874357132389 2.70609503743315
0.396576160975755 2.71138078373697
0.395253931181118 2.74771847714456
0.395124690882498 2.75911290573123
0.395716432291517 2.73853412486537
0.398146090693297 2.66273119666934
0.397959450638882 2.66528591765567
0.395059771376923 2.75267444642628
0.395541810647781 2.74058198343745
0.396355707728276 2.71119961426659
0.396334309241072 2.71997657318291
0.395149817451864 2.75975409521653
0.396165386301827 2.72673057238619
0.396069922135298 2.72456556517959
0.391801519898383 2.85885531942081
0.401064278499639 2.57124244970358
0.391184775194476 2.87186066123314
0.395099333574554 2.75900024939624
0.396903558585587 2.69905800844401
0.394798445161832 2.76123479966082
0.396698432194534 2.70332667682416
0.396142421719462 2.72000950896768
0.395266806998501 2.7531397335174
0.398695507616838 2.64457103457657
0.399734514664964 2.61217831498401
0.396203217339289 2.71880966794515
0.398383989647771 2.65698341341891
0.393057483234188 2.81591123076929
0.401200209647171 2.57469804516459
0.396805421135235 2.7113855786711
0.397996710514366 2.66172703141978
0.399336252918926 2.63080184419704
0.39665900930868 2.70336805396697
0.398504492748472 2.65633604839414
0.40239124512705 2.54457113283885
0.392206501608583 2.84709271115906
0.392618557733461 2.82596707531069
0.394674202472017 2.76796102581866
0.395090948474808 2.74825514321778
0.392108009434383 2.84897773487054
0.394472504674582 2.77258808535034
0.401534602303533 2.56004827911359
0.397897767779887 2.67041047918593
0.40005741499514 2.60495609129542
0.393398674188629 2.81004243197607
0.398212516849282 2.66489215870334
0.397176303166437 2.69374186531803
0.395913551445471 2.7310337023666
0.397473368702112 2.68042076326281
0.399764234154614 2.61634590023658
0.398108872467189 2.66381673344491
0.395475810360447 2.73737541669245
0.3967769505292 2.70723918716732
0.394987614688639 2.75759259792662
0.397012199772695 2.68954896028257
0.395637450708007 2.72898783790706
0.402618405687006 2.53380160356485
0.398773791645575 2.64851668705289
0.400837911299425 2.58113009785058
0.397509989461514 2.67648711188507
0.396024874005578 2.72797988684378
0.398175184724123 2.66533380741768
0.392887960629402 2.82139151036859
0.399909272620594 2.60459720614463
0.394432053044519 2.77418369168711
0.4017104344201 2.55800683316817
0.396327938746996 2.71181595006893
0.397525735959962 2.68153691593435
0.392814609604116 2.82485042448144
0.396010620098625 2.7287444126421
0.395918872181825 2.72763359301228
0.398428942232942 2.64836886265749
0.394013672721353 2.78781748746762
0.395216462448511 2.75400093549465
0.397268641801113 2.69843868349785
0.395471883252658 2.74301696849726
0.394524045376717 2.77312827297263
0.398540413400102 2.65544063181792
0.400524617177797 2.59212581820812
0.397186418617046 2.68850673690979
0.399136461232665 2.63747981595702
0.397151929156912 2.69386928034734
0.396653237255599 2.70511259239582
0.398866129008964 2.64586002959675
0.396673395232861 2.70358330997629
0.395086791808003 2.75501821697127
0.396190832154891 2.72429165929978
0.395579588101787 2.74013037886254
0.392910441426562 2.82071768577549
0.396604069354308 2.7062065095994
0.394491624701923 2.77491288300851
0.395448359815136 2.74685884874596
0.401327039143723 2.56969894136705
0.391310959558494 2.87429601700981
0.392684449707848 2.82930793562128
0.397275245343531 2.69281559066345
0.394821008084157 2.76002434246301
0.398609796873236 2.64825834389319
0.395414276999267 2.74514461232729
0.399713416042592 2.61361774623933
0.393960491299851 2.78854731037293
0.39707286879545 2.69524543529101
0.399407306125439 2.62355121865729
0.397805577162535 2.67389312841001
0.395627430963102 2.74119010239543
0.394698827935576 2.76444387235782
0.397408930683418 2.68294318439102
0.396275496126854 2.72399335666805
0.395910393507642 2.73288572156869
0.396017198080098 2.72541827761502
0.396473295889041 2.7129770124382
0.396920966077525 2.70314743647101
0.399782819363589 2.61582775769911
0.395466446562759 2.74475149943017
0.397541607219447 2.68880463345092
0.396673343414291 2.7077700194256
0.397091121076992 2.70194507677155
0.397358942867944 2.68342524995498
0.399026450067915 2.64440436752951
0.394142207616791 2.78070598162774
0.398032813138025 2.66222151028801
0.39180970160582 2.8502827063863
0.399085558599797 2.63005869427582
0.395179791184521 2.75360917288637
0.39887428065495 2.64191835953025
0.39442611015313 2.77618680005412
0.39789107689225 2.65703708584611
0.392326519845123 2.8410031770587
0.396831893944433 2.69940545352454
0.393392480756901 2.8156261715718
0.39799438984212 2.66551067069178
0.394493009164138 2.76690351459746
0.399983171158112 2.60963491746859
0.393604597477473 2.80521970283331
0.402111565316696 2.54213224712708
0.396018150287944 2.73159745986699
0.396235924820172 2.71633865018976
0.397949047269789 2.67337168283311
0.396214027070169 2.7205659212508
0.394600275044546 2.76373089904746
0.397782084617922 2.6717032037865
0.400393152754941 2.60455598650082
0.394260492231973 2.78532823766032
0.395131235283268 2.75150720334533
0.399407470158255 2.62611348714164
0.39533823714737 2.745432818901
0.397888237260544 2.67005661564364
0.399351927179464 2.63407683057924
0.394686280934774 2.7610283496358
0.397734785828428 2.67414159197599
0.397971599785886 2.66584410433578
0.392356170690753 2.84113345106335
0.397780511789946 2.67543587779685
0.397906449886751 2.66660913381769
0.396751640822879 2.70224376947848
0.394621136597782 2.77096570613882
0.398754467402363 2.64321299915577
0.395069293437363 2.7580798938683
0.399026590086491 2.6341154829084
0.399186563125575 2.63130809713815
0.393283366421948 2.811811430723
0.396599612446125 2.70339536286544
0.399078387698474 2.63561762016446
0.394772204606685 2.76524218500511
0.395819904885006 2.72856685293871
0.399567272502188 2.62962979407648
0.398176628092542 2.66022960134614
0.399212661166175 2.63051443840884
0.398554792131363 2.65176138667693
0.396732731548571 2.71078767861891
0.394329096173782 2.77637150243495
0.399356143700013 2.62365095468953
0.397713068179333 2.67811865751176
0.393059257625143 2.82267599991383
0.396770652976915 2.70443037494962
0.395969731355601 2.73251821028975
0.395006792111302 2.75356864254522
0.39943659745106 2.62563038282907
0.400659179736675 2.58512201991197
0.398798914997855 2.6473080366719
0.399032649696947 2.64103862060912
0.396306257292097 2.70901445593596
0.394460328899964 2.77596444978287
0.396975556103445 2.69486439753638
0.392915157845436 2.82068940539181
0.397851076933001 2.6737514464565
0.396881066008141 2.70353045462625
0.395707410149527 2.736676226507
0.399106969660604 2.64125549441743
0.399082697141404 2.63236458294804
0.396299256210061 2.71827168620991
0.396919564504119 2.69877669035544
0.397014456001758 2.698057233247
0.394945601029704 2.76432977241397
0.40018766745383 2.60280007290677
0.394970404906661 2.76210540181791
0.391365959720957 2.86376750484293
0.393429798648877 2.80073440341178
0.395866018440935 2.73589301328603
0.394053933683804 2.7824398590418
0.396419408753204 2.71667915336089
0.396630001489936 2.70772470615045
0.392254607081809 2.8428887221711
0.396599415639191 2.70645834422436
0.398715587287141 2.6459425745614
0.400350814330806 2.59682854433867
0.393497406671934 2.80144208451489
0.39445615346876 2.77300911923235
0.392588504480259 2.82818952935741
0.394497429718423 2.77270590127319
0.398003739250588 2.66400446151384
0.396300960953158 2.72121959521232
0.398046238411438 2.66997494807861
0.395292109914968 2.74684632178796
0.393773901137486 2.79621877330677
0.398596098267123 2.64743256447325
0.398613393685489 2.65210437307886
0.394468409144497 2.77225792662452
0.394149229451736 2.77793833917403
0.397015851203993 2.69778818419507
0.395955420903118 2.73281383399347
0.396182991661076 2.72260489408186
0.398458094747684 2.65725646651363
0.398752612662669 2.64751226243624
0.3972605147298 2.68708396700838
0.39938319617625 2.62911022071533
0.400208768369055 2.6011342070105
0.394742076077259 2.76553498838238
0.401921305483911 2.54500534683297
0.400287639928012 2.60255319316617
0.39760801390354 2.67080658364497
0.395908035484972 2.72758471371221
0.393757944697232 2.79469845146728
0.397425262854254 2.68609858375998
0.398771760421371 2.64041556513223
0.396835483071509 2.70089615050413
0.397572507603613 2.68792544512614
0.39584903919706 2.73210584655493
0.397581677895758 2.67469677601221
0.396663773404357 2.70772207256208
0.399179746168352 2.63529369112205
0.391641674249801 2.85880969174637
0.400605788270785 2.59027869459076
0.393789727069846 2.79140035528556
0.397033140063313 2.69895244126924
0.400243004388832 2.59999647168451
0.397429485788099 2.68167372857713
0.395243852902984 2.75196583807587
0.396065383132754 2.72996172143396
0.398472191832155 2.65900023907844
0.394817453252669 2.76476197391876
0.397489703325639 2.68290439688255
0.395885521865712 2.72696595846719
0.400353444365506 2.59758835214338
0.400411546251397 2.58796479911235
0.394717874739012 2.76293396892678
0.396694300035262 2.70887655487411
0.399456002539574 2.62576681934744
0.394004199021634 2.78904905522759
0.397225517656735 2.6932363774665
0.399167519616509 2.6266875076279
0.397938871549724 2.67113686303711
0.394861998313051 2.761634068683
0.401533704988674 2.55828876649476
0.396075472701997 2.71968097327031
0.398772987773855 2.64767032757138
0.400306009559853 2.60106272584324
0.395025939315308 2.75577784391945
0.397804966495237 2.67123267637567
0.396370445155988 2.71859725376094
0.398734700740081 2.64558110131887
0.395155127128809 2.75639950468521
0.394427936512403 2.77797267198561
0.397935348469846 2.66967120681836
0.395045767022348 2.75892278400084
0.39546530075719 2.73821014375335
0.396273714803143 2.71231359388765
0.395208299103194 2.75341604204499
0.395986912731581 2.73420979028374
0.401545150249839 2.56371292144964
0.397376914998381 2.68945100202545
0.396177032029237 2.72655731026669
0.396757634050575 2.69908926397754
0.398749109872993 2.64767177780629
0.396060268971059 2.72834139450036
0.395140638972329 2.75611874922755
0.400475051160271 2.59120980234242
0.399602278479433 2.62311001819798
0.39954594229666 2.62135358747016
0.397530037679956 2.68392152066231
0.397840177915523 2.66995169177558
0.397089588874538 2.69088343324195
0.396805977300825 2.70567802051249
0.401873424618855 2.55310915539077
0.3967421493626 2.70283598180238
0.398506023725459 2.65456364428327
0.395986642424656 2.73283066788897
0.394604100159344 2.76408746105412
0.394552295218893 2.76990573249815
0.396655743686686 2.70757490205635
0.392696929458137 2.83011566853254
0.396443360968608 2.71860695165037
0.396526206562852 2.71772529252578
0.397628631210016 2.67703163497573
0.39478369569355 2.76688957722191
0.397590131046323 2.68541839171202
0.398132208246684 2.66156464996842
0.393421823864136 2.80285110315407
0.395144015369378 2.75254784849082
0.39750410123495 2.68581648959875
0.395932746581716 2.73416079199514
0.396541260266547 2.70794866045249
0.397450137898405 2.67743837967
0.399672243832917 2.61338310177726
0.396794628179927 2.70468162838777
0.395382857776376 2.75107491830079
0.394873429744244 2.75769003551602
0.396350184099582 2.71053738102756
0.39414781035864 2.776719121002
0.396820483649006 2.70275305118304
0.396419420196739 2.71810984835605
0.39878853043701 2.64528110755723
0.397476209083698 2.68674184377359
0.395974848365566 2.73201467920293
0.395857415666546 2.73725350492675
0.400667298659979 2.58456303139756
0.400244969096996 2.59959631691391
0.401437551337626 2.56813943755098
0.396749754293253 2.70302068482635
0.39623372501603 2.72961306776663
0.401803110333122 2.55653177315537
0.398931654916136 2.64088002914497
0.394537487094923 2.77536612608461
0.397744990856422 2.67345716761013
0.40232570278799 2.52960806811883
0.396989711989168 2.6999966372233
0.400356654205451 2.59587360285623
0.395229627063032 2.76263433248286
0.396911749335354 2.70299178150614
0.395773782223838 2.73515885067426
0.400319607980125 2.59450416359257
0.401567937994411 2.55751767428025
0.399176535579812 2.63025549880012
0.398185746591209 2.66317951380589
0.397347206350273 2.69153116022962
0.395018182636616 2.75829502131218
0.392811051679929 2.82300960217261
0.394252826672002 2.78457324668425
0.395137784318816 2.75583805576616
0.398750215182439 2.64273378346303
0.401875450161062 2.5556720075258
0.396978940813333 2.6917286486143
0.391497926226169 2.86554487554546
0.398544853366827 2.64757025021184
0.396702105790001 2.70888438724915
0.400284853127622 2.59961664328778
0.397990564938435 2.66480534864985
0.393195001150479 2.81530985288986
0.393400750069146 2.79899748926987
0.397334020154557 2.69035192623443
0.39730086855248 2.68958435556193
0.394416306514336 2.77492156445026
0.396558305865552 2.71335860961392
0.394067584372292 2.79334765745368
0.399000797796188 2.63585569496486
0.396168501914733 2.72285860421089
0.396452924439778 2.70978669088114
0.395387237134113 2.74674180926467
0.397438911789046 2.68182310682174
0.397782978298707 2.68025071527292
0.398301320311762 2.66011401401561
0.397262729467096 2.68826912571538
0.396084142534974 2.73033949719532
0.39756845018435 2.67844775751138
0.400812710012234 2.58544199505431
0.396869917533208 2.70614816573738
0.396914606463473 2.69892045949066
0.398375104958956 2.65304332595607
0.400064381269286 2.60989074168665
0.399113654682414 2.63406539533372
0.392503420207225 2.83803906789021
0.393589342876821 2.80294126673432
0.397802863621327 2.67245822029071
0.395640277346846 2.73977627635778
0.394023555310409 2.78830349173082
0.395817845144297 2.73283994858587
0.395141760249822 2.76065201336759
0.39468842238127 2.76444479840112
0.398292620612896 2.66069030992835
0.396178129685312 2.72828391211291
0.39530972722472 2.74973338186695
0.398239907111153 2.65975293478345
0.399838330685417 2.61221721463915
0.398815353879653 2.63158073215262
0.39848787817931 2.659532871611
0.394386437122234 2.78033886793033
0.397417544951249 2.68601793169992
0.398321859981953 2.65598249427816
0.396285251993538 2.72370397261024
0.396205822748924 2.71954385942835
0.399279601283723 2.62731832564384
0.394750839167031 2.76033527614244
0.395715169366201 2.73797545193584
0.395970496000995 2.72873585152152
0.398305888736374 2.65868377343704
0.397360811212489 2.68602853894702
0.392700940686718 2.82652298325247
0.397690666664728 2.67178437378712
0.397297117902583 2.68651829305329
0.395959750458391 2.72884713577475
0.398294260323294 2.6575446590554
0.400127397404811 2.59422535749372
0.396115547807765 2.72875711724582
0.398322073267993 2.65173553768591
0.394078654396872 2.77787429427732
0.395927973462647 2.73108465678394
0.396979077219021 2.70141319156323
0.400221806484218 2.60049792451912
0.398344110276551 2.65998275773158
0.398018981408203 2.66755884811057
0.396266680367363 2.71863702373099
0.397268121147688 2.68959480675236
0.398011607511366 2.66958458802583
0.398385841723668 2.6599631561846
0.399261289191803 2.63010901132862
0.398696168605045 2.64821627200573
0.39423481226548 2.77867314742415
0.398772321826003 2.64212091703973
0.394419521505076 2.76936195095815
0.398932155573368 2.64287693408725
0.397332583253087 2.68612649442133
0.397257243054054 2.68679930610774
0.396208715306525 2.72075689189309
0.395904343846147 2.73130037694254
0.394629620242475 2.76812969888097
0.396805717152232 2.70536318702785
0.398523890977438 2.65104426112412
0.396470486148462 2.71005575153246
0.401515058954218 2.55858502791869
0.399539111295256 2.61936369756722
0.39953413407808 2.62320641104979
0.394363899697325 2.7662400747621
0.393823532329269 2.79322077564759
0.401578408557869 2.55784432150025
0.397152754238552 2.68894231987897
0.397334086106383 2.684081629621
0.398938985219147 2.63824187267167
0.397074196883332 2.69016229358207
0.396067499526064 2.72914182042599
0.398133022970288 2.66530723655487
0.401672757872434 2.55635477433539
0.399802078057924 2.61354626234685
0.394797796216721 2.76165243757442
0.395313859453119 2.74494792727119
0.394072295549524 2.78695776636585
0.400257685703346 2.60153503681026
0.395969455003894 2.73131409264898
0.398683274538739 2.6494967834307
0.39828583136777 2.65913961290352
0.395206538133655 2.75751501518964
0.393795674307369 2.79566258340107
0.397181490397222 2.69318609286894
0.400548967966155 2.58476358352703
0.398678558529843 2.6483105806641
0.399290282871472 2.63646346461888
0.39983834355093 2.61094055306514
0.402476445540106 2.52957547300015
0.3957640191484 2.73910440576651
0.393624403123276 2.79678356023042
0.39916245625822 2.63269779416448
0.392095903608531 2.84180997735173
0.40176632832486 2.56125668293959
0.399627779276561 2.62018786357485
0.396791464717155 2.70484380286632
0.400787344255205 2.58538427134546
0.397174603744709 2.68831767302602
0.394495724493553 2.7747137520809
0.39476970481463 2.76122983973062
0.396390253102768 2.70921888437926
0.39965004625427 2.61137947998518
0.396419665755018 2.72083784174139
0.393345743045084 2.81587156899709
0.39656327146865 2.71362301173883
0.397744920761713 2.6675209118242
0.397051274971958 2.69138793160634
0.393565553753084 2.79687385114006
0.395242261981404 2.74863501090128
0.395015191408202 2.75992702932293
0.39617593943186 2.72603101758171
0.391846169638567 2.84914827918756
0.401509905858053 2.56033412361987
0.396576648003589 2.72068180044437
0.39926441505283 2.62256571686904
0.395873590053279 2.73103233894938
0.397468418397245 2.68467213721348
0.395374112314973 2.74855350010877
0.400104661956175 2.60194145148942
0.392656332882975 2.82216006033856
0.390998461606455 2.87927369349533
0.398256318308157 2.66255952360318
0.40060937809223 2.58612253655648
0.395196329529652 2.74944465553488
0.401357838506464 2.564365724168
0.398146463080513 2.66672580079057
0.400820709025372 2.58618624855145
0.396661601184568 2.70766943018723
0.398431273844372 2.66198157716671
0.396923432977086 2.70480895614209
0.397102506595439 2.6903255225741
0.394393065713864 2.7812465476788
0.40069967254964 2.59040323058974
0.396451654148971 2.70762884146021
0.39438157681499 2.77323281805793
0.397064515125731 2.69034777904896
0.39737892110567 2.68456771371279
0.395973984617368 2.72197896168001
0.394844831262364 2.75582917949222
0.395300671744606 2.751458289159
0.40075586927409 2.58648670525709
0.396058104830423 2.72695269875602
0.397351702903039 2.68535664969895
0.395237468185111 2.75120075253572
0.398556252631018 2.64682726345094
0.398364699528244 2.65775097546803
0.391146588349467 2.87835231599732
0.396112216973554 2.73167100334527
0.396215484419859 2.71965006520308
0.398305813090523 2.66126482658945
0.399927301411026 2.60406795388842
0.396162426746711 2.7189640407883
0.39535554154649 2.74465271330913
0.398681329934254 2.64149564699367
0.398522588868976 2.6545040425269
0.394394987935355 2.77348431372283
0.392619769201601 2.83642200514689
0.399030295850223 2.6375616838458
0.39897731911847 2.63707977381953
0.400752000253908 2.58332118963847
0.39618117344928 2.72847292421678
0.398885935440021 2.64859122583255
0.397717792859824 2.67965183139576
0.394345890832951 2.77748751899584
0.396522736615262 2.71287210683224
0.394436304372858 2.772405245405
0.394802293743117 2.76892058385036
0.396856410278074 2.69472180998006
0.398745756964571 2.64106045985689
0.394920049330783 2.75937839194709
0.391992599112892 2.84315881823246
0.3968007356333 2.70600844459774
0.395291447214672 2.747401597615
0.39631771700357 2.71552454446426
0.397020677635214 2.69809401101984
0.397395709541836 2.68299681826835
0.399658637569744 2.61240678621133
0.394007778779694 2.78711041122875
0.398996561535926 2.63506287449676
0.398355745656948 2.66073383695134
0.396489259567684 2.71075308098326
0.397132268383772 2.69387870104226
0.393933668811534 2.79313195293725
0.399247520973876 2.63079683945939
0.393819276616077 2.78777128577795
0.394352603685564 2.78764627912066
0.396912298634099 2.70092703901116
0.392684615854872 2.82397158553079
0.396774431698082 2.70535409516393
0.401903590667683 2.54848810479808
0.394061850385804 2.78783613544141
0.40109225059964 2.57450973457651
0.396960080284243 2.69584476134037
0.396022075242832 2.72987416175197
0.397631200728545 2.6830333156782
0.399011308621283 2.63919977805978
0.394941465856572 2.76816817174039
0.396831502311578 2.70974500024116
0.398426964168099 2.65688039164241
0.391085154600211 2.87765879216792
0.396316924393233 2.71779321008476
0.398803910556041 2.64430437268021
0.394829369882916 2.75247718384286
0.394989786343181 2.7619834455187
0.399407044622047 2.62770366410904
0.395421599078018 2.74568404931382
0.394138855412509 2.78648712317019
0.398166868665385 2.66463733625529
0.394483945103424 2.77437619034867
0.397075313993917 2.69528786596871
0.396607060504995 2.70856420070816
0.396075088708906 2.7248486107382
0.399457748347832 2.6228593633239
0.39432408682835 2.78135794854908
0.396849367861547 2.70358593783827
0.393483293048247 2.79914828101248
0.393334902450786 2.80829110800062
0.397710611646857 2.67621950175228
0.397952288179308 2.66999394741902
0.396163089262182 2.72329911656672
0.397313432385766 2.69642975522478
0.397985241478642 2.67104330713673
0.397265269959009 2.68947398856811
0.395759448576292 2.73305592792069
0.39350712976986 2.8096578230796
0.398106033777768 2.66680364782934
0.397424934301043 2.68201674006907
0.397264721194731 2.68849276376287
0.394646200122581 2.76445982971837
0.400005705500623 2.60993467003448
0.395880081452884 2.73073189827661
0.395777684057448 2.73493280506765
0.396632236133915 2.70987627577223
0.398570269004179 2.64489139248697
0.397000525141817 2.69373843133212
0.397893665484672 2.66985768393791
0.396832449261448 2.70505457795617
0.397968508901611 2.67714280481912
0.397178794462853 2.69391217723798
0.391162845708614 2.87352520111729
0.395524817652199 2.73715744160489
0.396454782610954 2.71374413861826
0.397789336529826 2.6722207389753
0.395313872846491 2.75091173181725
0.399129422410455 2.63137545675488
0.396308925813004 2.72075749349896
0.39368688449097 2.79679687714713
0.39660074453198 2.70356945040797
0.395993442464927 2.72555778203304
0.400496594745902 2.59220845781692
0.395754917822149 2.73769154946142
0.392002243270481 2.84961394653164
0.396021150526513 2.73131182891236
0.393853614375399 2.7906584277585
0.395126102250871 2.75037123116922
0.399423540663782 2.62280457706004
0.398409864586899 2.65712719075013
0.397974596479833 2.66801369773426
0.398288673171371 2.65664151551336
0.398518400721699 2.6460202672214
0.395237472038555 2.74803131886917
0.399211145257133 2.63700862120401
0.397657640588835 2.67576617857478
0.396193664021837 2.7226198913422
0.395284179462661 2.74751410794381
0.39754542748167 2.68375636574496
0.395975022181478 2.72947146522013
0.39669647980278 2.70733822286867
0.397429213455115 2.68370876644321
0.399859198945629 2.60798653196958
0.397641337266561 2.67607432224496
0.396337548782991 2.71570921513131
0.400438750178992 2.59800299073699
0.401413015823656 2.55914166817579
0.393364914122688 2.80554911327671
0.397137882220875 2.69418061476568
0.401274967942827 2.57012580057636
0.395567529849227 2.73994667818458
0.392337380173773 2.83652676379104
0.39851478418081 2.65306303518831
0.395890889717738 2.72870531292036
0.399334952034725 2.62354963943144
0.394525332116963 2.76780810839164
0.396586466561566 2.7064498098672
0.395361624389558 2.74599396786948
0.39810778863687 2.66168885550544
0.399014900110417 2.63202757289583
0.398130824831231 2.6689843276802
0.399115168261055 2.63107671719301
0.397085620866828 2.69510015621245
0.394915409044731 2.7618219001226
0.398414070858122 2.65857414949118
0.39467196228039 2.76450089721163
0.397421045175366 2.68459710863048
0.395365468519914 2.75302270488286
0.397413448065528 2.68654810471548
0.396877787977031 2.70005419918563
0.392499394614383 2.82985102982829
0.399842554323834 2.61141947528184
0.398446706329863 2.65787037806043
0.394353858547971 2.76973643239884
0.397067242908008 2.69177426764545
0.393327324597949 2.80734952382386
0.396291831179585 2.71359902583042
0.400391611526148 2.58907979868546
0.395727569972994 2.73994435450899
0.395207029494184 2.75349290340297
0.396455433860016 2.70901530497019
0.401648556129644 2.55717494597546
0.394749581363234 2.76985658495519
0.400098078027236 2.60328028819882
0.39817741781269 2.65911394164974
0.392812631032327 2.82087338375773
0.395018746672794 2.76089185825103
0.393539415778627 2.80035019729524
0.400703415257434 2.58201395293848
0.398028043669708 2.67116302514328
0.394330413527968 2.77609299697165
0.394131486631588 2.78847076113143
0.399819679311647 2.62022158355186
0.39781007781455 2.67667274346899
0.395629556862002 2.73538768369009
0.393651234060103 2.79964523246924
0.400906115266515 2.57487000663773
0.397378904887974 2.68183474263289
0.397577265096092 2.68039137434989
0.396512862185514 2.708998706887
0.395092574783244 2.75835896056415
0.396731779768687 2.69880486344515
0.395993395663628 2.71937470326337
0.402051360646726 2.54681580432844
0.399237884249245 2.63535844577875
0.399465566244816 2.62290187777958
0.396567808763827 2.71536772674353
0.395802533668672 2.738263710042
0.396948487020591 2.69597383235655
0.397471161310611 2.68075083903969
0.397455184217858 2.67969608026434
0.397176502333752 2.69168755054658
0.398017546488847 2.65686675733943
0.395115201216284 2.74888462779026
0.394170466726065 2.78736097729965
0.395485515662181 2.74003127330724
0.394887984147396 2.75774818003201
0.394077703868297 2.78992717829972
0.397302285136149 2.69397507529082
0.396665682353057 2.70997015870507
0.402932706134363 2.51961261421875
0.395796868815928 2.73523879869773
0.399129812131383 2.63830566719845
0.398956567887212 2.63614262049775
0.4003894372511 2.59402023299837
0.392060791048529 2.84848954812834
0.395038400772715 2.7614567014206
0.3930968831522 2.81861452663134
0.398429616185771 2.64509079496194
0.399120465848345 2.63793839235497
0.395544044033522 2.74603380233819
0.396346714141551 2.7120850365732
0.395491533006586 2.74079528396595
0.394390332119837 2.77641925072962
0.398806302064658 2.64167182844609
0.394425774156577 2.77106808268289
0.398341321240229 2.65712447294703
0.399845316296634 2.61268186177513
0.393959424662501 2.78831082467548
0.394089306418906 2.78388698876962
0.401017810884799 2.57293863174121
0.391721252993623 2.8500045002685
0.397211163312108 2.69224873993205
0.396530805669052 2.71157776987031
0.396712302900173 2.71006454337672
0.396025371219362 2.73052797087687
0.399433234978284 2.62236299143248
0.396564471464236 2.71411345283947
0.398276813346975 2.65398733985483
0.395947720575863 2.72817985634468
0.399426320772998 2.62692239011402
0.396518944556355 2.71407218710201
0.393214664533859 2.81380906469721
0.395616451309205 2.74139269363603
0.392472829038011 2.83186241305489
0.397179041389977 2.69625993374377
0.396247358607609 2.71684822844714
0.399775710989687 2.61770333149608
0.396954238654359 2.69912153400841
0.395537453798804 2.73985005689041
0.396274064600931 2.71900222020498
0.395557632896268 2.73475341872441
0.39579122340239 2.73035938254533
0.399925323943315 2.60890974937285
0.397876638099764 2.6684602081963
0.395636503280765 2.73852648950454
0.39766015447881 2.6748134934554
0.401688431028361 2.55649405737803
0.394768643049404 2.76179416536427
0.396732180771253 2.71057145326906
0.394824367738405 2.76626872051558
0.394267110472684 2.78828289062512
0.398277548497496 2.65854204817297
0.394590438973305 2.77082753822502
0.397308545068859 2.69492120558372
0.395874278983933 2.74206263458805
0.393674370054334 2.79397932549059
0.400224652501232 2.59248678280621
0.39492834348588 2.76806879021499
0.394622840827118 2.77306297066325
0.395516945338679 2.73904654710491
0.392982221293837 2.81483389291277
0.395021030897548 2.75582795629737
0.397009445897274 2.6985852195572
0.398701976596924 2.64339262591175
0.397777044337465 2.68026253031989
0.397111235649908 2.69414290103869
0.39989896069916 2.60925424057434
0.395222427408377 2.74450055421038
0.396917024558273 2.69800426156879
0.397560395050478 2.68464942154017
0.393724866031754 2.79574335637785
0.397970847643257 2.66647851918059
0.391917394619804 2.85242387086232
0.399756735147571 2.61504025934453
0.398229812106329 2.66066606986348
0.397417743423242 2.68785972208232
0.395778599015663 2.73371292841178
0.394241526549621 2.77770090254689
0.397061087429389 2.70113043094751
0.398539582181891 2.65264640196312
0.394925508269949 2.75446711235599
0.395396228655778 2.75076394856285
0.395790769459503 2.73676031753028
0.398182974954664 2.66241631586908
0.400693979834331 2.58691222456932
0.401059504648442 2.57400706600399
0.397485441763388 2.68467544382875
0.395843625182296 2.73482170884395
0.391578875574251 2.85661869131485
0.396350861588014 2.71907776687498
0.397185274874603 2.69352957998962
0.398210714623463 2.66541761123221
0.393111125414078 2.81575687503057
0.395043108296274 2.75308037735395
0.394186505862342 2.77723452480496
0.3938304058912 2.78908356533464
0.398429716751594 2.65196916748345
0.396999680795832 2.69516729380273
0.397136130435387 2.69309398899743
0.396017724929143 2.72292544112466
0.403861641419185 2.48776852185688
0.394053704950357 2.78699283690823
0.394168496833768 2.7877632348566
0.395760018780846 2.73319411109258
0.394923684179602 2.76350802398064
0.396805867193595 2.71206621378701
0.396111379555625 2.72804781451405
0.397593833507211 2.67616937673859
0.396193270262115 2.72468972747535
0.395474784783374 2.74585400533468
0.395576727411039 2.74105714474265
0.394515736849736 2.77710390815122
0.398478150369685 2.65764741459721
0.394147097318712 2.78414967972694
0.400280985829274 2.59860419032842
0.394238824876011 2.78159685948872
0.396043697429643 2.72814660724033
0.394288693019909 2.77581584162918
0.395277188251825 2.75127588837167
0.396040034576879 2.72111375022055
0.396730081613193 2.70264378979996
0.398667122644174 2.64748925837486
0.393262704835522 2.81562007825384
0.394525581996446 2.7683183154816
0.397064752943994 2.69629822649671
0.395704268149013 2.74124339633819
0.395079924720025 2.74849336225489
0.395882407963729 2.73504324876281
0.397715490160877 2.6713478448487
0.396905761093538 2.70388471377956
0.398192330308753 2.65983204165475
0.397825349579466 2.67275810106294
0.397472351252926 2.68318903116271
0.396277639338744 2.71574271541213
0.397757427678126 2.67638623482403
0.395625825899701 2.73783360330179
0.394376840657291 2.7783550749843
0.394580334052404 2.77340860688395
0.399385892672798 2.62444349585319
0.396050998671403 2.7275429197735
0.395014275890688 2.7564410310997
0.4015756864879 2.55758745959816
0.397345784247548 2.69159132836891
0.395954379553541 2.73271863317104
0.398704564204281 2.65296903691748
0.394477165349315 2.77810867843478
0.397284726386097 2.68778023807808
0.399567850670497 2.626349696044
0.397519771412449 2.68649700376875
0.395745769580036 2.73133184492276
0.396276048264377 2.71578575013624
0.397411510523752 2.68294115786478
0.39644479383921 2.71499779989757
0.395114140710494 2.74804962598488
0.400630641192098 2.59000998001169
0.394290383708493 2.78145488750696
0.398174103788976 2.65965508595323
0.398509794648499 2.65367210550615
0.395583026676805 2.74031360603145
0.393031033286484 2.81229609275998
0.397430305532823 2.6881095366346
0.398355693693624 2.65318345422357
0.396095149148544 2.72589218684321
0.395016511524498 2.75741684523336
0.400096596326326 2.59893989937188
0.400506349084573 2.59219251066712
0.39450077408356 2.76678220785898
0.398508546828941 2.6540014721915
0.395203941619164 2.74680802489614
0.397138856663776 2.69083047498548
0.400136674633818 2.60911313984075
0.394145835394427 2.78787097511507
0.397703503603042 2.67779046574697
0.398773821282695 2.64177420356053
0.398557007250267 2.65126950436483
0.399451919898395 2.62085709937784
0.393551383475896 2.79819783480117
0.398516823999902 2.6511063651717
0.391869192659371 2.85133957534115
0.396396214079596 2.71281436825915
0.398742846575932 2.64627322004592
0.396480615742089 2.70940345202583
0.398764035958782 2.65104192293735
0.396631141220291 2.71249723232999
0.39573372160955 2.74133624531089
0.398988368246493 2.63631712667987
0.396919603738114 2.70283446165388
0.395756124655317 2.7270594487113
0.399466852061421 2.62495909780204
0.398193873257057 2.66391745842663
0.40087420773588 2.58271405426295
0.396733439257565 2.70881660508663
0.399719460719621 2.62336044646659
0.397581693887535 2.67912788888107
0.394172746275505 2.78965399935701
0.398013480147931 2.67156728266304
0.399725602848166 2.61610680291831
0.396095784864204 2.72466810796723
0.395378172930215 2.75158362891618
0.395485773693025 2.74539445040516
0.397425962644955 2.68862994669086
0.392212568783069 2.8454463596079
0.392702686751299 2.82880766922102
0.398674411658413 2.64721559102052
0.395468689827661 2.73847410853904
0.396998523695054 2.69379607159624
0.394994395587056 2.7535106002341
0.396702710697386 2.70693667085486
0.39475971803891 2.76292823290108
0.397145926597061 2.68930781792799
0.394307956681469 2.77979429098746
0.39558090294588 2.74040106831403
0.398429216633922 2.65343049707311
0.399907389598043 2.61198348430404
0.395580764239706 2.7350351182818
0.395466974286834 2.74255068679225
0.396675025001572 2.70569926607806
0.397380756742435 2.68587947734226
0.398297249430725 2.65857249971614
0.395076935928803 2.7585303595215
0.399454995229398 2.62326187952211
0.397999917525301 2.66699838435056
0.394444101295216 2.77871785643331
0.398312416334195 2.65960740862252
0.39713524887202 2.69659724816616
0.395779431038763 2.74026107122408
0.398731501089433 2.65230481789788
0.39961645624087 2.6194797302749
0.404366095770529 2.48269426612344
0.397702111385217 2.67360685867608
0.396934298444075 2.69417054637284
0.394095162623088 2.78538881839266
0.396467128886346 2.71693601041494
0.397635715364041 2.68474922419392
0.399877873169026 2.61166596056745
0.400995639838872 2.57096964566671
0.393741686235882 2.78990687011477
0.399665820607627 2.62056456770531
0.399687013150253 2.61716800248068
0.398022218140182 2.66702982592534
0.399632705228442 2.61702235421651
0.397904322052969 2.67098313757076
0.395006730056344 2.76319134736057
0.3963221200661 2.718044298243
0.399003303786634 2.63627795042763
0.39685756498184 2.69962092617663
0.398736147624819 2.63834583940312
0.399290572660318 2.63191303426212
0.39732438727458 2.68671986372284
0.397349247338128 2.68964268757778
0.396784884847028 2.70487017160795
0.397403745059993 2.68341812563912
0.40188945345557 2.55165557254881
0.402482742690356 2.53317264220938
0.396574376399392 2.70068268538696
0.399476171188705 2.63095364010485
0.397659750978915 2.67914460841932
0.399051276533354 2.63531434428403
0.399292347594975 2.62904063025403
0.396423620655888 2.71194873907274
0.398270788289051 2.66022221885159
0.395281158339854 2.74961777152406
0.398867383707927 2.64790095146926
0.391446690143812 2.86433248362058
0.392515860369967 2.83873076149053
0.39883298544721 2.65080908940881
0.395055052508364 2.76089143973771
0.395422872632655 2.74134333341508
0.401425128550231 2.56283127048076
0.402010323550007 2.55298922338037
0.399690349502305 2.61336039776339
0.393046631537687 2.81556371702148
0.399457428208529 2.62768952735215
0.396222813167882 2.71377710957685
0.39276632331257 2.81991493312204
0.395391553428123 2.74873543394067
0.397988398332358 2.66596569285977
0.397068465571826 2.69854923292317
0.395652211596803 2.74186715617441
0.398097563296321 2.66832951363806
0.396119624406083 2.71905399371006
0.397640462140892 2.68227412034096
0.395927084627735 2.72884846172947
0.394344101406696 2.77565411243836
0.397728051203862 2.67278619431188
0.396406381539822 2.71522414074931
0.396546861150842 2.71103993790561
0.39479845422228 2.75593094293046
0.395064838550741 2.75960939075896
0.396920020368519 2.69283004952335
0.40005569724866 2.61219495294736
0.394825621749391 2.76556657464598
0.39423466365958 2.77975774037502
0.395961296872643 2.71916427236215
0.397512399992475 2.68068468435189
0.400571346552281 2.59535266186071
0.401014027271964 2.5734100002429
0.397614583692374 2.68097091346815
0.398077408389174 2.66332958065445
0.397151880158198 2.69074330578046
0.392529940751713 2.83640098879957
0.3988285221365 2.64866217980828
0.40064984436861 2.59607977938818
0.39482766777656 2.75952620830286
0.396602774226805 2.7054624574636
0.394991576583388 2.76530870276495
0.394201301200995 2.78377763157337
0.398645225052257 2.65292581100068
0.395059577467786 2.75520448648391
0.403245620419443 2.51259365773912
0.394215492328137 2.78314634332567
0.399213578026873 2.63294091110121
0.396567759212214 2.71379692359815
0.39355887706989 2.80386255113163
0.398485940500015 2.65767643271904
0.396992332840799 2.70740758253994
0.400054878963134 2.60318545540671
0.402473235399943 2.52826353095025
0.396061681680952 2.73119248302873
0.398502975333205 2.65170202569001
0.393216827814239 2.80896421377357
0.398493416693947 2.64705777008741
0.393540752368655 2.80555692048368
0.398466912415662 2.65014418969539
0.395750819728097 2.73877548256471
0.396907549859414 2.70359649293079
0.393771395160409 2.80235960249379
0.39379626374931 2.79760774875939
0.395540273580685 2.74338552128951
0.400124323164799 2.60412312010671
0.400349116055434 2.59206531230535
0.396804808300377 2.70137333289543
0.393816822558459 2.7915151839999
0.396251595537204 2.72081357630521
0.40254235779032 2.53604382388567
0.398754809000611 2.64261040031697
0.399476447818515 2.6191042469702
0.401112718415977 2.58303955343558
0.400345005696349 2.59701332031645
0.398031741615253 2.66166227386102
0.397066347976407 2.69374738837951
0.393519232562131 2.80138462727981
0.397394391779294 2.68697021603969
0.402966398022844 2.51416444150224
0.393105487656786 2.82071866915803
0.39711535651538 2.69297066230092
0.397449637850664 2.68749256310944
0.395989464198502 2.72402180864834
0.394113176287063 2.78117804241211
0.396118716625465 2.72608418296092
0.398090286729709 2.66714721385106
0.400666258833863 2.59103925377759
0.389022304223694 2.9391537085259
0.396055170440662 2.7231562796357
0.396744760348699 2.7012624468181
0.393590198785776 2.79942658836588
0.393432062296761 2.80613833089431
0.395888458717025 2.72612164185419
0.397799050129643 2.67161365975008
0.397412349830412 2.68127759153166
0.399343309622803 2.62716215211546
0.398800469591301 2.64017889731485
0.39240968575261 2.83972481160489
0.39661347932095 2.70542449142426
0.396121731879222 2.72837506093888
0.398922584212753 2.64110465979378
0.398896719800748 2.64159295316677
0.397087799241888 2.69882009134028
0.396478757127885 2.71342811579624
0.396637942605441 2.71002718004877
0.395637606875961 2.74173893671292
0.399840325800196 2.60727715474613
0.397201084523556 2.69868853280083
0.39597328530699 2.73163298943957
0.39511381559865 2.75250691034799
0.396842184420701 2.70945858095916
0.401441119731472 2.5647828350476
0.394095916192039 2.77947029753977
0.397667016919234 2.67789249593546
0.395895379924116 2.72892987978001
0.401510603586206 2.56674769225276
0.397558709163024 2.68167219921288
0.395260118907182 2.74662745411348
0.3967333416905 2.70345281542615
0.394146979713269 2.7794765446538
0.398968603662859 2.633489639801
0.397588848531653 2.68035088744611
0.397336412532685 2.68863858846103
0.394399376893844 2.776827773956
0.396465428713256 2.71694040681168
0.396673715817913 2.7100266667113
0.394607583018856 2.77025808085609
0.397471850369682 2.68189904448652
0.397233829665556 2.68776405375106
0.400611338587586 2.58769942663414
0.390925915044621 2.87555117189684
0.397703856677777 2.67463716361809
0.396370209106266 2.71318608288249
0.395481244433581 2.73902719205682
0.396831117923439 2.702539777294
0.396142506062475 2.72396755806947
0.39787772131102 2.67321435486332
0.39665590202216 2.70964186731293
0.398860574076913 2.63805726906978
0.396305339641072 2.70969414115865
0.39959810403257 2.61980846592196
0.397478550760744 2.68311552811485
0.397836019849952 2.6713478861188
0.39444377745451 2.77241663630075
0.396088515271122 2.72650559108258
0.394998507742467 2.75566016117722
0.39470622892492 2.76431220483075
0.398990239309509 2.63726352738534
0.397798601026413 2.67000602028347
0.395264282770107 2.75221059389288
0.395959773052231 2.73227124006978
0.39783795603689 2.67383005453683
0.401211725928754 2.5705568935506
0.397551845025483 2.68778307910065
0.393033413156819 2.82071427597112
0.395744973939095 2.73213166769767
0.400764429779675 2.58865902149353
0.396953246446003 2.69400417251656
0.395562412082351 2.75209808265373
0.396637716767597 2.71114695863297
0.394029084977517 2.79285215405022
0.399548770914796 2.61834694407184
0.3930491448368 2.81429415488229
0.394871529242091 2.76273517346266
0.394570552794528 2.7764184722584
0.397401525936005 2.68612474247336
0.39507149870751 2.75795442484514
0.396964452588139 2.70169669283895
0.396449097873713 2.71007908094489
0.397085496656028 2.69861527647505
0.395922536051254 2.73283846889528
0.397696661324369 2.67621221883862
