0.4618842009306 3.17466529639724
0.460736449240712 3.21195902305346
0.471859782724996 2.80807758398278
0.472683092059616 2.77458172671461
0.464360868299102 3.08691636240781
0.463954962630342 3.09799327166688
0.468158592937845 2.94693080629695
0.475935409688015 2.64827658292528
0.468486749430602 2.92581577655898
0.469949852569719 2.88080536232603
0.465953100563441 3.02759928113622
0.462776041687811 3.14841875570541
0.455248602328863 3.42634454962904
0.471860561646993 2.80004149701219
0.466612906240795 2.99708462478628
0.457582664116172 3.33272067097674
0.458039969817846 3.32683643802518
0.464653148045275 3.07975335606219
0.472841070164589 2.76564954802243
0.466847289387978 2.98774186904753
0.455162319182418 3.42333958940217
0.463971561646714 3.09423616581056
0.468391460507748 2.93409571477911
0.466815649853378 2.99446455618505
0.468306596344246 2.93599422633047
0.455804142759093 3.40474081457547
0.467077596968936 2.98136718291978
0.460324612220075 3.2439036439743
0.469721427765247 2.88223372421505
0.468423334099326 2.93404359665077
0.469768325278717 2.88174793759865
0.462979866234147 3.13356803827743
0.463985870722681 3.1027380347293
0.464076008015155 3.08977297943546
0.464466159469209 3.07912665987523
0.460963157054433 3.20976298180245
0.457480468712781 3.33575543786203
0.465304331624385 3.05381101756397
0.458295898843053 3.30997888919633
0.451734622232324 3.55771865359275
0.457428452813831 3.34151893740898
0.456834503879223 3.3645448937573
0.469202717489529 2.90100249244426
0.46489856489765 3.06798095949459
0.472022725914733 2.79598578000833
0.457664171968402 3.33819306705735
0.468303510856653 2.93815783691857
0.465599724024477 3.04534340721426
0.463360756812696 3.11974271966806
0.473522392962418 2.74173472576547
0.464219955167872 3.0911880252965
0.46844908567719 2.92595159755702
0.460582478627074 3.21885436915361
0.460303928500874 3.23763994955808
0.465333238638085 3.05635465756841
0.4731842031815 2.75156889437182
0.452702202358778 3.52347518728056
0.463210265717939 3.1285962385132
0.470462081965226 2.85550666066325
0.469607113002398 2.89508896399945
0.462389413334165 3.16066605971071
0.462687040034109 3.14227671786266
0.464837954358497 3.06110333012436
0.468184228773066 2.94667247536877
0.467998033225374 2.94763794322036
0.464168043008678 3.09294742840873
0.460320638513742 3.2400391178819
0.463564807861752 3.10961771658658
0.462969786562602 3.13619007027589
0.469648215341948 2.89504584762087
0.470746870075991 2.83635795752445
0.466586533631022 3.00006030124156
0.467675594800306 2.96000224127198
0.46200910762 3.1772946571909
0.463502346145008 3.11578292353289
0.466097682857468 3.0207475881512
0.463636493778612 3.11384196723029
0.466635701538906 2.9977048168679
0.45416332414544 3.46969065555364
0.46020937074716 3.23873710467426
0.467561535779072 2.96245541970715
0.469548976915522 2.89142111565959
0.464758937039018 3.07035689958825
0.473097771273507 2.75483731629426
0.465187185826128 3.05342393517563
0.46968479767887 2.88653691417138
0.468586688707719 2.93019846124908
0.465646209877558 3.03995191952963
0.474703845076424 2.69712161431474
0.462360742469936 3.16195415923045
0.464995705923937 3.05450024703631
0.459377185184577 3.26620121101935
0.460588729104391 3.21716532762127
0.467663644447065 2.96735577012778
0.471836338829974 2.80828602534765
0.469126699751121 2.90650639643261
0.475779106727072 2.66003980397903
0.473102216125173 2.76328669736241
0.460781521437381 3.21894087553667
0.470830457885587 2.8447871797961
0.463763363164854 3.10651071747367
0.462552083895505 3.15379341531779
0.462596608101585 3.1583799701654
0.467971663944924 2.94779105116481
0.46838569110832 2.93429589482341
0.465812394804 3.03168667100194
0.464249659420768 3.09449473116217
0.470602164503146 2.85051700995166
0.463522085851976 3.11339705654642
0.464845858611324 3.0638576498157
0.470234031296064 2.85837335432059
0.468476254573936 2.93224342098158
0.469183978319273 2.89727608344613
0.469077128572414 2.91673901623257
0.476743382479572 2.62177649460272
0.470149353274153 2.879046819735
0.47226930480049 2.78676416721682
0.458957343195777 3.29189204973118
0.471374377951513 2.82276417440467
0.459075970247271 3.27988608496375
0.46048012744329 3.23083936534764
0.473252705180312 2.75666692861555
0.457267024834383 3.34899208694182
0.460045430746775 3.24409690894144
0.46561588730719 3.03562523478224
0.461782568687455 3.18853811661961
0.459278173562323 3.26653943134858
0.456206504490381 3.39274289937187
0.467235467625204 2.9760008401657
0.468605027579682 2.92899527998852
0.462886567593777 3.14355186531192
0.463636048547872 3.11260854251372
0.464349075744433 3.08398296377814
0.468562681316292 2.93086253697844
0.471473586666902 2.81991517709425
0.460204105262148 3.23960105143382
0.463117252184482 3.13573006528325
0.468177244592784 2.94273138899072
0.46447817252563 3.0809262954069
0.467787684190425 2.94977305206619
0.466854562795329 2.98938258605315
0.461272607900155 3.20364211059071
0.476612362970109 2.62581577855697
0.469748722460656 2.87974690975351
0.45941558597371 3.26986446088173
0.462245640342509 3.16197309872859
0.463997096775628 3.10256445086776
0.465999236511159 3.02490885466733
0.470614448120405 2.84371653050967
0.473924143600164 2.73386087432729
0.461329010135599 3.20150493545701
0.46570429488239 3.03810713126478
0.469485488097256 2.8903957007219
0.46697322397617 2.99032958042578
0.461236399788565 3.19865283615145
0.465429191180985 3.03920828022012
0.470954935739432 2.84077000552635
0.456906229636394 3.35719420246841
0.469806742220745 2.8890925019599
0.461783587333407 3.18261924405457
0.462384303511399 3.1610130809664
0.455995001724747 3.39875268830994
0.460083099842659 3.23714945708168
0.465836469645887 3.02932512099557
0.465589164407404 3.0465674462104
0.46217724900646 3.16910943703833
0.470451794889306 2.8596081801872
0.464052366158218 3.09241641843034
0.468966987406588 2.90330697851926
0.467089453885939 2.98342151301656
0.470560509594112 2.85638992478976
0.46139346457472 3.19874994326862
0.470317965661425 2.8630158139749
0.457299319375176 3.34663010845136
0.460900695333524 3.21642613115416
0.4627425503704 3.14572365659533
0.462172388443774 3.1593331997204
0.465349313169854 3.05513598711237
0.461604326778193 3.18893005819202
0.474421871416947 2.71518448143074
0.469138657326129 2.90788289979488
0.468801474195918 2.91694312954864
0.460521502584329 3.22728719620203
0.467395921828244 2.98144699249622
0.46322584214342 3.12824655730045
0.466439808523291 3.01234828480396
0.454357613923903 3.45627249896458
0.46432213342208 3.08769911936924
0.459102918610015 3.28578613750744
0.473210376968175 2.7553622333572
0.461147754447546 3.20283410105904
0.457094966866106 3.35756485339018
0.464851942710224 3.06610124438177
0.464546146135303 3.07222236830515
0.459836870268524 3.26221927459918
0.45440351330332 3.45250103373305
0.468427750139756 2.93671887383882
0.465032466620663 3.05531752534856
0.477058514631266 2.6125460031171
0.473574616771932 2.73786074953597
0.461958772890691 3.17039074879066
0.46669082356628 3.00309882407823
0.460025271526116 3.2452045757668
0.475895988051568 2.65661866345279
0.46509878585009 3.06203176413232
0.467721322358368 2.95970062598849
0.467170664775178 2.98066630207148
0.473759893187762 2.73005406727724
0.464097285529051 3.09697664469094
0.463450481191073 3.11351555146643
0.467948007822685 2.95496373600602
0.466965159653073 2.99644023143769
0.470321991870107 2.86468427689211
0.467336910730516 2.97175986121153
0.464041928387731 3.0925668362893
0.46858811948723 2.9175555643466
0.460922594744117 3.21602908006637
0.460078519522341 3.24018548132428
0.46414066353995 3.09973433904353
0.46880650271362 2.92627684060818
0.455169592284847 3.42232245680054
0.46525117380952 3.04790837513103
0.455053753931389 3.42578931621026
0.46665307046434 2.99477076569787
0.470500573382304 2.85698529592143
0.462580801834332 3.15161761109946
0.465535051751357 3.04122381769913
0.457864500058386 3.32199931839036
0.455527371025794 3.41490654960067
0.465426391996356 3.04650473108867
0.461395155705278 3.19249806261384
0.462219951271149 3.17119096898069
0.456987331760408 3.36193262479508
0.467168224362517 2.98450157949572
0.461878315280227 3.1843998710928
0.466001785052391 3.02475591322241
0.468664389276699 2.91861471908199
0.46394391624216 3.09747446439452
0.466735455172413 2.9939849449386
0.462784358539577 3.14580902043019
0.460161391732008 3.24460584577887
0.462219949366442 3.16262906066101
0.471185482637017 2.83228625119605
0.462353699570387 3.15782709103499
0.46154720729759 3.18583187054828
0.465692503644675 3.03273041673555
0.473835414372845 2.73093333013347
0.468382459051679 2.93983181795295
0.466842269846047 2.99135820236724
0.471882031579319 2.80660850908531
0.460001070211414 3.2489737243034
0.466296821643944 3.01141522923386
0.474823454834893 2.69061527618173
0.467142842840836 2.98108881547929
0.479266225536862 2.5229212058825
0.472477513658403 2.78449907985064
0.463609540333795 3.11571874538775
0.467476171567373 2.97521891702565
0.464260409923471 3.08933362338976
0.468518476626649 2.92766044317311
0.471267790708036 2.82559580081222
0.463666634458072 3.10874056260281
0.467155857231532 2.98060638823771
0.473924689977588 2.73384311319972
0.468034190056387 2.93931246594081
0.46023104667875 3.23597476946851
0.461472312044801 3.18912900854443
0.471417707429584 2.82237051803941
0.46283216445673 3.14597198916417
0.459919387496455 3.25360593373079
0.471441650862279 2.82751687658085
0.460612357954372 3.21971289962983
0.464095764278777 3.0964086495961
0.466912349959159 2.99890997904195
0.46707370495612 2.97655010693043
0.466313198632542 3.01551987229383
0.4692787777523 2.90590692435238
0.466742389130214 3.0000517846053
0.458531745576779 3.30212891986693
0.471614643364619 2.8166636806348
0.463476621966796 3.1178209547486
0.469314125429246 2.90140701820981
0.467835926189646 2.95570987072932
0.468391239001812 2.93960212804884
0.465883319327124 3.02759978289213
0.466059463869155 3.02348976757383
0.473259640550183 2.75025773908893
0.467503281886723 2.97243889524013
0.465465599228675 3.04489534800478
0.464839990691072 3.06912145382604
0.469645218588092 2.88576319792418
0.456762907648581 3.36788053640969
0.460409708276833 3.24628754887057
0.461672533441509 3.18155485438883
0.457350032224306 3.34964966248406
0.46838385920296 2.93826560378642
0.465736928104107 3.03758562437695
0.475595791022529 2.66208204884717
0.462021190392349 3.16730442093277
0.462993131833305 3.13639209232514
0.46545675625995 3.04218298479095
0.470305300485572 2.86577869334716
0.463681139670691 3.10789414637977
0.457259044629613 3.3466911747731
0.471699545479867 2.81078521374097
0.463839524233721 3.10345830236989
0.469433626370419 2.89591511407079
0.475102492388258 2.67879855099382
0.453625072249775 3.48099760516013
0.46000886859442 3.24779457086985
0.468297580410358 2.93682621597526
0.470915619945487 2.8413050981519
0.469506845504239 2.89226673713251
0.466032978830567 3.02045001895342
0.459850455155744 3.25623879166692
0.46866121129767 2.92606279576455
0.467315461414589 2.96652468185397
0.463576647334819 3.11904009603942
0.461171310447402 3.20296328618353
0.472518818462252 2.78176154488038
0.465101396765415 3.05544845931214
0.460023767866578 3.24272236125393
0.459178787397662 3.28053004302137
0.465330280252436 3.05138579342343
0.472418447536531 2.78882076650671
0.464301336844067 3.08444634112233
0.466329463821373 3.01041554606519
0.458699235156746 3.30303233085999
0.469082776973655 2.91678851215097
0.466494796260213 3.00475782204279
0.464506807355761 3.08105994700776
0.462651631294702 3.15092710994649
0.462870436551502 3.14355612406905
0.466431703246392 3.01424350138255
0.470954385501231 2.84202341087637
0.463242097831906 3.12696353740659
0.466400400857081 3.00730151850989
0.466335982878765 3.01642769151839
0.462398766688544 3.15849900648208
0.463899303884494 3.09962752001351
0.472452902398982 2.78797788089639
0.464378785255865 3.08646938277586
0.46811851248421 2.94429790583687
0.466162668700195 3.01409930753568
0.469302951781357 2.8969064387904
0.467029491029235 2.98424818517184
0.463592331583062 3.10749590276099
0.474667045816383 2.70324177604339
0.466261453115219 3.01952985160942
0.464612235288507 3.07940376998511
0.463931993164996 3.09978164997329
0.465285461173355 3.05450136773581
0.469386005897688 2.89384264361597
0.465433658208993 3.04277449092868
0.465098010586989 3.06065410819559
0.463654246256007 3.10947701196575
0.464788942813844 3.06502838671263
0.468519555005901 2.9261903128766
0.459966586754631 3.24521221532867
0.459810890242219 3.25782042754478
0.472057371243255 2.79684607692449
0.467028127396173 2.98376076871498
0.474035415762859 2.72136077837669
0.46772109422406 2.96024338594113
0.46474296493901 3.07001413116425
0.470801548355503 2.84811394282452
0.464483842008883 3.08922325005244
0.46772274794048 2.95357547595047
0.465287726405314 3.05440703575058
0.461359926834901 3.19141666000374
0.471903151557465 2.80801651363873
0.462660820126557 3.15860885987556
0.470698125122655 2.85317058107013
0.47185708845615 2.80143360115801
0.460455725065307 3.23036522576854
0.460935363695 3.20508266406509
0.464612901403079 3.07901492617468
0.461738020471184 3.17996843708816
0.463041635410509 3.13380942854504
0.467856752013767 2.95458212248544
0.474344399709971 2.71334691721035
0.473049260203018 2.76445918116299
0.454055242698923 3.47351900829403
0.46425831941087 3.09031862079983
0.458925595549978 3.28785877202394
0.466117939054916 3.01657705663135
0.46694517896158 2.99094410085382
0.470683945184443 2.84887151067343
0.458942474869643 3.28010704331726
0.465698888012977 3.03724999424722
0.464934749205702 3.06242453161176
0.464539034424522 3.07015170915288
0.455244804998518 3.41416350672804
0.46485322172926 3.07352007923919
0.467768773731749 2.96212233694296
0.465279856308048 3.05030810098618
0.461366503330944 3.19022436446555
0.4697841847971 2.88309040559625
0.47184343125539 2.80933384381602
0.470975149876348 2.8370752666277
0.465153116154269 3.04939328471766
0.466860052143782 2.98991503515398
0.468171161614439 2.94562167222358
0.472200334703432 2.78652835611884
0.465485512330238 3.04271696854157
0.461868313899681 3.17764856177187
0.463887552948242 3.10359456418446
0.466605970341598 2.99778880209048
0.461583562517879 3.18209681024469
0.459852353282849 3.25316861225096
0.467646716440915 2.96442423733592
0.468717916341291 2.93190510852223
0.462356093268338 3.15811428838314
0.459881772724478 3.25183979356692
0.472344888242906 2.79122276664141
0.466261788768468 3.01536534840625
0.467269601276497 2.97327031859827
0.468769775514521 2.92597898193432
0.474117402712118 2.7222437658824
0.472479614733584 2.7792667021723
0.471016412994752 2.84124992489928
0.458265660556427 3.30729059227128
0.467497079786847 2.96694657396534
0.468690192024434 2.92485716874923
0.465759331113827 3.03187553218579
0.454200513485252 3.46190250319501
0.465644122024997 3.03429028952673
0.467998399094385 2.95104859403617
0.459178839373787 3.27976156283433
0.472423843566654 2.78792110359471
0.471174631373784 2.83580763127863
0.468184445475494 2.94288761748705
0.462335630114736 3.16411444913213
0.464521264872024 3.07506780814656
0.467004251569773 2.98529133998071
0.45281531295864 3.51400928858905
0.462581144127144 3.14960481060726
0.459565430110025 3.2617107922305
0.463854705381556 3.10261774854849
0.468168705658289 2.94105654102923
0.466605995364453 3.00184681259543
0.459713087930012 3.26058232894326
0.467816787127439 2.95308509098751
0.464328526678974 3.08423755060903
0.471227735359918 2.83292101809559
0.465437667978128 3.04650475691835
0.472556316780395 2.7783710479204
0.461010169291169 3.20920397333885
0.468745119971349 2.92492957006615
0.453675482087343 3.48567861456562
0.462230803068963 3.16475762534007
0.466187345578088 3.02520668974441
0.46596942763269 3.02481520669194
0.455506805014889 3.4218630520863
0.467704272417192 2.95623573708759
0.468526099008177 2.9384500632452
0.471119385242566 2.82915227977657
0.465646774085489 3.03263739354679
0.467880857813802 2.94842345464933
0.465938224986343 3.02210076836844
0.474507134471773 2.70804821550979
0.457495569625045 3.34246074582613
0.472223404224014 2.79322801707573
0.470184698649793 2.85394164237007
0.461542073314647 3.19132213477617
0.469310832783501 2.89594867437983
0.459128815913031 3.28799248973047
0.468497066621186 2.92884343115308
0.463784674988375 3.10000026825423
0.464521895168815 3.08127611584275
0.468080496093288 2.94974548031713
0.464399710516794 3.08262423194293
0.459538643824906 3.26820938055182
0.46055776295563 3.22252846818497
0.471058936515141 2.84051767796738
0.470322516347187 2.86235247279924
0.465842029148266 3.0237006359164
0.459291906900234 3.27180850425838
0.461259644209884 3.21022954040888
0.464194416283516 3.09630483978333
0.46445619578322 3.07826919241243
0.465581575672411 3.04071967049595
0.452167425577721 3.53688557302382
0.462714903550122 3.14573674831625
0.462790272976361 3.15209652056749
0.464803975245237 3.06127005316262
0.462798874468952 3.14037471170492
0.472774985351535 2.76889513201124
0.47411087399706 2.72420806657343
0.464378453945024 3.08613945827132
0.467584373341929 2.96084437192604
0.459963778096025 3.24572154672973
0.459227685828843 3.27778481820822
0.468616910444896 2.92432372019433
0.45765940182791 3.33595964849405
0.470931815798041 2.83773532560039
0.466011487529099 3.02287072527594
0.472704273704785 2.7743934029735
0.466881789226169 2.98507134106681
0.46632873490751 3.01251153429144
0.469199354535775 2.90418837689492
0.467401805773566 2.96755791594017
0.460534741343166 3.23740939908628
0.463293820502461 3.12289271523946
0.462951831658066 3.13713424429043
0.46772578624549 2.96116783888831
0.461095618161823 3.21136307058786
0.457236493614644 3.34746403075465
0.46875332620383 2.91978838564487
0.460210593758267 3.24223994621184
0.467992913900835 2.95462672235479
0.462037153743464 3.17174401110934
0.468767606321542 2.92425118469041
0.470828804668688 2.83903129766006
0.471828459625456 2.8079924098736
0.46779059458286 2.95558561491948
0.471216842953533 2.83391731473684
0.465184090247888 3.05928880448189
0.460068683709754 3.234805516054
0.463900412476828 3.10210955130198
0.467869555254934 2.94981603718738
0.461281018653381 3.19882576641705
0.462851719301038 3.14255764522511
0.474092838019809 2.72456844991448
0.468205904601176 2.94166628164542
0.474429804671647 2.71788264739444
0.468913817772209 2.91279738019841
0.471671287918031 2.81219661807989
0.469639514694078 2.88758967871152
0.472381341371069 2.78634726917637
0.467019140028984 2.98952044840548
0.46370551335114 3.11165049311607
0.460379274762903 3.23668504810579
0.467778843795438 2.95292014745691
0.463914443468302 3.09594814565058
0.459101260349114 3.28394072726419
0.458700996082095 3.29109649399016
0.464443678552288 3.08273412489175
0.458085840745766 3.31783528269919
0.470402144385353 2.86110837279249
0.463277329665666 3.12242504270949
0.470126711334974 2.8702208297857
0.47459072050029 2.70429743832822
0.457951077403451 3.32193715471755
0.474107448722863 2.7203669301026
0.464722647681196 3.06795453045026
0.463687883219039 3.10870065319226
0.459332892198535 3.26933003661716
0.46588712118438 3.03111756445229
0.467928994442813 2.95622884839723
0.475953803953641 2.65065854780788
0.468986120685493 2.91362909946842
0.46931101923525 2.89837975077704
0.462351565350677 3.16347726546486
0.463815531594167 3.10258089299004
0.470564330826001 2.84612513462836
0.473482281967199 2.74533421978024
0.46348328585004 3.12142886251903
0.467264142384897 2.97745255518397
0.465029577409771 3.06393146747933
0.461747488453931 3.18629459009231
0.464485538046101 3.07768054565884
0.468954230156898 2.91768265660376
0.476651075778985 2.62679447798033
0.463170263632934 3.12878044244884
0.465937283711974 3.0227536299959
0.469332969871778 2.90427466770879
0.468154151417426 2.93523851541077
0.467388324388462 2.96887828832486
0.468013637569025 2.94691138455766
0.461344663502432 3.19812407980317
0.465373939098808 3.04353311199926
0.474174963685629 2.71686736525276
0.481690933127863 2.44791743215646
0.46640496460995 3.00750817773771
0.461101087646125 3.20120527131286
0.467717912745676 2.95910057174008
0.459688908841299 3.26324479912522
0.472768828306242 2.76904732556602
0.471543753362464 2.81972147320901
0.457365791294429 3.34211009957647
0.45727231373051 3.35086522319537
0.466128031291124 3.02004146641769
0.465215426090955 3.05020751608446
0.466018920743663 3.02396438560149
0.471255180639406 2.83195144550035
0.46255667233751 3.15779263841599
0.460560133089187 3.22755212111132
0.456429395753847 3.37983364168329
0.468122899919215 2.93998762930482
0.468950857199583 2.91626323823645
0.46858119843227 2.92162484957652
0.458256555788006 3.30838616566123
0.464802562580312 3.07085506240382
0.464664089487134 3.07589646732968
0.462653685253103 3.14872151919232
0.463722832948331 3.11126945995028
0.459976701544461 3.24328309135804
0.475745473673611 2.66104273824946
0.46581394414869 3.0296325416587
0.466881885221402 2.9887566032369
0.46442463831079 3.07656539030901
0.463962194957894 3.10348895346411
0.47348487045645 2.74887368704107
0.468948271689621 2.91072566341797
0.465241090285758 3.05023711625836
0.471643557403137 2.81610325164806
0.46791421460055 2.9533382564338
0.470228199858316 2.86904104329044
0.466335382679582 3.01361762830931
0.464386820344018 3.08430087774668
0.470136527892864 2.87191941613811
0.463900071542619 3.09503407321101
0.466012912640563 3.0157350835173
0.468657899101648 2.92641389537904
0.466731641262883 3.00216331218214
0.466546316691049 3.00774708150175
0.461736690818502 3.18516715317467
0.472737156834577 2.77647343461969
0.464098005795953 3.08899989707585
0.453373880284374 3.49639895191126
0.46495268526928 3.0641881140043
0.464555360748877 3.08019907191831
0.472594762587481 2.77663499831229
0.455654193282622 3.41499466222682
0.466148376205902 3.01955441983186
0.466814705971947 2.995340903965
0.461560608453034 3.18592036268212
0.460922088786998 3.20854481032233
0.462543305187859 3.15556325289521
0.464360205660645 3.0874287556858
0.463245599017835 3.12412531491239
0.46700044409157 2.98965230329229
0.458536223654591 3.30652089258644
0.461516031543627 3.18485308923798
0.467064669897856 2.98173255278548
0.476699509901159 2.62333803661657
0.467019352049431 2.98907556576779
0.47045942281846 2.86232049527196
0.461231943059399 3.20688812498419
0.460891425039739 3.21233629435366
0.468847779891775 2.91922156236817
0.466252521697755 3.01927219443263
0.468749199521479 2.91875257838728
0.465769426419346 3.02907279660586
0.458899132030859 3.28703616303177
0.471820313631282 2.81027495915927
0.464909432705325 3.06856510275406
0.46326486846528 3.12190419464292
0.476701815592554 2.6171990933718
0.461923850047563 3.17225878565588
0.473122618839858 2.75919949972122
0.464872381080569 3.07009838087764
0.469110109808165 2.90313812817341
0.472553086427052 2.77181903266429
0.470748904184672 2.83897654726902
0.462104259921111 3.16816580001541
0.465544231677673 3.04356252645162
0.466220696472269 3.01726449009814
0.461174295191156 3.20625247258557
0.455607910657126 3.415393849235
0.47489235924819 2.69795682447548
0.464136353491588 3.0911372565212
0.475744776532039 2.66064971603227
0.465051445662125 3.06470811080319
0.462920367113793 3.13628227475255
0.467739768861115 2.96733945700831
0.467601388492999 2.9691375887363
0.459315149219963 3.27518179924281
0.468353331445897 2.93927219957892
0.470599899213228 2.85046141981589
0.467717475348168 2.95343163877068
0.463917401600081 3.10426265092158
0.471657638167394 2.81280264280758
0.465376365231779 3.05969989019534
0.474124752056264 2.72389051731566
0.468725879436663 2.92326017629904
0.458560317184795 3.29868914066133
0.467451240801325 2.96734869608433
0.468096745986918 2.94303200337424
0.460508925151532 3.22971397705487
0.460847273969626 3.22001656078294
0.469415487910549 2.8961872612337
0.46165436219944 3.18386271399614
0.467758699609253 2.96198859666396
0.45130416299583 3.5735614551892
0.473183798573402 2.75447491780063
0.471803703285802 2.81377157400201
0.465691994413436 3.02934094441319
0.471228172741317 2.82986664448642
0.4682636511852 2.93543022176542
0.46875801461416 2.92450105751819
0.464084871745174 3.09611540888509
0.476103045448621 2.64323428074605
0.468348855231558 2.93851868130909
0.467896513304704 2.94578182028701
0.460901619354283 3.21687221884339
0.468680296249342 2.92548417993249
0.4642592822331 3.08758198553183
0.46505548164508 3.06101214461909
0.463116264581171 3.13793868521206
0.46922071204207 2.90263481194703
0.469362084047879 2.89881960490017
0.45815599171811 3.31194664681041
0.462615316161799 3.14997107412089
0.465424718281576 3.04217572553153
0.474199204640462 2.72533874632042
0.4651029658288 3.0591802274618
0.458593719758842 3.29762197369209
0.475693753374447 2.66758824463686
0.471344482747834 2.8228290654355
0.471444330018734 2.82430849046551
0.465324760774233 3.05390628178588
0.458702866270152 3.29495661078744
0.47577064013872 2.65621972335054
0.461752851275817 3.18724244880037
0.470262391529647 2.86507493075578
0.468784685993258 2.92449626369977
0.463624809684492 3.11502488438258
0.466426219740434 3.00791589038844
0.467055070776291 2.9848454256617
0.453628858734908 3.48517726685578
0.458033941536456 3.32069534636832
0.474023568021656 2.73202786986888
0.457009436101797 3.35504798070836
0.467978173587626 2.95258581013165
0.457071269367117 3.36236786342893
0.468015118989969 2.94925446072088
0.470193459516678 2.86629933376332
0.46493360634682 3.06369074929223
0.469254312237604 2.89082753304574
0.471701426941431 2.81836975419196
0.469367333102298 2.90167659985548
0.458276190115421 3.31211014407449
0.463881258190986 3.10194605657744
0.459310581886041 3.27654912025332
0.477166572648679 2.60588249125541
0.463845310127653 3.10284013803124
0.468932561320692 2.90877194495303
0.464348532607405 3.08664167033534
0.4602995706073 3.23562415463355
0.46945627417721 2.89536844282298
0.46616461086593 3.01737821263669
0.457246757007198 3.34818924749087
0.462548204342613 3.14720225468575
0.461219241837269 3.19994925640486
0.465989890100266 3.02382336270346
0.468849113475256 2.91622926334419
0.460460391668563 3.22093757471823
0.473147483909301 2.76171169170082
0.465867843171044 3.02247916240886
0.460237317113657 3.22931458559963
0.463265966316742 3.12603877882249
0.461312949119998 3.20239100832901
0.461523603139743 3.19165333525754
0.470626448785532 2.85453901257448
0.466022911304829 3.02456549173293
0.460289451361212 3.23560132468673
0.468724931482334 2.92311923135534
0.472862221467876 2.77029806546141
0.473001610321449 2.7672424786175
0.466401867433979 3.01030389408962
0.468162949908193 2.94462495052043
0.466128414609287 3.01619191581416
0.472875110316346 2.76629872612561
0.463443211994771 3.11144531833611
0.461289575088124 3.20251372005834
0.473308432768202 2.75033271501057
0.458645880319559 3.29484427335654
0.467398471435678 2.97089803300369
0.463428184783728 3.12002018827644
0.46614735687728 3.01665594411508
0.467093127567247 2.98508124285728
0.472860547465074 2.76829695528693
0.461261994355455 3.19698859558607
0.472379110832102 2.78405640291032
0.466709943266881 2.99520637276912
0.462749814626321 3.14823781715043
0.461938386505731 3.1638403097704
0.46516010804063 3.05451747892381
0.468127746094296 2.94348473206169
0.469396485984638 2.89307200698482
0.462250313315394 3.16021855593076
0.469900626073879 2.87783127538227
0.471226496054808 2.82303634886753
0.463541558334033 3.11809627472339
0.467134700990417 2.98304461958277
0.467478638188291 2.96880664567744
0.467096568937905 2.98380304510548
0.471674451300519 2.80882108484639
0.466285846692328 3.00856352351127
0.474344381257877 2.71374668613103
0.472469480794579 2.78482214962713
0.459192888335805 3.27916290151256
0.466658096960795 3.00277127989227
0.468012268464272 2.94960744484379
0.463052082023578 3.13920493590686
0.467024498529913 2.98636940540273
0.466010596523059 3.0240553143121
0.467997927497083 2.94413912182157
0.465675555569274 3.03667358066111
0.469424059998369 2.90441536521484
0.462060608602749 3.17043188378941
0.464924080288545 3.06167500489217
0.469467803778324 2.89957817493399
0.470671869802173 2.84565969175476
0.463086130110171 3.13286752050317
0.474677152129262 2.69559502705106
0.465536422136566 3.04915603795671
0.467050488689293 2.98692672688438
0.460505358677602 3.22921016915074
0.463695302925784 3.11164582588243
0.460239593167098 3.23406016864349
0.462839264517188 3.14177604541114
0.457827219901884 3.32369749081574
0.466515706686243 2.99729568503235
0.465627614006555 3.03170234765538
0.470711231450669 2.85410076852653
0.465164261001014 3.06315836787173
0.468126579964049 2.94824830569083
0.471070182491455 2.8273437905282
0.455380457053489 3.41493325537928
0.464085568707911 3.0903012443882
0.467666333115354 2.95951316246593
0.466984074950025 2.98839203923296
0.468466850982462 2.93501060905752
0.465199687158897 3.04905201204117
0.460320544466189 3.23525403734876
0.467156569970597 2.99187044091746
0.466337128536706 3.00438360464786
0.470617960198383 2.85065996859924
0.46121902689692 3.20306718935891
0.46922910015612 2.90485583848351
0.46283462380417 3.14120951140192
0.467869540007044 2.94692985096754
0.463339716541777 3.12268440475578
0.470261739208276 2.86760297112997
0.470596952234166 2.85099668827722
0.459716488442591 3.2549224777983
0.465331124045003 3.04843470227896
0.460280038504503 3.24099205887851
0.459277986051669 3.27719995036569
0.465867341895449 3.02879347157241
0.465660610008684 3.04449197828379
0.462101268568104 3.17383058347977
0.458646249883618 3.29309649483846
0.470997614657145 2.84258592225335
0.466780555304119 2.99948422632369
0.464449713695946 3.07507335784333
0.463194427534857 3.12351174980683
0.463877276979224 3.09672078781105
0.462946230983292 3.13539185806003
0.458438737584947 3.29869017022029
0.463332179340742 3.1164272762523
0.461864604993561 3.17994549736808
0.466330442501513 3.01422778047767
0.467488866046835 2.9690423354254
0.470453665265441 2.85661951618521
0.466405244669293 3.00868281014848
0.462627908667758 3.14590125807058
0.46307970314738 3.13423448841311
0.467912535064203 2.95619788274341
0.458387715717945 3.31480501757808
0.462057278603202 3.16917192380319
0.472556669589455 2.78277670101418
0.46416006153973 3.08810861647068
0.462511340715354 3.15025198918717
0.484677563941331 2.32518228180316
0.4671188151409 2.9767133519671
0.46329306353194 3.1273431251905
0.46252242870638 3.1500066541259
0.45901473513474 3.28960659302736
0.460384623958235 3.23476037283024
0.468721206154554 2.92122785084807
0.457285267803358 3.34809604929553
0.461009385172038 3.2160268489014
0.464293308863278 3.09615744507858
0.463946102417751 3.10396053085384
0.465047511737418 3.0585757489949
0.463598086927812 3.11375412282211
0.467709781264885 2.95715196429371
0.454499861017637 3.45753916295324
0.467022677701596 2.97939545535614
0.470805853533912 2.84127422796425
0.465231054896596 3.05089794558366
0.463569095094861 3.10801156428859
0.465655700998228 3.03885302758801
0.464419767509017 3.08082899782148
0.458059571178416 3.31585211079689
0.463951497853776 3.10091445733981
0.467446843181284 2.96719683123984
0.464229359992726 3.0845560826119
0.460128368939481 3.24102533785852
0.459233201524391 3.27357395296588
0.466060579062296 3.02621922035408
0.468263669729867 2.93641392446075
0.46705569872071 2.98528543518941
0.468872142208605 2.91940852200559
0.462059530877121 3.17196763095838
0.465413620974502 3.039266766945
0.459944933542828 3.25896872138316
0.463330644897221 3.1242147437083
0.45512585779181 3.42434510564152
0.458114299819415 3.31878242584221
0.46496181717009 3.06223377219513
0.456882350164849 3.36350097811051
0.462645090822209 3.14990255391583
0.46068021695286 3.21890922418711
0.461197045785485 3.20492132346111
0.466074257488727 3.02593214519244
0.467691683683651 2.9636453280657
0.466193350758883 3.02460513778481
0.46949504753789 2.90088589253978
0.459131057396324 3.28264033906496
0.4692998642784 2.90191793099449
0.466051817508125 3.02054822675659
0.468673348807329 2.9246966635186
0.464497225184935 3.06853840270264
0.452421765963073 3.53327007973085
0.464079969818414 3.09781849214993
0.462849719671955 3.14229414842509
0.461581099056973 3.18941911163414
0.469102405755259 2.9110864195427
0.468798620027382 2.91969394828841
0.462969904146177 3.13695721066776
0.465883830742714 3.02650753077363
0.464527102418657 3.07737325457823
0.462050546989218 3.17044287917995
0.465796633963146 3.03350475298943
0.457927542912199 3.32585685942127
0.470108700805009 2.86552191343524
0.469762539248974 2.88251674711924
0.47039624458863 2.86001883230707
0.462941003700075 3.13933536712897
0.459216373422274 3.27680952889157
0.469756218020477 2.89243100847988
0.460102495361455 3.24751987186729
0.471980339066459 2.80136185170904
0.472980999315155 2.76009542043224
0.458672880404859 3.30361637203643
0.465036483587659 3.06282375558525
0.468112136448088 2.94130681226579
0.465173765006253 3.0536895466632
0.464987260321499 3.0566471181662
0.464511862190762 3.08226860141026
0.461093817321184 3.20481041942099
0.470512980354224 2.85629421859982
0.474339320491244 2.71528768951019
0.454188747124575 3.45838811325218
0.472888666636229 2.76304060739711
0.46825574754042 2.93944677102698
0.4643095457041 3.08858107101986
0.464525962139932 3.08742273164897
0.45861113824729 3.30038375886205
0.463266769359603 3.12398191381023
0.465681186364855 3.03057251356154
0.464607761501355 3.07573698186881
0.463672721615156 3.10914463619395
0.470700233252506 2.85083986701559
0.473405778350423 2.74627453500023
0.465756027500968 3.03505970572131
0.462783732159529 3.14228267372566
0.461715785304222 3.1769591692636
0.460572727118782 3.22314950953745
0.467663511269614 2.96275721837422
0.466852123580509 2.99431183536854
0.473095190861491 2.75997994361088
0.473438591879417 2.75129622476841
0.462049804653328 3.16867465067274
0.470026144587497 2.86934238025987
0.463894659411037 3.10102240182589
0.470771228137404 2.84817918996005
0.475601549673243 2.66564518727914
0.472198444181228 2.78947548656213
0.462033380287594 3.16567386112114
0.462513567615062 3.14968060741001
0.466242364754409 3.02131991780102
0.475547599190754 2.66543591479926
0.462920111682663 3.13878135579428
0.467800575395291 2.95403978385394
0.457744383633434 3.33423688218919
0.465232957478993 3.05288012796412
0.468388297412849 2.93522742579583
0.459224215468497 3.27512670499308
0.461830908833883 3.1759422209865
0.4602013602849 3.23764445495674
0.466310723425433 3.00992586841355
0.464934210084198 3.06912208723675
0.462388806365026 3.15367804251208
0.467670375863948 2.95940441478472
0.464984707087793 3.06230139913186
0.471500245073338 2.8205792500588
0.461604115639555 3.1862647339514
0.467765597440279 2.95532753593999
0.461172705268975 3.20509476930188
0.461190171437406 3.19994335764521
0.472733271144504 2.76946655286381
0.469440140804802 2.88969113499087
0.465969145018044 3.01948477275918
0.474739487082273 2.69701211001174
0.476015234148092 2.64785201122402
0.471525253088866 2.81349031985071
0.470430422781804 2.864270037762
0.46348547186098 3.11474468876598
0.467030913243229 2.98508697736844
0.475405799134212 2.67504049264957
0.454998108561573 3.43749708604234
0.475592927650771 2.66253284009013
0.467783569882375 2.95632984380944
0.473346271708773 2.75565714618478
0.467069227546822 2.98516694128744
0.467589356688714 2.96324642984899
0.462050515066059 3.1665008254188
0.467640928487859 2.96276041183649
0.466155437932787 3.0225983504972
0.466697547704122 2.98860389150997
0.465105873062394 3.05343881789805
0.462836687021446 3.13984147411086
0.462862677070788 3.13504514067623
0.474619322446901 2.69616499711115
0.476201178420677 2.64724744973645
0.455620098310211 3.41230750330918
0.47261602689583 2.77165635115536
0.466568799029752 3.00244689978984
0.462399886196016 3.16267319022136
0.468428722753185 2.93254938246467
0.474490012635825 2.70418812775564
0.467872210673858 2.95056160802793
0.463343810660945 3.12615822716711
0.458262838341108 3.3097409747536
0.472760159007116 2.76817296937257
0.468472674828511 2.93667468916977
0.466103626861124 3.01749745855579
0.460442851830074 3.23574035229694
0.475244375057159 2.68760409075854
0.46639408747297 3.01267356762038
0.465802853136853 3.02705527508479
0.467226164771943 2.97868049283541
0.46712086333211 2.97735257559647
0.458818015762786 3.28698294314426
0.470170888469016 2.86986982522273
0.469533208042036 2.88888057671782
0.468805138373943 2.92245203850837
0.467154224621219 2.97412618728979
0.463742980034157 3.09780648272931
0.463841986315282 3.10657718997247
0.459703427866735 3.26381303622333
0.468736995733598 2.92196419186477
0.459501637926508 3.2709334048666
0.466826996587509 2.99835295379513
0.458277550217491 3.3080621472804
0.470434391913295 2.85543498388394
0.462062312781948 3.16586702581187
0.46266981160574 3.14708743028808
0.459443889733479 3.25814497033818
0.467835745847749 2.94967727737232
0.461928649754514 3.17965136725853
0.467673782137978 2.95700839609129
0.468368425678739 2.93130797697815
0.456064229048605 3.39678645737493
0.463670440761019 3.11625621027121
0.461424535682835 3.19579984676587
0.46911351980446 2.90963038345823
0.465807760910552 3.03193866914561
0.464191208460317 3.09589670662093
0.462710493596782 3.14413083987808
0.467105872306592 2.98185276987195
0.465763196609765 3.03355541883499
0.46817259955914 2.94733610940571
0.462819861077636 3.14428888884407
0.463411669415506 3.11131075658612
0.462675007022083 3.15220716043574
0.462752541774696 3.14876738625451
0.459366172833317 3.26493917935189
0.46025001477198 3.23581852603191
0.468482274929875 2.93062674228798
0.456276953511008 3.38351355537734
0.460406188049734 3.22721329712213
0.465920913622734 3.02697037003722
0.467206053579609 2.98022721705774
0.459985723420538 3.24697370013433
0.458322309735567 3.30857963757182
0.467098336677237 2.97949063092667
0.46848378799722 2.92374412799048
0.459645526095089 3.26164343858082
0.464518989643815 3.07916432223631
0.470637799781864 2.85382091874691
0.465014393528917 3.06391578068206
0.463492431191432 3.11567853079732
0.454942546840642 3.43967505762947
0.463122908285475 3.12570932611581
0.469315478004999 2.89859650225031
0.460923768601546 3.2159056336154
0.460065684283564 3.24710049820243
0.465798186024378 3.03243241252495
0.457622020299845 3.33742984682567
0.460557555194401 3.22278505039372
0.462553983343027 3.15616623446024
0.47225345063913 2.78694241531929
0.462583573755132 3.15534798047199
0.469122556789215 2.90790910385179
0.462940532985033 3.13603866300487
0.469088895801695 2.9071239520708
0.463528173172807 3.10937970413094
0.477001385027021 2.60927337640924
0.465239250165189 3.05150513950302
0.461014244526057 3.20716179558869
0.461377484687778 3.19525678033709
0.463431846246562 3.11732335194724
0.462082403772988 3.17075825944001
0.46784843416532 2.95128847853086
0.467185088056643 2.98455994508779
0.466967468886173 2.98945832131936
0.47261752685147 2.78570287783236
0.470917752324986 2.83976982383936
0.465723346658055 3.03406737885061
0.468366552415262 2.9420972811512
0.464141841154263 3.10294432594735
0.463667081682444 3.10723747259101
0.466434577824429 3.00060095631398
0.466847316161266 3.00017141769939
0.454742655180587 3.44609354300342
0.46172475868641 3.17897194060928
0.46552067401626 3.0368595680194
0.459988558684816 3.24634509822145
0.470942203205116 2.84102449887305
0.468808191685471 2.91598635722296
0.467226252401285 2.98474870524035
0.460170253584796 3.24018083043928
0.465664942410814 3.03516787326403
0.461519497768335 3.1836891018796
0.464085245307721 3.09243952348239
0.473245124458427 2.75794643860582
0.465210386182445 3.05179069280382
0.474605835742837 2.70176800986044
0.469541142917554 2.89250180038134
0.467839644786532 2.95517191630294
0.46564291621306 3.03762763733671
0.466853789168783 2.99491991252215
0.469596471944578 2.8892415339274
0.465433349884163 3.04116115265072
0.465628967252067 3.04331711922568
0.46927958093317 2.90316842987884
0.467649669262969 2.95657020881844
0.471682670986171 2.81623714503889
0.47292594341529 2.76742570341054
0.462297438591594 3.16279740236358
0.464226938129823 3.09100260596914
0.471515984865728 2.81782865316604
0.462119542288557 3.17033540963496
0.468468239189492 2.93388173781068
0.46200130521995 3.1671975207502
0.459263795784469 3.27563136809771
0.464415071094359 3.08397065992832
0.467225934873462 2.98246248493861
0.466689951192487 2.9985718640499
0.459314564286664 3.26934824876105
0.467548380058917 2.96045166479774
0.461892779937148 3.17190226458462
0.464587910262572 3.07427621738459
0.463768785216397 3.10488883335489
0.466210268340091 3.01578312622933
0.471261536964288 2.82190619159815
0.459088987848656 3.27962025166728
0.470019457616718 2.87321560192835
0.462013237404232 3.17742448697365
0.473688566739376 2.73495974531407
0.46690331272904 2.99361599952733
0.465286685155182 3.05887911384231
0.46594435481169 3.02916708156427
0.461699500978767 3.18012467451032
0.466110712629739 3.02324241251983
0.468913639531711 2.91674572265257
0.467256250177457 2.97669700641034
0.469924306153181 2.88128426723804
0.476724872723416 2.62952949850625
0.455298349599974 3.42185629142141
0.467425022113409 2.97031209318667
0.463105686259707 3.131819314716
0.473937853230694 2.72961716300853
0.45873757685214 3.28979520329155
0.466467364609742 3.00818403708967
0.470956505719331 2.8324894145826
0.466874891679635 2.98773591254
0.468329556852529 2.93704754152054
0.47063655386453 2.8560486805787
0.463406762512266 3.11574889794889
0.460141666228588 3.24378621452916
0.46360877293546 3.11846012675059
0.465413161727971 3.03854873390524
0.464112686353184 3.09791418215318
0.46733781341613 2.96910351642364
0.464038258757073 3.10058807504199
0.459513032233764 3.26379638950876
0.466179796044524 3.01703253334524
0.45493940888311 3.43545945105846
0.46631414925344 3.00710063539159
0.466514127274411 3.00623833706875
0.456032534220942 3.39365591356252
0.45853254442639 3.30280043808276
0.466788028540289 2.9963306928403
0.464595364804396 3.07502614408545
0.467747682660896 2.95985399070709
0.465851597544791 3.02715727467844
0.461867024777367 3.17694727747348
0.460404926412239 3.23671795010081
0.468861385706225 2.92013765362128
0.467748430739276 2.96530181307565
0.464220666450763 3.09447448986137
0.466382416247492 3.00763308109159
0.461323160599067 3.20513345442986
0.470525228491864 2.85924926570709
0.459991642164498 3.24253357541116
0.47100930478706 2.83285273884817
0.46551027795709 3.03935998694653
0.469512160247458 2.893050792467
0.455999545777908 3.38920678418165
0.470043531496697 2.87534025990651
0.467063780928042 2.98616872638324
0.465546127356834 3.03806712342769
0.456448989630524 3.38049513992398
0.462882661939613 3.13969735064315
0.463267338823016 3.11974759165714
0.4578545819243 3.33148444358169
0.471789620361181 2.80423268156504
0.466645280003803 3.00052339908382
0.462216213355555 3.16487868945812
0.469349638661304 2.89402221450224
0.468081035484779 2.94775767330235
0.47700953893959 2.6073622580837
0.474113989588585 2.72431220320284
0.462671504621621 3.14140202805768
0.466621824022901 2.99885595649335
0.458383780148753 3.31490087206257
0.470146242283795 2.87290895558541
0.464174516722471 3.0935747973443
0.462903283140905 3.13701537903075
0.471634456656379 2.81508868153203
0.462580303642513 3.14719606769514
0.476999030944211 2.60993925175554
0.46556925788404 3.0403333034581
0.462252665982929 3.16224625935791
0.459588667356776 3.25974680284548
0.464535484456176 3.07954642112207
0.47122817261344 2.82528158534923
0.461583322539859 3.19615620404454
0.45829753748392 3.31379088602758
0.462782540417406 3.14915699998492
0.46629690287679 3.01051958297376
0.465914222189145 3.02966670085033
0.466623694374034 2.99167537255968
0.47288649468469 2.76926591222017
0.466813151519633 2.99613920930574
0.46781646070831 2.95893742402837
0.470532125386512 2.85813115649961
0.465600385285982 3.04711045775113
0.458950847133623 3.28548521672897
0.467390099477157 2.97721979788646
0.462378032980199 3.16297488275046
0.463844657375742 3.1053186726646
0.462498007857725 3.15369563768186
0.463853620631117 3.10869881702694
0.473693007387758 2.73848146265583
0.460437781949952 3.2355027339735
0.475287834251334 2.68012584367373
0.462745181494914 3.14502258994982
0.462022662624719 3.17199408162344
0.468455705896991 2.92658072839827
0.47106975361856 2.83088056102042
0.46639640728747 3.00505687065215
0.468886470721822 2.91640602126892
0.4668141940195 2.99090510789238
0.462149620327122 3.16363408587903
0.467598939484051 2.9651119948985
0.462926883810749 3.13769043211891
0.469098761568021 2.90733369603289
0.464587628135926 3.07944411104219
0.466000247933661 3.01814770838296
0.473731022909549 2.73431362775133
0.457462185789059 3.33904136953782
0.462011506130553 3.17112547996759
0.468479966124303 2.93237921316904
0.469484660216878 2.89590650055793
0.470745004197206 2.84767259136808
0.468579325028387 2.92688646255284
0.46795151699168 2.95438262282054
0.473619005776341 2.74139268270901
0.462183981393827 3.16935226255995
0.472023725527505 2.80461005857676
0.468557262288368 2.93617093186314
0.466359358891971 3.01154104704663
0.477126989959088 2.61746137572887
0.47797050094727 2.57458335058279
0.46869626321009 2.91714867026665
0.46346315575411 3.11747940045706
0.459455756519769 3.27177003899095
0.450898271481765 3.59289983571102
0.463673637997859 3.11185732142901
0.475276695325809 2.67256548574962
0.469483825204219 2.88653514695754
0.464447536838716 3.08568887045093
0.464076002795504 3.09736533038126
0.468222459175714 2.94079119522198
0.46368168666257 3.10929982470484
0.464876330817766 3.0663905536488
0.474174960369427 2.72480772513373
0.473817165848717 2.73260817587536
0.462354286823148 3.15910630926853
0.458683648017639 3.29346121591467
0.470119035233334 2.86381366858194
0.469538892618548 2.8952458577577
0.467465143499599 2.96792589138214
0.460872137643398 3.21776636473968
0.472998963618688 2.76438604007999
0.469104408722511 2.90628660938249
0.467139375305503 2.98363194267224
0.471415465982558 2.82322184931526
0.469796308730779 2.87204779738087
0.461720769329876 3.1925099579705
0.460533257571327 3.2293299856635
0.463492139618285 3.11619515286917
0.461138783847558 3.20618039781059
0.471830668711641 2.8023948789246
0.46080669061674 3.21817983416088
0.459981419555386 3.2483286826304
0.46369105320783 3.1170715496272
0.467363130044228 2.97056599401802
0.466272927597081 3.01901410755104
0.470721771606598 2.85759823145807
0.469997460609477 2.87992675693449
0.471250691242127 2.82342403794082
0.466980163602772 2.98642571664554
0.459666377587529 3.26718765031075
0.466119714479282 3.01642089257662
0.468022873670971 2.9458631673308
0.468798101864582 2.92376244602019
0.467072989572268 2.97701166627383
0.463714754383434 3.10279573153437
0.461578699246586 3.19098858099726
0.46940784810044 2.89499472793921
0.465514462887187 3.04592499858564
0.459091272057808 3.28429454496905
0.469098622045231 2.91229462919372
0.458160168667098 3.30958405390413
0.471435157256771 2.82495349990919
0.475443650063656 2.66984662770969
0.459701318892609 3.25639740717267
0.467631434975914 2.95973691202023
0.469933651077959 2.87682391357994
0.466636388686988 3.00032625924354
0.462195334268638 3.15629330106552
0.458600455883506 3.30256443737576
0.460562361401825 3.21900016020952
0.45701696058857 3.36570133299224
0.463928790538901 3.10264075496148
0.465486574650216 3.04094873271988
0.460774102043298 3.20807340659448
0.461464273604657 3.19131395545354
0.458449317276643 3.31112051274956
0.470807287307671 2.84274612045514
0.468285251584459 2.94010613692277
0.462844333160549 3.13975201512904
0.464435322704456 3.07987765469872
0.452936957417423 3.51381529418602
0.476514301782108 2.63800862165835
0.470984014620098 2.84783016496499
0.457052078787036 3.35338883597827
0.465097266383102 3.05134600344903
0.471918105590856 2.81007743820856
0.466562846996584 3.00431141565981
0.466507825762397 3.01074693447022
0.462217486529101 3.16295066761745
0.463824051543839 3.10856779831185
0.460921028988957 3.21315625699533
0.45969496289502 3.26038493904629
0.464447438122396 3.08549025028605
0.462620589373639 3.15155054024966
0.472029437284788 2.80479757080992
0.466317271099525 3.02251398099479
0.463987565380155 3.09718798483426
0.465488358308727 3.03944325822877
0.45486770476204 3.44338676436859
0.466895535095107 2.98891696213745
0.457988165941593 3.31870804363977
0.460592734145534 3.21984065558284
0.463995406336073 3.10237619001776
0.472452475284798 2.77921781909418
0.45834433448798 3.3126161270921
0.460073726123857 3.24791811925677
0.464358385642589 3.09211718241193
0.462023828214556 3.17461184196409
0.463404733415445 3.1220596987101
0.468932543537961 2.91607989978223
0.470609823168334 2.84743167493036
0.460301461809069 3.23378835286962
0.464494725776362 3.07684474669659
0.465935972709131 3.02656979113333
0.452771604766331 3.52271220233969
0.467229721905875 2.97640625494893
0.464074665884204 3.09152251368482
0.465180696983797 3.06523252061573
0.468399997883311 2.93526180048999
0.463203617287579 3.12338700755091
0.459036609655278 3.28081908292098
0.471863789656592 2.80284107125044
0.46174793197375 3.18315431210713
0.471674354649739 2.80990161204495
0.462552077072052 3.15718848073114
0.470718080503006 2.84635853589651
0.475386588160063 2.67824094333245
0.466602914626675 2.99768460581
0.467307169640114 2.97106963749911
0.463940395080393 3.10192648943099
0.474451116240458 2.71110965582185
0.464679038599118 3.07885821101794
0.467663543304392 2.96228665977104
0.467610644628417 2.96098497122376
0.469983348800002 2.87129859426847
0.472148142049981 2.7935364215773
0.473704336630804 2.73683671628038
0.478478533085296 2.55280905237083
0.453973793149255 3.46982768107019
0.460453129529753 3.22772856204861
0.469883466521348 2.87972777344877
0.459447701858612 3.26501696172564
0.459618688452394 3.26491183587647
0.458793547438533 3.28763386625932
0.471372702674728 2.82677680094772
0.464833544113023 3.0698218948054
0.453909878097917 3.47575224559123
0.464027727727365 3.10101405609559
0.455975405855697 3.39638874976558
0.461953810323394 3.17585952573569
0.479926852434273 2.50891320850319
0.458207399635841 3.30924163565206
0.478513813736547 2.56449282747827
0.465640690344543 3.04042362258568
0.464498760748571 3.07673766576384
0.473951909097218 2.73506357921286
0.461509073328671 3.19247584695
0.468583960546174 2.92008744573691
0.461039109792411 3.20849232090121
0.465649195467615 3.03407487668459
0.464955329158868 3.06874176763845
0.465292784245014 3.05181622573366
0.457148117456984 3.34870437925562
0.464616792891529 3.07292507103021
0.462960578818545 3.13272373653393
0.471653702015813 2.80839929659282
0.468483769884994 2.93134780149267
0.458842261858723 3.29170085807181
0.464901325205427 3.06543725777906
0.463060849007527 3.1361627775475
0.463289392066769 3.12737741156164
0.468200645151251 2.94189132380785
0.464340977450858 3.08409744620528
0.470840162337501 2.84068187786431
0.455035425536126 3.43151426083827
0.460870587454362 3.20827894349555
0.46266874413854 3.14620272585202
0.46794773769297 2.9482330133219
0.468960510835883 2.9084550803687
0.468734657643707 2.92142828162989
0.46978504076938 2.88344540343961
0.459661038620345 3.26178295499196
0.461456714945904 3.19382045967897
0.473338899286207 2.74623750795146
0.460577287341535 3.21687913089431
0.461572358044686 3.19018017322575
0.465667200169585 3.03627570638456
0.465891674532621 3.02676900902503
0.464249217761963 3.08627481938215
0.454605720095807 3.44995972858255
0.470511716145642 2.85295894556946
0.463090483050578 3.12889178727584
0.46908197879879 2.90830791352275
0.46639572906236 3.00539986080197
0.468076700104543 2.94880897013839
0.462448008481015 3.15916163115105
0.463666502102285 3.11231592488773
0.462573361923779 3.15213809647492
0.458475225287925 3.31167332308198
0.46659048215808 3.0043996206758
0.459725540544707 3.25285616016394
0.469320820550616 2.90584706021012
0.465216232866826 3.04743645428492
0.459634112259188 3.27234002596439
0.466577659503225 3.00515000380751
0.462960083120112 3.14249554310894
0.464143579236301 3.09111870847797
0.467037271998625 2.98185264200471
0.461329534821218 3.19792002496478
0.474571700877572 2.70962544468192
0.467269611182076 2.97747182935233
0.471176843362611 2.83234668526686
0.463578921531156 3.11744515612118
0.469030927810839 2.90688888923229
0.465223771968704 3.05628061578248
0.46802315967676 2.95131887730467
0.460034796538107 3.24492997996129
