0.406197957674638 3.05992611864283
0.411016064567222 2.55169907872588
0.40755752526906 2.92273201487823
0.411277685192009 2.65954680413827
0.399642556080532 3.52505837120947
0.405510329254595 3.10133254671537
0.402083804732081 3.34466365164841
0.404065507176639 3.21726012114414
0.40387057761034 3.14797291737448
0.405340937211952 3.09603597319927
0.406662908405003 2.9809833641572
0.401520900192081 3.43281707334915
0.40050467904681 3.5163125777645
0.410403558704265 2.73098896921461
0.402895583527375 3.26484801630814
0.407731180526048 2.88026280324165
0.407550234550608 2.94639076899751
0.403453479157649 3.22302993180194
0.403514539945528 3.26078710536138
0.403080394409005 3.27681562402415
0.400054440837964 3.4969310123697
0.405778137579498 3.02141774639486
0.40589970577947 3.06949811747393
0.408779903726882 2.84515140700935
0.405555017657732 3.06748541215411
0.399021482016908 3.59179400529995
0.403722989923885 3.24853436304689
0.409211524232671 2.78444654407217
0.405758883362351 3.02507931876643
0.401310319831967 3.38287135268458
0.403551035442099 3.21459186020213
0.402210843054062 3.32202946325786
0.408392167680101 2.86124821611731
0.394136987133236 3.99650604305335
0.398386608741373 3.6279361070138
0.399532119155807 3.54436143380363
0.407397772812216 2.89046542198303
0.401345696541634 3.42103898312128
0.402807062722581 3.29485320613644
0.405246820457546 3.10439779729624
0.397552458087472 3.71758975730538
0.401486322431049 3.38025863153605
0.399259963647069 3.58823538575735
0.399435935562102 3.57395459252009
0.405054644897767 3.07356134642799
0.402794289251494 3.27961827904674
0.401907668733274 3.35768280747353
0.405406044322027 3.05377959405364
0.398947113531061 3.58933480572686
0.40135778218367 3.40884147707711
0.402523545202524 3.29063867140797
0.399874579135655 3.48381765237918
0.400370427243516 3.45355316798462
0.403674243130608 3.23027708395906
0.403709549596838 3.27982861549229
0.408072743953457 2.83378676058795
0.403530233942954 3.25956227344498
0.401516365073742 3.38290811241307
0.407403750733469 2.93123729741469
0.399688110682177 3.54803048380227
0.408976156310928 2.79615834099783
0.400484123775786 3.47826329178572
0.401975114145273 3.33547053879933
0.402178690134623 3.31139249597923
0.399518197898002 3.60437740234825
0.402962230196264 3.32781465307385
0.402636664339318 3.29342553553181
0.397726970015552 3.72176022496692
0.404333107323851 3.20329175231355
0.401081265934084 3.4138772184031
0.405795509148986 3.05408980200676
0.403525819851965 3.25567888791085
0.405239882619262 3.10726690687098
0.401163022936477 3.4265417436155
0.407962629565496 2.86083590254659
0.400424518155232 3.44659354797106
0.402642797544029 3.30588406109211
0.404578470295511 3.15356553562905
0.401667909858015 3.40681236817864
0.407209066629212 2.91501623252411
0.39932211447567 3.55849613742246
0.408093441388777 2.83642786160674
0.405853957767929 3.00538347022144
0.404158318529308 3.14486355893529
0.409994059158224 2.69960970660074
0.402274870267576 3.37642686494439
0.40426363595447 3.1588514351303
0.40384439276352 3.21967482735851
0.401574563398227 3.37833559625314
0.407820218827595 2.92063490711709
0.400548116110423 3.47473764331105
0.401698141052269 3.38193170487705
0.408470453265809 2.83618476734634
0.398544997881516 3.69405407268981
0.407257255667354 2.96014446331571
0.408969944096006 2.748339894479
0.402023277478111 3.38782317550071
0.403725804317301 3.27101040092384
0.405453885031382 3.03856199172222
0.402172296407435 3.40655365837541
0.407282910842888 2.96062429551223
0.400477982917936 3.46656241399233
0.406495657070535 3.00825040118543
0.401330660112982 3.40224165870005
0.405253847011696 3.09848226380911
0.406036177234845 3.05943581056143
0.402778303717213 3.30756909383562
0.400830832642454 3.46340211332327
0.409490235796963 2.77630329066826
0.404532815494875 3.15318309218264
0.403625135876326 3.23457972915032
0.397659805318339 3.6948354961742
0.401762765262894 3.33998894339928
0.402436941772908 3.32453232538006
0.400649040640304 3.45036655588823
0.401455788843 3.45729293022208
0.404733354265939 3.09697614199733
0.404625514036959 3.12714037909187
0.398435580342867 3.67179310657258
0.405911769842746 3.02316850710875
0.404246755642354 3.21693229596591
0.393833405708327 4.01561061922737
0.408532780518416 2.82221877427164
0.399873959770894 3.47654842914348
0.407951228312183 2.86067910138643
0.400061935646231 3.5220574476607
0.404252171509082 3.17102850966142
0.397867965440232 3.65129125709467
0.402573995571345 3.29436911904704
0.404309082214886 3.15292666577524
0.406178722112207 2.95677251649376
0.403921544271988 3.19909978068154
0.404538051683736 3.18197709669559
0.403158029316286 3.25883494436715
0.404338418969495 3.19389864630356
0.405164816506561 3.10481952954132
0.404847526566254 3.14163359178461
0.404314629599985 3.18048621810631
0.405480002578311 3.08272714366523
0.401709089588946 3.33730232519917
0.404796192692681 3.14079498603586
0.403963392526047 3.15888648149973
0.403780757955826 3.19156792050088
0.400856918936763 3.45679988904709
0.404392708177143 3.15544314628013
0.402397046792243 3.35175662303864
0.407885438531876 2.85650714114914
0.404747936456331 3.12270598774369
0.407380514536266 2.91194379755591
0.397709058342254 3.68975354949117
0.399481277644382 3.60218607650265
0.402284293511338 3.35664270380627
0.403232999511797 3.24634129948709
0.403630336500286 3.26436563777208
0.409416333118226 2.74749506846101
0.401419412460297 3.38932462632855
0.40301635859843 3.24927872267798
0.40149552449274 3.39017736218056
0.402399113124247 3.32439416426525
0.398614294644583 3.59087969701349
0.402660274698416 3.33339352474189
0.403697889426054 3.19928087109201
0.408287656232534 2.78194199903358
0.404333061560997 3.15955973778775
0.403290949200802 3.31244951309039
0.402249666570206 3.31609390240821
0.405177536874887 3.10077225420028
0.405448512118631 3.07605421936983
0.404185547000163 3.15048493397859
0.410684424643465 2.61687184648491
0.408403662436631 2.87405873477599
0.40895474201356 2.83149149702844
0.408532050384029 2.79908856366688
0.40093456502156 3.39831797873808
0.398050356322477 3.63256948275302
0.405786751556058 3.03234625912445
0.400174061743794 3.47848612160535
0.402899345995542 3.3040920976663
0.405707591269203 3.09107228206877
0.408710080852352 2.81851744472104
0.404253073364903 3.15248490962542
0.406538099341667 2.96024608242316
0.399608276927082 3.5682905749163
0.405096053508676 3.11123656904627
0.40445134356421 3.12551921371462
0.403524105808741 3.26998586508949
0.403124796887775 3.27996197199153
0.401599136642266 3.36026228170779
0.401664543217702 3.41316918202016
0.407536526817334 2.87119459040471
0.412058533029755 2.5817948792548
0.405487992820935 3.07731682558734
0.400489544590631 3.45445916588831
0.405875911334269 3.05049834992571
0.406222798659134 2.99700182369736
0.403111786502975 3.2682838525977
0.404517451137622 3.20186930389483
0.403648005533522 3.23075056483382
0.400372542316468 3.51128535357841
0.41057217471356 2.64068202141841
0.400823976256772 3.43473727631752
0.405203622852541 3.06270225312619
0.40123040669361 3.44141820865128
0.404427791207878 3.17229076885861
0.401428023772187 3.41888331770137
0.410091956372564 2.73195391792005
0.403731449025652 3.19887574173013
0.403931207921148 3.20817653794579
0.402681857356604 3.25841283364195
0.403558928886551 3.27960003986807
0.399304485463383 3.59823171254447
0.398597284719888 3.66081765544199
0.405116384376911 3.09044635680928
0.404530347201153 3.14927307127664
0.410294622428166 2.72045359735345
0.409027642732745 2.73727007840417
0.410605609186191 2.67519223585466
0.403578102014558 3.1988162006857
0.400655770734865 3.44218549102378
0.405683098215056 3.05733972793571
0.40694338335985 2.90032504679338
0.40692097116211 2.95748196887099
0.397310890196233 3.7828279192367
0.407392872719783 2.88528673986997
0.401993038005718 3.38322350689337
0.404371763202499 3.17172251562463
0.40311210432809 3.24448745102426
0.402868386769093 3.24870215573486
0.400147626449311 3.4746526728383
0.406785875005032 2.99388381242279
0.400720013007322 3.42311949875406
0.407562331474897 2.90671899465591
0.405555414530248 3.01848914043236
0.401633720514877 3.40740149587447
0.407701216686952 2.8812444189444
0.40507788063145 3.08624185093317
0.408138821514099 2.85109779497565
0.402141031874878 3.40060944090158
0.403375205571269 3.23565647193697
0.404518960081713 3.1258301399218
0.401459659543789 3.39821747850098
0.410161353208482 2.68827983328974
0.407410461368412 2.93437640878172
0.406703409852957 2.9588076478636
0.405008531463902 3.1033859101966
0.403192681704752 3.24940636098818
0.407421375308796 2.89489462387066
0.404376360051086 3.17411604630616
0.404750776200512 3.1460703266476
0.401598703289644 3.39056906638618
0.396271060012748 3.78335757256187
0.404716391254184 3.099402071856
0.408164216667944 2.87797267314909
0.408565357979563 2.82720873886327
0.406004971688843 3.01348518854828
0.402133120617963 3.30587145551283
0.403055033158901 3.28477425628979
0.403159467613331 3.28494053343204
0.405289970935288 3.1139088500579
0.406936728933863 2.97437545047105
0.396332847334033 3.8456708959255
0.399069812775224 3.59549408278784
0.403212129293804 3.25652377757234
0.404150393342297 3.18974961764652
0.410835172686483 2.61980080532907
0.39894910585119 3.52511470056992
0.407437523095214 2.90706141935357
0.403696781183389 3.26721885448321
0.404294507501163 3.13625275793216
0.405618410419687 3.08152650450188
0.407766034727419 2.91961021510379
0.400143742930945 3.48782230507544
0.400735072759358 3.44409050834836
0.403829106808319 3.23017046501072
0.403968604037917 3.2214149145065
0.40975667831836 2.78055179105393
0.404694476118455 3.12669507033199
0.40175445627402 3.38163184955739
0.403098418529826 3.24196029128609
0.406012045067477 3.02831602977399
0.405861733307704 3.09882654225162
0.401484515091995 3.37599118661051
0.401559146363648 3.40230932835948
0.40259913219977 3.28121137060042
0.40795300100398 2.83665697793365
0.400579533822324 3.48002412044628
0.408757075418522 2.78374029433659
0.399270890149448 3.58860984553989
0.406809327013004 2.94651637763584
0.402414958428407 3.33660767529553
0.399114165005846 3.59956872346183
0.404863425654594 3.09061828892745
0.409584125113695 2.76831248213236
0.400851798774317 3.41243050789312
0.399189308658945 3.60730733799119
0.398227073822976 3.69610965038623
0.405191143752256 3.09444718893207
0.405815246001501 3.09486294750935
0.403110715076718 3.26339513425812
0.405407597003816 3.0660228574513
0.40735060816673 2.90127780673011
0.407197661942259 2.97774759108406
0.402887669936691 3.23215975212546
0.396903937018184 3.77129578108313
0.40166277813973 3.41529387359069
0.405353900669783 3.04243867563594
0.406277515680257 3.01586238627497
0.405190360100415 3.1018541721905
0.402405376219168 3.30979368207739
0.401536304198941 3.35154376030175
0.405947589981366 3.00997138420293
0.405789412787785 3.03940445203481
0.399489736364347 3.54121906769535
0.403326019398344 3.25124412913185
0.399255371274848 3.60355746509022
0.408948752177675 2.7760728192207
0.405760504438379 3.02548194507299
0.407177593392885 2.94226529206851
0.40605709084183 3.01108528793772
0.402331562996402 3.31399057552252
0.401438676977539 3.35149997564539
0.408465573675865 2.81566855945553
0.40517122482786 3.09077715815636
0.400664475911738 3.44928292899755
0.402835151785979 3.30030312001693
0.408256319016889 2.82391542105154
0.406605158270159 2.99937341276693
0.400062107934576 3.53948408036297
0.401109317696541 3.47094475972451
0.402525152474026 3.29866708671036
0.400855172725553 3.46366390914112
0.400895431306487 3.47124091943831
0.406760007055864 2.9741966805897
0.398782261815843 3.62062573062701
0.402320960485288 3.34520332628755
0.401603994731308 3.3747516106374
0.400836927362508 3.4322966125445
0.400994627470842 3.47799521046729
0.401306065438153 3.38331629456057
0.407638446298936 2.92573763948083
0.400577304496096 3.4303579551598
0.404699090560737 3.18868254654978
0.406507152907941 3.01976893638695
0.40477521198367 3.12267586343325
0.403461501172337 3.25057288536865
0.40270918659841 3.2739281281879
0.398683225631067 3.5833517183901
0.400434373837136 3.53777761669159
0.401833126413548 3.39573815359069
0.402878199390865 3.27077430152639
0.399746449118116 3.50425448360553
0.399278966977915 3.59551419430697
0.406204851340262 3.00264362677416
0.401437415132933 3.34930039178924
0.402153641702607 3.35579663100498
0.407692407620763 2.91266241353682
0.406129715995731 3.03277803396538
0.4063860468476 2.98540471042358
0.406066395223484 2.98930717448405
0.404642604723717 3.17033110076844
0.407760827873265 2.89638892485128
0.401956772014266 3.31302733421099
0.400646860572605 3.43279129639076
0.410099173326493 2.72389526878727
0.401492013589196 3.3767264560495
0.408348314279873 2.85432761249997
0.401367103636719 3.45670522049596
0.405170280089258 3.0977396613221
0.407286888169364 2.93844722159064
0.405279344918546 3.08711865726609
0.405505062121113 3.0714463053649
0.406428045500287 2.98824064779684
0.403336724062602 3.26721091778598
0.405730618976687 3.07558867939639
0.406634922634556 3.00367915096852
0.407669862710258 2.89306574300224
0.404515855115836 3.15891916446569
0.402158307177199 3.31288753099746
0.411540039044135 2.61179239685873
0.405290671278172 3.0969043967568
0.399718432856862 3.50724552269543
0.402516590660272 3.28135956838566
0.412412441699276 2.52726768705361
0.405863425751234 3.04093101940937
0.408278730374255 2.8194167974471
0.408535111390315 2.77758679451673
0.402314592554831 3.32313655158175
0.40586939019696 3.04761246362964
0.403773652479457 3.23374804573636
0.399410464640696 3.59269027951737
0.40656322554289 2.98910152375955
0.406435794581022 2.99287798253132
0.405330500239165 3.09339323953691
0.399068699373016 3.61494820326587
0.405320952677922 3.12806539159776
0.404796201891703 3.12153325082023
0.409219747308189 2.76491575164936
0.402491140030523 3.35730340017098
0.40193756976473 3.37134610511848
0.402453261261205 3.32025275200103
0.408697944316965 2.82480116636844
0.405027460147157 3.0852782029396
0.403011066001302 3.32935111678139
0.408215463069119 2.86992515858416
0.401843868448847 3.41317698586319
0.394454147853242 3.95290310897118
0.402015256593401 3.33873481287896
0.401729935717464 3.37721240377447
0.402983185835155 3.16291656094003
0.402820573009375 3.30783081810783
0.404601247858665 3.19694373895976
0.399536288944167 3.52812742488087
0.404029587358943 3.20767019473447
0.406700653898221 2.94241970433054
0.40028646742549 3.45992572246962
0.400662566003259 3.47581860968262
0.40024824498824 3.47847521858171
0.401036491221279 3.47398956435114
0.400569627797637 3.437515008384
0.401692689117838 3.33106008751391
0.401791001402367 3.38758937398166
0.402943351784776 3.24478767750837
0.401974022940841 3.34747058538206
0.39941101648834 3.53175162230791
0.405068604830625 3.1210107825841
0.400253022760332 3.48784389556281
0.407900285067365 2.88442687118992
0.399206428252792 3.58071071782241
0.407334360024724 2.9268577396919
0.399023275147019 3.61770791802578
0.402651405118589 3.26509879957794
0.397713423104784 3.7172576967405
0.404426417684243 3.13794446768922
0.400402906878836 3.46117775281289
0.406338429304222 3.0172425067142
0.402958657908315 3.29335986327468
0.410652684430401 2.64698461175185
0.403863559802586 3.18867418664105
0.407369633153541 2.9383633761149
0.408816653308795 2.77090261325076
0.402333459696059 3.31497986420321
0.407639107258107 2.88589561820543
0.402064270795251 3.32028025841098
0.399972367590903 3.50598038152118
0.403094874562069 3.25224571531177
0.400421877316914 3.4957348889285
0.403101727916157 3.2483745452939
0.402906090466513 3.28658676189164
0.400211308425029 3.50420975289306
0.404998432980118 3.14443679666975
0.397194218508389 3.74415835192367
0.405411643783769 3.09637471538393
0.405272042350431 3.08280571816123
0.407129806062491 2.95517097051028
0.405848344402809 3.0488947986689
0.401583793309968 3.39287121301951
0.401693075241944 3.35644922024819
0.405356647151391 3.06795644803089
0.408782916609975 2.74674659191697
0.40431395969349 3.14330754406082
0.408111119703634 2.91851886189986
0.404096410320103 3.21438884761872
0.40215129382481 3.35232948237912
0.410802716258087 2.60279745483985
0.400375930555334 3.49414530749838
0.409494994828666 2.7570131555512
0.406873610434568 2.93268526665063
0.402470541394901 3.30204311539987
0.404291543488726 3.17744508577335
0.401610035124374 3.38378231789171
0.397650820419047 3.71698654718511
0.406138179166812 3.02178673143275
0.404203214235768 3.18811149154802
0.406581746916663 2.93824637888999
0.399099852386755 3.59378898812658
0.404188950627139 3.21564464371203
0.403896806504819 3.21194146296981
0.402831838758001 3.31351189457629
0.410799560820769 2.67374754608205
0.403613627043459 3.24555264811693
0.408116582494675 2.80096961236238
0.405537057592147 3.04446342231308
0.408342510133534 2.84611310671025
0.406050543657396 3.00019547780514
0.405203289223027 3.11666117169448
0.407522768857348 2.90654950368181
0.411490577735849 2.57522292989739
0.395411902389496 3.86322703825822
0.398166329423647 3.64219911223824
0.404176883275963 3.18918449084608
0.404881370740646 3.12945450102325
0.40328482548953 3.25088230481937
0.400087881886419 3.51397915192695
0.400608758011566 3.44180167736784
0.407713637088623 2.90572000569072
0.400250676295405 3.4285020737163
0.410794812240687 2.62856310309398
0.405261418637228 3.13450806869941
0.403172669607928 3.2185803105845
0.395706440478743 3.819265881029
0.400849065308944 3.46729654374282
0.401988987868837 3.30360810713218
0.397691774763615 3.71309838824766
0.400535679132191 3.46821074737065
0.401931561552299 3.34929908848134
0.405160823920252 3.09470593031009
0.402279238460525 3.31453215079691
0.406691478696926 2.9523661334985
0.404834949784056 3.13565830868177
0.398560501196169 3.6179926703355
0.407970275817404 2.90587958687654
0.406568882984295 3.01456034240366
0.398868136861531 3.60203733903482
0.403671541548558 3.2047345465778
0.404233512731167 3.21665034117358
0.400733694071778 3.43484580830902
0.402451190763893 3.32105033977104
0.403618194100397 3.25221629673514
0.396176742482918 3.82673023157769
0.402643879360107 3.35591226872942
0.407725308621085 2.9525603614617
0.396061591793482 3.87572367592594
0.402412559798593 3.31241581025576
0.405358738812378 3.1734211454021
0.406617948451566 2.98048439784079
0.397765589150662 3.64792232372048
0.402765309586004 3.33857499116789
0.401093082040237 3.44448904839138
0.404621583342928 3.1168994765613
0.404559775592313 3.15153477722023
0.401429291489588 3.41439541044547
0.402865621550362 3.317516339222
0.400635953831523 3.46498850728612
0.397938346770747 3.68693572656049
0.404571234403365 3.09980930041227
0.40587564484032 3.0250516011199
0.404767070725291 3.09580321274438
0.40168174471076 3.3483551900956
0.406407430110087 2.95970957388231
0.401058403657118 3.39858281252231
0.406216191403302 3.06932108122264
0.402303573777863 3.30346250786999
0.407472604526064 2.90648916903368
0.410341026329208 2.70184000925085
0.401544443233442 3.39455427603212
0.403220857140169 3.23472070337696
0.406306773730197 2.99728717753483
0.400301099869011 3.5033860617191
0.403103250076537 3.26450979062422
0.40299731933099 3.28471717342293
0.403768913187077 3.17808438353935
0.402097048811656 3.3648660395898
0.408337896763668 2.84835498580153
0.406065981393513 3.04999958793298
0.404428661357737 3.17186692445909
0.404520474699571 3.16584055137567
0.408029446650369 2.89438398506415
0.401717629549073 3.3362801932849
0.405795628230177 3.0558211730524
0.406460422365048 3.01355778766222
0.404665639671712 3.10843019417386
0.407716991761522 2.87807754497073
0.406664375473177 2.99888101043781
0.400698734732531 3.42103181397284
0.400214900752539 3.4735138110949
0.402456449443893 3.32749663407765
0.397064555594675 3.74487386748576
0.40240992558877 3.35576940040651
0.403657822290743 3.20219413966864
0.402763516830161 3.33243430010493
0.405560212260902 3.07496733596668
0.409895304812642 2.70001778880508
0.404945936304746 3.13072231889761
0.404300191458433 3.19663347852545
0.407862163326148 2.90399031551528
0.406081134900519 3.01753691942891
0.407293150358768 2.91848475409756
0.399013861850635 3.59518330216787
0.405736788013976 3.0101118541548
0.404708356984854 3.13340915730168
0.405269663655054 3.10272120216868
0.404955739918423 3.11267807174949
0.407231207711329 2.92296369144415
0.402767315763111 3.28559283246641
0.406087854166152 3.04880721795861
0.403209104120988 3.25250417698251
0.405339576040626 3.08534325233859
0.401334352533537 3.44239905978037
0.400356697772365 3.50893556324215
0.402820701544977 3.2815329141238
0.406678265981715 2.97640596724499
0.409498542524483 2.70728043830589
0.405724017554899 3.01268702979908
0.405076736882088 3.14437852404609
0.403539049939325 3.18571527238247
0.407272146131461 2.93873002390375
0.406820959078508 2.95654935244036
0.408477047426289 2.8402377223289
0.400094880154506 3.55534718971687
0.402760415953767 3.32569493933169
0.402985945294619 3.26051397668562
0.397630471834528 3.66445350737568
0.40091608973613 3.45937683200912
0.402444951786781 3.35261315722653
0.404190808105001 3.18214222070101
0.398941611989089 3.61172273665956
0.403110294828573 3.23797537125565
0.399340352624825 3.58443132997167
0.403313822096239 3.28481749401622
0.404753581242657 3.09159094081761
0.406031734535698 3.02131282141408
0.402177472047299 3.33081922255517
0.40316145791544 3.23675656724084
0.40859376773851 2.78391335609113
0.408663245213379 2.84471140296581
0.4003650394725 3.46717738177766
0.404998259542248 3.11953816088895
0.406155589257919 3.06796769600154
0.403627814161099 3.25650165056218
0.403530408964643 3.26424849741488
0.409943975529113 2.72916984339765
0.404552212849396 3.13170839626083
0.406782330589793 2.9675389619646
0.403891333220824 3.22703707893095
0.408190812045792 2.86283056997351
0.405546106609223 3.08239580376159
0.402715974150298 3.2798329248921
0.407899145007281 2.8564510243047
0.405654977035433 3.02655046565875
0.40497760463251 3.08348579845848
0.405145817635416 3.13205176861073
0.404196813210968 3.1770079547408
0.402249001085822 3.35381028864997
0.398693215992655 3.6410644663288
0.406670555839746 2.95756267683872
0.397050780973124 3.74558843814084
0.409603193709578 2.71945059870232
0.406275918053841 3.01747924451093
0.401360307112482 3.42498130309271
0.402663009644491 3.34123907524165
0.405233343971319 3.09808846895572
0.404952434538487 3.15619335378258
0.405634504460598 3.05295384992825
0.405656818128493 3.07199286828371
0.406995320065788 2.91227888857789
0.403383736487719 3.20624746831881
0.401453294137898 3.41144507366559
0.411725514638038 2.57392035152817
0.404725754892682 3.09449769386435
0.4007064346936 3.40076240790242
0.403893827500045 3.21320551387017
0.397455304017849 3.7330159305276
0.406993535766671 2.98834610352324
0.404649788267307 3.17143303068695
0.399896330019682 3.5081457203077
0.402876167708915 3.28022581054169
0.406702879379757 2.95034860594928
0.399755435717617 3.5602959278557
0.404552276287326 3.14076074511056
0.40739303874512 2.95445471762949
0.405885211983421 3.02307590848658
0.402091198766261 3.38238363053225
0.408354061902462 2.83100906386712
0.406182016598197 2.98043071409473
0.399482100214161 3.5025891393008
0.401005346415109 3.42337072615062
0.404185584442755 3.19435343132938
0.400561213450676 3.51658011190446
0.402341024960002 3.33801056391374
0.403427648051576 3.27857820476257
0.407848060351876 2.90165868239744
0.401693871199166 3.38678508401695
0.411202540010801 2.60648305832085
0.403260748368032 3.19862197838735
0.405836460364424 3.06103882435925
0.403744670430369 3.23458518413129
0.405651930441998 3.03631695015818
0.40137929091938 3.41128005199419
0.404701822516915 3.12641917272994
0.402636273171639 3.34271509936089
0.402940784783722 3.31542611412319
0.404662526883291 3.11266119658433
0.400136211040612 3.48867623384504
0.405421732520334 3.05310559289383
0.405547691383297 3.07035247964087
0.404434576468457 3.1444865989819
0.405993705089683 3.03417509572581
0.407228969435834 2.94153995888788
0.402062170730669 3.32526590120589
0.403952321777601 3.19823109318364
0.408315273902075 2.86592728285456
0.399539456630588 3.57655180467167
0.407936794605026 2.86110564649402
0.40697818164576 2.96515327566417
0.405310678074121 3.12831336881135
0.397267662565717 3.6946852790836
0.406103581396298 3.0420897292547
0.40431890221033 3.19315999866272
0.401844347180219 3.35320533431187
0.405607231815127 3.08677071738281
0.408895008625127 2.79226370081507
0.398389347990517 3.65676479192444
0.401174372432489 3.39935701704718
0.393557613441274 4.06414611280217
0.404686978944976 3.13648803193458
0.408664314032082 2.82395455920641
0.406189220575852 3.01473890538468
0.405300930327772 3.10257329670722
0.402091082806585 3.32410925793607
0.402012892256669 3.34035115192746
0.402908684109755 3.31267532593731
0.403436701865967 3.28859863029086
0.404622806500736 3.17114217140635
0.404585113792099 3.15506817243527
0.408432891074682 2.82211366510554
0.406947585505549 2.93968036089019
0.407119995625991 2.90407460844233
0.401487032040781 3.40911445458155
0.402141205040751 3.34105884994837
0.401060756370038 3.43210112530219
0.408471913794068 2.82562436184146
0.404972627122813 3.11356351471481
0.407464300397407 2.92196921808035
0.403069143126535 3.25328540315301
0.407685155189559 2.89550010170324
0.407485638849131 2.89226832608324
0.400589100266684 3.52410869424686
0.405963269246824 3.02825525023436
0.404756461729575 3.08499329378989
0.40223941653686 3.36652329733159
0.403145815106902 3.26705435171136
0.405195945042502 3.06959928221813
0.406013677538286 3.06196883833466
0.405488591221393 3.05782411717759
0.399777842155053 3.55126841914074
0.406419307607788 2.98235033902517
0.409277825244511 2.8295290610663
0.403755518121839 3.25139495462321
0.400852485363457 3.46567139460784
0.408635232717594 2.79066995730426
0.39811938774283 3.63607908636473
0.408879940153262 2.79503187981027
0.405753010884681 3.04960552439411
0.400919412932092 3.45963169534877
0.400980710505836 3.41190177134597
0.408706965178058 2.85120393484574
0.405953607053795 3.00553307574371
0.406800281620117 2.99201384598456
0.402869796460986 3.23924779051226
0.400876884772702 3.47516932610167
0.399342829288761 3.60082699337467
0.405449766671409 3.05376720723365
0.407928826496827 2.8489619299705
0.407309294072811 2.91492475448179
0.402819341885224 3.28807987232895
0.399838526812178 3.51678308949317
0.400595667966013 3.50242061812104
0.396893931158468 3.75590883812042
0.398662721547643 3.60738699726299
0.403321853783684 3.28143000895901
0.405439192977181 3.07886909788729
0.406933743027034 2.94113289560755
0.40893029893222 2.8355910908608
0.399226025521379 3.53975576671697
0.4037958479736 3.20662555907767
0.400672703697057 3.48038978546466
0.403574374313061 3.22388114188301
0.407200115526631 2.93355746461918
0.408430939150923 2.82607073318785
0.407582019068194 2.88932659049704
0.407503207312307 2.86528387155773
0.406680440711969 2.92765052491166
0.400489593597726 3.51432596621045
0.402014011228044 3.38138691331564
0.402649570891887 3.29272722274168
0.400724566051091 3.45069202305791
0.400692344719434 3.46587385318204
0.401747172261319 3.38127574493359
0.406198732409751 2.95683011050083
0.405530217171552 3.0058486030258
0.399916324941466 3.50816541471838
0.408706704077601 2.76950365638151
0.399529571315391 3.57142762474658
0.4050380485365 3.1120510118005
0.408296356251945 2.81103675851075
0.408741661581038 2.84021476702023
0.408270941831537 2.84951075063762
0.403476885758081 3.18594061528815
0.406047897275748 3.02626288964462
0.404657797914596 3.12052174228994
0.407134763064134 2.93914356905606
0.408128958823983 2.89197516125438
0.400427658836193 3.51045854623826
0.402673701791345 3.2659270794215
0.404352741748192 3.13475367076168
0.405395921445996 3.11224400459664
0.406557905537244 2.97976135976466
0.406206621839216 3.02524093165166
0.401102631626764 3.40799939404797
0.401963991238071 3.35514503655403
0.402127653648195 3.3796945100406
0.399423154331875 3.58828926052293
0.403141964834156 3.27812870537669
0.40562722329952 3.01283345511508
0.407023017847964 2.94234367604975
0.403384393228997 3.25963266007803
0.403907986302579 3.20495647862484
0.406534278820473 2.99567844419295
0.403163535974314 3.31092116194208
0.405303726963573 3.0544746622219
0.402937259505339 3.26287920148708
0.404202692065947 3.22841436128301
0.40173371056973 3.38554773602699
0.404796837016419 3.1242515183718
0.401783695013271 3.36378320487857
0.402224958339959 3.34415030585721
0.403983649752842 3.15086849970079
0.408343843403854 2.83150336108301
0.401789300150218 3.39958043550429
0.403866537277805 3.26258919841244
0.401786661553999 3.37728030795937
0.403951552223523 3.14473350757862
0.396638506719506 3.76184207977878
0.404742194596397 3.13588098981055
0.400183753467265 3.48964041277888
0.403562417811024 3.18770530941058
0.402344137694947 3.27466041957187
0.40123030141377 3.37255668066926
0.405993283852183 3.02699622895693
0.40529685304673 3.06818962712785
0.400930407053653 3.41634628352227
0.406819975989399 2.9549124367719
0.399681505933295 3.52023890104789
0.407829106794917 2.82271838350922
0.40710178743052 2.93872278034157
0.403827817082287 3.20656564831169
0.401378312939444 3.47508070471965
0.403245350090617 3.29424106337429
0.401873542757105 3.42806124769174
0.39983999032449 3.55241957207993
0.402976132938304 3.28851286334089
0.402543921823987 3.31058424906947
0.405633367252406 3.027703642589
0.398938528268504 3.59577409802241
0.40052108342708 3.44219776636649
0.404547803263359 3.1520718270896
0.398862535672147 3.59567173773385
0.407777886931956 2.94890216698385
0.400822408780729 3.4633562174468
0.407195840886239 2.90669640422916
0.400218844629256 3.48917494920155
0.401028686051002 3.42319934477938
0.401744523078295 3.36803379565279
0.409182298331383 2.75712236142644
0.405378891951697 3.03820138868445
0.407294770284926 2.94891175115302
0.408398125888043 2.83065194093845
0.407410110268899 2.93436107197339
0.403123110433149 3.24864627009989
0.402172132235977 3.31690983151884
0.402481649677185 3.31435660749935
0.406685683611426 2.96784808215105
0.401942402216905 3.4390285358665
0.405315254249533 3.04167503587225
0.401157844776012 3.42525589452528
0.406379043029885 3.00618293048008
0.403091177651448 3.22772725417415
0.404642633126049 3.17323558995066
0.398657848749183 3.63001572456693
0.399243569746148 3.61446130307618
0.405742733218272 3.05404616132276
0.403737637448039 3.20378868638917
0.401724497113974 3.38281858449224
0.405082694764397 3.12662598882872
0.406595172749529 2.95720003887246
0.40187193882493 3.3824064387835
0.410394853534493 2.69559293554456
0.401486710148109 3.43235231835713
0.401098139730935 3.42881740718813
0.404854054281294 3.07111962336568
0.405397904223583 3.04180270721047
0.407586309753277 2.95945232761578
0.399800894383155 3.50520823553816
0.400542180960523 3.42561919851914
0.405335709709138 3.11106321969666
0.401828988997503 3.35643141030026
0.40718269471504 2.92107004080933
0.401881993374313 3.38392639841995
0.404660956953695 3.15751633280989
0.401064611257133 3.41931282293507
0.398900280328327 3.5856694539842
0.404495047496468 3.17458529746392
0.402991266848811 3.26399035806779
0.406793572271325 2.94587869517913
0.407120536423163 2.97028110256935
0.408803124584389 2.78532341541422
0.401976044292506 3.31106189561683
0.403179850673064 3.26547437214177
0.399743021314183 3.54791769420775
0.40765829379633 2.87608690368855
0.397599169709431 3.74257204558018
0.406133071352959 3.02115676885244
0.405480667704062 3.06951657050469
0.405521953503565 3.04285007547715
0.40087861486725 3.40713574707001
0.400465999470398 3.511756304021
0.404529981383404 3.1635274719207
0.408793529904505 2.78702536829579
0.399299474223273 3.61992261026557
0.405203775950066 3.1125626507883
0.407552937159573 2.92537324578966
0.404957050201661 3.11662582461698
0.403389658165121 3.22829283696889
0.412376023965787 2.52283700213824
0.409195930602093 2.78686482833256
0.39952580780403 3.5734987180958
0.402833394371637 3.29132963728853
0.405516481751462 3.00525323958484
0.407505749573018 2.90900235599443
0.41263624003041 2.52234431073995
0.402008472130367 3.37594983010939
0.40370887239252 3.23485957870793
0.404472512243102 3.16722877553637
0.405814956303862 3.01508388753675
0.403601750340437 3.21609718148925
0.407734587786726 2.84087796340258
0.402162980152223 3.36923676656867
0.402558058386647 3.32411615066863
0.401919208012962 3.40385309513676
0.402711224652382 3.26852425896272
0.403710917577326 3.20452062504594
0.400860149453805 3.44929335676284
0.406505025453501 2.94020126715995
0.403769182318624 3.20625219928187
0.40897538328174 2.81408305126866
0.403858686250737 3.20772991000182
0.402841098770358 3.28687781431977
0.400255093748352 3.51434059704188
0.407778077442974 2.86406509685676
0.400823782536603 3.43523893761243
0.404781214630813 3.1273501894908
0.40609451367898 3.06991595261105
0.408188539827092 2.83060190449698
0.40960676774418 2.7599741315364
0.399665025100513 3.55121112288002
0.404633461085397 3.11972983546359
0.40244715669182 3.27136784645618
0.401046299500584 3.43896620826693
0.407188223980871 2.93376778838462
0.405395420902401 3.07913928949178
0.40656758878449 2.96985595511064
0.402077392453174 3.3445482618671
0.40277577395053 3.29484645286982
0.40604001200865 3.04705034087335
0.3985550434908 3.66026830177032
0.404617040623861 3.14037162499393
0.402149607331005 3.3354302569193
0.402380186948706 3.3261461203226
0.407324402676858 2.89186179712978
0.405319980256005 3.10211970401392
0.403948201703364 3.22182661342963
0.399326876674251 3.50242621257427
0.409538412509962 2.72892461051321
0.406813834176314 2.98417487390536
0.404003328940143 3.19024730378402
0.402734354398028 3.27661744373402
0.407207499919823 2.95798377770058
0.401522244059917 3.38938793850901
0.404027321526265 3.1779978892516
0.39844586216287 3.65498001117398
0.402545406955902 3.28469940756331
0.398361030078455 3.67819411546409
0.408275299436146 2.81131394323548
0.405174600970461 3.06357095332409
0.412521005207372 2.49438396837549
0.406935714968709 2.9766480861344
0.401052318737689 3.45491945939539
0.401590734726315 3.39650658009947
0.40016260598385 3.45080588986116
0.403770852949607 3.19109505440996
0.408860357081839 2.79078664915551
0.40288267452134 3.24370498877887
0.400438447569067 3.47730855556727
0.404945799025623 3.10526121940501
0.407276233557617 2.96215203281826
0.406960922329797 2.95452289853175
0.404750904514372 3.15801874630463
0.407788746601807 2.91485865803941
0.408054768749726 2.79248175467107
0.408538017043628 2.78833657249922
0.405203168065065 3.09372856850889
0.411724184663894 2.56594358452039
0.399719619702497 3.52526637020637
0.404460453582637 3.15924666339563
0.407659946982656 2.89197351270559
0.404464628936768 3.12451589784778
0.400626873316638 3.46241934091177
0.40436502363376 3.09627884022166
0.402968714535796 3.22525600307874
0.40435366006326 3.17194398432093
0.405470959365704 3.09967373283632
0.406942706069497 2.9755342491472
0.406357080466802 3.00171403767701
0.405610752492674 3.04128858594371
0.409972632546762 2.70535499117305
0.4011175281904 3.40207388305942
0.405105518078498 3.12763845407157
0.409207839945102 2.75103081017597
0.406508186673119 2.97872609810432
0.402187250009094 3.35033768395629
0.407417554826021 2.90632481861127
0.406116070930811 2.99942702677196
0.402022917949445 3.33124602461752
0.407085402025714 2.95943175017857
0.405614047022424 3.0466900553505
0.406419332813057 2.99379451438069
0.396554306818706 3.76753372622538
0.407437963072524 2.93313669222047
0.402407553410851 3.31376370473075
0.409386103507134 2.72782420255765
0.406837930369276 3.00256513738683
0.401473950786652 3.39877875504196
0.404035622458142 3.24600432318187
0.405483146678602 3.09167607481494
0.4043911044298 3.19005891885285
0.399954705680761 3.43624737148804
0.403203563223623 3.24867962256149
0.404268979945024 3.19080225559993
0.401386724723164 3.37958556504344
0.40046128780786 3.46161217882268
0.401544764405627 3.36499932855824
0.406549556335994 2.99947529130213
0.408030390906979 2.83758701091793
0.39929518738233 3.58300739771932
0.396439006809219 3.84553042059015
0.401969418292722 3.3145241383514
0.401660919136118 3.35981698527679
0.401629777876728 3.40092825671778
0.401925866292622 3.35706996174702
0.400114094135713 3.47733334364161
0.397769932922181 3.68578606429404
0.406435332635207 2.97728621304496
0.401713410834788 3.40226552315334
0.400397795006167 3.46685383412835
0.409816599081166 2.67741809862639
0.399960963398539 3.54453503502384
0.397060422940573 3.73074330203736
0.401095294379918 3.41405045204507
0.404806114682041 3.14776271719736
0.406173381083013 3.01598272428392
0.406243314891078 2.99184423082982
0.402150193734 3.34871711167108
0.400621933889485 3.42642886183482
0.402177952743351 3.34381777848856
0.399103348874668 3.51541810093124
0.40650550610447 3.00624219340675
0.39973915525548 3.56222768223125
0.404294124300308 3.13479697676399
0.400292783643858 3.42499141385153
0.402044072685752 3.40069239294146
0.402699938790946 3.33559280113938
0.404137659254122 3.18052259942931
0.404693932575683 3.14226497260004
0.402561911894763 3.33985476293431
0.405535176483489 3.11342251243941
0.402355963237429 3.33724215598432
0.409629916780887 2.71457819158306
0.407712695339459 2.9198740995258
0.409117952765539 2.75477600829025
0.404220210301832 3.20230765929243
0.406180939046459 3.00978008502283
0.413113232365958 2.48220546259929
0.399622185837997 3.542002587981
0.401805400701447 3.35829370467888
0.402003782309344 3.35625626685135
0.40428285144249 3.14971361621362
0.409676353886264 2.75915821047527
0.406778090974087 2.95560936557742
0.406927008574723 2.95142530561289
0.397917146711763 3.69940341490859
0.399752414112052 3.53819700498615
0.400500864986588 3.47243826541053
0.405928262596583 3.0190408772669
0.405956183348445 3.03714697525112
0.406595163466642 3.01056523186615
0.404003479347056 3.18700445104082
0.405642773440806 3.08926368891984
0.404071560648858 3.18378642278676
0.405053513790417 3.12344398578107
0.40482059833512 3.16165774551796
0.404467824959626 3.17184118769946
0.406248557192779 3.01210095259336
0.399120577527672 3.59952061821466
0.397290337943397 3.79084122429266
0.402761515923767 3.27134931601295
0.405491673818673 3.08307169083941
0.400110243253184 3.48896322151683
0.404681983415183 3.14170544912494
0.405648871894467 3.0576644930021
0.401281276998866 3.39260128612134
0.396946291771032 3.79674301729772
0.405722749391202 3.05617720150843
0.401440542083605 3.38462377901102
0.403631196417429 3.19321957344532
0.404420102310942 3.15640392121297
0.40188666969241 3.34956214618132
0.404703533159769 3.17577835725278
0.400363512559476 3.50451456658894
0.405124066561848 3.08890536515131
0.409840932690494 2.7107283306582
0.402636499479012 3.27429627460518
0.3975928450623 3.7252699404869
0.401919455257383 3.428771918943
0.402269099360628 3.36797567793184
0.401999206279502 3.37856441842841
0.401383914191067 3.38172340605488
0.409568499609597 2.78516507068674
0.410615812638669 2.71202658416798
0.403063626660554 3.28269402820096
0.405312864935719 3.04997629357057
0.401456002169341 3.46900364602541
0.40539802846083 3.09599072554355
0.406417636414912 3.01468530871272
0.409306983207519 2.73984317712535
0.404042647168014 3.20182613545038
0.403271040170684 3.22412347731643
0.409164000766695 2.74987119088893
0.407812012890816 2.93812711881966
0.402048459615269 3.38809987304374
0.400703081132041 3.4695598899889
0.397667280421092 3.63488999013566
0.404727837335259 3.13181745672795
0.403526865631858 3.2127779404423
0.402734473271585 3.30479259106818
0.400898431661906 3.44692942515966
0.39313247830294 4.07648477701112
0.407562496824709 2.93446459796056
0.404704633647589 3.15637460486239
0.407492598834739 2.9082469822906
0.41056491395385 2.64371471476224
0.400331601691692 3.49127246380745
0.405352737438046 3.09360677916025
0.40100216765715 3.43276933316918
0.406579044055502 2.94492862168857
0.403619127286148 3.19791972826304
0.402904128432701 3.30335708740113
0.399849870367938 3.53589891501289
0.402687707499565 3.30006188842161
0.404316326651681 3.16524861254583
0.404276055536103 3.20319347628093
0.404615025425809 3.19188797284019
0.400870101965954 3.42601683950982
0.40791370155591 2.90803873494855
0.402607073507241 3.33782032747165
0.402456797034211 3.33867647460405
0.404693066527391 3.05919855702594
0.397020238363618 3.7871191617254
0.402638918830211 3.26050721733188
0.396891285631048 3.79371422105679
0.405498095237308 3.07263547656322
0.404289905420086 3.13714601011681
0.404540326161361 3.13524424784524
0.412473858471869 2.53662067562948
0.408582511853678 2.8053606343678
0.401966134409902 3.34161678914593
0.405195525840585 3.12522464095421
0.404048838206145 3.18891307193197
0.402722995002979 3.23294183525884
0.406177933399791 3.04703131102599
0.40170700823412 3.36364749625434
0.402019718623867 3.39115908184479
0.399627440758182 3.55248873977045
0.405533775571892 3.0591387112893
0.411876521520378 2.54808063229367
0.401719865517772 3.33810491474783
0.403655776159617 3.25354296417071
0.402094003430759 3.34723385152026
0.399130223139842 3.56423502315303
0.400792752015595 3.46584408385676
0.399761365201142 3.57295907041632
0.404526464337636 3.10409699150254
0.399012534084322 3.5792385639531
0.39656133547203 3.77552221209835
0.403948418509704 3.18330954454845
0.39847780990707 3.64714795011427
0.399702561244216 3.54254511575533
0.403352553857238 3.24054244436797
0.404307387296008 3.13543096372553
0.401888132767398 3.36904460431172
0.405832775328789 3.02996170430538
0.403878914466473 3.18485405887105
0.406314484072833 2.97626173812683
0.402623826584658 3.28464380325131
0.403332804941679 3.26521922667999
0.401231815182277 3.44285155972124
0.409267989359235 2.75638570470432
0.39636018061774 3.82299525269621
0.404100216945959 3.16388513806813
0.404660193217088 3.13781522185215
0.400925008574913 3.40320667874657
0.402928306311098 3.31616070337525
0.405283310384305 3.04704742562132
0.401943983141369 3.35802050779499
0.405445694952282 3.06489868395149
0.403250849492803 3.21928005833379
0.403479379648501 3.2647535026416
0.399973223480957 3.53830787031168
0.403579890805444 3.22485820258827
0.399540634309321 3.55434328456496
0.399790318150121 3.51040904054492
0.401760216700942 3.41521323617475
0.401416025492526 3.42849704422393
0.408792255327501 2.82010111843404
0.407239006578035 2.93652413981011
0.401138617666413 3.41464277730401
0.396325845734054 3.85267361896414
0.403760497547965 3.22828277257043
0.401296290580848 3.41177274626193
0.40644531953243 2.97106458267
0.406249559840631 2.95742265053133
0.403143138665292 3.26263707466289
0.40286425892755 3.30131484515526
0.406671058046815 2.96864938834599
0.405715289037559 3.07233311946578
0.406642532267633 2.98894282543358
0.404502089212449 3.14740543196277
0.403716205756209 3.21608664291476
0.403361791602592 3.25973036775874
0.408481138441384 2.83860200242984
0.401824033739891 3.32641181870345
0.398923500435864 3.63521774222449
0.403896582262389 3.22477087243916
0.403478844829223 3.23945748591746
0.402953713037752 3.30611839005639
0.409138444118152 2.82815075595921
0.402520441195908 3.30024589979219
0.401396232477068 3.4021644611392
0.403660693367846 3.18942708322937
0.402626760983884 3.32308797515707
0.4092508148628 2.7309269976232
0.409837870321612 2.72491870741724
0.39880025395192 3.58209057425795
0.407749395926201 2.92981735720569
0.400367949906568 3.50696944290536
0.407692839647081 2.87104283825709
0.405630920853556 3.08903557897576
0.401956848984366 3.38874321010823
0.407835801562866 2.88702988021816
0.400328967978109 3.50229709647967
0.400580777922292 3.51004090846776
0.403736074783472 3.20021181406078
0.404530961282554 3.13457637903491
0.403197984767855 3.26814536010366
0.396608306042533 3.79824843774692
0.39890054379971 3.61370192197487
0.407117534641215 2.93468886836525
0.404041075942071 3.19113985664873
0.404095126419364 3.20369682209615
0.406307757245006 3.00057323587898
0.405481112456179 3.0890129923861
0.406866462181123 2.98845015199794
0.399230015320721 3.56330375633589
0.402217099092166 3.3494852600609
0.3996413426279 3.55215569483812
0.407599176373678 2.84171857709304
0.403221267994522 3.26582508119249
0.406851461534443 2.96473972628306
0.397514345376395 3.68207753520638
0.397799370622931 3.66388625694611
0.405986946540406 3.02666129896774
0.395748463710814 3.84724339998925
0.40431216989206 3.13361016175965
0.403447491137096 3.23211786855847
0.401217653407219 3.39810475519606
0.4028686613055 3.28590472549476
0.407057322269019 2.99742396468293
0.404965098855626 3.12016097984895
0.40092298484275 3.42942384696693
0.40023151100432 3.5081148143506
0.406510546611641 2.97943726802679
0.400437259010838 3.44891734346861
0.405855836326624 3.02936072499023
0.401203066632134 3.40274771103758
0.399002692927391 3.62816434319747
0.403758496527521 3.21544938354286
0.401673751295193 3.414007574674
0.398170567505743 3.65232473463392
0.404597790500025 3.16528940971674
0.403657930496935 3.25477252644075
0.405531521680114 3.01411241655034
0.406006567584057 2.99962142504769
0.403955127423583 3.21178151893977
0.404957093273333 3.13953982299717
0.402607393081606 3.2678144293223
0.400202936040881 3.49595389797189
0.400019625522668 3.51398644684607
0.404301648448721 3.16808758535
0.403137643873134 3.2483963869624
0.404374248044543 3.17442785871351
0.406508658419571 2.93767468001725
0.408812091883045 2.84986320753373
0.401528343346176 3.34517092341039
0.396549046825252 3.78227569520887
0.406845315758401 2.95451300940049
0.402946470353771 3.30497995117678
0.400602321170626 3.45672704656075
0.402743410812785 3.26448463582584
0.405090296920332 3.04148486924081
0.403694358551785 3.21993395045762
0.407935461556657 2.83049246124454
0.398860397782067 3.60619795348027
0.40403177100859 3.15039777251613
0.408835076438602 2.81548773402518
0.410550252180138 2.64776306354178
0.404959060660944 3.12927307504776
0.398738466318941 3.61281801445197
0.397878926439541 3.68459281514527
0.398899586958406 3.5779314259308
0.39793433039996 3.66654293043227
0.404642465989266 3.13445869302127
0.407212307926689 2.9528835363231
0.40240952273328 3.37500006100946
0.406888631880016 2.94863412658617
0.401058981678381 3.42470569179905
0.407642658374833 2.9245262943361
0.402713780617256 3.35783777827397
0.403859492290365 3.19808926383993
0.404500540788073 3.13607154452377
0.404132934351472 3.23009762362933
0.399287539303442 3.57027022931354
0.411105642154028 2.63631081725572
0.408593770657845 2.82576573541925
0.400655920107828 3.46659684245063
0.403712036415661 3.22087919367941
0.407320370996436 2.91517579017273
0.402956684864481 3.26316088228565
0.413427191336477 2.41010166298643
0.402562512427435 3.27015159161558
0.404354940337765 3.17416431896728
0.399788654757716 3.55998882191005
0.406491700034071 3.02934865469806
0.404856433154056 3.11339534943726
0.400351492507254 3.45700132244853
0.402066594600624 3.28995033629485
0.406609028859818 2.96123091941993
0.407112693744295 2.97825447490257
0.403672925131161 3.22135365666571
0.403512217261997 3.25329695262906
0.400570396054186 3.48125400160317
0.404703471218883 3.15065941770092
0.403831159060869 3.19871425456269
0.402155952924905 3.31827853382812
0.401320373607326 3.415074693952
0.4008673859296 3.47289438929252
0.403992412611799 3.20608912890949
0.402501224919543 3.30609615603563
0.404084007213954 3.18500264434988
0.404654207385611 3.14721070425978
0.401333458573489 3.44394974230857
0.399989185682495 3.53232706648711
0.408274855770546 2.86460871714878
0.405727033929014 3.03346764315112
0.395366484634316 3.88668672767597
0.40061001335905 3.47082344402957
0.405832460350938 3.07228372646599
0.404096899289622 3.22193572479908
0.404648745494571 3.12841722634172
0.401644066851494 3.38178187969542
0.405376141988137 3.1142298234397
0.398757835104596 3.60664187723521
0.405471492521109 3.0511176494477
0.400723661693033 3.4169937308151
0.401722329680527 3.38977160724292
0.402682697275385 3.31094701299684
0.402546362912279 3.31087249350464
0.406214525286729 2.97034300855361
0.400767759518068 3.47975505850928
0.402511075775894 3.33166190590389
0.406126091275771 3.01346424628037
0.403061137984022 3.27280914268972
0.408000484084586 2.85036956338604
0.402644269938408 3.33425662319143
0.40214941908483 3.36074260883043
0.406556646434168 2.94099705650687
0.406468990221428 2.95557796839633
0.402192904551052 3.31864962200902
0.407265508293292 2.92490096288751
0.408032365539004 2.86638447333501
0.40179397372382 3.3350543321741
0.398781370712989 3.63814574384662
0.404423864764501 3.18137179158801
0.406557033633277 3.04569853862128
0.399230933633835 3.56449440641129
0.405005070929871 3.06705231120137
0.403538394085175 3.22307612981125
0.407392040092749 2.90894775265555
0.393136342987439 4.06933483957457
0.400937324992656 3.4664497862831
0.404819311668122 3.13926734638517
0.403485471382745 3.23758062631708
0.401040209976445 3.49583849191682
0.40487848826124 3.10176723371116
0.402956315400687 3.25476860357921
0.403301467307774 3.23020853657751
0.403759350207399 3.24619378025173
0.400776574941957 3.41275196384243
0.401695587594813 3.40092915773697
0.401463046711638 3.40911783430042
0.398481588344396 3.61256058745171
0.401295097583622 3.44369130590925
0.406445838347795 2.99946828086503
0.401243607144873 3.41282405762453
0.409750953474626 2.73843484274039
0.405175792966575 3.08634838707078
0.40045593183079 3.54815577505387
0.401654455354879 3.37717957122667
0.407087993289084 2.94831000666659
0.405892260647546 2.99970526672131
0.409701838862259 2.7514748769709
0.400376979290326 3.45520978452243
0.405989873199681 3.01103526102004
0.400137030582738 3.50820584222228
0.399593887484052 3.51479217959974
0.401744141643742 3.36748318541607
0.400235982831885 3.50191576108388
0.403396792811627 3.22863874507688
0.399780279726754 3.48243333345563
0.404168746036528 3.15585165178686
0.403277459896426 3.25988310038814
0.407169762574743 2.92572741577323
0.404967839162928 3.14535845844756
0.408691450281485 2.77644207889419
0.40565014966438 3.09627080610934
0.40808862611617 2.82367923231258
0.401761721753267 3.35541316324714
0.404138752047072 3.2005442518349
0.411301371360442 2.65036924109076
0.402462506768416 3.32423060276581
0.401401296200003 3.39027737305337
0.399089561764246 3.61244598564434
0.40634124815313 2.9805814704396
0.396893479476808 3.73180301337083
0.398032176205062 3.66755976140209
0.40426992445045 3.18012754111516
0.402214065910932 3.31742556743266
0.411097537098544 2.60820429119095
0.405649569032133 3.05341005991867
0.408495715681131 2.78304780415778
0.401427275788725 3.40637465935944
0.405980990854529 3.03753491586098
0.401886983522804 3.35105572581464
0.399736766222851 3.54534237308784
0.403632822938724 3.23420268681318
0.401158212988131 3.43201559795441
0.406054916626876 3.03097453383807
0.398993910963698 3.61420393442797
0.408519387230755 2.80852440408386
0.409114816055158 2.7187319465599
0.403647114227771 3.19411643098636
0.403613676131739 3.22849409884192
0.403228116807343 3.2783747028627
0.403332516116388 3.21653152247203
0.401296503045971 3.41495140649922
0.405563154011621 3.06632838137487
0.40698124708264 2.94968329351939
0.401061709460357 3.41486231351173
0.401952856475286 3.32409673716079
0.402250223857704 3.30143105435624
0.398143818987177 3.62672933590166
0.400709436447497 3.4647434587033
0.399167276149316 3.60802801611034
0.399704738660692 3.52079319538453
0.405526322292628 3.03858483908654
0.401133614407966 3.36522452697402
0.402529534156678 3.32073547257025
0.405712489972546 3.06386683545607
0.396139146684527 3.83905978196433
0.407603229503286 2.96047722105277
0.410533584950089 2.66086727122605
0.408134671810598 2.8716048984614
0.400058051925621 3.50342437300018
0.403930037240865 3.2286615226743
0.400652694524316 3.45505885075902
0.405659033196029 3.05808546505532
0.405782365279768 3.06828726402767
0.399602230402002 3.52559373102306
0.403984966116654 3.2614586218324
0.406953770391775 2.94045861784246
0.399625242446032 3.55381082810698
0.403736011545952 3.21792504244288
0.404128376051556 3.17662644052164
0.400942580151667 3.4111003435528
0.407205057652862 2.934238601283
0.403632647810427 3.229478321361
0.407005199717871 2.9414592673253
0.408211023551434 2.86796246160181
0.398942795924093 3.59667300500518
0.4084183417606 2.80759734967084
0.404005251434031 3.21382128653575
0.40070734950141 3.45023486857173
