0.301680392271436 0.138350587941132
0.3038998855762 0.0771192379686145
0.306051331863397 0.0350139319377377
0.309516730443682 -0.0548554517497781
0.307451666735822 -0.00163541829164825
0.309506880753526 -0.0568008159245782
0.305530459502732 0.0486321317964954
0.308179164575833 -0.0270343151011046
0.306860105588607 0.00658534480729145
0.305243677081567 0.0564518381557198
0.305396926462975 0.0502469931075672
0.303614712454411 0.0976478901353263
0.305409255442864 0.0500659573299438
0.30934744907566 -0.0562252278201982
0.302608214756799 0.114106993791025
0.299853164366316 0.182546470253107
0.304123623988081 0.0866747453698753
0.306047020820455 0.0380297488671554
0.298715466703914 0.212328117210487
0.305370059664045 0.0444532396918201
0.304967779752687 0.054501638395461
0.30446520494266 0.0665583163682989
0.308505773200066 -0.0308536810530387
0.298964639174139 0.210235609927328
0.305520864402582 0.043658532006833
0.305299725312102 0.0514486189086406
0.306183357581984 0.0256178381390767
0.3089250838375 -0.0315621676508074
0.303664496575118 0.0883041471847628
0.305885353935889 0.0367284262055394
0.30755980546959 -0.00841279591236179
0.30336772077748 0.096671133713203
0.309524712984292 -0.0510162130807929
0.307983738391616 -0.0223262265124224
0.309134115426959 -0.0475944240597182
0.307633494656043 -0.00875956544521099
0.30343042559096 0.0920900243981948
0.305181703921483 0.0575290369564304
0.303745180585205 0.0883721437443498
0.305638856790517 0.0456404687971161
0.308811599966822 -0.03899845273995
0.304663560824813 0.0663805473759015
0.309745279922685 -0.0648819234259725
0.305687219398129 0.0451661357761316
0.309431946735401 -0.0558905653346833
0.298485668633254 0.225146571120529
0.299567496116412 0.194456512457607
0.312840699572638 -0.131312069073555
0.303261985049059 0.0994885489490828
0.306048809846901 0.0301065077936472
0.301395876822952 0.149048081666475
0.30817563264863 -0.028314977018235
0.306020383685539 0.0255015574644376
0.305009767099625 0.0598015138859378
0.309563133715591 -0.0480100217199096
0.303590302587588 0.0885354968210979
0.30366395977337 0.095924247865413
0.303233661648865 0.103515866589441
0.301981552033154 0.131980010749641
0.305685659271399 0.0472506507327956
0.298101596181441 0.233402015662601
0.303551553756078 0.0904330151835923
0.301563800757364 0.137905662554353
0.306698535428798 0.0194563835668039
0.303234715577724 0.101126372093771
0.30182819936176 0.138589769574859
0.301692766850911 0.145398133408108
0.304552790711539 0.0630359629154695
0.305379553324551 0.0479320817496687
0.306356609830035 0.0311307721320961
0.30349239934478 0.0847928384178548
0.306288398934859 0.0239266866210196
0.303280119404099 0.100542468959504
0.302387744318114 0.128163757250773
0.302824048708078 0.111210862555883
0.303959998874388 0.0846455776927935
0.302793355789242 0.115054389013716
0.306168993678244 0.0260248253316498
0.304899886532051 0.0645222282697297
0.30335205868251 0.099010316810002
0.299109008089076 0.202388029816861
0.301638982660201 0.142380238103619
0.307246972522033 0.00137464065989086
0.307008294041189 0.00317091200800846
0.309912107450481 -0.0656815790562257
0.305893053273698 0.0363693795587829
0.303976822415912 0.0859135795164505
0.307975455901386 -0.0136730328778043
0.314638559493703 -0.186054510509144
0.302411492315273 0.125604059525285
0.302121464958763 0.123581290343366
0.301362583053035 0.143733315519994
0.299969187121171 0.175552151506656
0.301985624777521 0.139804293169642
0.303354733109191 0.101545181129737
0.307817827330234 -0.0134906791055386
0.308306948813624 -0.0241979146721947
0.303915340697079 0.0891292025197149
0.301505824833875 0.146602945361986
0.303391525458708 0.0989357900184601
0.301923621234156 0.135005233393988
0.304188523785308 0.0801180406582697
0.304282317356908 0.083550539659645
0.304363033691901 0.0724562160167495
0.306843582217853 0.0122592496574358
0.310656837269296 -0.081723486708576
0.300050111528633 0.187985084702547
0.303248818562698 0.100635936442696
0.305375170448506 0.0465660489996504
0.303536472140761 0.0930311871962518
0.300805031265124 0.156810203638116
0.30671506025733 0.0163364465537412
0.302720644600304 0.106826768212891
0.30278846765032 0.121931517292861
0.3029207290674 0.108315301997169
0.301845989352969 0.146710529300914
0.30360408330979 0.0899116185347785
0.305201411466946 0.0586445748782013
0.308604219496804 -0.0328973166087821
0.305747955757776 0.0373403500635912
0.301219673191903 0.153981488933778
0.306429047557997 0.0253124521186769
0.306779033851321 0.0140377835152354
0.309636900302659 -0.0596364588993334
0.303538031523604 0.0919366844296147
0.304027977295444 0.0902624292469956
0.304581544487478 0.0604339813677304
0.303720819786188 0.0939193290357114
0.302777352597952 0.11150059396693
0.30801192781269 -0.0152169963714816
0.303384076109247 0.102853259412346
0.30088965341824 0.161830748775422
0.304590213007104 0.0678332076079566
0.306573501550552 0.0211003286633261
0.308504607941089 -0.0298800604278149
0.305754951403343 0.0391701005787814
0.310446006473942 -0.0738607258765622
0.301619574602432 0.142344882921985
0.302199669415805 0.129749682697445
0.306656256713808 0.00924663490910406
0.304568549235936 0.0661664770213715
0.304687816550035 0.0695253732629624
0.300586358344111 0.166184684972863
0.301570434925894 0.140156274933809
0.302548775876066 0.120453237841771
0.306399336509687 0.0211830115712064
0.307420632808751 0.0017111818783219
0.303170572285698 0.105345829421813
0.301450991827066 0.138792140782925
0.306437270001607 0.0272382337471191
0.302987639390437 0.112064200099656
0.30299532009905 0.111131839417585
0.305592772313312 0.0398154758458856
0.305178516564178 0.05676338722538
0.303138755505454 0.102126906533651
0.305657953035195 0.0354734953559413
0.308200172257312 -0.020773602220893
0.307247238592365 -0.00382957709001819
0.302477865269588 0.129351015842572
0.300867178337651 0.162964120993969
0.300884832408436 0.163771730264087
0.303763647553388 0.0913349659636624
0.303754513070152 0.0819679815229817
0.306166444226124 0.0282755165795985
0.303847610685523 0.0954575858767765
0.302038823495568 0.135309956709897
0.306571584791555 0.0213157978541386
0.305661776155075 0.0381064385498331
0.308023047054405 -0.0278523414950113
0.298684191181009 0.217098113377985
0.305790100661591 0.0402791537496789
0.2998461819242 0.190291341570787
0.304039458349494 0.0828036269884035
0.308043397525215 -0.0191401756367799
0.298681889390381 0.219381061807359
0.308589282996425 -0.0312409359392335
0.30181651748002 0.13111936219259
0.304893612222084 0.0677920521317346
0.299202084580812 0.204703969434685
0.312744777999664 -0.130260595692582
0.311404768521365 -0.100831802652801
0.303076788731091 0.104925638381544
0.313030733678871 -0.144165029596373
0.307306423845905 0.00990989026946747
0.304324168860767 0.0753781093174193
0.30737857442974 0.00362486153807349
0.306420994926242 0.0212108269523511
0.300838110849096 0.163905832360661
0.306928495120388 0.0152193654462685
0.299625960193406 0.19367388789438
0.304977689479737 0.0557856417912247
0.304152957696367 0.0818255210901613
0.306410520943506 0.0222892970081129
0.305831471172261 0.0320649795561937
0.304957206562967 0.0677590412830673
0.305180914148131 0.0500101586390861
0.305784940883917 0.041902701179774
0.307265971874126 -0.003041705131573
0.310224438909434 -0.0716003662028944
0.307152312614169 0.00032819111170504
0.307664679585825 -0.0120564513088205
0.310603185722699 -0.0770534348275579
0.308069864138601 -0.0202782132740511
0.30466267455923 0.0689005011317307
0.298901960061139 0.215031340101591
0.305406189656559 0.0477336977705526
0.30853574908611 -0.0305322115092569
0.302099174187964 0.126522511062886
0.299035988213942 0.209062881617445
0.308832765602049 -0.0434589518943918
0.315592878099058 -0.203359881376369
0.304321477042406 0.0846101869989251
0.300553190318732 0.17126362064299
0.307049938648845 0.00461631824149905
0.307120909786757 0.00176067087589408
0.30773234437726 -0.0200078775891592
0.303610547453821 0.0958808320936587
0.301644092528781 0.138790222153349
0.307261721863274 0.00867115067140062
0.299554055704944 0.201105327459143
0.306740749343725 0.00990720818569443
0.305368843456606 0.0453627537447775
0.311673099283737 -0.114587526541098
0.303174736453698 0.0987843126000535
0.304240648493467 0.0784483116181491
0.306347464548278 0.0246553343709824
0.30272490727261 0.114408847999891
0.300918219525703 0.155363938601763
0.308292573174605 -0.0239110210120448
0.303973154098484 0.0861735549809929
0.305012877662022 0.0551029839065184
0.303307434650479 0.106945234411224
0.306448226234749 0.0235474996313892
0.311298747818117 -0.0955075211993521
0.307307746419571 0.00728884665568132
0.305896822077377 0.0369174486441377
0.297437251352505 0.241847950669152
0.312112140278863 -0.122278424299423
0.299608814330251 0.19049094725477
0.30697288287645 0.010948743290591
0.301654901741662 0.14487963329635
0.310369417280295 -0.0783778137807348
0.305131832508046 0.0570720594977917
0.30715616302393 0.00274014990211691
0.307248086499633 -0.00199780959870527
0.307703912677474 -0.0120269435041295
0.306807175058082 0.0117588978020855
0.30791843082028 -0.00969344512072239
0.303541164676023 0.0938928725076224
0.299106742478942 0.208385474164616
0.303363350343601 0.101213410775289
0.302479523996634 0.11974328852958
0.310606165528536 -0.0865007506215468
0.303798819197667 0.0882101618412167
0.305826440805511 0.0306844786471503
0.308560830628297 -0.0288588613660536
0.307237617480404 0.00437790218422265
0.310868128447405 -0.0822950191785405
0.310213394029284 -0.0712933921303823
0.309076804987821 -0.0461046086145072
0.303927293799856 0.0831954486214944
0.302835573787206 0.109858381146951
0.302685154839706 0.116471460726344
0.30622996273591 0.0338253396572734
0.303354562207114 0.0899574217548151
0.303438503698965 0.0951241111349978
0.310544609533665 -0.0844935181503
0.304020167701915 0.0828989183882743
0.306552318343195 0.0236977428944292
0.301801554599911 0.142572516198979
0.304597573228807 0.0761514189297512
0.303174175443972 0.0996856973699605
0.309588626949487 -0.055807975963195
0.306458756903579 0.0304174138416312
0.311642211705088 -0.116073166559829
0.306551721031446 0.0226094444951094
0.304756701222176 0.0683657056534402
0.299422435744345 0.201572828676308
0.306006700823093 0.0324952157366368
0.301905945610467 0.137720463657872
0.301524041140572 0.145756980348696
0.307866390364499 -0.0122655128331043
0.30294003370983 0.110582392692109
0.304222658402684 0.082833156460195
0.30744920767825 -0.00360121241047032
0.309902517308783 -0.0625906371025033
0.305197230660325 0.0507603923672991
0.305610248146445 0.0474068839512988
0.304940501283335 0.0612512645987802
0.306269948294664 0.0276850970579543
0.309501461948239 -0.0571557469863021
0.309575221130988 -0.0566551171810954
0.306924789445956 0.0251910331522329
0.304778790088029 0.0609985808635234
0.305007238669386 0.0615401444257572
0.302393078704739 0.127552386767743
0.305517035738168 0.0498529575217648
0.305671617415079 0.0376414330334391
0.303754248926767 0.0850454349395302
0.302754383870755 0.11486144050218
0.307268508965357 0.00014932615980516
0.300608938127168 0.17029246289915
0.301415664390852 0.146234626089534
0.301849341808929 0.134438696741854
0.307835164918737 -0.0132955121853913
0.30303339027396 0.106498775752451
0.302122333691366 0.131264785292948
0.303264292308491 0.0959542766708157
0.304697239925675 0.0619852789730678
0.299233280548785 0.202779210672575
0.307079504715834 0.00480545335596817
0.313449251519782 -0.15279527152733
0.306181228378314 0.0279003796960841
0.310618955389364 -0.0842318402557565
0.303369649682922 0.10245582853435
0.303884324250856 0.0884535899296742
0.303096157349391 0.0971658877030879
0.30372644690465 0.0945644831601292
0.299172538816975 0.204373956583199
0.306718362320985 0.015567095305783
0.306230935372646 0.0243990106875896
0.306951637591735 0.00572859125988078
0.308071790092337 -0.0161763320377266
0.31003498751653 -0.0652539207547587
0.306731149748948 0.0196955531185626
0.305612114702301 0.040777249022847
0.304850817819538 0.0618548575524388
0.305524902065777 0.0526198171793497
0.307210652051092 0.0103097344510914
0.305451321712016 0.0465370657961437
0.303327138024796 0.103103964177715
0.306228358408271 0.0295738340219091
0.302570279550881 0.122405023171086
0.305373504433881 0.0554301731936916
0.306528562367854 0.0237199152743177
0.3079399161627 -0.0154497469882968
0.300372993562841 0.172069301157867
0.302467819158893 0.126376476977692
0.302175009440891 0.129726020859602
0.30814437954133 -0.023739372441028
0.311291422416015 -0.0945225138529877
0.311210604254366 -0.095241127343023
0.308061442814465 -0.0188546984587748
0.301721748107179 0.136698476860594
0.305099140725919 0.051715347002481
0.305541032372329 0.0432925629816388
0.301602746029136 0.136872887420766
0.306303243915515 0.0278343650886123
0.310152961161014 -0.0646473836126498
0.304054680531891 0.0860393260415463
0.304203684400787 0.0766193384952633
0.304008839319282 0.0870002040429485
0.306500599936706 0.0169781270925357
0.30528199427192 0.0490130296531603
0.304090397781733 0.0848220676795172
0.302061440204154 0.130106600533034
0.307682679119058 -0.0126095313734375
0.310512800861877 -0.0837580654399126
0.299382204855143 0.195136338267893
0.304192174634042 0.0816224006843374
0.308932679481512 -0.0422445095114282
0.307817680366399 -0.0153855286293814
0.308937310498617 -0.0438320453781821
0.303856427964392 0.0881827145339421
0.299533090531705 0.193844502337638
0.304376032772487 0.07841254760384
0.303958078788262 0.0925700006881004
0.301199345421253 0.147284327263227
0.305076616709035 0.0604064738582335
0.303559711058688 0.0891857064966145
0.298207900650364 0.232979757733928
0.300222008433299 0.189022041366704
0.311036373254738 -0.088841822819365
0.300601483709481 0.163653826110408
0.307712311743383 -0.0100337227853991
0.304648601360264 0.0591881969689539
0.300288768953663 0.179637406487768
0.303355626992917 0.0975998480187359
0.306243517002959 0.0269051336137914
0.304883098704216 0.0610613449740941
0.308755947400978 -0.036073281552291
0.302157959975731 0.13315047688325
0.300020027888542 0.187244832656232
0.305288086207561 0.0524052163608752
0.30848140760348 -0.0288868262024754
0.30129216938502 0.147943911733728
0.311263070063107 -0.0962816156595558
0.304303872424303 0.0752087666164818
0.304544840207372 0.0626047082786206
0.305690059956727 0.0437493281000211
0.303702661993023 0.0894487826837073
0.306290495176141 0.017371327682399
0.309477333977317 -0.0651402077851722
0.305955350099782 0.040982730249382
0.30521919653152 0.0575951714150809
0.308519042240573 -0.0302511729705487
0.303072246532796 0.100166397294251
0.306639966771868 0.0178683889331588
0.30172347948533 0.143719016732367
0.303294455713837 0.099987934224552
0.303501788948436 0.0904646498799747
0.306142006531136 0.0279571851981092
0.306641918728892 0.0204199196551948
0.307263217084558 -0.00524807170407271
0.303519912288789 0.0949722326988756
0.300480979379705 0.171602896430461
0.302295661973281 0.126991814677507
0.301460956854422 0.143858561352352
0.307067893881739 -9.91187648938796e-05
0.305083557373405 0.0554069670928057
0.308544041465184 -0.0281137561441873
0.305559970864334 0.0536834392834276
0.305297449772216 0.049580645586611
0.299772641672727 0.189709895760425
0.303102972036974 0.11047066876769
0.307650076479064 -0.00709537494022211
0.307288686240213 -0.00316566777165868
0.309172331531253 -0.0416560062317215
0.305147628733836 0.0553524221508503
0.309876413062442 -0.0674686715593931
0.304084956281585 0.0861478366644745
0.307978628849353 -0.0209914776045177
0.306448177888245 0.021044916586811
0.306523105508059 0.0221592660999083
0.304651030476824 0.0663639138402341
0.301235820291063 0.151508054634055
0.309238100793437 -0.0518792656675876
0.301107804079472 0.15681420669151
0.303139331546398 0.107004827666383
0.308747715312019 -0.032487764773353
0.304784322449352 0.0682290419583211
0.306546984465477 0.0201511529001505
0.302141334927668 0.133373661927432
0.309003324730914 -0.0463404281138726
0.302797513981109 0.112682332456496
0.303510001829587 0.0948018556055123
0.303745554569089 0.0876858096438544
0.309773323808663 -0.0629495526799922
0.30100910901108 0.157895169175203
0.309742641795443 -0.0619520445031561
0.306105414715454 0.0310947231653309
0.305038928967782 0.0593526635662388
0.303074577888992 0.103401830000533
0.307614954201227 -0.00996971261375826
0.308173083198129 -0.016778926101905
0.308947267665568 -0.038436712447798
0.310846825569523 -0.0904606803376562
0.30567850467045 0.0403870013601586
0.305361692196572 0.0524829095616287
0.303993826386446 0.0860621757868018
0.304656338126678 0.0675292809420317
0.301386800095061 0.156949723853924
0.305719859835551 0.0402781563444348
0.303359575388311 0.106857637537443
0.302284192825186 0.122504168516266
0.307235268414794 0.0110622322270806
0.306226379709534 0.0235017982888002
0.306562396585612 0.0142276149958128
0.310249096835129 -0.0785384555189849
0.307665492213078 -0.0134484189115009
0.305887586320122 0.0368536189183824
0.301019303079491 0.158927555963869
0.302984296598388 0.109437093603754
0.308736747503757 -0.0502109609451741
0.306652446987221 0.0185476703803286
0.302984698826974 0.104917498642703
0.302642663653203 0.126457655249132
0.304091217058943 0.0785574649584526
0.304762119158522 0.0566757653962641
0.303189410058906 0.106166668402898
0.311727578900205 -0.105556532167293
0.304141511352049 0.0789885433480879
0.304654330826851 0.071321540390443
0.300131392176205 0.175249474529232
0.303912337481917 0.0902711261666627
0.308823381986505 -0.0387062174835829
0.304871413731907 0.0540986071377354
0.31010440872673 -0.0722565838425453
0.302328797022229 0.135464508998551
0.308638728038974 -0.0283199579492325
0.30046284743145 0.168743235388117
0.305350243037739 0.0508049602382063
0.302124323319838 0.127364349780011
0.303327192574349 0.0993059485941795
0.306287647058672 0.0339766853719641
0.309080117704042 -0.0514229600062042
0.302953083852189 0.108146676579287
0.307900048848925 -0.0171768937072205
0.304050831708969 0.0848751343973467
0.308768650927703 -0.0350816192831383
0.3083146617954 -0.0289036909262628
0.299775737542367 0.18583826301457
0.30614094558022 0.0308441806007564
0.301348862921162 0.148003125331369
0.303326529882467 0.102160518890257
0.303935733048336 0.08266623161645
0.30979967682834 -0.0622461891422802
0.309063616930054 -0.0421996720849617
0.306318496036268 0.0181787213540318
0.302524035174906 0.120921243495657
0.303720633100588 0.0900902573668433
0.305445578644443 0.0417247628333194
0.305042134512464 0.0676159488407195
0.301501147713796 0.144078686910424
0.306110058354832 0.0300992038016298
0.305451503877824 0.0479689478728395
0.303365394435986 0.1045652787396
0.307507082150975 -0.00703761318534366
0.30259876315122 0.115597281013581
0.303613694120976 0.0949473124918656
0.307833423258609 -0.00685232398305308
0.303832654187257 0.0872082592256134
0.30527343813364 0.0552005759796284
0.304625496054806 0.0628566067654578
0.305089383366808 0.0577202180769461
0.304060617485631 0.0797092578507404
0.307897276458971 -0.0100085576769811
0.308136901796607 -0.0153754894782429
0.306149438878005 0.0187759347409128
0.303556817556318 0.0954509186328055
0.300779267865294 0.159946441607059
0.307747192106094 -0.0116392043554045
0.310306713812503 -0.0727642498518925
0.308032066789145 -0.015459119521661
0.306598095738362 0.0178703529975634
0.304652587060601 0.0750009782429225
0.299715974902895 0.188076427708138
0.302819932917273 0.11208002723794
0.312994522139023 -0.143729416628026
0.307599610396221 -0.00620155858981764
0.308495554901875 -0.0246754051990255
0.305490890606932 0.0477176854934156
0.301723680091484 0.143490153720457
0.307771639959247 -0.0165650720470893
0.306366687850383 0.0181904061236556
0.303221355606607 0.106713636883791
0.304347686730471 0.0696259245723075
0.302592852380486 0.120019473010178
0.304637532112648 0.0658478589262761
0.305273017739127 0.0527154123422534
0.303227733307002 0.0994162477368351
0.310075412524047 -0.0687513908676254
0.310007459895244 -0.066767700820534
0.304757671572062 0.06147885503742
0.301853748680191 0.134977008013747
0.303712270578162 0.087133464064023
0.307930023845451 -0.0161290881787906
0.301248560843351 0.148708860969767
0.309791803098647 -0.0594975250021953
0.303379656002578 0.103158644768911
0.309533703467035 -0.0581835000710918
0.308757459568054 -0.0350863820077812
0.302446224814498 0.120123628806013
0.30426727702493 0.0800191844932254
0.304259039647882 0.0743136971574109
0.30693589510628 0.00280175724859505
0.308343388463454 -0.0251157631602727
0.303680953184889 0.0949811922509787
0.307681490233706 -0.00901327928954974
0.299936371569991 0.189219103890034
0.305730882097495 0.0429558397977112
0.30571501756929 0.0371534854836767
0.303873628405585 0.0903762190454196
0.30541573026309 0.0483717370605494
0.303087521158371 0.10570142938531
0.302028458430671 0.128647527850826
0.305592165373468 0.0480620657305658
0.306645692186915 0.00778893569994085
0.303324422836698 0.0967530221962832
0.303759658861797 0.0876389012436584
0.301476522699189 0.147886456263301
0.306913080888778 0.00631566761528989
0.304814220040184 0.0608246635484581
0.305442862563493 0.0551877886232489
0.302796017100934 0.112995534788838
0.304532551903391 0.0640735402539486
0.312747079033101 -0.136219338262537
0.30529382103633 0.0547561634410963
0.306322088715574 0.0237122879481751
0.30912002536175 -0.0432307939339761
0.302398701781615 0.119469805222857
0.304463005647889 0.0738306972637354
0.305411261377291 0.0484151211969255
0.302226423109834 0.124497944850853
0.301074130153337 0.157649266546444
0.305691979629765 0.0448476867887534
0.303950509722433 0.0908331444008959
0.305102083785334 0.0564698945010611
0.306452854623013 0.0216582658043012
0.300679714066026 0.161448735593709
0.307167398854271 0.00550851273381422
0.307143621618286 -0.00243863507592391
0.29910135604693 0.201690718809904
0.306763599896604 0.0159431572778706
0.299249994252604 0.205104086853643
0.307555917929197 -0.00533369100827723
0.303304422168802 0.103302722633209
0.303702795707666 0.0845739510522764
0.307308368105755 0.00228109436606335
0.305708493912982 0.0395408317164249
0.3057596984612 0.0367743984502009
0.304465634581075 0.0650699510130866
0.305274335825787 0.0554081672630161
0.312970166976965 -0.137884983396661
0.308077524701846 -0.020866840523395
0.30457735194057 0.0664253525016594
0.304426346859159 0.074620119985827
0.312594127391775 -0.131654415211303
0.305650894549357 0.0446012106950029
0.312112418011428 -0.117629218674021
0.304500235784062 0.0708627217953625
0.306153980067326 0.0316754789974483
0.305929118565663 0.028230814212208
0.302306091130388 0.11763472068348
0.307614715911941 -0.00585750901554556
0.303267056378504 0.10782528960664
0.305381093162808 0.052632713473975
0.307592811532972 -0.00334434113650493
0.301963838393226 0.138530892322232
0.307495820030337 -0.0109828684297087
0.298379766958898 0.227157935828433
0.30007609425081 0.183998783478039
0.305149286200926 0.056663994116664
0.303612028173877 0.091401657215427
0.305622754562519 0.0473377049536147
0.303677892818904 0.092232988297193
0.309963705208702 -0.0638573255363642
0.303244076564362 0.0998796136259853
0.302977714324561 0.104509950547737
0.305351206719363 0.051555640985268
0.302016691494583 0.136207116159197
0.310640378743041 -0.0862305139158467
0.306283869910041 0.0286860248252773
0.305847436109426 0.0415139010783746
0.306566303683258 0.0123523981448552
0.310775631331143 -0.0888543707931297
0.308184301880984 -0.0222838684639557
0.298611637072618 0.220510063269992
0.30234786630941 0.128989713735789
0.305664782151976 0.0474675424101096
0.308671578757522 -0.0355891430302341
0.307409601690858 -7.40362195657263e-06
0.305946623861847 0.0402681997369252
0.302649534676256 0.115169715251292
0.305960217797991 0.0306398029168862
0.306564352666747 0.0176437518385638
0.305553724872693 0.0478466450407735
0.303306599542542 0.105055832803391
0.303374281501237 0.0951948275389747
0.300890109847474 0.154169886183274
0.30764083165455 -0.0118231829408934
0.30357200487379 0.0948677372839362
0.302726073695853 0.119995112035088
0.304233428797243 0.0726748991017734
0.301638379676101 0.135056573259809
0.30562282975338 0.0344481447647167
0.309614447096308 -0.0579133419118671
0.305521061252081 0.0481462312281511
0.305435375218613 0.0492081499871874
0.307591459434177 -0.00318674778993411
0.302653737007466 0.120521735181882
0.303733432394919 0.0951207539628957
0.304891951682753 0.0588082461195596
0.307035253276451 0.00729268349531646
0.309700958280698 -0.054266632962319
0.304366346042771 0.0714339404502565
0.305526538917198 0.0543544926715348
0.309550994845049 -0.0511839013610101
0.304073079785672 0.0833297265572852
0.304559555495803 0.0724927022033735
0.307219056871243 0.000565731224044068
0.302663193043237 0.109592104146613
0.30812022177882 -0.0179035375873018
0.302548164806233 0.119440244429841
0.304054293191491 0.094069577174464
0.303566129426669 0.09658026960852
0.31183655891476 -0.112824030278771
0.30662881219791 0.014324946407963
0.30456526105322 0.0671282714747923
0.3090604413437 -0.0451581286232425
0.301407715258356 0.149677788057474
0.311152155430818 -0.0914923093303231
0.30562948024485 0.0429733300842985
0.302379327688833 0.122078106062468
0.307962102799994 -0.01228396172395
0.306667801240213 0.0182158711489781
0.307901696479287 -0.0168249813217016
0.303461535916647 0.102788738981337
0.305946654175473 0.0273594320574482
0.308282517297513 -0.023095345796958
0.305557994077436 0.0404326993705088
0.311847285306669 -0.111213834594283
0.306624573622796 0.0190160546337627
0.30606468551397 0.0283353772844407
0.30616197256227 0.0315612230586002
0.300849537630612 0.154076125598114
0.301329467919818 0.153043803680342
0.302020384678846 0.133966444945512
0.309558766998574 -0.0574117074699194
0.30414618345306 0.0819097582340406
0.303028937994374 0.114750512370466
0.305977036391777 0.032463368593716
0.307073326851271 0.00634422374180962
0.307910632037776 -0.0196536315717087
0.304421681427515 0.072812807346795
0.305500398297166 0.0428252169418914
0.30351559858095 0.102152038164592
0.305487007720212 0.0477892216788355
0.309117563424303 -0.0466689451176258
0.304993470548961 0.0635644106526051
0.306415954801071 0.0204347903335996
0.304350601142912 0.0780343069453674
0.303643342193025 0.0970339140280667
0.309706418713583 -0.0611874707880049
0.305331066420494 0.0465187022420547
0.303017451996228 0.113411750684649
0.305687369088429 0.0412392187934476
0.299948128343608 0.189095736758811
0.305946226901857 0.036696330283948
0.306612459648583 0.0166868381015924
0.305077278189107 0.0570860042620582
0.310915691726544 -0.0896257192965929
0.306566173962747 0.0181535325795216
0.311279216266328 -0.0919524657348359
0.300774381072548 0.160493859406002
0.302464947152736 0.124117302427408
0.305070689867277 0.0625023468977874
0.308854934227325 -0.0377576236813523
0.306125623777155 0.0294355994647939
0.301336910633464 0.150405007043163
0.304748950502497 0.0526016627114092
0.304097265163878 0.0881721042689879
0.301649578475356 0.145879191841352
0.30506125105435 0.0576394281004243
0.303125861223113 0.103226713587092
0.309429813812449 -0.048276712008901
0.306077228656646 0.0287210715177798
0.309205285486362 -0.0488666078182416
0.300376283403142 0.167924396332119
0.30710249311002 0.0068023604878979
0.306045942479268 0.0318144573388399
0.305193302382709 0.0539135297124727
0.306008253532837 0.0320601518837383
0.30424751950169 0.0754630201918208
0.307659483316108 -0.0141111655782008
0.305144572359976 0.0519816366905515
0.308547450064305 -0.0311534750814772
0.30707835052132 0.00495504027800653
0.30505867842692 0.0472740038765938
0.305298122239292 0.0552722122130027
0.306982412584143 0.00222390956012557
0.304776812393303 0.0546273519918132
0.30214893035921 0.130508807930123
0.307063494008693 0.00994539476734797
0.306853230621411 0.0123158977531594
0.308685526824228 -0.0310844352391627
0.307031097451678 0.00815365412890591
0.307769004539873 -0.0125890790302417
0.307966506902292 -0.0161496217383583
0.308138627129998 -0.0179300880508933
0.307599928604043 -0.00257250800089159
0.304586091502898 0.069541801378298
0.306117745984454 0.0322890943441271
0.312827298885895 -0.141299074376254
0.303414358929138 0.0958581863763858
0.312588381981909 -0.139272670832554
0.301770953056131 0.143233938161104
0.305668594763847 0.0398179515742223
0.303189960115461 0.100026800262185
0.304324620914136 0.073800301348054
0.304429144491995 0.072720793084029
0.297903394102767 0.234747388228812
0.308474833931939 -0.0270047719357712
0.307874144154746 -0.0143145240018727
0.300115583654962 0.176701928912181
0.304224837786881 0.0751780604136224
0.307335559069205 -0.00193197590146335
0.305680404278456 0.0435573152701861
0.301985167438886 0.121448504776361
0.30651605009387 0.0194042220847908
0.30861416942126 -0.0336485446234432
0.307582382484826 -0.0110062906469824
0.303247845162801 0.0981997069655516
0.304728343252825 0.0641235679801282
0.305912049825212 0.029603302176731
0.304494472034762 0.0742233408724208
0.303478192396946 0.0983812291261945
0.302533999476349 0.120263806140446
0.308124868243484 -0.0195667785729537
0.305896867661051 0.0324589898499714
0.300808310248683 0.159046678095647
0.307395932275967 -0.00142129656470717
0.307519244215932 -0.00226061732584108
0.304985078817581 0.0610819331330566
0.304001428001616 0.0863014098907077
0.304679442878461 0.0666719903983782
0.303537622505436 0.100622694280227
0.311152377563909 -0.0950678453278632
0.303907081629397 0.086709209919876
0.305344626896833 0.0435666297972852
0.31089218653744 -0.0878882026180728
0.301212405586751 0.161914282383775
0.311147029338062 -0.0967966325319034
0.31223038740773 -0.125247656644637
0.305372890648443 0.0529442952729661
0.305552270838876 0.0408521803397285
0.30823261883874 -0.0224028857558829
0.307436214131921 -0.00782178237425372
0.310408820964951 -0.0689776677786659
0.306622703198904 0.019795929335049
0.299208030155174 0.204096890509063
0.306158332261162 0.0316972558278548
0.301493631571633 0.141505487708335
0.310754044621384 -0.0849409409111396
0.303519689414098 0.0909290005560774
0.303850022241497 0.0796136538537086
0.304377234052258 0.0671449873144862
0.304947138757908 0.0655708952085571
0.301941223535193 0.142835195297222
0.304011424865593 0.0860396711112351
0.304612170604007 0.0594575705044065
0.304246959536669 0.0719519056238961
0.299091680572233 0.200964123739653
0.305531686896752 0.0424832295185261
0.30927095827113 -0.0464709335766457
0.30702526504239 0.0112366798295099
0.304607200793304 0.0630672860818432
0.308391730018171 -0.027348314399955
0.301806182599365 0.149020167894989
0.302777926617115 0.106990017612193
0.300914590957147 0.159776362427675
0.306344136396583 0.0256214653548687
0.303849868496888 0.0886679629288516
0.304238349049131 0.0754412930429826
0.303560695220914 0.0863764018871097
0.301401270047681 0.14798091635416
0.303633422989467 0.0955800751643143
0.307568298445148 -0.0084964812876557
0.301831648293222 0.13436255152249
0.30381222725744 0.0865915940160914
0.30780535452111 -0.00817680148914399
0.304153591808757 0.0839583884190775
0.302082206482681 0.131114195494006
0.307349538293507 0.00752821791626703
0.307769121339303 -0.0059942063283156
0.306296838989815 0.0209983058630707
0.302951420165279 0.114450901623206
0.305157974981945 0.0594647999287661
0.305756574769388 0.0319719754416661
0.306612841763897 0.0135739536282473
0.303492711936702 0.0900678176362936
0.308755959196653 -0.037919936756048
0.305260817767879 0.0441745636481623
0.298129777203171 0.222910113282889
0.308796834437806 -0.0347590393528289
0.305205537838442 0.0557978653426343
0.303032270861956 0.108229930329089
0.30305497012539 0.105116244322732
0.304585231068753 0.0687257473638315
0.304532500967836 0.0658621005498145
0.304358126584513 0.0756588320317779
0.305503739102035 0.0490987366545294
0.307665208176488 -0.00110430130194273
0.302341804325965 0.122910080429577
0.307241455690992 0.0054272604981993
0.302071940826661 0.126269133933576
0.306156150236915 0.0246242275747603
0.303244123433984 0.0991028323233127
0.304021039694288 0.0771501766753836
0.3098182052454 -0.0596969985692143
0.301711104464627 0.137184774140309
0.303796039898702 0.0949248734387234
0.306741347688818 0.0158685412974913
0.308663917397178 -0.0345189267864007
0.306199065959659 0.0274123725659157
0.307311517764363 0.0067205081513148
0.308150155465271 -0.0121716750416743
0.307621892770301 -0.0037692342189317
0.301375645179903 0.148564957320306
0.304400788270583 0.0739744832441891
0.303660856424207 0.0887008778467457
0.306663260237394 0.0212790142393705
0.301134923691428 0.147287718599743
0.308777721111573 -0.0406866527965914
0.305731666620638 0.038391886911387
0.308603911850961 -0.0388308580158239
0.312009389620711 -0.115217460597567
0.307599040722065 -0.00921038916108195
0.309569240835558 -0.0593775999560883
0.305735650602742 0.0408914370636344
0.300636134939956 0.164841595691361
0.302655785663551 0.11170723072437
0.30620063390568 0.0266719906412702
0.302122472405772 0.128045452775675
0.310091152417775 -0.0650799728770818
0.30561863733917 0.0399719880426218
0.300773717408436 0.164529648049172
0.306812797895497 0.01549656067979
0.305179282784802 0.0549623507196409
0.302962243872528 0.102291799082789
0.30870321276466 -0.0241091994492918
0.308412523557271 -0.0266577967877568
0.302455276356206 0.117101455643218
0.310065710856119 -0.0682481708501058
0.305425125309791 0.0469928910363839
0.307541367110875 -0.00455718860202042
0.306112649071848 0.0311669469612855
0.30527921726607 0.0477785489791191
0.305266506391794 0.0543228133813227
0.302933361961206 0.114905132784648
0.300222683959662 0.180509544368388
0.307422213451397 0.00608703180340065
0.308292585040788 -0.0170119821698472
0.301484873855749 0.148902837525263
0.304034355831327 0.0834435683617609
0.303469230122418 0.0958936301630969
0.304611225369437 0.0692802440336776
0.305263861497059 0.0395589351519515
0.302235377080039 0.131228664229871
0.303777773659326 0.0917475038667565
0.301534519485772 0.145255345026636
0.304198532059841 0.0804085487201306
0.298503150335863 0.223539422709654
0.309048004944692 -0.0426815209682084
0.304361392254183 0.0739938201950406
0.303851361664148 0.0860828361786178
0.307608273842184 -0.00809042405924817
0.305219570960645 0.0524415759763317
0.310688480441777 -0.0818727734333861
0.309842252411255 -0.0617783645805154
0.299487711646038 0.190925486061444
0.302360736496593 0.124029454130963
0.30420641816132 0.0782560586646676
0.302255308662657 0.128223961266903
0.311202814432297 -0.097187105401802
0.300330208510143 0.184002279773663
0.305556177203007 0.0477922564698903
0.308724187093007 -0.0355511219968706
0.307514433704817 -0.00722456561206501
0.308111405023115 -0.0132510805104862
0.301444899033168 0.150178273225671
0.306116567787238 0.0271303939020133
0.302853891271096 0.110682497331326
0.30393466430638 0.0798994999229586
0.309016397245723 -0.0389124931729432
0.307074951860878 0.00522397609235997
0.306725241664009 0.0153458279935031
0.312848917562748 -0.137440971561836
0.301579811515735 0.138249572450324
0.30572555602705 0.0358891167865845
0.306561497572097 0.0182677150861234
0.305679730445253 0.0434136439398132
0.303432553722598 0.10694050913373
0.307936023431897 -0.0138108473084315
0.304032329416474 0.0813073354041776
0.304760349514718 0.0584912787588983
0.304786788756311 0.0628841158338583
0.308761806217342 -0.0379101255635576
0.302524335759423 0.12271803042716
0.305767403269603 0.0369694253065721
0.302232331380408 0.129982628022388
0.299895075691493 0.184716532658837
0.303538204672418 0.0878982076432713
0.301053353490447 0.154304272663741
0.307213252633033 0.00321246923944901
0.305968118838287 0.0363232156832913
0.30778905681068 -0.0110830858208526
0.303952655393478 0.0888440344199659
0.301230377463009 0.150277763451767
0.306473548283729 0.0168603991142438
0.303794503118581 0.0869274952302013
0.306501566288536 0.0229071242066355
0.302218315610632 0.127716667758687
0.309378262335702 -0.0535868635915662
0.304945564785251 0.0530720693456405
0.303530359927941 0.0917492645119223
0.310088559492075 -0.062651112235786
0.308736563596887 -0.0375745864218367
0.305817805380857 0.0381799979840589
0.301420818294453 0.145439620995472
0.308512705447847 -0.0271830435653896
0.302883280707374 0.111956523940659
0.303963612733679 0.0847722186835619
0.30534830641225 0.0482734417727255
0.306565227127034 0.0155964284321611
0.300191187769119 0.176304185453478
0.301316285117884 0.148005204172215
0.305364002090346 0.0537747596430223
0.303546353873099 0.0891749268973898
0.309294484359173 -0.0520877853721598
0.305836528503534 0.03781211235683
0.312801882507026 -0.135245001092397
0.301492138353496 0.14469501207094
0.298132838759203 0.227764877023159
0.304776104985825 0.0651828699256733
0.306938131305837 0.00676907507729219
0.311360887280364 -0.104865967020375
0.302950304173241 0.10425158338842
0.300057193547488 0.17787488280654
0.305759775919861 0.0377093208930309
0.304779182102991 0.0608189110403819
0.306083612732996 0.0259491845161867
0.305730650474943 0.0459220279208654
0.30857218135127 -0.0343582050651482
0.30307602399632 0.106378398786257
0.312387068532044 -0.125788743792542
0.305962618628256 0.0380326096654971
0.30574950743628 0.0354355498896464
0.304122108939221 0.0798400564934082
0.304099086368057 0.0867008190710886
0.303454381501464 0.0983510440309192
0.31017709910425 -0.0731689458974737
0.307239061984845 -0.00246429802165541
0.302697465557061 0.115783729835683
0.308162924810435 -0.0166155166612909
0.303647410453802 0.0832419926715339
0.3089079087473 -0.0438973427956324
0.300660540349874 0.165092741151901
0.309878000621028 -0.070268481239761
0.309966311254181 -0.0725813605993911
0.308934868784019 -0.0365905814238668
0.303570198554483 0.0954946289904284
0.302728323681145 0.109472628329037
0.304933232049882 0.0602125397752648
0.303152571842353 0.108720050589543
0.307411542129763 -0.00305203190093425
0.305477920617284 0.0431421005531394
0.305814499761551 0.0336249953397237
0.307781319627946 -0.00831966664537425
0.309031972708815 -0.0453644623242266
0.304550202447833 0.0655282216879185
0.307000502944371 0.012927236245107
0.302239870906957 0.124794993192324
0.30342551110659 0.101915613985557
0.30734697772745 0.00788189487106228
0.303652151255769 0.095714505135405
0.303288859482874 0.0969129890718158
0.298997169560609 0.209129435537335
0.30950369878545 -0.0596716151986051
0.306533318031705 0.0149841342158973
0.303232743104458 0.102852899299791
0.30688128502319 0.00721478727822177
0.305603638718394 0.0463269581693333
0.304343084163237 0.0670158648221407
0.305314899327341 0.0405810860963204
0.304182367693192 0.0809060973770974
0.311772346780978 -0.105479104693363
0.301333598395767 0.150099040377132
0.304254246309613 0.0818289716431596
0.305820981362079 0.0421912924751386
0.308965883276224 -0.044846251443796
0.306257229267274 0.0237418658295623
0.308008645038885 -0.0216106167389039
0.304811862370746 0.0621062348291161
0.308427576837354 -0.0384528702819748
0.303364626627171 0.0929675726519757
0.300958285358791 0.163880736895752
0.303148761623583 0.100873978363733
0.306107073581217 0.0262067902923006
0.303098019594343 0.109561395274171
0.30645963680939 0.0271739321629546
0.305342753062956 0.0518757205710128
0.306838785682586 0.013868551011363
0.304885207441275 0.0623074075466109
0.306643440230827 0.0224974485232037
0.303695476432012 0.0882904156878735
0.303626985940838 0.09152912733551
0.302784354327381 0.114953209863443
0.302412940165679 0.127685405918457
0.306296990828627 0.028732525625537
0.30474278464591 0.0547275493511231
0.307029030787675 0.0119703377171293
0.304321958809236 0.0797194294098501
0.300615823382846 0.162134104633409
0.306788378161622 0.0105376887395818
0.301478463682054 0.146169003868183
0.310101984685144 -0.0713663700342391
0.302842773668187 0.107294223225837
0.300559634039814 0.169614160348931
0.303791774835809 0.0897512121048862
0.305446635282119 0.0455072836842799
0.297627321849073 0.241028416920166
0.303097573613596 0.102428859033085
0.306356720390838 0.0161689531983591
0.306323437175603 0.0258856313181636
0.307592953024949 -0.00731866701979932
0.308807235287484 -0.0334081825671638
0.303672839252323 0.0951669084217967
0.306110447575157 0.0286193123921126
0.303858428015026 0.0901631580852882
0.306196217584558 0.0226344817672723
0.306889705585426 0.00929735495088766
0.30683472508002 0.0151084376175569
0.309336343615364 -0.0488008314963538
0.302651784502499 0.118500992581018
0.306523939048291 0.0217828367733541
0.310306475060458 -0.0781187193178919
0.302922839673787 0.114592691081216
0.304419007944912 0.0688391942173136
0.305278247496974 0.0558186119650465
0.300779089325529 0.164115292058502
0.303796170460504 0.0858256487120076
0.304167394366389 0.0781341852552204
0.311559995300192 -0.113567077161347
0.309604861176466 -0.0616732642727644
0.304788239473097 0.0632780000034002
0.306041754765463 0.0291591942616295
0.306991795417552 0.00750842562867411
0.308084123820845 -0.022282426462534
0.30919291156827 -0.0461635922272575
0.308674659023473 -0.0379009542655133
0.30601708486015 0.0378192842742421
0.305866225326633 0.0393683572748184
0.306050112697318 0.0402690652978109
0.309249359388672 -0.0488805208835683
0.306354390475336 0.0242606857214726
0.303006160313992 0.115287970341818
0.304377730912756 0.0849232900450598
0.300721598230353 0.16058330814193
0.308199406061481 -0.0300052984570394
0.303356994122472 0.107602008853961
0.30491457695905 0.0639274797389311
0.299248023601164 0.198423019235969
0.301599908272574 0.138374350984011
0.309461133596543 -0.0556670318987453
0.306614454537324 0.0188371189041345
0.308907326866014 -0.0425812676392703
0.311247879586579 -0.0919596905905304
0.303964646151324 0.0837951651181344
0.307147140715986 0.00374924773428326
0.302195037118107 0.121052665235925
0.308879319070459 -0.0414636652591985
0.304315550409494 0.0796240877767931
0.306447850634233 0.0207055268628527
0.3002106353398 0.176197969271472
0.307228584394765 0.00324676341301935
0.306030808422228 0.033394723582566
0.307541884355762 -0.00519499344127745
0.306475198312621 0.0242677294795305
0.303923759575464 0.084046636058942
0.308250583351097 -0.0270483510906839
0.305077111403302 0.0618944209201381
0.308661554978017 -0.0315214176409373
0.30282716512471 0.106130122675816
0.304926919894126 0.0647892402797974
0.315636485756236 -0.205872321692841
0.305534227385693 0.0452918661457229
0.30465915792222 0.0678728871987156
0.303597161271304 0.0925569390270961
0.307646978489871 -0.00648323763337016
0.304136602754164 0.0820261090097268
0.308033876921131 -0.0234971939372785
0.306435300200525 0.0238110345848377
0.308284081777872 -0.0226984286879638
0.305417386955736 0.0525241195935811
0.302485392765408 0.121379311103424
0.303948959358923 0.0805473806509294
0.300849871097905 0.156219725889054
0.305836560956941 0.0322022474431026
0.309597323075694 -0.0595555981822274
0.301700578033901 0.138177734237987
0.306256768560293 0.0259377651081634
0.304956262877741 0.0542670510326702
0.307787348315451 -0.0137770272216049
0.311972491352001 -0.116513303355447
0.306500159531705 0.0251765299757058
0.306093361833257 0.0284508082048197
0.311460968761021 -0.100496601274138
0.305465839923967 0.0555141831047498
0.310279316540705 -0.0704461145386846
0.307981267583501 -0.0203365016278818
0.308526963868001 -0.0276814098172788
0.305279727403656 0.0532559736715396
0.306310108302081 0.0256229577392971
0.309298701145907 -0.045122471725256
0.306696136698034 0.0208146466463295
0.303768468736022 0.0889244588910202
0.307224441275803 0.00275325648318987
0.304709248319807 0.0657196339302389
0.306973648373481 0.0102515574697103
0.305607131384044 0.0387162587944041
0.302180996632673 0.130307234095345
0.305656734494109 0.0356093900933226
0.301459431538394 0.143248487686227
0.310258636932646 -0.0731980351734906
0.303788043809915 0.0935594151619042
0.303282618821171 0.0964256027640259
0.304126686076797 0.08096289391033
0.303955456135632 0.0891579835389385
0.306949976923795 0.00153937002560999
0.307030512811466 0.0107252444273469
0.30522604111471 0.0473744672429777
0.300967567598596 0.162697737663131
0.303299606624574 0.0989158397539907
0.307544902552003 -0.00556887313189106
0.311113369440364 -0.0954702098711006
0.299169015917531 0.200181679185606
0.301644379550149 0.144049174363926
0.301415857247124 0.146290325014886
0.3083317343729 -0.0242452788011494
0.302458909433848 0.124561221747808
0.306716271163784 0.0139711624615032
0.304114830927119 0.081435705728462
0.30892316658685 -0.0417737558541676
0.305212724279635 0.0513254329545439
0.302078270727777 0.135905718145254
0.305688999076713 0.0444155066575518
0.308566958929633 -0.0239035796011879
0.306844676919934 0.0163714622243756
0.304976677079291 0.0573827207660148
0.302379432504976 0.130824689267286
0.30698635912532 0.01336102327042
0.307664261071878 -0.0134347511354607
0.303744865977093 0.085428218490469
0.309456287003914 -0.0560883145796511
0.308522536647154 -0.0295860095383455
0.301698593698804 0.133592233467003
0.300707519388043 0.16833618992571
0.307146757621844 0.00607127195591491
0.304818850826817 0.0599336230362012
0.306014258526034 0.0345871622280355
0.304085093834274 0.0807645743481167
0.306965189653332 0.00290780935512364
0.304741523237905 0.068322513136094
0.307003654138962 0.00430451154744804
0.301373340205689 0.149971545867163
0.303494198000988 0.0954091286444405
0.300519506930707 0.165460803455539
0.304253247585876 0.0776100173034046
0.301328594819252 0.143056332313344
0.307409791096558 -0.000302660688123048
0.307507786487826 -0.0104237828846534
0.305666528784414 0.0384284378740334
0.306071007119861 0.0381458939699751
0.304623297566845 0.0715252042891701
0.306047973842454 0.0335796304127951
0.306132799580851 0.0271615669677097
0.310405402099757 -0.0766034540426743
0.305272992234717 0.0485689591516734
0.301061192249437 0.152545550864127
0.305003396134909 0.0575405327161659
0.302948023471257 0.107543262241124
0.310121463007986 -0.073711049536431
0.311362664763579 -0.100016937909762
0.309270263646234 -0.0532100429168937
0.301299257229704 0.158247419049386
0.306280032987059 0.0298048263128583
0.312437426653778 -0.122502738548855
0.304128255107725 0.0786005890677728
0.299163608782879 0.207365061024077
0.30699162655129 -0.000638515239670442
0.304756170259001 0.0664545172270077
0.302114730863619 0.133151270804675
0.303107786346267 0.108195535454864
0.306571616678428 0.021914097362609
0.301254911722822 0.160700558859962
0.308018260181899 -0.0185859782027594
0.305611743345657 0.0496176579055986
0.306876341287556 0.0161424657302287
0.306737701090727 0.0158242854458223
0.308336927516528 -0.0258960140584986
0.310621055247881 -0.0776721360278584
0.304571000835886 0.0706491821321275
0.309671607690619 -0.0549718281660945
0.306423487367937 0.0253757102269502
0.305330268664932 0.0507162742139576
0.304387455905791 0.0736978448771723
0.303791533921003 0.0822948318055824
0.305318251588168 0.046086900911903
0.304386998365464 0.0682381657992245
0.305626016205981 0.0428203297776986
0.306013262947005 0.0298273378261671
0.3008381030319 0.158233179226363
0.304997433447423 0.0588677281707664
0.303859640842779 0.0864098800736906
0.305071065056456 0.0552905782285788
0.307147523455322 0.00671887532200761
0.301489881895251 0.140158188238453
0.304666144729525 0.0647513664998994
0.30617514294785 0.0265767043321854
0.305753987616148 0.0391352765106733
0.304945585996647 0.0596537997350568
0.309959121088927 -0.0634990473145405
0.301342071233299 0.149659878795295
0.305614952671725 0.0424457488718349
0.307829311392386 -0.00925450670925131
0.301979749133035 0.135700113579191
0.311504330104955 -0.101694834069653
0.308592895214464 -0.0260423772554043
0.303218168434457 0.11043758176282
0.304884554342347 0.0621898633439132
0.307679217701074 -0.000129303314991169
0.305897856371471 0.0324995326957926
0.304273844070897 0.0704078430782387
0.304975730280028 0.0585229526887703
0.312105550263155 -0.11655200897792
0.305102236798128 0.0622295980556468
0.302320347338546 0.126820516913115
0.306786811851549 0.00729539645157258
0.308051837695187 -0.025576581691483
0.31354623489926 -0.152318239117318
0.308947104548436 -0.0399631573120779
0.303738398622496 0.0900404937713768
0.304292137800654 0.0750468168774114
0.303229101604688 0.103232995701789
0.302703938910063 0.121218108313141
0.300993105916355 0.158318290943911
0.303340620804115 0.0990060129669148
0.301325459723582 0.147544467185792
0.305092806389513 0.0486127682707347
0.305338207141146 0.0533755171765584
0.30567247543707 0.0399876962293214
0.304446858936188 0.0747321592170482
0.297983928377078 0.234747945065043
0.302552727890812 0.117343377200723
0.306239275643251 0.029252452168368
0.307009140469897 0.0095579255798253
0.305240850633002 0.0414348820574237
0.301062491643148 0.165736585857311
0.305091869143818 0.0572837531944591
0.313716476216344 -0.160631185655513
0.3051498993815 0.05537397612115
0.303876781210344 0.0826833464212265
0.305409521402666 0.0488299451272614
0.308947536807275 -0.0408628901511009
0.301364563614011 0.15677587389019
0.311910166790111 -0.116863894261219
0.308900661553067 -0.0339648649315086
0.303583465809988 0.102990599330753
0.303036972399333 0.11201272185814
0.309039708895659 -0.0476449664407225
0.305678621145692 0.0403242333780042
0.303039154405619 0.114867998718604
0.307738297299705 -0.0135634187798644
0.304102590986644 0.0785793852989888
0.30647594511874 0.0259478270954815
0.305259537154585 0.0436142025140387
0.305667870169293 0.0349935909220314
0.301864413996609 0.139489526494566
0.306527892309068 0.0178679137243892
0.30394913675584 0.0877570708224956
0.307024948596209 0.0109622883770531
0.308635398903166 -0.0287974835948775
0.300805295470775 0.157730328522831
0.303725643378312 0.0943818293257691
0.307952311655539 -0.0173237759401505
0.300750639369888 0.161855633126255
0.301681318960847 0.138131833996445
0.308644510254886 -0.0335946446260949
0.304047014386254 0.0814881409986354
0.306606223256482 0.0087380049804275
0.309795659112374 -0.0585050289266324
0.304056926545081 0.0742215033708885
0.30832648157134 -0.0176279006931515
0.299509968435619 0.197978448934211
0.307455790988092 -0.00508413021779757
0.303730729636203 0.0793273300902212
0.305455718118522 0.0452973574409064
0.304941661830717 0.0658106105263953
0.305860336645456 0.0338158670958744
0.304865808204636 0.0633964554411039
0.308046752129711 -0.0200604113283705
0.307187130975421 0.000777915324138491
0.30589227989502 0.03920275252157
0.309450304714205 -0.0467588007281651
0.302384552914814 0.133424580103566
0.307158535663547 -0.000363336001151467
0.300517741931379 0.165838886861643
0.303846958145915 0.0942941476414547
0.301949208118499 0.136262178373951
0.303642407022354 0.097298938013182
0.301650406240072 0.140629246367149
0.306019257424644 0.0370760092900327
0.303216508787651 0.104145855407427
0.300269803277371 0.179252918538051
0.299502058659658 0.19898514347976
0.304974589754932 0.0608666473108414
0.30611467385542 0.0354419986338272
0.312649856696638 -0.123322216018896
0.303964307105815 0.0821449960617091
0.30134377217711 0.145961510181853
0.304317262762249 0.080744083502738
0.307202829970639 0.00247148289106702
0.302822619319043 0.109045147286738
0.303218067637858 0.0970749958001312
0.301348908321298 0.152982550138891
0.304792597841623 0.0600749137070195
0.305548807446896 0.0478464694711144
0.30569094226284 0.0440184958588754
0.312389596457019 -0.119738864809369
0.308617465590262 -0.0295056875780892
0.304898850647269 0.0621310992958194
0.304623268285452 0.068718360264184
0.302318179117091 0.120917040521226
0.305486885252273 0.0435713263241482
0.30249782016818 0.117983985597515
0.310965412281501 -0.0909430874968063
0.309082795267337 -0.0376814296968575
0.30327128072831 0.0995232471674911
0.303638681043163 0.0885051650464305
0.30872935985897 -0.0244678700714245
0.306769209021027 0.0145131089317164
0.298633956490189 0.212587694388691
0.303511365886792 0.0934847657936657
0.304603224163487 0.0661966481122964
0.306373216935266 0.0252216410794346
0.305452365965514 0.0439215129117412
0.303794557504504 0.0935683370872505
0.30719678112112 0.0018284165876483
0.310487553993141 -0.0758641766099689
0.312919189925509 -0.144974493633252
0.302064026971974 0.12747726983863
0.305648341634096 0.0435465641942235
0.302093983082 0.133570665497874
0.315846214538391 -0.209184868550033
0.307689970867137 -0.00940631991391786
0.308094081289222 -0.0228116531641085
0.303168014051939 0.0995120002415005
0.300392313931954 0.17182963158972
0.307434533382887 -0.00250633048853547
0.304431872543659 0.0665479883342262
0.308027824838709 -0.0197210630442627
0.306428627391587 0.0183901360617384
0.302985934401176 0.109232070181495
0.305774741737127 0.0354880339934646
0.308179115515325 -0.0185063092323298
0.298141614098823 0.225715702225905
0.305422235342645 0.0519579834849413
0.304701401382765 0.0674302500111186
0.302802393320393 0.114981318552303
0.303660933962665 0.0958751081076374
0.302271841952864 0.126420101433695
0.311492636068623 -0.103347268035457
0.305018926532839 0.0607066864979716
0.303105655498235 0.100855078952812
0.305596630754251 0.0509220021765441
0.295450642717892 0.300411516667865
0.299772268223076 0.186588222416182
0.305973932583444 0.0412173072969019
0.301753808715734 0.141344698408111
0.30363003327355 0.0859116860643458
0.304829341760966 0.0628131037425201
0.300509476526964 0.168451724174299
0.309104088695538 -0.0386208782736164
0.304924538083471 0.0610246978317235
0.309916687395803 -0.0694218192833596
0.304171441078738 0.076353988239476
0.306661793836221 0.0113467735533626
0.306205590318102 0.0231463300528544
0.310405418154907 -0.0770443336693235
0.310645062173464 -0.0822369524300852
0.310748852715859 -0.0856221946433788
0.302176569262248 0.132320893236462
0.306210031063443 0.0303768032612107
0.30444920254244 0.0720753108557244
0.306821155611045 0.0109453397213977
0.3031598961161 0.101249886600557
0.30377782227196 0.0881966979955198
0.305891195542778 0.0292203464587044
0.307520754617576 -0.00676269230209698
0.304485978762079 0.0672276835547977
0.305275793693692 0.0459861734654788
0.306115659359726 0.0298847526112097
0.305334920291078 0.0498885243225893
0.306486988238738 0.0230614761776156
0.304436623835229 0.0739250616380417
0.300308254261513 0.172249771912576
0.303344780008438 0.0900753988453903
0.307242151725097 0.00293841084678877
0.305034688955988 0.05723269289268
0.303817701247465 0.0866176465967106
0.308763249326375 -0.0392578526931112
0.302141190880288 0.131072495749371
0.31030669623683 -0.0776620702982166
0.301347776120742 0.146648467755647
0.306714069948559 0.0148532814541019
0.308116031223097 -0.0235603090286633
0.304271531759019 0.0782950731668439
0.301946160386355 0.138106223840823
0.306205474699198 0.0296086018328181
0.3143256424777 -0.175224546490901
0.311001399496849 -0.0847957399864956
0.306588257176965 0.0213402126353157
0.306193440858393 0.0241469280169923
0.304855185913328 0.0671911421999402
0.305187443835804 0.0479262849341195
0.306005242643068 0.044611376481028
0.305004412960813 0.0607603799657277
0.303668094512594 0.0970806829138209
0.304201915582379 0.0759532057809599
0.306221146037354 0.0243416696239689
0.309877869585812 -0.0636157894231935
0.305466464207223 0.0520898635835331
0.300896371759843 0.161741536995608
0.311113262610355 -0.0931083075370787
0.307842449679759 -0.00994350661922736
0.30239245933538 0.118887818596585
0.304015401451012 0.0868065733107428
0.303041884950997 0.109636718851256
0.299158299177496 0.204340082194281
