0.368689293761769 2.09612042608553
0.36880567305111 2.09010285408389
0.372008470418012 2.03099632620007
0.366051574865119 2.15356420835508
0.365519272360887 2.16569474710575
0.376695637169925 1.92940130595188
0.376960663410488 1.92769833736854
0.373550999911314 1.99290508398647
0.378041241417897 1.89917532569187
0.371833146317347 2.03544529134773
0.379213822240458 1.87934410589287
0.384726890430105 1.76577725362058
0.382944075433707 1.80137443930617
0.376845277605674 1.92395026525037
0.368516870282588 2.09905717928373
0.378528322295876 1.88923754587183
0.371541812011476 2.04298078438055
0.382806940317253 1.80694401445428
0.371759456449653 2.03166776205358
0.377156047123102 1.91813764512216
0.373692849396703 1.99045277342842
0.384359272088471 1.7671322381833
0.374935345660894 1.96681465196834
0.373747036307958 1.99292981210924
0.373983774477097 1.98650741975558
0.375531700456971 1.95543483110584
0.374467777798438 1.97530623184939
0.380627707642329 1.85435168532539
0.385571791911542 1.74277137567016
0.37171295641892 2.03545284063672
0.378326782587639 1.89501606552338
0.37749397388092 1.91224164836381
0.375385732108547 1.96109929140313
0.367166118559771 2.12607577301834
0.367311248117944 2.12548757299254
0.375195901158304 1.96138271179698
0.370316859889592 2.06044548838951
0.37989807314797 1.86630140239861
0.375462215305939 1.95561333421742
0.375246335269666 1.96329290685879
0.370819428483378 2.05247201678137
0.359207142695251 2.2963669005548
0.375555001536561 1.95174155309651
0.369068280425187 2.09304193412856
0.376265158798191 1.93773992400045
0.380769686083068 1.84783349984921
0.381044667170951 1.83974454033377
0.373214409457842 2.00844008592628
0.36693757384093 2.13341185496543
0.372940031183261 2.00801266311522
0.386512179679829 1.72565485512257
0.369598104071789 2.07451016758059
0.370294926418197 2.05978207202937
0.372727243207915 2.01502753378589
0.367123525006305 2.13665324546504
0.383086569824565 1.79352044511283
0.374431692134325 1.98102690553602
0.356426848234365 2.35544096482821
0.381446767695042 1.82989446105405
0.366341555763238 2.15164066771136
0.372195691033798 2.02641426487629
0.376422042097341 1.93365237124196
0.367846910438175 2.11144603105972
0.378153720859088 1.90297395332989
0.377245184697651 1.91830793079222
0.38459264311832 1.76601830365749
0.376597929838583 1.93560235670014
0.374141757385538 1.97979888613972
0.377240416001702 1.91871842073013
0.372370763235792 2.02585159805971
0.376107085386789 1.93547035223946
0.366237650302558 2.14818115921124
0.373796665037972 1.99089191893183
0.363434443776566 2.21136249259595
0.372401675356452 2.01951316361671
0.373912461440404 1.9891820755633
0.377070204102321 1.92393468158143
0.367851982282771 2.11391110571652
0.376694264812907 1.9333674794355
0.381032569713203 1.83965963725256
0.381196783759229 1.83413922655334
0.385111135536504 1.75465329411882
0.380242026144559 1.85620531520026
0.375617648291647 1.95024331959366
0.375618333105145 1.9528981496972
0.388409433663573 1.68600776804562
0.385319181651923 1.75157490789597
0.373446419793995 2.00045911067462
0.376736607250269 1.92816585759464
0.37427140042869 1.98316157861437
0.37791621009006 1.90053702488668
0.377297033575091 1.91430994775548
0.385391335881898 1.74280642889154
0.365006238585528 2.17932745956156
0.376740490761485 1.93119404706253
0.376668828028907 1.93062498142217
0.370603383695699 2.05859248598233
0.382842080151175 1.80472969772079
0.371581677247783 2.03817647732908
0.374297572807427 1.98111404586051
0.366623350472246 2.14123215440338
0.371724851471916 2.03570008961106
0.37272961269359 2.01869903579482
0.372771151672645 2.01165727403283
0.37577087780253 1.95038760323802
0.375829887823929 1.95020397655039
0.389753797241191 1.66140381438464
0.373100702162615 2.00483457997192
0.380230207149153 1.85533806181997
0.375610865709224 1.95217280793943
0.377356172135575 1.91238518143004
0.3769674998942 1.92570533194208
0.36619448300577 2.14465355875034
0.3651176526353 2.17851306585286
0.373243294716361 2.00154512683143
0.368539161569709 2.10774290325832
0.365905412484851 2.15421521461561
0.374182205475537 1.98707374481112
0.375391583572501 1.95748302362527
0.370562282999665 2.0575091363421
0.377767558940101 1.90899114105294
0.376669382126096 1.93323409366544
0.374483338588558 1.97732263471505
0.370868156434218 2.05151089745103
0.375255366500181 1.95894673372184
0.371822270459874 2.03791602325151
0.366831373175842 2.13148540181216
0.373904147328095 1.99166941510035
0.364728599758165 2.1793196588948
0.377917906185796 1.90652768413125
0.360641392532708 2.26938808113191
0.373418859013762 1.99966139266118
0.370618421640064 2.05744709579808
0.370850595825592 2.05451145628441
0.370587616594099 2.05825176356309
0.376097576531364 1.94312858604214
0.37166173709679 2.03913018825823
0.373987378311459 1.98698783345092
0.376863323058592 1.92812938772725
0.381540289201664 1.82438931784885
0.375395230920233 1.95604565420952
0.382040762553219 1.82131504481412
0.37591754227324 1.94504794332477
0.374567132325825 1.9723163328413
0.365574840194059 2.1639187217324
0.376650243114254 1.93036398508077
0.374875493179554 1.97169677982577
0.368085239855985 2.11182913433715
0.370187570975163 2.0611608508669
0.373954580496959 1.99153451438038
0.389104702409925 1.67347315550133
0.372454768124929 2.02117120974059
0.378912775036404 1.88192882227596
0.379817044684342 1.86745079218158
0.381236199567827 1.83393736496094
0.373936903874959 1.98429818066977
0.370311341687081 2.06518424310729
0.383458622306722 1.78538114410713
0.37783735080115 1.91209925549295
0.381552300000292 1.82991779553247
0.39248980112935 1.60191271788493
0.375163226139906 1.96418567310264
0.374296432651371 1.97599535835925
0.377544678839036 1.91248174657019
0.36809151900624 2.11635643777791
0.374047920271009 1.98815744578492
0.373840574872508 1.99208101526774
0.377219037815599 1.91738515394221
0.38362079574928 1.77889143858568
0.380280505282438 1.85614262934873
0.37323227949975 2.0044951525418
0.37262094983634 2.01786990650154
0.362707410755339 2.22365812398759
0.374551980153925 1.97505465816276
0.380569059107475 1.85159937614041
0.382909959463548 1.80111848231717
0.362218826448093 2.22893151383795
0.367335075138437 2.13126504828209
0.378039111402733 1.90339237923073
0.370891021210246 2.05606091747239
0.37848160169005 1.894335162945
0.373482000519457 1.99687626697306
0.373786021719806 1.99092225750505
0.378711213746627 1.89488574615765
0.378030878537722 1.90294439483239
0.369142066583867 2.09216793561239
0.373875974530987 1.9887627311324
0.376491503718192 1.93592100812237
0.369279807480688 2.08950463368513
0.374543516489428 1.97617335423385
0.37702005581429 1.92197888863274
0.374398936705674 1.98039363178832
0.372637310249536 2.01527807466549
0.376816603310943 1.92450231874375
0.385561903408039 1.75095483703108
0.381630971113218 1.82496023497799
0.369878706379677 2.0756425922877
0.380103894606742 1.85638220782672
0.383020837078537 1.79918589221508
0.375384402737366 1.95554370172253
0.379385818715406 1.87213081304718
0.377184697047835 1.92400550503707
0.364300667190243 2.18906128042134
0.372269013940719 2.02487453900357
0.372899134740603 2.01278617729105
0.3825236265041 1.80871353107283
0.380747800234674 1.84584055014534
0.377535044565356 1.91013896707823
0.374302996701395 1.98158567065989
0.376062550616466 1.94021022476734
0.374695664552664 1.9752186902999
0.374755202865221 1.9776234732859
0.382720646907663 1.80570378947273
0.377066500025179 1.92145692003001
0.372875998004409 2.00839258707289
0.383464123664041 1.78251264246302
0.365795888053319 2.16077333518303
0.369644188718521 2.07581184193311
0.374601736917105 1.97931019065173
0.374666236530304 1.97736890030505
0.382770910440541 1.80053378747804
0.368031745644364 2.10962229424676
0.372518241522809 2.01449669545236
0.388992397574956 1.66997033741495
0.370518609827632 2.06068659258172
0.37389262975729 1.98961894770618
0.368629330536266 2.09898472853948
0.366036957447357 2.1501605679331
0.373935965312461 1.98873976977361
0.377801089194378 1.90889010147524
0.377959221578471 1.90235178264598
0.372111088328803 2.03104398758889
0.375994929035422 1.94655281149289
0.367004627566377 2.13624070012147
0.371616800176617 2.04166493371899
0.374556627057752 1.97622874938005
0.379512313778772 1.86780715334163
0.370241473744148 2.06436760405332
0.380084526969635 1.85787305683038
0.366482205302483 2.14594171978497
0.371570295771193 2.03983130165477
0.380978402104619 1.83971162217917
0.381012090294092 1.84188682257214
0.380929031169436 1.84125866068457
0.373975860397627 1.98502112380304
0.371508233769168 2.03757457765692
0.372418085744501 2.01956414276066
0.370645169079628 2.06098799857703
0.381056339848783 1.83882084253798
0.370111991778934 2.07004552594949
0.368503783054586 2.10332009561809
0.376506509987418 1.93358352310625
0.375056804331996 1.96225159334749
0.376573592888122 1.9332899937835
0.386639951056316 1.71812469255437
0.367161138220312 2.13174182135178
0.36344175552414 2.20949036193994
0.359785355611114 2.28908286455865
0.374855476898949 1.97017286916078
0.370965543075615 2.04906020123468
0.377986883237756 1.90230017458991
0.378288534869663 1.89553144021768
0.369045458238293 2.09085563399673
0.377114660370505 1.92629118985437
0.373135048843707 1.99890983865605
0.376744758398829 1.92815623482596
0.372091270095462 2.02456329134
0.376155286774367 1.94213099473366
0.377457747594141 1.91776357076443
0.37587098166429 1.95079055546189
0.373889618717538 1.99490352280363
0.38059660912242 1.84612747773429
0.374672475794103 1.97371959346105
0.369987515956321 2.07702582301617
0.378902019004989 1.87930957044073
0.373564705892987 1.99852670452043
0.369225839932229 2.08975470043137
0.377025416590411 1.92616210827468
0.366721360942728 2.13910259929712
0.367834839188984 2.11725710529116
0.373648092147658 1.99481600738219
0.38612671964267 1.73441153052155
0.377972899009734 1.90448700179218
0.380323701994514 1.85814959882784
0.378029271721506 1.90251007181142
0.377962222055794 1.90565805306494
0.374466760271453 1.97570681547535
0.377091568694089 1.92543586509198
0.378269965800295 1.89877217359461
0.376065251278032 1.94467424836308
0.373903116032965 1.98743728803085
0.37650433628883 1.93467052501341
0.373257175395122 2.01311338357873
0.381831041098131 1.82130405595547
0.370697208932533 2.05858074234433
0.372090961690878 2.02976924143443
0.3697819126845 2.07851168183809
0.366952128748641 2.1321048619266
0.379301507220355 1.87308005564188
0.375383316246357 1.95841908623498
0.367479810565276 2.12295348766866
0.371571718863595 2.03916881011982
0.37630337099148 1.93769995113448
0.374703795844551 1.97042053595989
0.373734003021589 1.99245146551645
0.365962807521142 2.15455149398341
0.375276951408174 1.96092272174453
0.372752252972426 2.00939062437503
0.370810474448832 2.05122490635657
0.374392193817153 1.97893456831657
0.374654741069852 1.97263085975662
0.374185877473803 1.98374150033231
0.365769250919384 2.15879186025742
0.387310602183624 1.7075446307844
0.373173443602712 2.00674601046962
0.374925346133552 1.96939223386184
0.375136380579452 1.95739973154012
0.385728921534307 1.74476384240444
0.377465709272664 1.91475227350079
0.380891104435783 1.84323136514622
0.366603361722852 2.13980313549283
0.367991288200071 2.11037984394366
0.376925310038878 1.92765600866693
0.387333453316643 1.71011038007796
0.372832041216694 2.01478164931553
0.369694032534298 2.07577474549315
0.378388070776244 1.89527695924772
0.369712088246508 2.08202908206845
0.362763387420079 2.22727543365696
0.369649177826223 2.07783481437262
0.373750919881745 1.99436209962576
0.376858453471218 1.92894673599809
0.378221159435961 1.90107756215498
0.374833661713004 1.97414270934046
0.371413976976289 2.04389958912529
0.374195445831606 1.9831020985579
0.36977943258837 2.07393454738753
0.379672889215759 1.87178183391742
0.366342097947236 2.1478213251488
0.37405680337603 1.98366674613323
0.370633971355925 2.06099275090847
0.380244090444698 1.8579596435426
0.375767845389985 1.94995178452299
0.382827334005164 1.79997549158943
0.380961807428076 1.83876403883549
0.379288138799877 1.87558406268267
0.382575365728202 1.80319707717937
0.375307344039315 1.96119199541343
0.373845040010827 1.99470614280092
0.371999784468149 2.03170500971819
0.377375443960209 1.91550569651161
0.373813936433213 1.99367799636071
0.36638899918231 2.14401575862286
0.376994148451197 1.923009196915
0.370006919127513 2.07327322504802
0.371969058494388 2.02832420237229
0.380980486258104 1.83873222407901
0.371896158448074 2.02853551361344
0.368176538063609 2.10621689072653
0.383207026267191 1.79659904264765
0.376964736037691 1.92373148931973
0.377822619575978 1.90514979587318
0.362523598564071 2.22504156431454
0.376079950209058 1.94434930377118
0.373502474725684 1.99659003551956
0.36915391615534 2.09159795569795
0.371709577289587 2.04068885974203
0.372623041285638 2.01169124295835
0.382398241201566 1.81426541587287
0.37132039479282 2.03977205889132
0.382540523009503 1.81142966416159
0.374002241682015 1.99442484082747
0.367591414445352 2.12422034387618
0.373624855844385 1.99169217516653
0.368600561876795 2.10006132494766
0.37402379841342 1.98131695341585
0.381315813256869 1.83622176634132
0.372419070054106 2.01901148483819
0.370284379628644 2.06470506359944
0.378078972256506 1.90165894578274
0.369623795462208 2.07867974040291
0.374873422562462 1.97123296655343
0.367168203491957 2.13298925557269
0.378868983505114 1.88614202613232
0.379963047590907 1.86252750468978
0.385655562745674 1.74103675818504
0.375131983684169 1.96519495591865
0.377212563886166 1.91957164037817
0.373727086815831 1.98815144406492
0.373400220844747 2.00153278918324
0.381482462014512 1.82964616735226
0.377617778341537 1.90568895359956
0.369006537758425 2.084138330203
0.372480965418276 2.0234543412586
0.374691577102038 1.97595347430805
0.371541966419731 2.03835989739904
0.369175260238932 2.08381810728491
0.364681395904429 2.18260917736605
0.377606933425377 1.91392289279342
0.367953681631475 2.11296415749471
0.36927780637067 2.08224750575291
0.378781373446606 1.88601280666075
0.377897485671343 1.90783318112062
0.371951177409316 2.02537576877571
0.38353824950179 1.7873524590159
0.381747831550098 1.82509621910756
0.373266940917319 2.00315233751191
0.36637525712696 2.14448930758563
0.376177458196749 1.93724198151573
0.367916812969245 2.11402718780406
0.373604620182127 1.99699232828801
0.380579345018765 1.85589196014505
0.370664844779967 2.05609514342765
0.382072478221092 1.8185787087327
0.371909940527686 2.0339477923434
0.371153166988029 2.04744895451058
0.373305714952654 1.9989872008864
0.378439488210821 1.89743231500292
0.376861210035226 1.92788505500517
0.372543830161714 2.01529846238014
0.376807201597579 1.93171448784257
0.360777092164468 2.26081299065168
0.376259691830271 1.93919918361275
0.374983646864824 1.96804088161789
0.365886863514796 2.15643951429286
0.379728838338863 1.86655161820167
0.375491721481666 1.95329370244188
0.3789667321634 1.88392457186628
0.378576546955459 1.89288880875636
0.369642833675092 2.08042397926845
0.376222156929146 1.9437657278139
0.376588521053129 1.93339516321353
0.36830073833735 2.1087115583437
0.373345127597143 1.99803072828465
0.384366835354201 1.76974483765767
0.379758830943023 1.86617529218014
0.385700579239077 1.74101664003456
0.367066989858345 2.1312141035508
0.385046848458252 1.75570262409462
0.367348370166043 2.12539132592738
0.374999627439918 1.96663777424653
0.384009071781879 1.77922063027422
0.367389575308963 2.12324919758639
0.368780682279481 2.09448633792059
0.370503367461258 2.06334801938421
0.37561369502568 1.95493766380457
0.362965576785267 2.21653567978584
0.373951465934434 1.98762202170839
0.368872453292966 2.09670287096375
0.376457637557929 1.93750935489751
0.389035689603872 1.67293273638915
0.366212875373228 2.15557701896959
0.377896492245285 1.90567948126737
0.382865459357024 1.80664739217427
0.372439849539742 2.01737065131893
0.363677018699587 2.20909853777751
0.380563110040135 1.84711775502014
0.365462816987041 2.16251721130727
0.367753636154751 2.11442112982821
0.372836881975902 2.008205987823
0.368364127843884 2.10548978615886
0.378885868737546 1.88547455123167
0.373989956268348 1.98779818697131
0.372586896950142 2.00663400877985
0.382348147789412 1.81357785932115
0.373088106929313 2.00363833529173
0.385002162987299 1.76310701828455
0.381252518458185 1.8337526416006
0.374251259830239 1.97678881805141
0.374121799579287 1.98620221480349
0.364826949727226 2.18252532193965
0.378588036670608 1.8906285097484
0.381649436140533 1.82999789244438
0.376119182214281 1.93935258724185
0.375641434849205 1.95601941031743
0.362184455655957 2.23355639881958
0.382105570172673 1.81263557543748
0.373253282189708 2.00104067894839
0.382293819765018 1.82060039556439
0.375137150150275 1.96655601679998
0.369333628830877 2.082593766944
0.363359366097065 2.21068564951877
0.371260305086229 2.04249142118041
0.370254977003335 2.06495614639355
0.374378355347208 1.98464106472795
0.372659408236955 2.01028972264222
0.374842078148619 1.96844048595151
0.37406704085863 1.98386602292442
0.376220468893957 1.9425816788337
0.371023416336839 2.05012156122957
0.372572281946476 2.01433746304387
0.385945825615468 1.73497019039591
0.377722960173602 1.91010733190487
0.359719831394611 2.28477854425316
0.374016278818204 1.98811100680671
0.380006497924216 1.85987381596707
0.38726447006861 1.70943374317599
0.368040245917542 2.11285961932624
0.372776207873913 2.00802943103399
0.363642726350124 2.20427591989699
0.375797565999631 1.94943506283097
0.377383200610183 1.91276563173134
0.378953847258592 1.89065092293316
0.37317585272761 2.00306770322377
0.380775180069803 1.84521339668941
0.378825746675801 1.88694974616969
0.374111431775543 1.98845260068782
0.375607352065009 1.9518666004368
0.372117941065653 2.02455655067366
0.378211535725125 1.90032971705761
0.367102887049879 2.13547291684766
0.372016059178867 2.02828421888206
0.372303259646317 2.02516356069504
0.366006562791462 2.15102274678005
0.374257927086542 1.98296593852182
0.369776351268153 2.0742915798616
0.357749084201521 2.33015685795833
0.366458642487364 2.14843109281508
0.383006497657828 1.79156962970433
0.370610359379617 2.05887245422328
0.383557683104199 1.78441497417943
0.375940459306008 1.94599028753603
0.372136176847354 2.02740787573133
0.371702817787811 2.03681239803564
0.3833029949189 1.79221724364044
0.36232235453602 2.23682611501392
0.382507332567872 1.80744855090305
0.372935665679858 2.00891448383514
0.376972165826002 1.92395909318372
0.379763563080456 1.86703793186538
0.367539123262613 2.12554413076215
0.384003490957697 1.77905854815749
0.371271851294639 2.04632436348934
0.373361655271208 1.99698089077249
0.369127604541734 2.08522661073154
0.372618817577468 2.01875690424191
0.371438006719213 2.03740559405625
0.370131421324917 2.06914767306077
0.378345795774514 1.89528798409791
0.374388682585679 1.97986119791637
0.377393108624427 1.91381772029822
0.36629417405501 2.14848316682322
0.372652458799298 2.01563133810632
0.377823568388927 1.90524770045003
0.363337403240243 2.2087797242383
0.368385529479102 2.1023745584499
0.378558197952333 1.8912291273005
0.378195089350424 1.89700179867266
0.374981201448432 1.96827619302912
0.371619785717539 2.03974969036581
0.374059423496638 1.98409802320151
0.379468394333474 1.87332034905536
0.379259850299373 1.87556419523067
0.374125051557035 1.98681005074386
0.365998343201813 2.15275257115847
0.382610369805741 1.80231720859072
0.368207500884302 2.10876938633672
0.377265649085959 1.92128323667697
0.38294946236411 1.7999071480316
0.378284878787073 1.90015468563594
0.367599557905916 2.12319988665862
0.383246603537718 1.79162501855483
0.366438062193306 2.14796874769168
0.385356274386902 1.74994734500492
0.36947559709032 2.08144763251421
0.39170287296153 1.61407741269227
0.376822491953375 1.93131496687135
0.370742987805127 2.04908027671688
0.376235105674076 1.93801832785955
0.375292901273004 1.95900712797834
0.384275968744624 1.77306646584196
0.370244131177693 2.06302599998065
0.376624956361741 1.93088558434147
0.383593144001916 1.79179902162559
0.370823902963082 2.05323855564392
0.365983478397504 2.1508886192415
0.37406574007828 1.98568589034072
0.373716784059447 1.9956660574067
0.368273628148786 2.10591715310727
0.376954030832513 1.92651636122497
0.373349757576145 1.99800553193346
0.383630733331623 1.78710512905288
0.375634830948714 1.9533206550206
0.378268536997283 1.89546308271535
0.378669692145111 1.89008908554579
0.372924764489083 2.0123771546027
0.382971674129648 1.80365441368906
0.379461916525843 1.87352250979584
0.37272690581832 2.01378910649635
0.375568464772447 1.95094914147084
0.377344071630145 1.91821802362242
0.377128690523307 1.91695098851085
0.371645137655757 2.03338713472456
0.376036705136748 1.94580306451682
0.384399330845023 1.77137213980065
0.380000930189603 1.86202278693994
0.379973615880288 1.8639367076789
0.386256372052927 1.72659888406923
0.37810712562558 1.90258384079702
0.379391813720218 1.87353485787214
0.373607883724376 1.99364069036113
0.370095607613996 2.06445015945772
0.36632498573985 2.15036336076854
0.379620799010454 1.87216686834835
0.381419296894002 1.83055530936876
0.359897846245309 2.28056706212716
0.372659106342153 2.0164732958378
0.373756238430888 1.99254172942533
0.372857546640877 2.01288212908044
0.373141360938897 2.00670722116286
0.367518720745069 2.12282721573277
0.367685996189953 2.12067597368973
0.368717577304752 2.09319440867873
0.377419079132708 1.91016165385947
0.374979416394149 1.96768450017086
0.3962636226637 1.52543350032255
0.382688369772944 1.80806117705974
0.368168614793903 2.11145263272792
0.376701656351949 1.93339858923578
0.38627894990163 1.72583256585265
0.376398197518009 1.93902269449924
0.383622000030569 1.78737739065213
0.381336988879504 1.8350850841783
0.371582032433508 2.03669268179768
0.367335335204159 2.12975209422024
0.37264230186127 2.01607735548964
0.384434937666851 1.77048470987346
0.374884934182708 1.96707293662979
0.378852164586373 1.88255687200203
0.37774012777666 1.91042163742353
0.383475706848758 1.79102730255098
0.371636731609556 2.03448795354186
0.373152249716241 2.00654919748243
0.373866354232961 1.99308641619617
0.37741594181947 1.91124512526231
0.380469471427105 1.85028774761229
0.37578822095318 1.94937117238233
0.391827550164902 1.61565080704931
0.372053117354016 2.03069957554339
0.373827448979624 1.99486039014953
0.369729091476414 2.07519859079986
0.367026503566417 2.1344431529965
0.374205190427665 1.98687466942608
0.378492941525811 1.89174292012002
0.373990307549048 1.9848763232429
0.373855592448484 1.98912773734216
0.373299559722519 2.0041619845737
0.379603374143204 1.87282423560768
0.373340779233574 1.99838759295791
0.373797521999823 1.98651229747258
0.377308104445865 1.91545221945564
0.375258002545421 1.96139619973614
0.369015103994802 2.09459645696564
0.373726888746004 1.98948690756055
0.377322623071487 1.91250374330408
0.376936498984947 1.92021309108997
0.380441263269097 1.85206116167558
0.375695654907189 1.95356529972607
0.381708075072164 1.82714695929787
0.377252469857418 1.92154728137446
0.376818279158728 1.9305084050406
0.373537135395953 2.00027827998448
0.375187811459068 1.96095775780971
0.36762030321946 2.12055887907403
0.369811035067168 2.07835760112949
0.370889018165045 2.05048202781905
0.380702514667878 1.85317437958638
0.37196112721181 2.03295905570802
0.373394408413988 2.00101510762501
0.36982044386207 2.07677524206926
0.379547424874454 1.86971625321913
0.370290599043847 2.05983887156632
0.383604575365929 1.78757998572555
0.376855477474585 1.92718296393417
0.373324245367129 2.00946918008003
0.377280173952982 1.92022848735301
0.367729382022837 2.11851390522146
0.372495364215275 2.0165038001647
0.372371565040453 2.01989971882991
0.375431995796146 1.95604120842509
0.390735856711683 1.63805004262589
0.373408861693849 2.0026098111426
0.360350618512314 2.27292799698461
0.370391316880829 2.06137462360887
0.377561681267068 1.91512767538918
0.373028520653761 2.00870585996294
0.375918762368178 1.94544321966649
0.369390967501475 2.08759637356201
0.385861506237939 1.73414256851075
0.376724893413464 1.93086208358269
0.372525065490439 2.01542536034976
0.380039217203268 1.86227970214863
0.364367806776689 2.18964844061977
0.372059777697302 2.02559972203862
0.369454825176216 2.08395646666565
0.375291082738107 1.95442929772161
0.377476796722615 1.91634213668417
0.372051732587566 2.02862522916317
0.374617955303215 1.97340115113164
0.374434544955005 1.97958985780062
0.376484213519975 1.94013397502872
0.377601898500085 1.91089952607567
0.363529352103155 2.20625894792395
0.370977466421418 2.04707369300839
0.374836887814236 1.96974732930216
0.383521306770198 1.78597064033931
0.368727403953139 2.1019546634391
0.370296500680822 2.0658900712136
0.383635914747082 1.78433155470879
0.374060448669097 1.98935448291449
0.36833980205557 2.10396611965505
0.385195028443011 1.75530670826897
0.377512155966701 1.91701097571976
0.382894508273577 1.80004279964746
0.378838270220271 1.88356980415023
0.378886116049685 1.88857980551282
0.375255255108842 1.9610456308756
0.363721999855483 2.20508655267631
0.371511246029609 2.04065343638405
0.381993793314483 1.81912452172934
0.376419276526767 1.93713356542363
0.377126047994354 1.92201616203274
0.37622404407272 1.94001997778947
0.365066844062745 2.17886273684084
0.376741123587924 1.92724983426036
0.374898356638647 1.96992943533661
0.378430498538392 1.898502979729
0.375659120277992 1.95291081301516
0.367226685689274 2.12847226715208
0.36969319249241 2.07753456698154
0.383767024054199 1.77464257548427
0.368382019581281 2.10966831678548
0.367752248386735 2.12028399889339
0.366028241416906 2.15454330926148
0.378946148664174 1.88228419322351
0.366328951077052 2.15072789880152
0.372042360408597 2.02643075996725
0.377362364438231 1.91566516807478
0.375024558612748 1.96148029589182
0.373902716170591 1.99011878470605
0.3776702384899 1.91015761475924
0.376994679630383 1.92486668479516
0.377292151447674 1.91769264066699
0.376795318526019 1.92757628512666
0.365195501103726 2.16761416452892
0.368447548307144 2.10153101904796
0.370941881116915 2.05079352154185
0.378224900859652 1.89799324692142
0.370573996244768 2.05246416322844
0.369747406244121 2.07917507595477
0.378010626805772 1.8989436424417
0.376528029412263 1.92803418325085
0.368509560806204 2.10253354328088
0.38243472153017 1.81292655230059
0.372476541939384 2.01935123588504
0.369521887065091 2.08293882440748
0.383795803525671 1.78268708045965
0.369800774013175 2.07400598724072
0.378145532537182 1.90046950092504
0.385245038998923 1.75359693661594
0.37200459676761 2.03184875083229
0.37666393695272 1.93196145347989
0.372589022588784 2.01812701799772
0.375910486284607 1.94505692501852
0.384146190080081 1.77346999003518
0.371571450716052 2.03299028138894
0.371797583201045 2.03596622105932
0.377216423829562 1.9187982260288
0.371734109805237 2.03219284769787
0.378148175597255 1.89944842673676
0.381184717198994 1.83698905597523
0.376757254301283 1.92845222223725
0.369654291922586 2.0792588692104
0.369038942192992 2.09056443719851
0.38288304077662 1.79856980946967
0.370789871094503 2.05255037147534
0.380313647590175 1.85399484370178
0.382480488047597 1.8113672897309
0.382774101109842 1.79525283022106
0.365542863922518 2.16340837777526
0.372621270025492 2.01515321885423
0.373879114612667 1.98667389457499
0.368459949419152 2.10037844681767
0.371428995002819 2.04029504782899
0.380863193375133 1.83966076713296
0.371906286412778 2.03332100943273
0.360586240908152 2.26917296987648
0.365360012071551 2.16802612223593
0.385479201787202 1.74750179771197
0.368491725830314 2.10030085520814
0.37240776888247 2.01749140216233
0.369583363207396 2.07990540861391
0.374311958896471 1.98247861220166
0.375856041551483 1.94993283202543
0.370912470359738 2.05374699238957
0.370353749150474 2.06361383260398
0.370870314527657 2.05654249246211
0.375091010393143 1.96491466624616
0.37336850706918 2.00100815359169
0.365278415221996 2.16543904494669
0.378710337503068 1.88961063892006
0.376337002179158 1.9441534866876
0.370712390488224 2.05535998380929
0.379434288040942 1.87185884928403
0.370892089757921 2.05493666995437
0.374721253378957 1.96965202350875
0.374796601897594 1.97076833342291
0.377204186437122 1.91666367051062
0.366145011313557 2.15732567661464
0.369577998152611 2.08121444489188
0.373028730308038 2.00811623666063
0.37665628336315 1.93327791289331
0.373310588531644 1.99843593538536
0.370781782881476 2.05519371678605
0.374852076192314 1.96625135000695
0.378836099562947 1.88091996080251
0.368249124298571 2.10295861754272
0.362225635007336 2.23749100702475
0.381032010965323 1.84543983838075
0.379695859834857 1.87000633632047
0.384220028063746 1.76765118838669
0.359602365911163 2.28486268813168
0.37148974167356 2.03600968328242
0.370888840787788 2.0505298919058
0.371114516075717 2.04911647816638
0.351948323734172 2.45102675073466
0.373051367887618 2.00356250138778
0.387628287239752 1.70155987235284
0.378095836520417 1.90879390490193
0.377152728570195 1.91644916361988
0.371365916671999 2.04149639909437
0.376663489076574 1.93220237548747
0.368067317704773 2.11229491800629
0.384770377625995 1.76055237179851
0.381878665626631 1.81702214980722
0.378371837084025 1.89537094731649
0.366706984983073 2.14170621676405
0.373051542100968 2.0053043454297
0.371636128542031 2.03442884540589
0.374845914877423 1.96848070178878
0.36928443889885 2.0885095275751
0.376189713053612 1.94437704014496
0.372721336069671 2.01362043893916
0.373617304901144 2.0007610175123
0.371965204952513 2.0331605756584
0.379294569179503 1.87312395182085
0.375436979270253 1.96028221735166
0.370598444010157 2.06180558792861
0.379702925384723 1.86280863698734
0.375469655017046 1.95357574430398
0.370687077066786 2.05237033791813
0.376004268318735 1.94383108214513
0.371417729326738 2.03611468294044
0.383789114845513 1.77717868562148
0.373761590873738 1.9936129859194
0.369352571069783 2.08627037959705
0.370076733660811 2.06972844815393
0.381904670116796 1.82037019385813
0.370600817964425 2.05826068360836
0.388930045805712 1.67205873962944
0.372285339358519 2.02394029868276
0.361758979045123 2.24556446817883
0.366219478639876 2.15497000836648
0.372620024082057 2.01462354850708
0.373196914337448 2.00623884829842
0.379203398035158 1.87468560753827
0.387644960934542 1.69850543568211
0.377478950822053 1.91223394173079
0.372385802841511 2.01713152800168
0.371942233352334 2.03222695058553
0.378280311943667 1.89523263975522
0.385593055122322 1.74895761156424
0.380106640358702 1.86025213962254
0.385846770993148 1.73881498200436
0.379381998061253 1.87405264706444
0.373753721168963 1.99668437795683
0.380292805924104 1.86127957650168
0.368233537998209 2.11045897412577
0.376009239541742 1.94466748813027
0.375596374040262 1.95425537186368
0.367566247156139 2.11956867027574
0.374224433712197 1.98574384510819
0.375773770172775 1.94470150299852
0.375866365567953 1.94522925479714
0.366218747935402 2.14892769645082
0.383949049133725 1.77441258530567
0.387584676334386 1.7045492993947
0.380457759971118 1.85045715165014
0.374691375612439 1.97064516186668
0.377126104433856 1.92236024644339
0.373432181259495 1.99712275462636
0.379940234898018 1.85939519783809
0.374436467319244 1.97706049062096
0.37574202153061 1.94911131558032
0.365384951328314 2.17023208848446
0.370916161567422 2.04974905869348
0.390302609803681 1.64621511777209
0.365850406919442 2.1594505746703
0.371959096684792 2.03073044574952
0.384498969581023 1.76273729262296
0.377993458320756 1.91065618373484
0.375863165141994 1.94864060345898
0.380678467707439 1.84404356857128
0.37560080388442 1.95411949433173
0.370949116822337 2.05050908586755
0.369095776306539 2.09045182817953
0.37927493395101 1.87733353719578
0.368285244538788 2.10437278528871
0.374959411668003 1.96888647713371
0.363926014575425 2.20114718607131
0.380105492084458 1.86119302883795
0.373521561706524 2.00308061439154
0.380237387309327 1.86170618649529
0.375142929891843 1.96495908635554
0.371536966168684 2.03941958912842
0.370147540366874 2.06724417538503
0.378635716758925 1.89108497835727
0.365726509822879 2.15209575547395
0.370251030347231 2.06800569181564
0.368537414641181 2.10350567977554
0.376627170105978 1.93225916967209
0.373867217024003 1.9913237779268
0.37770863269042 1.91109880058039
0.372989254739873 2.00850482548
0.372405571507421 2.0203594561505
0.370219231846692 2.06550627412912
0.360561025796322 2.26763849452024
0.383632364412668 1.78543620612623
0.375649220280964 1.9544333212378
0.370238141235875 2.06679536506004
0.376195996156187 1.93732672715648
0.373437169727049 1.99861683593089
0.371300123175049 2.04358714329174
0.376121737882687 1.94345361822915
0.369759737995386 2.07600955872311
0.380115450436033 1.86511636101779
0.374271076687802 1.98383254659747
0.375068941345201 1.96456607507893
0.375353328909044 1.95713434292276
0.379104388408408 1.88470261743666
0.371604596203105 2.03920688753985
0.385299619137114 1.74864158596529
0.365527738765747 2.16354625586218
0.380469597279476 1.84831807862847
0.371303784583271 2.04588431041151
0.372875854478354 2.00995690857311
0.376306299231166 1.93904685147398
0.371983337982979 2.03009965070935
0.371548667791916 2.0344487322834
0.369335151420668 2.08199509070761
0.375209878858812 1.96134059446745
0.364250535567167 2.19271597808768
0.36897815238657 2.09852672995565
0.373396312880596 2.00083466776491
0.365096112558885 2.17266071103314
0.374035052644747 1.98248510530873
0.375000915049704 1.96566536471754
0.367311875574693 2.12584658740747
0.37499605556418 1.96785493653065
0.377697396308187 1.90835052146599
0.372443830405085 2.02120818914462
0.373500980804081 1.9965855928126
0.379621574185699 1.86484944914792
0.373927346895832 1.98662339557359
0.375553021802578 1.95494598647886
0.381146055003586 1.83925969257389
0.367241778278052 2.12887676819658
0.374351811021767 1.98265698536477
0.36761049622825 2.11916314256777
0.373143731433131 2.0020053517515
0.372136187899981 2.02503287453433
0.373519694153426 1.99861884452985
0.370765592968356 2.05463465013027
0.373415446008669 1.9978642583069
0.379884948451037 1.85964052676072
0.379595027180948 1.86778201965158
0.385339267613946 1.75446103889091
0.367550572653215 2.12044088846153
0.371814053861715 2.03314316673319
0.375388578420108 1.9564686486873
0.375187882545056 1.96397538792631
0.374213378454029 1.98314937127433
0.376551191905681 1.93408276123725
0.37332218853681 2.00051973627529
0.372874251444732 2.00839771254631
0.375969170454544 1.94419087437707
0.376497390696212 1.93321831963542
0.376690946667106 1.93400174994368
0.376127292475331 1.9389435059341
0.378851086530549 1.88382972727599
0.378752110227451 1.88820411500488
0.366771749170286 2.13969998722211
0.378097773611283 1.90045286569468
0.373276424170797 2.00044795555194
0.375934476446337 1.94767277553198
0.378940200922093 1.88187592347055
0.371833915364766 2.02989364079926
0.382694555846461 1.80152270901621
0.380946397794924 1.83891842819767
0.374801264798562 1.96934963519985
0.374728583352104 1.97005331923687
0.374967998204918 1.96342557998155
0.370636907893413 2.06147049451298
0.377566900381664 1.91055756588962
0.375829632636183 1.94888069143623
0.366558234539097 2.14360398635634
0.378919934111965 1.88685065071756
0.376390599397051 1.93444134580269
0.369633841824044 2.07818726906021
0.375607350334935 1.95751839746547
0.37232311694308 2.02312869929176
0.370676509264192 2.05551183990274
0.380998947419832 1.83756667399673
0.382835013561689 1.80221411205886
0.365346659204015 2.17110417969532
0.372286067265731 2.01687252122864
0.376607554058793 1.92972625046919
0.380166352159954 1.85683723732871
0.367568922713192 2.11745121655571
0.370556276410382 2.05489138102172
0.370930082688509 2.05404012532336
0.37690841925602 1.92732625279779
0.382639821807769 1.80243813056533
0.377171599070218 1.92093482699816
0.368599775894413 2.10290679528654
0.367483514224189 2.12293829263902
0.382836887341 1.80005053199867
0.371288839082242 2.04110003655592
0.391760071072042 1.61771852616586
0.368352070852269 2.10365820947556
0.377687821001212 1.90727072455921
0.37527244717088 1.96387015032815
0.373946387705195 1.98652256265634
0.369378083184626 2.086747154458
0.379263343604828 1.88267150126223
0.368783470742199 2.09889020097299
0.376978412091807 1.92191819845429
0.371995654828022 2.02936538305641
0.37932347026601 1.87249099372756
0.375268633502265 1.95734097001013
0.374626093107805 1.97420604379097
0.37146244843426 2.0376355788977
0.374796161406456 1.97270208928096
0.367197024887242 2.1242054191628
0.375446630266028 1.9502962806139
0.378122508004092 1.90245666137447
0.379478339835169 1.87663109036694
0.377640853697799 1.91095439001997
0.369356968445878 2.08757563561689
0.37040480552618 2.06544319053853
0.377938310194259 1.90222708627053
0.379912489067086 1.86136157917009
0.378357835471525 1.89286784330071
0.375298634776968 1.95943547459448
0.386634765465137 1.71547070954283
0.381387584545181 1.8282997325979
0.370918876734644 2.05447469617404
0.376759187767389 1.92686543483989
0.378002645898304 1.90051350614087
0.357131867143027 2.34254602557736
0.36853004476796 2.10545485940517
0.372278667668445 2.02467858996307
0.361429705133433 2.25124326894461
0.370199757721356 2.06740419638129
0.378429749209969 1.8981256829371
0.370927749892834 2.0496319300737
0.38353633429064 1.78680969296782
0.364370908695561 2.18940178856709
0.370955417391882 2.05388506883767
0.377477681835842 1.91631097423662
0.372899908843437 2.00339966583815
0.374919798939457 1.97108880088463
0.377271910098732 1.92168195929079
0.373148992925289 2.0007927920408
0.372685399003293 2.01268859516775
0.384391797951184 1.76949955908813
0.369116336642442 2.08820996478374
0.375493278169871 1.9524955020037
0.369007822667618 2.09158019072157
0.362670027928157 2.22504952135832
0.37290572427226 2.00895155537687
0.374712428555574 1.97081963508176
0.381054117508284 1.83717812342718
0.374187114200072 1.97774006065274
0.360939715872394 2.26109729251522
0.37717435286971 1.92028263152709
0.378600378957179 1.89351004498762
0.378577331517102 1.89382100110747
0.367025066449507 2.13182502807907
0.378545644133909 1.89435287116805
0.382936242081831 1.79632145242667
0.373548105305957 1.99553147533891
0.374677203478096 1.97502070451152
0.376569658480233 1.93451751834452
0.373709191849898 1.99409574415569
0.374971625694409 1.96800458496234
0.354766945126647 2.38729942519933
0.369363650288392 2.08707691304304
0.369196018676471 2.08499275127805
0.370598448799117 2.0613107725407
0.365811530276609 2.15842920090869
0.376370091142493 1.9358177303931
0.375682127010393 1.95127330598851
0.377078280544076 1.91780718053741
0.368337622942996 2.10258921632302
0.375964923809841 1.94596275041074
0.373365330654062 1.99835510556907
0.370663111042012 2.05650017035094
0.370377166423555 2.06073308174333
0.378881333620959 1.8855146965203
0.386494008007848 1.72310185717919
0.380873248033873 1.84670772345053
0.366760534383975 2.14047819208855
0.379813030557981 1.87122536781029
0.375130714341461 1.96310383181673
0.370688539251485 2.05647136061217
0.36957486618349 2.08450223257441
0.377799800677652 1.91503852726263
0.372520268922377 2.01477648915573
0.380172003518133 1.852484444713
0.366265391058611 2.15439942872964
0.375844646076459 1.9509953520691
0.374284776154683 1.97850896158006
0.372381415410155 2.01750568483533
0.368841718750201 2.09380375666733
0.374276695731324 1.9820680664544
0.386655067323181 1.7204624820871
0.378782283012741 1.89153632388823
0.370290415345377 2.06448363514574
0.371658621368306 2.03574318645722
0.379097936075335 1.87536975633288
0.378731411975062 1.88654387580812
0.372135842341379 2.02900797699053
0.375925252359351 1.94603099768765
0.376901312826212 1.92505682840439
0.374913813686193 1.96855484242885
0.365948140727435 2.15618258119099
0.382262241329488 1.81438914292163
0.367699503195249 2.12101406176924
0.365933698093826 2.15503712168578
0.369282572816278 2.08320814678843
0.36989384676898 2.07685269098319
0.367615822855211 2.12205549441329
0.381069274281608 1.8346785307048
0.384526000480994 1.77003450581232
0.367979453098081 2.11481792439971
0.378264770805607 1.89827589052303
0.372912315297108 2.0106565881867
0.374717535318753 1.9715569440593
0.374247793108202 1.98307419952351
0.381695570208681 1.82760177391056
0.371774932503897 2.02979077362378
0.369648238150666 2.0792886034808
0.369632799823076 2.07944899444349
0.365588306622186 2.16644422419916
0.371575374832144 2.03793124697406
0.379764374595718 1.86371418038878
0.362599005971807 2.22160274273679
0.377294088859372 1.91474442583587
0.377026614874617 1.92207851001181
0.376955990008766 1.92344203752428
0.381694782618141 1.82563913124232
0.377343367381403 1.91376975566522
0.371988050073885 2.02773266411777
0.376789747253441 1.92874148873118
0.379316089388348 1.87895108669287
0.371184523091471 2.04446839984445
0.374989720484254 1.96862826476152
0.368906034126837 2.09974242787197
0.372772102183134 2.0152575571559
0.374233973315801 1.97960200472423
0.378222145017227 1.900526649986
0.371192738447403 2.04734383295315
0.378679361812282 1.88948561523512
0.367980554560766 2.11608770595135
0.379527180708916 1.87495160283056
0.376115713533161 1.9428474711591
0.376825789337142 1.92817982015682
0.380698813841253 1.84717547759962
0.370690641909161 2.05736661312351
0.377514614708974 1.91065425181936
0.389768312255335 1.65816783949529
0.36884109836387 2.09088027373454
0.383235494739756 1.79132723376478
0.376081139847658 1.94383662418343
0.376608883155591 1.93597923355371
0.376640753453577 1.92860914571195
0.385722329434482 1.74235711946612
0.372489000413508 2.02190054447534
0.37783909112376 1.90144190320027
0.372074321256029 2.02978314952733
0.377243319525768 1.91573952543154
0.375591580352791 1.95615796738257
0.375759130853654 1.94895013148662
0.386845317642267 1.71831397045048
0.376086343392448 1.94328607634789
0.37005940930526 2.06666857662535
0.370598704363304 2.0593439151703
0.382564607127516 1.80672751086198
0.372797744880012 2.01300237710442
0.378712929621177 1.89032326080092
0.374028109299501 1.98581620016439
0.375923619419487 1.94762230285068
0.37593124809767 1.94559610347344
0.387676384050779 1.699988851581
0.368793473806323 2.09903825397351
0.375458144201808 1.95905200395074
0.372108049078483 2.03174103763166
0.37263716904265 2.01854729831135
0.363285757509398 2.21036354897701
0.371517203647998 2.04384834074404
0.36725438213224 2.13157031969053
0.383862902372602 1.77752244009283
0.373249556759406 1.99987916612877
0.381978081692483 1.81840783345377
0.374203978846646 1.98318032718465
0.388770483456441 1.67304223415123
0.376048188254229 1.94592339705916
0.380514107740523 1.85193958942818
0.37694453349814 1.92360305479516
0.377453090102842 1.91614667820017
0.3668341841351 2.13673925183916
0.380494426631902 1.84707193040727
0.379913141007133 1.86591012779443
0.370024576173175 2.06786339204027
0.3720001199185 2.02953742835533
0.363179175645569 2.21316158509086
0.372048462762692 2.02451349995373
0.369158885298069 2.08885716176974
0.377270423231021 1.91375606081915
0.359605513766312 2.28972324779266
0.36908630148633 2.08611381526452
0.374668797499963 1.97111968051411
0.371174502383815 2.05087834226033
0.377649603680978 1.91334964659108
0.376700673491734 1.93172676659358
0.38472211064326 1.76100337072873
0.374666989335226 1.97370319936916
0.375941443449121 1.9445358329479
0.376906461239918 1.92335905879866
0.383371588777527 1.79063312103392
0.37406599260348 1.98428447454565
0.373141049297899 2.00264617339639
0.379709871685756 1.86858725895675
0.379095157043072 1.87757789069753
0.37359849129558 2.00034652953719
0.369092001432696 2.09240562153482
0.363983921333912 2.20053781100993
0.371429929925925 2.03999892721229
0.362077651955697 2.23840851628028
0.377948212822766 1.89850574541843
0.381192867612533 1.83811455334117
0.374002927735152 1.98874367103928
0.382418889313869 1.81263575495042
0.375791892458496 1.95178291646889
0.374435113007262 1.98387297958161
0.381387935221922 1.83183188268202
0.368220092232539 2.112667135622
0.378150058835846 1.90361008288222
0.372409398815273 2.02112688473522
0.372087253481517 2.02673338438791
0.372171497531778 2.02896707075987
0.372877870918372 2.01173780082704
0.362086356488309 2.23909143574576
0.374060571166435 1.98777438536327
0.382467333415725 1.81056869071288
0.374478956734691 1.9772340535909
0.376121603614715 1.93858627059978
0.384048243701473 1.77401797658652
0.380457339070611 1.84842947443471
0.375758084480303 1.95035239963342
0.374855473045549 1.96716218330579
0.370978005652031 2.0475326323956
0.380389362393771 1.85374363745315
0.375204605830484 1.96176542807324
0.377974242726818 1.90324385279961
0.370930328767657 2.05296646190422
0.374922338503166 1.96377685574266
0.375566537998279 1.95303936947803
0.375195542424757 1.9607629139922
0.371061807885106 2.04840492573751
0.377200616575261 1.9202807142915
0.382800374181035 1.80478201088615
0.379917967609741 1.86324223929831
0.368645112271305 2.0988244200036
0.372388383433154 2.02331525153908
0.361873929106736 2.24193712130624
0.381292851793449 1.83667454971255
0.375238562869404 1.9652267566452
0.375956649683876 1.95130236416208
0.374698506223641 1.97322760586431
0.36807600939809 2.11702977744269
0.371263739677353 2.04213902227372
0.376115634060673 1.93886044564043
0.361432660263988 2.24977605102838
0.376601106075298 1.93497253143991
0.374385998192527 1.98357771203349
0.370156028009239 2.06847957879501
0.374666635401141 1.96890909553965
0.360646759238877 2.26154500263812
0.378119706600405 1.90347420000625
0.383000560384758 1.79936573242894
0.374634153046272 1.97403046154471
0.372108247368545 2.02606076933857
0.370558389086832 2.05954970555307
0.3700146698116 2.07421320935147
0.381735548026397 1.8250266774779
0.370199539969921 2.06608494269984
0.363861561986046 2.19743127948707
0.381854005499803 1.81781199517752
0.364400724040634 2.19043963966548
0.36961778068964 2.07795106301912
0.382694484767649 1.80692716925046
0.367074025524218 2.13249130219803
0.374524725951279 1.97465207926629
0.367191126945419 2.13102013937374
0.368281237930277 2.10799670334726
0.381529819406695 1.82237998237492
0.365573681756974 2.16933895236119
0.371964720788714 2.03072299692889
0.365514353177027 2.16448962596761
0.370485044524942 2.06121046232455
0.371859982341734 2.02945262439869
0.372022756562476 2.02915442126406
0.367121803348595 2.13086863874323
0.379182801196327 1.88362503038015
0.37555815428928 1.95328555513375
0.368866184796283 2.09834159135774
0.372887548432371 2.01663213006991
0.366512977819358 2.14686315391204
0.376851241530234 1.92431632280706
0.373261218874617 2.00205039806586
0.377932400692698 1.90996122885868
0.364757827770682 2.17842562580403
0.373974003585909 1.98621095313892
0.374094094064432 1.98837084575237
0.37763522774951 1.90570805266555
0.375968083928361 1.94156389458583
0.373395299548744 2.00152775433898
0.374585220708903 1.97353842179832
0.374157768563562 1.98604583743303
0.37232829939977 2.02446598623441
0.375330595014637 1.96212462910125
0.375242991440016 1.95718300792558
0.364190458016183 2.19518080719011
0.369746018185445 2.07511442892521
0.368725598731865 2.09569983496058
0.386797798913379 1.71714089072568
0.367902446244662 2.11431015385837
0.365568736622744 2.16318442678961
0.381703020495288 1.81968588997699
0.371381172792542 2.04430782986013
0.382503928968769 1.80388308196331
0.364038638227899 2.20069696512408
0.379575744742272 1.87189549552342
0.37041622203293 2.06079826453702
0.368334291062571 2.09832323980525
0.377366419676692 1.91570031995089
0.377484087010694 1.91850957989283
0.363285418681601 2.2093819588191
0.373466299505505 1.99963910175122
0.369442696758647 2.08120087531396
0.384694453239398 1.76164094689866
0.36672986498393 2.14150516614007
0.371963631821115 2.03417737970408
0.376691409225875 1.93729873288469
0.378227672498373 1.89568324198949
0.388692322864728 1.67648778786733
0.366400011883722 2.15103899841439
0.381763539878581 1.82562896869226
0.373576615672858 1.99943119179371
0.386134240621439 1.73216458837841
0.375357771297812 1.96163512343201
0.378129584396461 1.90147317913292
0.376046825667712 1.94599759692871
0.383164299298546 1.79747006842691
0.375983573578334 1.94708465421986
0.373216502879046 2.00701361732177
0.373159582951557 2.01164472743314
0.368474853275202 2.10135622020218
0.374539216742895 1.97320992617614
0.381147010528362 1.84121391137517
0.372610579009322 2.0158435776056
0.381093563245019 1.83622007312326
0.378684200874268 1.88531558232354
0.37180103080266 2.03535322812792
0.37694527313845 1.92316516832664
0.382927247289918 1.80262671925144
0.378370159460716 1.89784397705862
0.367992516342003 2.11776514437408
0.378822896911785 1.88818293223467
0.374360780797671 1.98067997832739
0.376182247262702 1.94211266352898
0.376327331471715 1.93548536429425
0.37347430310342 1.99638680468662
0.380234492845946 1.85473701310712
0.363108071190769 2.21531740443981
0.370246507596115 2.07005394598076
0.368169959467364 2.10763682461335
0.382057233062175 1.8159038159889
0.378972523117067 1.89038314029501
0.373209899348332 2.00407963366709
0.368603324650941 2.09648071436729
0.366171783614097 2.14954828771301
0.374470285038782 1.97591793526522
0.376137692659189 1.94332498139102
0.371097766227821 2.045857405998
0.380747334983435 1.84955004666363
0.379892485366997 1.86306088980698
0.371808479603801 2.03529025606138
0.373323909968725 1.99790542198856
0.367177394885582 2.12686483032418
0.376032373217762 1.94581870488096
0.374239066325321 1.98392172576215
0.375710653825539 1.95442808025255
0.370810676703015 2.05358655397953
0.369851291866625 2.07173030469506
0.375749459298006 1.9474730279824
0.37566022495423 1.95108124056393
0.370678351106779 2.05679849989894
0.376385007382179 1.93323543931832
0.383303988061131 1.79105253196678
0.370241410277915 2.06299541022916
0.367318502520124 2.12720339198381
0.373643299257089 1.99237603342716
0.378431528344709 1.89650863994414
0.372243285949837 2.02086025437057
0.368467657593979 2.1058719913988
0.37894381192904 1.88489542733644
0.372132476057324 2.02733298331279
0.37275302859466 2.0159550425074
0.372130050818197 2.02621472130423
0.374699307622106 1.97342101090576
0.368893054212913 2.09591102850528
0.378686741983573 1.88577494387895
0.365446144700431 2.17124820991627
0.374624751256484 1.97611309004721
0.374782782421301 1.96891357499208
0.373238024304274 2.00810271939303
0.369474420781706 2.08299890262981
0.372080400312545 2.02275365166382
0.375813285568023 1.94936045918678
0.374466965272946 1.97558589570664
0.371386216970911 2.04596427810527
0.376502147472712 1.93529014646498
0.371319708891838 2.04033485087225
0.365246432092529 2.16858134508095
0.380245879089576 1.85295406899809
0.379062177965804 1.87784850629113
0.37956639606783 1.87093630319727
0.380731776689628 1.8471546622758
0.379283112808363 1.87680584198807
0.367001140793475 2.13585974910479
0.376120671181751 1.94459587185662
0.372713890137502 2.01403699506843
0.378037620708376 1.90152865449825
0.385652114250926 1.741159561168
0.3721748795545 2.02489795465795
0.383949816595258 1.77442899392976
0.373882047213781 1.98844198401604
0.376438515054918 1.93351602284043
0.36822268985977 2.10449589377013
0.377145575125296 1.92095751913767
0.371772503413202 2.03381074667398
0.371689873609731 2.03702568033893
0.389809384034413 1.6573685582239
0.375316034544711 1.95723110587025
0.366897291911419 2.12911009030982
0.371482651230965 2.04036206081396
0.385092480152715 1.75501907823381
0.380203356639861 1.856540777745
0.376920520227878 1.92392316670656
0.368045658931595 2.11256160403705
0.373132608478826 2.0033147455303
0.374214627115092 1.98059400762767
0.379506677216122 1.87170943915895
0.38162756711491 1.82509821300771
0.378383393747588 1.89667201672268
0.370195240562522 2.06892410738685
0.378195870679586 1.90043195238144
0.373622534406682 1.9952791740821
0.371751384700905 2.03909770606501
0.365067517485762 2.17608145108091
0.376231989009235 1.93766561981855
0.371907712784193 2.03454389892821
0.365267240490296 2.16602050537887
0.363399363658927 2.21684143994857
0.374665960965418 1.97498280285465
0.367169216061553 2.13377520749295
0.375689985240075 1.95029321302722
0.369916420070974 2.07034021239927
0.371748130553413 2.03453334669414
0.374870619105128 1.97266589606953
0.377681739785574 1.91042869266421
0.369676377546616 2.07891719005835
0.385427068792661 1.75013800034125
0.387314008091738 1.70542847075202
0.367448275325689 2.12676320348118
0.377868143191989 1.90785892694122
0.364990233571801 2.17534476926725
