0.320043401745997 0.312992195908906
0.321689966853503 0.266784549583287
0.330180892033614 0.0659938927071369
0.318566041392506 0.352805086054349
0.3242288706584 0.212947559001941
0.322911563540884 0.242463406068122
0.319654579287907 0.329081149599954
0.320502154262717 0.2993776129714
0.319270090419891 0.330426170827162
0.327589011964158 0.131644514533176
0.31662185271796 0.403109095904222
0.32861755320522 0.106345776023428
0.321836415077439 0.273128191524339
0.319583665563786 0.322258762872507
0.325760916271872 0.16934113049065
0.322249794205738 0.256509190285374
0.321284247420125 0.290862770881576
0.322735527937672 0.254442815675777
0.320166944240608 0.309592277655878
0.325127492575065 0.184874956563052
0.325306469294248 0.180251484067652
0.324678515059888 0.19568299338092
0.319427216337891 0.330108984485868
0.320885568385983 0.295445856675175
0.320121299295265 0.312578112387878
0.321020241300966 0.292179495230849
0.323038175617391 0.2384392035962
0.324761151305182 0.206322551985379
0.321718288995303 0.270925066487968
0.320880741929283 0.295750038211297
0.322460975629025 0.253428730171823
0.327222673316862 0.134387366827017
0.322257999101302 0.264649761175597
0.320060429192268 0.309874851401872
0.325476808163708 0.178056308985354
0.317093385469979 0.388452884789856
0.318744709519999 0.342974253119031
0.320965395085981 0.29625339252308
0.328480613757314 0.104108350534511
0.317663755618953 0.378396667705364
0.318405461378726 0.354990969323139
0.319150087798905 0.337865865624674
0.324766204499516 0.194099238429951
0.324505859080272 0.208262345971991
0.320480210349269 0.302161756844541
0.331443234053451 0.0347534446657953
0.321008806489896 0.291809245239563
0.323285733840222 0.241704305719343
0.324769642124809 0.195875882906864
0.325526989849848 0.177314643110026
0.320794617360162 0.29759628505521
0.32313270188024 0.232210145989216
0.323877870931783 0.21351857637958
0.323190528700707 0.239018647207609
0.323341539999999 0.241327498149147
0.319854952828506 0.315737974021568
0.32259304713651 0.256258786177491
0.323446835536049 0.231917506097727
0.324839569508921 0.194336814568713
0.323604328610475 0.232907233808311
0.325313831353953 0.186367492813864
0.32860554914323 0.0983368281490529
0.324974952034035 0.186704568890393
0.328974765414915 0.0968989357140656
0.318243793569525 0.359404348195316
0.318632306772818 0.351777615277539
0.325625908797917 0.180500761504487
0.320308951167177 0.30326690368276
0.318549887152893 0.352285698326492
0.322815915570044 0.253051993909296
0.324659091889762 0.190251456343102
0.321628879017636 0.274376096557602
0.325097161755588 0.189008685920542
0.321767336374532 0.277101391109261
0.320396219167564 0.305493029287285
0.327430136202835 0.131915978089282
0.320236250436508 0.312435235784854
0.324948230104543 0.190872705813513
0.326431471739613 0.160048635491739
0.326918221868212 0.143939213711078
0.322327499559973 0.255579314381559
0.32377375187601 0.222762303691318
0.326106964664426 0.164150376065037
0.322907059382982 0.240154580081763
0.322144530776997 0.262742055037939
0.322099190054688 0.265026746331325
0.327295447791978 0.136807581769873
0.324120904377925 0.216622159325361
0.324177206437054 0.21028624410627
0.318670526240326 0.35242084200067
0.319868931729572 0.313732626967653
0.327218426423343 0.131556902040004
0.322514453090011 0.245891888670842
0.317308069244637 0.389702845522301
0.318140607851168 0.365317659856093
0.323709957442693 0.223358418177551
0.325005050347211 0.19264975716424
0.319768690686408 0.326342394431284
0.319660552758013 0.326112786143763
0.32804284784452 0.116473696458876
0.324482818954778 0.204876291540196
0.329106991663167 0.0911282249474884
0.32640010897607 0.164261908744054
0.326569021128153 0.151394500381507
0.320212790668404 0.311989598970597
0.321359105989896 0.284841877862177
0.326437110154688 0.161717747842573
0.318255080807154 0.358937492738801
0.320113952770737 0.311940848742956
0.322105136839903 0.262677359614699
0.323238534312873 0.229916143045818
0.322858451971177 0.246558916499437
0.323886491633869 0.211858450016736
0.327030280670621 0.149197397938387
0.325477897409563 0.178267181619871
0.329210895585377 0.0959937887780202
0.322110024363926 0.261154872635872
0.320043255861717 0.320947975508276
0.326789588465159 0.146786213029724
0.324787499932715 0.195383724935648
0.325378964164881 0.183599617610023
0.323611201716464 0.229545709499088
0.328356496760411 0.108823371119039
0.322583291370542 0.250940619080199
0.326467507987189 0.152864782809886
0.3250461993328 0.198310413034078
0.321285463476719 0.277037638356642
0.3292256424007 0.0903202312438203
0.323950793884386 0.216011179173172
0.322451858954892 0.257659854392444
0.324146414961947 0.21729766943292
0.323549820676697 0.228813435450025
0.329051933627453 0.0905358590291793
0.321280335393957 0.287062959915321
0.323978877369881 0.217286241406219
0.319236630895838 0.335841291686106
0.327194329057952 0.141670345028533
0.319832776049191 0.32056536912544
0.327386351912695 0.133836576991838
0.323130148184692 0.231872119085653
0.324828867415468 0.193834097836252
0.323574302175809 0.231032820751937
0.32547268108922 0.177834822049555
0.32013677163357 0.309568514191019
0.320806429653192 0.29748791814065
0.317176609937649 0.385520079046505
0.321494720751967 0.283631238755816
0.321590818050008 0.278506225149155
0.324595596484909 0.194394706192631
0.323625784163624 0.231370641394945
0.323913380633584 0.222453149933522
0.324363989283674 0.210463159668938
0.321329578280736 0.280452571750849
0.324776383885243 0.200531682556196
0.323774954088746 0.22021600290852
0.32062035109841 0.295639579838103
0.32399289278685 0.218480119773528
0.326521101540444 0.149053534954769
0.322559386087227 0.260483798298804
0.322407139562098 0.257979367759391
0.32118526930721 0.289456079665527
0.324653334292605 0.202725906720658
0.32378906968721 0.21547002267204
0.320645985778776 0.30013708874071
0.323706071909188 0.232377554215987
0.329057894663031 0.0937674451652692
0.319978362542144 0.319697810797028
0.327299090701817 0.131598691368192
0.324862768158056 0.185895148461151
0.32370310514348 0.225074292461926
0.325780899504235 0.174550181725058
0.324860571477841 0.198269344710539
0.320278313288938 0.310384606263383
0.321648582324166 0.274988817192652
0.322482046481261 0.257610750097058
0.328430797657087 0.107194166902987
0.328806867139896 0.0906815002317224
0.329580511998927 0.0844449666420122
0.322384370384815 0.258542338585338
0.328057244392001 0.121284415593506
0.319373262940459 0.333971162145163
0.323166538247965 0.236443105108734
0.320313280784765 0.308084844805542
0.321028303441867 0.300048546720514
0.321056692360025 0.290724471383679
0.313858997260258 0.474863182678827
0.322664860257003 0.249027955200019
0.320055383269783 0.316780613211708
0.323135278272045 0.243767306103287
0.324009344642954 0.217477112605269
0.320468561300155 0.30248561896782
0.326851788879578 0.148212925826139
0.319440300629192 0.330334830295235
0.324776952364041 0.192784590976974
0.324960373573616 0.201169980653172
0.324381980751549 0.204085932193548
0.322325658842782 0.262120793772468
0.324326999682165 0.204685522002353
0.322588582122753 0.253460900385701
0.319996510884326 0.313413989586416
0.321600914774352 0.273810193874282
0.323061462323254 0.245469150785124
0.322317013532875 0.257666504149858
0.322581691904608 0.254632289354935
0.323974803279787 0.221428098492246
0.324194580192945 0.21216028332383
0.326323770527821 0.15906334337442
0.325883158708913 0.165909391301196
0.327901894480612 0.120890986512201
0.323297374927118 0.229431142962855
0.322784822054412 0.251234513046509
0.327240917566256 0.144989332835783
0.326910029105685 0.146015754213369
0.321747156792955 0.271180769335744
0.32033677350033 0.305483716673758
0.316277189994764 0.400586053853277
0.323142433314701 0.241197033812714
0.321613412224947 0.27323723268015
0.324116224931186 0.220892792844217
0.322123802619746 0.269785038632504
0.321331715116156 0.279394886040005
0.321814753792872 0.268292427434556
0.325572034907701 0.172773230553066
0.32375442987934 0.218378550020475
0.322401787688795 0.257939825287096
0.321160583862529 0.288168140990751
0.32209533479563 0.263937281624913
0.325025425881665 0.186632800298301
0.321450436931111 0.281145165912122
0.324288392320393 0.211810136913708
0.32488119468665 0.19251584792943
0.322861884522775 0.251500397961693
0.320125299812791 0.315342143332068
0.323377799591822 0.236434189793676
0.322510134340725 0.260780294559003
0.323470923622056 0.231384427126772
0.318244271433737 0.355099108558296
0.321208145723565 0.284665772852893
0.326201716123254 0.159498594744222
0.324402584552177 0.209217079228918
0.328647506067042 0.103793620367226
0.318860370473867 0.343477860021841
0.323542073825584 0.230489625124892
0.32164558510968 0.274525598701818
0.323597293146918 0.223530382003449
0.319646469045 0.323375782727573
0.326709898862619 0.148541373430094
0.32284305939276 0.251029436416833
0.323615849210436 0.225802297115887
0.321944074154702 0.270664797652456
0.323811333660783 0.223595648270121
0.322598863081148 0.25056599524698
0.319218718314576 0.332517702867132
0.323317895860488 0.234200358135362
0.326659527342404 0.144470023125413
0.319919551111622 0.321068871287133
0.321246813667937 0.287889365854716
0.325392573398635 0.188580925009775
0.324780269717974 0.198962261048047
0.325258085361 0.183678684799811
0.32515789130866 0.186350080195549
0.321985220553643 0.264868550776068
0.320239160870326 0.311110715988819
0.330343659896218 0.0649782519839949
0.321503102967172 0.270615674905895
0.322719456728735 0.247000624449235
0.327387247726281 0.129195187086588
0.318390972074275 0.357097450966273
0.320161501264494 0.316996081533036
0.322675999586815 0.254030731776861
0.322301408382254 0.267003032379491
0.322462987520893 0.251416275488849
0.321044361169792 0.291791427954672
0.321948379669865 0.276536230551931
0.321954377675516 0.260730470547876
0.322741473379068 0.251737764397785
0.323175552840135 0.241598739127308
0.324123555276567 0.217379035811498
0.323452833808386 0.230244688937345
0.322774571632773 0.249303248071516
0.323213900662881 0.237110645619692
0.323585519462779 0.228869952928877
0.322669910602943 0.250886030931218
0.325303152696824 0.189397984106156
0.320539213164251 0.303040072302762
0.324752375195878 0.200295012329321
0.322783932518911 0.245152661906308
0.323678012255403 0.229342864631043
0.321101220996921 0.290777343077766
0.322936229649016 0.244841184236537
0.326130994222439 0.161671767636076
0.320970870034648 0.292470105192786
0.322447285162066 0.270295272980221
0.319664871565696 0.322422896636424
0.323472264286026 0.233610173721497
0.320447140589345 0.309507433057084
0.321765314347399 0.27715474702961
0.323623331558392 0.223020592814498
0.320878596473484 0.290770192715068
0.319193785638115 0.337234102462672
0.319966567665328 0.31683567666439
0.323999931655716 0.218874590835895
0.325401251287081 0.180438338638485
0.322940145756173 0.240819183876263
0.322635532432792 0.250790940120778
0.32041075372335 0.305707339902515
0.321431964225557 0.281983100858902
0.32553810740098 0.173354056951026
0.321725619340307 0.270319552635414
0.320045026667501 0.31584061133188
0.324178112060425 0.211498304428699
0.322154158853885 0.263835132298188
0.328600997669148 0.101699646983462
0.322351779043941 0.256794860417394
0.322819117329372 0.249793682322108
0.324059293201373 0.217915296011019
0.318085689392315 0.356533715210913
0.322053037994 0.269898125477232
0.320934111205916 0.293755252125294
0.322571851661875 0.253041570357568
0.318139867369341 0.360459654435569
0.325062210348463 0.187134439632913
0.323978889537445 0.220233086781944
0.322838253675105 0.248819555282964
0.319648307577111 0.33009203375639
0.324456565395549 0.203847637116999
0.32019063641679 0.312239367514034
0.320166695372868 0.319920215625172
0.318611426609797 0.358572737023069
0.326485583977054 0.15482326237179
0.32137252280892 0.285405440724222
0.324769013899164 0.2002810210502
0.322043388644948 0.269028991763429
0.324912200151551 0.200601640565669
0.3236759860392 0.228819430473195
0.324944771104729 0.193707421113251
0.319082986982578 0.337708463146337
0.322752670935385 0.252758724269207
0.322949768927925 0.243988928198099
0.318809644538945 0.343527316687414
0.325908643803456 0.174250551691806
0.325212364168263 0.189093793032166
0.322880924909615 0.244833950495341
0.32032931951513 0.305154608099009
0.32135360934687 0.279396240553725
0.319939194796635 0.317193677564922
0.326062731769731 0.159429575764986
0.324644678108124 0.20302246387968
0.315663305041798 0.431164399794079
0.320337310607704 0.312228741255398
0.321631324841005 0.274792851066476
0.32210322477539 0.268186539945293
0.32065441167262 0.297358224124747
0.316917743150963 0.391825057624218
0.325178138527522 0.191469769779476
0.324052247947777 0.214150433547646
0.321109168046632 0.285939355962417
0.324748341035139 0.194867430814821
0.320877804177194 0.291313939218283
0.323039468780303 0.243990834547311
0.322572050170395 0.250948582549338
0.319744007483866 0.320559152016542
0.322514777088627 0.251223322305666
0.321903915068676 0.270499049741831
0.322564027163039 0.25160955429506
0.321487978008053 0.284063853874269
0.320294698222669 0.317418878620501
0.322067688280402 0.259342531613345
0.324446135810385 0.209956385957203
0.323679672091411 0.220354047916606
0.324503282464435 0.208763700799215
0.323167257346759 0.248155876020721
0.319394023346896 0.336179169638403
0.325087604218579 0.185557648542423
0.32086862895063 0.295130332766472
0.325991297101703 0.16005014771011
0.319792769914215 0.325162752855684
0.324793482485098 0.195583023158456
0.326120548185826 0.164008272321146
0.324216826111293 0.211522911178521
0.322419688537222 0.25651207854937
0.327925870311495 0.122544893184143
0.323700161440046 0.228582955571742
0.324564127133004 0.204346473978042
0.321499523338658 0.279679305090916
0.321606193395717 0.273881336877142
0.32402571686238 0.218877805983555
0.324006191651942 0.216587078294835
0.328683106791438 0.0937087093647945
0.314789657109425 0.449458288370285
0.322483410296691 0.253773935659805
0.321242372658472 0.27791988139004
0.322588856244233 0.242008048317679
0.320504810427475 0.310532700542889
0.324034440070163 0.220884180106817
0.326649708415137 0.150757824154644
0.322814783794015 0.240795339871425
0.324163703671053 0.213701863522205
0.322122115639597 0.267100226712631
0.31871420059185 0.348030458264798
0.32418313861281 0.207605138408471
0.321693299803153 0.273222258294628
0.320846884697739 0.298888611502559
0.324574878339813 0.196494560123219
0.322313260901543 0.258905186864539
0.324107745773542 0.21460377897235
0.317987275057275 0.368065655703964
0.323054581284322 0.237824047930076
0.320098120075195 0.308518005787366
0.320306507274913 0.308704043757789
0.321997285097235 0.269436123125542
0.324313952448368 0.218253113019466
0.325735645038566 0.172683324894436
0.323903555867445 0.219998160818396
0.324094154032212 0.219117260079574
0.319819477052371 0.322485495493643
0.321468538616393 0.276558498671213
0.324424458825908 0.211053963675208
0.32336818592464 0.233676727313333
0.315396931626497 0.428533192576863
0.327197254232435 0.142005802449233
0.320234431965646 0.306922122451147
0.324222027848867 0.21075312814053
0.31780667605123 0.37364691323992
0.324708197740371 0.198878401878535
0.327216978976441 0.135858662239851
0.321271922952307 0.281563733193702
0.329787344804447 0.0737768578336831
0.321285329273148 0.287001382003756
0.32454285845362 0.206527504517004
0.317599087110037 0.381107150397101
0.324239315234092 0.211776105314523
0.320788545869808 0.300503719759572
0.322120541547396 0.260193322244478
0.322101239665996 0.263817829579359
0.322229036020144 0.26063964951791
0.321770199750179 0.270817959909358
0.323097894305967 0.238367709321256
0.32856320969954 0.10295795744546
0.318854554458049 0.344302044554346
0.322378764299728 0.258167262056197
0.315590920644549 0.42892405968244
0.319996340042473 0.313991992278019
0.325584970019224 0.174983641892833
0.322966260108808 0.247060737436534
0.323352973650143 0.235502303029652
0.323299085970137 0.23264561145836
0.32269964446547 0.248814782343021
0.322954734872682 0.246350711280123
0.330872565722792 0.0482267096411186
0.321662370685833 0.276043050613438
0.322790148677757 0.254921525393269
0.316708382725237 0.399118261405149
0.325291128903714 0.191894456105995
0.321052786861791 0.287256958117618
0.320931188425164 0.30201951202433
0.319709760430901 0.320380291996829
0.325893404036615 0.165430687579485
0.326587829926357 0.147894674420691
0.320217083629304 0.307004915308014
0.321585654069762 0.278040078454383
0.320959930977088 0.293845903959593
0.326549817432836 0.154126147735211
0.323515633440849 0.215278813645741
0.323248667082529 0.237439454646906
0.326985186621642 0.139155669393333
0.316893644649495 0.402987249643417
0.322200962663458 0.259879486152414
0.320375521629016 0.300623261386494
0.31510500451768 0.441395215132299
0.321936344563493 0.273483545729522
0.321380863981254 0.281605429714195
0.326900492453338 0.148872979120398
0.325823227809679 0.166895520633004
0.325108722519316 0.193887189672691
0.319757372448453 0.321830452236043
0.32265795226479 0.243775952967693
0.323835963266208 0.218971680565516
0.324327651392699 0.218527821425412
0.32072005504022 0.303483958350716
0.322608340330306 0.24886465464498
0.322637981404445 0.252342329091519
0.324553790198975 0.200521721905684
0.320614770723431 0.300878563366837
0.322296781547577 0.267172720400845
0.320313885036475 0.302328584816403
0.324733157725037 0.197403159141691
0.321703600936343 0.271832855490454
0.323401810104697 0.234841947896894
0.322612121668773 0.25284379073835
0.322437467243538 0.252415384865176
0.322153669816739 0.260057989323596
0.323402502950262 0.23329605046903
0.318191736465753 0.36052682868563
0.320436819635292 0.307856793790259
0.322964681339878 0.240826853391994
0.318971045969394 0.34246263433405
0.325666143096407 0.177036302346767
0.322825104724147 0.239910362983408
0.326535649702064 0.154504329915384
0.32746165380987 0.130706447173729
0.321092796610077 0.284604335426801
0.325540017886825 0.18855857696635
0.323220279359993 0.234821424560665
0.322162949024477 0.262724716219168
0.319004469526054 0.342899297568174
0.322487571999781 0.259921875621435
0.325934651092483 0.166725454568627
0.33080764350438 0.0445719455514211
0.319438404995423 0.332728115430752
0.32297136565791 0.248348641634742
0.321965618980285 0.267544544249395
0.326241796533081 0.164756198910843
0.325352744315409 0.178843395567096
0.323002449938609 0.243646977258164
0.323300460306546 0.232665590350707
0.321478896606823 0.284222613236572
0.318837875541133 0.350688176629774
0.321184561636643 0.277466756515699
0.327656014046596 0.127020939044439
0.324475852785117 0.20138156710615
0.32829039002626 0.109172736345741
0.326313658782584 0.161196267387799
0.325114545963088 0.191455876066158
0.319232869836102 0.335744558165152
0.320582923156053 0.309894640491814
0.319762356918768 0.3204621967493
0.325013382418393 0.191159744570866
0.323979107908959 0.216271585067184
0.317325024012886 0.38442209169651
0.320357911014547 0.312396101020664
0.318763225749264 0.349407119603796
0.330135255844328 0.0669319552050817
0.323246383449529 0.231063800994997
0.326795951264826 0.142122809376333
0.319979195361813 0.321245934268749
0.323234616947741 0.231602222435295
0.321595688264268 0.27852289882249
0.325888215226638 0.168779183926267
0.325898115410301 0.17098235411016
0.32311849715601 0.235899348660235
0.31992008140975 0.319076898213836
0.32328870477754 0.235316962779447
0.320391704559423 0.304534982632734
0.328644808044638 0.0993377378718114
0.323934120783653 0.215607678725429
0.32539472685867 0.181540589615605
0.322554520456468 0.249907167137713
0.321958836157721 0.270479739399567
0.328485521008854 0.109191595435032
0.325904126711755 0.167030999598277
0.321004665349141 0.292675266186425
0.322363876714219 0.255920912617977
0.315720115443723 0.426874983814593
0.321767776199791 0.270422753233503
0.316384152026313 0.40064515710329
0.323837548419732 0.221727104495658
0.320231679387452 0.314643351151718
0.324972858318365 0.192922813599483
0.322555398963387 0.25679745847454
0.327077904796476 0.143270284948367
0.323383349383412 0.229768614168739
0.322963682808868 0.246524034278201
0.328479351074622 0.105936636344442
0.324937794444809 0.193225580617308
0.319345674178114 0.329411933125982
0.321803462905689 0.276297090821091
0.320940824260661 0.284814165828866
0.322053291787652 0.262407619543954
0.31301302410005 0.489734567029467
0.320684898927003 0.301203478416003
0.320108367113417 0.31047020287115
0.320502580054058 0.302527715412892
0.326571810201604 0.160470224001405
0.326759985566409 0.147706122977609
0.323237911455373 0.23063714998929
0.324031241239541 0.216126290570694
0.326572462570955 0.156514100841246
0.32409846310616 0.213367113437305
0.319532605967036 0.330366285808875
0.322230330313227 0.257508485640499
0.318952818363907 0.345160103956571
0.319427654149701 0.331727660539201
0.321905138327555 0.266148577379444
0.323957956980342 0.219086198412476
0.322005552418198 0.270768815209787
0.322235084399976 0.267090513520393
0.326650921365113 0.151757086545377
0.32294265768206 0.243501983563245
0.325147372288459 0.183820059554795
0.322835722850227 0.247632872953698
0.328024112358845 0.11035495501436
0.32190999840478 0.265186366808969
0.320648812065846 0.302524340283155
0.327433521234295 0.133984579139246
0.32322364259091 0.237069295338618
0.322616634803881 0.253988105148121
0.323589897336556 0.221698921491067
0.321433308338026 0.283071659321933
0.320885595212002 0.293825317644483
0.324351400529753 0.206117557336812
0.326925566152921 0.138000001551835
0.32250199663628 0.258265097465616
0.329103093563342 0.0934636683250236
0.328532818143863 0.102239357119087
0.322351549452077 0.256020617088312
0.325496981536483 0.181702761292486
0.317132961317921 0.388838925508703
0.323343618853012 0.236049585010166
0.325619137384745 0.17901471780454
0.323376810837913 0.232889104491757
0.319514457020054 0.331129068984205
0.320233593026889 0.30488838194659
0.32261111687244 0.244274745639599
0.321324120185018 0.285364989374984
0.324879885513056 0.200950984412341
0.322045948064437 0.269614196639882
0.318224440971683 0.364341654997734
0.320703843120103 0.303208438619856
0.320589515433692 0.296054037405847
0.328906093216764 0.0975234038595847
0.323054974520099 0.242900819569592
0.321937371735656 0.270573580117598
0.329522546504714 0.0778823159854693
0.320558536494804 0.307426655636002
0.325223634391307 0.18745306216964
0.323469772986655 0.232709522714057
0.320232170696458 0.308916431301612
0.324918368278487 0.190071782638206
0.322787674901482 0.249415689995856
0.322447728150614 0.258778769490134
0.325812983031325 0.168976207716521
0.320206627888805 0.314067763326333
0.321803596509796 0.276167688705649
0.322761294786714 0.241828543192566
0.324369033810394 0.205870306986778
0.320796840110027 0.296513372548933
0.323008352811082 0.243804987610603
0.321732581416503 0.277644503428082
0.322072323441258 0.270806012840666
0.323308759911479 0.232642961046641
0.322396972140647 0.259117141372493
0.321307907808742 0.289713557724229
0.322565999677174 0.250968741394691
0.324167821470793 0.209656282050612
0.32381644527883 0.220318752515354
0.328052359888295 0.119411938298969
0.316964260735311 0.396746098083568
0.324718675335527 0.195601404272827
0.319995206717755 0.310274667201239
0.319317412957372 0.330432953749826
0.324328889412764 0.209732094840155
0.322817615569636 0.251121468212424
0.320629943673397 0.296584641331498
0.324796283452257 0.190173627042847
0.31916160183486 0.330292805135095
0.321609793208012 0.276348149994938
0.324979342049536 0.195478699588498
0.325105443443507 0.191381606786926
0.321557382075685 0.281452265134568
0.327637627148123 0.129569011908836
0.325371757258192 0.187771308342207
0.324615069482394 0.199852400934379
0.320712935548919 0.299137009858622
0.324362082974472 0.21306974199172
0.316411948372607 0.404077675817506
0.326762606682446 0.156963163053708
0.32736704373008 0.137569788364655
0.323904666628915 0.221205715709435
0.320499607750218 0.307427880598458
0.324120502749929 0.212322361781272
0.329241679380657 0.0796498302901882
0.320617994147718 0.303478463026858
0.32207200162061 0.264948919373181
0.324822407618881 0.207968088064621
0.317759308022528 0.37514264338366
0.325567456932843 0.178386730559063
0.322501655288635 0.251623721932163
0.320611655015452 0.299807865767133
0.318413885642755 0.354899295053676
0.323220612576551 0.237904717519456
0.325939269034357 0.173083140269694
0.321996405794808 0.26753136437514
0.32632210836019 0.157378241598368
0.32165926640298 0.27903770737459
0.323095698403078 0.241405600036342
0.322471376952388 0.253117621820112
0.325135147672636 0.194430159758609
0.32742821061982 0.124910221450468
0.320510531957648 0.305199933443362
0.324039929758159 0.212609484406301
0.3230656470904 0.242607413826274
0.321899196018814 0.27079569076628
0.325449868058847 0.177944354129155
0.319792828550886 0.324516575202255
0.324684783613621 0.192125996910009
0.324502358622707 0.207402950493943
0.323625933768288 0.227512936255246
0.321622256273105 0.275343372070855
0.322358216463933 0.260223028257828
0.317499445795584 0.38608926124402
0.322458350366291 0.254381196861346
0.31791489832231 0.368913186137646
0.320820160503375 0.291894387021643
0.322957500557203 0.243335704418116
0.325016544509048 0.189065635070608
0.321643717707955 0.28215613601297
0.320173452165036 0.314280656126891
0.326498127871567 0.153254365363093
0.321315595791113 0.28890830268612
0.323913784319536 0.217098306190359
0.326436991262746 0.15956994411523
0.32095094557415 0.297766936341485
0.316067426816378 0.413660167575243
0.32393259234004 0.215651829144565
0.323503523599745 0.234667127708289
0.327304053325051 0.135007133309965
0.326816338068615 0.150832142452414
0.314656640856286 0.452305987627773
0.318465946257108 0.354091929845371
0.324689400387697 0.200877042920191
0.322114369880217 0.264628287303286
0.32679553276094 0.146609094315771
0.324397104289055 0.213957942021302
0.32165110966193 0.272285198056469
0.328308447458969 0.111814648072292
0.32445546232333 0.211377450469588
0.321881720706316 0.270751675866612
0.3227143974008 0.248713893532049
0.323013070714127 0.242120820894399
0.319315104833545 0.322803528133745
0.321589074094289 0.284171435724815
0.329172882241308 0.0915192876271886
0.328429584531344 0.107449368422815
0.315483551585642 0.42777029295953
0.316233373280063 0.415190263078006
0.321589977710191 0.27491858212442
0.325283734230501 0.183575669419273
0.324228279923689 0.205657566144207
0.323298742014729 0.235924452774635
0.316979932912105 0.392004946433984
0.321469203829916 0.280858251988671
0.332658601594878 0.000336306131633768
0.3296215114742 0.0754847098321123
0.318751486585855 0.342915245732033
0.321597128059402 0.274622281214573
0.316960694326 0.392341151033727
0.323153327263003 0.237181960148324
0.321640466061257 0.267175005174128
0.32393124529725 0.223031462653465
0.319171246591141 0.33163868616031
0.323468768489344 0.221787578538763
0.326141723910494 0.164532991282408
0.322461637005446 0.258662606995196
0.324058840509157 0.2160369444752
0.320796485612359 0.30002786728915
0.321214352314707 0.287381395005867
0.32174775120454 0.271948071748671
0.318532820087425 0.35367244153094
0.319710508870932 0.326553787118225
0.323294479705183 0.2389715823398
0.325394013091196 0.183253067391052
0.323219275350486 0.238668506779469
0.318654563903282 0.347480980600367
0.322217046716817 0.259630208065803
0.322849735939262 0.23904710948966
0.323410177350682 0.235663136621448
0.319786921197682 0.320837832972986
0.326183268544527 0.159426806735186
0.325375784736814 0.181507075110302
0.327507159128847 0.12991716841394
0.325546642749098 0.177204232079966
0.326790305338366 0.149323731752774
0.322780056271174 0.246996131524762
0.323762116948261 0.219331307163047
0.323516563765375 0.226782613842896
0.323619705100413 0.225174812109113
0.322017481197381 0.268805846828434
0.321310660685793 0.272773697809043
0.319384969274522 0.331394802747811
0.322575535316383 0.251588478131454
0.326779100078207 0.143602212214861
0.325416439229635 0.178191395882498
0.327040644459788 0.140443952332974
0.32544120542317 0.175746814622371
0.32250722592866 0.257590532678519
0.318730517616745 0.350507243640207
0.31852679558968 0.353801322302816
0.319511217336618 0.32973671251328
0.325420707684854 0.178728588935797
0.325813725911053 0.167972539629844
0.322619033102078 0.252127421852656
0.329472932753379 0.0831724527585572
0.323411653406578 0.234118658309842
0.318735755613084 0.351221717736033
0.329369640724768 0.0836326696104451
0.326815862251789 0.152269931572066
0.322361576521165 0.258918100767002
0.32160838026824 0.277689893684101
0.320983237996967 0.286712542589128
0.32642773402239 0.158012420136936
0.326652470017229 0.15929494018681
0.32238277628515 0.256689300677148
0.32806586670787 0.113621130426222
0.324527652314438 0.207931615040127
0.322509789801784 0.251058949664264
0.32385388967255 0.221151497979635
0.323993379112332 0.212634697947976
0.323118840372793 0.247073445710662
0.324685970440147 0.202186812129819
0.328832287040523 0.0972618138137678
0.323129807731454 0.241128229606446
0.32736816863348 0.128767094557039
0.319799749393674 0.322998790691688
0.320930708877319 0.289614144154324
0.324159977430739 0.206132755707211
0.323056358163536 0.234414341851506
0.32235831968464 0.263675515211237
0.322444907159332 0.263323927767911
0.319058760453211 0.343122320245235
0.324666758952226 0.192553316733703
0.319895533277133 0.314659327097911
0.321590895552127 0.272180720302694
0.323544011716938 0.22613733705523
0.324945514417351 0.195648000913375
0.317188970529962 0.390620966947592
0.325948244689539 0.163776702277967
0.32578946833468 0.171942408961045
0.319547486756024 0.338401822615966
0.32570543571303 0.168045135957586
0.324071596346488 0.214423114794852
0.327612252635391 0.128104351066556
0.32816454099072 0.114793021830226
0.324241750025713 0.20942348392211
0.322520676549596 0.246623639406643
0.323719296837689 0.223578739380178
0.32022356765267 0.314188691480892
0.323935546909761 0.216425637607319
0.324496639050008 0.201696346913587
0.322793422947827 0.245957631347459
0.320550871837707 0.306932809544611
0.32314180730512 0.242822191790985
0.328345695099107 0.108375792364969
0.32529422377003 0.192570483025264
0.324986197108142 0.197401457678809
0.32539929694831 0.177752836023633
0.326548300304953 0.158118170447467
0.31876607429022 0.352538571254969
0.324229564568685 0.204543478785526
0.321392672805401 0.278281145072252
0.320984450323805 0.286790657300528
0.322860132951613 0.243732386292892
0.320663786318073 0.293329872073073
0.328397180977005 0.100223375829255
0.322926801991595 0.245980697274904
0.321363169032582 0.285509501048933
0.322102236060939 0.26521813664131
0.320386106738034 0.30539983588792
0.322803593676781 0.246941492734133
0.32155748101082 0.274302413772149
0.323042616241525 0.24242035884983
0.328483510859312 0.108478568355097
0.322068971716308 0.272232582928176
0.328638085313192 0.0995264791857713
0.322102620816293 0.267638536887259
0.321786285374416 0.26739194564475
0.320429854463582 0.301937479677659
0.327126585173913 0.136365541561096
0.316782621774236 0.39194720816804
0.321974963093708 0.270541625014837
0.324620954616318 0.198376699178584
0.322734259167776 0.254842625182853
0.322849172307429 0.247113127210851
0.31966483778324 0.32464593851163
0.323725736274331 0.22324268499359
0.324032693288327 0.222421273690443
0.318611513626768 0.359623484890742
0.321990984751047 0.2709102661347
0.323191032430407 0.236662398677644
0.32632183608347 0.159884991199663
0.323788202712453 0.219441456907159
0.325000564796152 0.196715296107805
0.323083167062889 0.232698181982331
0.323372853000675 0.228896737460762
0.325145791540461 0.187107172264687
0.323459888626647 0.224331498046322
0.322932426410397 0.246021282698463
0.327294169046453 0.132788517912626
0.315024816814714 0.4382712723358
0.321567250732052 0.278714253196093
0.323249412647997 0.23329618109248
0.316498208840614 0.399473229236356
0.318808446112872 0.345298092481209
0.321536331747432 0.276444282907081
0.321105504623125 0.293406744398919
0.321232427919074 0.283632460227209
0.320824705721877 0.296629635076183
0.325209960465342 0.189542175246567
0.320820505184725 0.297662372485165
0.323418184813049 0.225138619378058
0.324186362999241 0.222350547092508
0.328422373397454 0.107490246497351
0.325022792752419 0.186900153541337
0.323232505747284 0.236966187518845
0.324024553276785 0.2159812760329
0.320092701228463 0.3155358719219
0.319686730516601 0.325535880807093
0.32392155856511 0.215798928405063
0.326170239731185 0.165604901882214
0.319246264647809 0.340225542886037
0.320638684936441 0.303374394722753
0.318359291065626 0.366084328837575
0.319235896498301 0.342986063283993
0.318736036353657 0.350847965020776
0.321201184569611 0.287910924016334
0.322468403736697 0.254658725458886
0.324138000543212 0.214949173192784
0.315876952412212 0.408442334340969
0.315751471824284 0.426303680182169
0.322723349130069 0.251817430410422
0.327590838157881 0.127730025503303
0.330371521670498 0.0602586145414971
0.328367554653504 0.11034642476577
0.322770029060847 0.248225495040276
0.321736157410181 0.27343017248233
0.328887424806568 0.0941847371152119
0.325052890633252 0.19000053935893
0.324931407694372 0.193624835566431
0.323256492318885 0.238027038125122
0.327363519552458 0.134613026332246
0.322305548635423 0.254075950030626
0.317610862485433 0.37616549171579
0.32404597909772 0.216039138672186
0.321707850848711 0.275350108452284
0.319047411841777 0.340959593204545
0.321583271493596 0.285707068086024
0.323213478520018 0.240101630375326
0.321182048130576 0.287226833479687
0.320211658194402 0.30929426590439
0.320587413472196 0.308372947982711
0.325713720233354 0.177108056398638
0.329725892302711 0.0714599356718025
0.317313214545377 0.382816495110482
0.331375323169319 0.0283437735738442
0.325829457869279 0.174694702762096
0.321105911313103 0.288391247733815
0.324245864154501 0.211260227956727
0.324943060370998 0.194610960293166
0.321254889443699 0.280156402220822
0.3214877252176 0.275997492877191
0.32329390238153 0.233998172615663
0.319746747642472 0.325492115979081
0.318234508212034 0.369757193763379
0.32050291496633 0.305907708693366
0.320816811459145 0.295511961064431
0.32088031176383 0.289504376539022
0.320696587302176 0.298860548808932
0.323539849936599 0.226852072421474
0.320178833454161 0.314562845057158
0.323588780319102 0.225507796791691
0.324729527848568 0.200982004783744
0.321808615338123 0.270479162020072
0.319153568861161 0.331539391389075
0.320607361691273 0.298928436548301
0.321960531012268 0.268456279438223
0.322700654687415 0.251752033616911
0.320960704599391 0.29348215700249
0.326094694055722 0.168926022048997
0.31849092344158 0.352155896347877
0.322588022357028 0.248141471253334
0.327098863185153 0.138367623496974
0.322510892990782 0.256402270192094
0.318022356496979 0.366135625212238
0.326981611190442 0.140884582214767
0.325268108568176 0.179484213840624
0.322744721058983 0.245179483030338
0.32519840617507 0.193508543643343
0.327338180967751 0.131804190135768
0.331185365110997 0.0383615299167893
0.326124982283747 0.161818760069906
0.326116019250275 0.166841808326774
0.319877551377536 0.320641222807038
0.321120118051326 0.289373528728364
0.323780915016129 0.22156310970187
0.321504053464781 0.276264490692246
0.325578185423417 0.175453522692413
0.326482784369438 0.152970009583877
0.319700993478732 0.328844774183212
0.323014311089202 0.236781750041199
0.321634605989028 0.273794529736963
0.326177231831538 0.163516319152623
0.320034646205852 0.317952482845381
0.322888697077267 0.243543247759787
0.324112128103262 0.211800034075626
0.325011166693754 0.193231983786563
0.323346672975507 0.230826765031469
0.318470302110719 0.351661189766426
0.325207245220928 0.181950560597418
0.322741373959753 0.244572108756409
0.321077415095814 0.288701353121999
0.324396903404998 0.204633276029031
0.325971630532217 0.163219130609805
0.316508723932019 0.409687207446222
0.319896792835153 0.316896828401482
0.326744956600723 0.148614213319488
0.320381991262861 0.308437633185657
0.31574524807063 0.426849577543687
0.323822054776228 0.21781206285628
0.320760873686162 0.297551738465247
0.320186329284155 0.317846546692327
0.322857797171928 0.24691214972101
0.322580306808263 0.251079147485511
0.316840822369344 0.391477885336335
0.327121958185737 0.139179804140411
0.325604527590075 0.181334725236549
0.325994723433837 0.158928878159485
0.325031795110108 0.187392108348664
0.32358628519037 0.22570705585692
0.320808009260197 0.290928849476644
0.321034707375646 0.28526156749177
0.32281646390496 0.250233008893079
0.329791621412318 0.0740808066327077
0.326646422906192 0.145624981817259
0.322777710480103 0.247733807486254
0.322898180886589 0.248459181222239
0.32482595525678 0.195889921656265
0.326601029103762 0.149298263634635
0.322856551098166 0.241740163059495
0.324961121185242 0.196161099428961
0.323475159253483 0.227893580496096
0.326777554769971 0.144088436997632
0.322084809127618 0.269655191042078
0.319231634985597 0.333721582732181
0.326999092658663 0.146276179580338
0.329285469083738 0.0932153097518343
0.327585373426384 0.131248276345408
0.320945043652621 0.289336806742882
0.31875480302876 0.348356296026036
0.32687112912512 0.141064150522565
0.319492959379225 0.325060117967539
0.321919562038633 0.269306860443201
0.322826176453568 0.242828313361103
0.320699040275854 0.302568320433543
0.324608323198766 0.194669091202005
0.322597344967454 0.243000002323906
0.326520938480825 0.156391747334843
0.319636532579186 0.331620789610662
0.320015637563454 0.316601048546511
0.32088303901641 0.299472507295096
0.322245830749461 0.265097332638348
0.322448959740244 0.252346449404883
0.321984147648737 0.264546080620999
0.326371259746635 0.153664299420584
0.32646671945291 0.15480112883037
0.324319275981706 0.199061940438152
0.323614325171101 0.220866412306834
0.324484520157497 0.209036194116052
0.326402180868953 0.153690267843176
0.322156799127716 0.259127859178654
0.32069307051848 0.30315407010611
0.322226103980838 0.266736272178828
0.322598203450022 0.254267643018781
0.322759901772347 0.249684272712677
0.32129800748298 0.285571203407914
0.32455818762092 0.208189479189021
0.322713562327086 0.246769121698713
0.319670809749278 0.323962199956579
0.323221824735555 0.237749916368649
0.317455591776046 0.384682626266256
0.324987467592567 0.195255851302286
0.324478899140771 0.195824416683096
0.328825096412538 0.10113694795012
0.324163919740607 0.21724487423961
0.325552211755082 0.172778650243665
0.323025044348511 0.238684500861183
0.328535810276558 0.103658950523596
0.322839737096936 0.244636638709422
0.326641642989002 0.146415048036988
0.32182232223035 0.271426495712102
0.324690348383668 0.201002098191087
0.320100451430451 0.312990736957887
0.322654306753079 0.248649581863909
0.321164165559763 0.284655583237456
0.321623912986455 0.26886396889876
0.322322183891588 0.259923385741197
0.318876101735192 0.344426788657372
0.322633644427704 0.254964901733588
0.320770174414888 0.301170527502798
0.322190405089083 0.260609069035712
0.321965031647527 0.271020482615272
0.321110763823001 0.283955810854725
0.313480246471989 0.478005015237287
0.325512887494353 0.182044397811274
0.32226625540249 0.262120248034856
0.32105802568197 0.291797290304152
0.321226005274149 0.287891699826403
0.321888860281485 0.266706021994663
0.324692211441174 0.203948138727935
0.322516996432936 0.25036023952876
0.319023584841544 0.34543640092323
0.320215042637723 0.311526428705381
0.328750666934412 0.096219967755432
0.326643870518086 0.150165437171808
0.324134056271694 0.207003460895952
0.322215593581921 0.257409291184128
0.320465089249017 0.305048658984376
0.320654278469432 0.297847897557308
0.330177951513303 0.06246204166632
0.32255959451458 0.250139530175344
0.322716305334294 0.249835697904824
0.321742109269297 0.269881680432448
0.322039712656525 0.270869089114746
0.321448141829196 0.283433535165233
0.321241311292094 0.293869331608669
0.320725294375484 0.298380476974359
0.321487044346095 0.279824985359493
0.324378099732857 0.21439119183547
0.324722209292923 0.209500506233925
0.326415029693683 0.152368542102254
0.328002077953438 0.109785949279523
0.324148334367693 0.221086033426789
0.318333064559317 0.36193074920568
0.321119711846395 0.285298670751749
0.326409833532337 0.152202035607099
0.323706572682693 0.222672611982262
0.319042470240317 0.341909946853426
0.321369014724514 0.280124497487242
0.320312648465988 0.315357778004436
0.320983354130189 0.291988668860296
0.319878165743491 0.319426458402589
0.325065016520016 0.183517030766456
0.322944398959166 0.241164664525984
0.324396864107997 0.211265659414823
0.322304764107777 0.258350982904056
0.325456389001004 0.17889492055806
0.326561479722652 0.154025219308815
0.326416331949564 0.157758483973073
0.319456904069189 0.330731225586815
0.321506474698548 0.282182873688552
0.322451033213571 0.254586989212609
0.325308469082373 0.180790089806376
0.323043707217472 0.246284641784228
0.323856259294866 0.222520374608405
0.321481403800224 0.273698453181857
0.324512915459738 0.208732735514095
0.316344317730671 0.410593785798342
0.32529707526781 0.185214744495735
0.317015165498798 0.392358453636873
0.323191887368961 0.236609871510137
0.320994991243796 0.293768969631831
0.32110055339583 0.291437256992021
0.316272420647226 0.404508353049045
0.323559772244587 0.229622598044182
0.322588309148561 0.253649782380652
0.321001892782141 0.296516589050507
0.327710200998514 0.124563467460054
0.321459071176984 0.276641436423877
0.325909042649136 0.163746781071324
0.318455196612125 0.350688864490726
0.323923836885297 0.216645789357084
0.319374163166193 0.330050484262717
0.32490659315706 0.193760273374244
0.320640029126542 0.296249441615014
0.327172225188977 0.135991777253311
0.32366774844894 0.225578123034496
0.326810150444972 0.151350540719724
0.326103691832784 0.162480593294605
0.320650546565436 0.303717442748671
0.321820109046608 0.279836660392157
0.322935210701677 0.247043092123744
0.321278966057673 0.281329242429779
0.318323354153359 0.361156547506997
0.325784793524015 0.1745605900391
0.325992297602011 0.167696942656892
0.320809186156956 0.300855971164118
0.324100252194298 0.219304909737689
0.323674892441301 0.225221976556414
0.322756665591448 0.248368829045133
0.322541308393797 0.253808139654579
0.324535314759612 0.205076245454244
0.321899287933662 0.265474773671444
0.320451512933299 0.307025917017429
0.326223766241788 0.15594288981885
0.323908837216502 0.215850984771748
0.320424204462397 0.306627979705287
0.326948653040128 0.148253129431622
0.320202066916948 0.307349538992456
0.326911303037876 0.145153123280794
0.319519933408513 0.333286987497935
0.318924364849303 0.336428122153504
0.324799238033389 0.200533561650159
0.324204783531757 0.207126079394425
0.32047161271421 0.308396617596463
0.329660031120704 0.0741060833631813
0.329725579062474 0.0742990120626937
0.318780028516261 0.347022755809151
0.325582240004473 0.173666555773435
0.322151646679924 0.264930154593855
0.330975331815059 0.0415380264516206
0.322564103681911 0.253930774310691
0.324635902041226 0.20382069685796
0.32266189730847 0.249421343393296
0.327683169853658 0.126282369956862
0.324914428600349 0.192674911631568
0.321966733013956 0.266431308033496
0.322114498964301 0.268346509815737
0.321131484881397 0.292070721651295
0.325801664153223 0.179172548680601
0.325930285703836 0.173072699994247
0.325518807902944 0.177965462396637
0.325210431421082 0.193477683635876
0.323154788166095 0.242773374611659
0.324077383357556 0.210643552879685
0.32771871113063 0.120395505268255
0.322919193510603 0.241665347525967
0.324194566103151 0.212772117509196
0.325612865736474 0.169907482620065
0.320203939815095 0.314161489214598
0.322614256168121 0.253351557669179
0.320774141737182 0.295044444025088
0.331332929580267 0.0358624497492752
0.325498142084494 0.179317594747692
0.326618385655515 0.146161105536504
0.32520062677662 0.190651805545987
0.325277189637377 0.181934716170315
0.324472435384644 0.206089290000018
0.325731794730726 0.173486582391079
0.327708774701041 0.11970177114015
0.327287324218191 0.135691623399753
0.319509912203148 0.322403965293819
0.323059365161386 0.24255180793475
0.323144615224102 0.233017124952572
0.32069302118566 0.296771660852931
0.324726798755363 0.205329587267906
0.324473235802182 0.208901495237334
0.32415113885117 0.214860506998532
0.322632660841967 0.248806392207222
0.326871581349215 0.146132718116295
0.321459659304779 0.277692142199053
0.322483964274185 0.250944582756064
0.320192076555822 0.311481184235519
0.326261565276536 0.158685212235994
0.322602747318834 0.248665130592939
0.322910282546521 0.245698992878333
0.321677765692277 0.270993146456979
0.317522967148925 0.385454940303922
0.315280408536652 0.43822636309835
0.320573461447157 0.307959030338343
0.322650361178439 0.249518042197255
0.325735812788508 0.176416324635894
0.322331546191237 0.250331268199637
0.320893624303644 0.296710429906808
0.328852379229533 0.0985253150817917
0.321847639972975 0.273133561734449
0.321954287800292 0.271079171621407
0.324619602115785 0.20971370384394
0.324455552104701 0.204778776201494
0.327702142552187 0.131161596115331
0.32716362146143 0.142761844140199
0.320630458318818 0.302202492245403
0.320795420841643 0.296640194001994
0.327028200478546 0.146485936777293
0.324995959012467 0.193873197206639
0.318144932950463 0.366864685455494
0.322490294384634 0.257484356475781
0.322413975373547 0.257439418893232
0.328023474401011 0.116878633075918
0.326973153675037 0.137084833633316
0.3188804658286 0.340821678461721
0.322237664340844 0.256142884675548
0.321774562770246 0.272702073132478
0.323745818502001 0.220606599230983
0.32116194665188 0.283878729834137
0.323098252376315 0.240169106315565
0.320875936387634 0.294789813895154
0.32317929710127 0.236612303883058
0.321320052223822 0.286295420786791
0.324809104854792 0.191274738627404
0.323540291405168 0.226718032527991
0.322712722953797 0.247316123865117
0.32238599981639 0.257041338802465
0.323973126476481 0.217834236365132
0.319542743056866 0.330783146371851
0.326550899308184 0.153347486415825
0.326720541904931 0.148757031934588
0.326298013260681 0.16318806509955
0.326002386300225 0.168803890906988
0.322632463905565 0.254240050081857
0.32035568133011 0.313565134644626
0.319488557881631 0.336665399520921
0.325244000712265 0.187111859705874
0.321270850646608 0.293493315086526
0.314134667505406 0.460158782814445
0.325537693222086 0.173230078008488
0.328297964118989 0.109557352164057
0.321074450757636 0.293278649586736
0.324606068527987 0.208228405473168
0.323703799495129 0.225746320341879
0.3211357774902 0.282751554272491
0.321667850095601 0.268441167391239
0.324953986653593 0.196887683104484
0.320553329391031 0.303825382776032
0.322172479708293 0.262886187172591
0.325967513129056 0.167191344267762
0.317212803195772 0.387014399047151
0.317067503884781 0.395225697134436
0.322254251882575 0.260457284679579
0.326208766860549 0.16128536028227
0.320318080878966 0.306415138990519
0.32134302558635 0.276445841310348
0.322694180132549 0.253209418437807
0.318753411384595 0.346842104849606
0.32419598413587 0.214680113062761
0.32509356763103 0.190445056899673
0.325600771535957 0.175031961654036
0.324497820128288 0.206764155290151
0.318837760882126 0.347563529005775
0.322916667721655 0.234078887060105
0.322486827006269 0.263058682737
0.317405355229384 0.383072081196262
0.327930464448968 0.118834235266824
0.324991671243842 0.193185146280456
0.326016086659438 0.163416282995202
0.324975139604214 0.193712041961668
0.318592957752403 0.351850888177191
0.323752972339473 0.230241612378753
0.322286446011404 0.258106249097307
0.324748233793389 0.203745235455287
0.317711361639392 0.382722511248793
0.320215085705853 0.315753789788924
0.319834983843859 0.316685608483286
0.319136376095266 0.337580138136246
0.324351572334375 0.21546404080675
0.321583310640092 0.274517173283943
0.32082491280988 0.294309216833219
0.322582374661121 0.256865456394921
0.322010180974792 0.259271905295415
0.322358416838042 0.25194743661165
0.319470800361906 0.332525352040507
0.321902447643331 0.267547221970511
0.325363355610509 0.186073465570861
0.323928773481585 0.222203238767589
0.324834423834766 0.200287849856908
0.324107681201073 0.208981248669313
0.324968825851285 0.196794957690706
0.319540081549548 0.327071941979609
0.321221679834155 0.283890923612951
0.320094423617348 0.311458270866935
0.324040046191717 0.215703137657982
0.319656584415468 0.324960538743087
0.320174884927524 0.303854930453888
0.320377472752297 0.310810657774113
0.327989989232905 0.11028044652682
0.324849968608096 0.20307879057771
0.321656783524104 0.277627369157478
0.326144472907806 0.16187951055968
0.324972408362783 0.18267866975973
0.321847824728091 0.269317067652798
0.317661987025127 0.380919300493391
0.322151241331286 0.260470247469592
0.326014487891064 0.168660625224332
0.320178652475975 0.310612677064404
0.325525864763516 0.176571688922777
0.32403542685998 0.219355563543345
0.32304441128888 0.247169096029048
0.325752522024904 0.182465428356778
0.324687970461166 0.195802924821109
0.324408464618764 0.202417066588419
0.324801760169166 0.204012295542217
0.32127419857348 0.286418551308567
0.325561587586986 0.183013471176598
0.326359750143359 0.156810848745036
0.324433899832677 0.210362232619327
0.327467220015663 0.131843872601912
0.32522004198535 0.189031694698902
0.323733763382055 0.226630555823959
0.325897993972269 0.171846832155929
0.31683050534913 0.400936710214541
0.317514079801121 0.388542476688378
0.324195055057047 0.210348018915139
0.325046974443553 0.187422362908309
0.321819197156343 0.276592672953246
0.323426956552571 0.230909529375618
0.329043601042477 0.0878022782841135
0.318762556603329 0.342437219146481
0.322504390039622 0.257518984714278
0.325470270888292 0.177300650507991
0.327710332219827 0.127841838977543
0.320354352900813 0.311136815203723
0.319160934078071 0.344756566962331
0.322684538847601 0.252705564653696
0.321904552059914 0.270781855856623
0.325755937124897 0.174209940032157
0.324326619429863 0.20477888311544
0.321545432211674 0.276096504590379
0.324955113374438 0.190606325098112
0.322289640553247 0.260226662045968
0.321978716112598 0.273608767324698
0.323292145223091 0.232790216386099
0.32104319293346 0.287356534052388
0.323871776610106 0.230395230184822
0.327988735592346 0.118300505171814
0.321817156164544 0.266599963307777
0.323860768351191 0.218726379027546
0.323077270230458 0.238196363015183
0.327098320708597 0.141042470640127
0.324977724878394 0.190005432055574
0.324648749800837 0.205843173455694
0.325978009095919 0.166694258168229
0.322523691866635 0.257254086758579
0.318688907195864 0.344991713570577
0.322703901766549 0.245434342589896
0.322581071188587 0.254191926562913
0.323425212761028 0.23386355244305
0.326270735829933 0.164913398937864
0.317522490568822 0.378492514375041
0.317140001559009 0.38516619552069
0.321323529358712 0.279602788285752
0.322968376257337 0.24103173625505
0.325733534552429 0.174213074324964
0.320923070752822 0.288451686348534
0.323696402393711 0.222720743173156
0.324687579112753 0.196261951546374
0.322744072201853 0.248813883093504
0.327529076044758 0.126035613888013
0.324115441476342 0.217207102098346
0.321452845644175 0.276452020090428
0.32398005100957 0.221792839087169
0.318789352504985 0.348811178807267
0.322976791263203 0.244180753044685
0.323810973501184 0.2256208965636
0.317720934962241 0.373697297445247
0.319992185804675 0.31836336630917
0.326901034077694 0.147503893989141
0.320562739201698 0.298350560936898
0.323725834038664 0.231197113397728
0.320278784717978 0.312737478635425
0.324542471952701 0.201048783086775
0.32405895396533 0.2226220043146
0.323207806849957 0.238568181641574
0.326933074866757 0.137693902625156
0.320216034690906 0.311793992280303
0.325196049641401 0.18488245297391
0.328650744797649 0.106906337603197
0.322620432103968 0.252344413882898
0.319992129995883 0.313071319293669
0.324014845973013 0.214498989827515
0.324516457817258 0.199461259638864
0.320051679728219 0.311096925036027
0.325210914862667 0.187281707380715
0.324888494296817 0.196152062407957
0.327410786847143 0.132276172422373
0.323024301848252 0.244580446412944
0.324805783641783 0.199412459568614
0.325683478228217 0.175175194386729
0.328307294720393 0.108093815864854
0.321517583702478 0.276093160573674
0.323019161316899 0.240945215736827
0.321755281623022 0.266760431709908
0.323995774174069 0.215522935602945
0.320381410239555 0.303805810510545
0.319262629374084 0.330461732332108
0.325171906691079 0.187567690896145
0.31866803845154 0.350184844843407
0.31754238870247 0.380354970534233
0.3269672511239 0.144476124649067
0.323146956674862 0.235012629387369
0.321886592045182 0.260757415706853
0.325167574888539 0.188842483146594
0.318988719143194 0.342077379293647
0.32224977342876 0.259614470754633
0.319550945996711 0.325152071051931
0.321370819479561 0.283946295101494
0.323478645254693 0.227388198607128
0.327156112955108 0.135555033250148
0.320897513322704 0.294309297859813
0.320976704092832 0.289183676392119
0.32480107732156 0.198834867460083
0.322179033960043 0.265622683540322
0.318938850304969 0.344830506095979
0.323870517917818 0.220768585392202
0.325495680766913 0.18683801513221
0.322061891282735 0.268271875801032
0.320681976974513 0.29608436110898
0.32682242405165 0.151766653726194
0.321702656234283 0.269146703585046
0.32527090869639 0.196379012629296
0.323568314121562 0.230300233103783
0.323215749441296 0.241829258637217
0.325187670825622 0.185444262931598
0.322741706618838 0.245487273894302
0.323090844895547 0.240234948454617
0.323493913098124 0.234960924206226
0.32082549210254 0.296884496471374
0.324112795951487 0.216196255783319
0.321022752728833 0.294214965540215
0.317817968450788 0.366989673361498
0.323274225137175 0.238895820790927
0.320221986805787 0.313659487675851
0.32487278330874 0.194929262120502
