0.366195197640283 2.41191466224337
0.370338265933704 2.32064155049749
0.376482835192562 2.19888124993556
0.371376676504969 2.30468305858325
0.375017045043205 2.22880113518383
0.374108964540806 2.24548916029255
0.375314827587107 2.22391844031362
0.369629580551702 2.33778666378912
0.366079532119102 2.41299941897098
0.37639902129356 2.20144576971813
0.36928277578811 2.35015125494979
0.372912018770512 2.27531036854341
0.369473140995668 2.34624913549954
0.376081378171968 2.20147148341391
0.37158902409415 2.29721974316054
0.372201382356499 2.28392016991031
0.372414009482366 2.28702770762983
0.37415959189513 2.24993867817689
0.376419162978303 2.19567057062342
0.371660940347338 2.29556535087662
0.37124545993596 2.30423270661286
0.372864934042724 2.26972407244618
0.372526452613234 2.27948352141933
0.374450883793885 2.24009758091222
0.372920407217824 2.2709721450959
0.37224505413231 2.28664683868817
0.371749521550514 2.29463591732363
0.370035412194837 2.33884927575594
0.372240736449319 2.28398896299326
0.374178579036778 2.24586625635253
0.371465836688212 2.30105947673284
0.369578901293728 2.34077920652803
0.371284619388225 2.30949683982682
0.369912951935511 2.33143626660969
0.372013528330745 2.28950027094247
0.370955461049223 2.31274634407317
0.37170891500207 2.2937403498539
0.373449396363744 2.26332692836447
0.374192941509119 2.24419998078261
0.369544100492065 2.34558364835967
0.371070023553992 2.30979560923269
0.371491022752245 2.30191256514073
0.374459346292141 2.23656321016302
0.374980042942209 2.23121055772067
0.369476198867682 2.34263880770759
0.375537233480386 2.2190488061661
0.372203846063517 2.28709395659664
0.370136309465057 2.33571722655364
0.374416889084047 2.23883218809513
0.373684517696348 2.2544743987755
0.374114325216713 2.24702145738811
0.373219397242208 2.26086144390439
0.369557366226873 2.33808379462412
0.367478346356051 2.38819731259679
0.372382806444592 2.2890120303183
0.372900164320579 2.2688384856281
0.368239146947298 2.37378598604214
0.376837875030992 2.18988893001651
0.376630018012946 2.19216105809352
0.375770869381359 2.21604107135164
0.371660407869161 2.30007707190389
0.37500360872746 2.22506373565269
0.377476661970486 2.17121689460454
0.372768492573546 2.27795591045152
0.372563383769183 2.27856854821036
0.370610375051713 2.32127042768544
0.371643995227618 2.30181384647282
0.372900016019054 2.26801362251194
0.373744136158053 2.25397324789214
0.371141952440748 2.31420587264217
0.373217354370691 2.25794894647452
0.372613326548974 2.2770602551391
0.370676387485681 2.31884157814957
0.375562039813147 2.21932770687968
0.374892859824218 2.22919813555219
0.371382271578423 2.30468935912825
0.374563553037037 2.23829637326173
0.373160558621692 2.26499029034857
0.372034148387265 2.29330668520783
0.371269996477267 2.30647854670568
0.371138342332231 2.30716460354281
0.369603830504397 2.34201936930343
0.374712365234694 2.23375325455282
0.37475126274239 2.23012645375654
0.37501030193395 2.22733250210324
0.372514083640632 2.28084816739149
0.374689252818316 2.23590983997886
0.371366366131443 2.30658672404618
0.375792128782452 2.20951231454615
0.373859662335534 2.25381384347011
0.372994959332784 2.26566357547912
0.36999674018005 2.3298086148272
0.372924700107902 2.26575915545166
0.3772912309919 2.18373120700121
0.375303300706167 2.22310097814569
0.377205489037467 2.18073235548064
0.374677310618895 2.2352419941495
0.374131779449056 2.24902084699525
0.376496378696449 2.19691915147941
0.373655087123651 2.25666805679805
0.375334000539669 2.22072189304842
0.371028904640887 2.31289126959893
0.374573683641614 2.24209016913263
0.373506127467225 2.25840081192446
0.370229730239262 2.32904445109407
0.369798174156587 2.33924769108262
0.37449781825521 2.24257025960258
0.371128312832187 2.30874990129144
0.370299034921187 2.32583837440128
0.369224359164192 2.34877215507707
0.371548704762437 2.29635274525001
0.373398025964789 2.26255554137407
0.373185514621367 2.26045403146391
0.37470071410612 2.24001540051512
0.372064581113638 2.28859425285619
0.373330088742124 2.26978852150765
0.374377250230427 2.23887563180536
0.372616882463921 2.28212541954927
0.375254958693708 2.22209926802588
0.373093435533749 2.26680051894788
0.37182151314897 2.29580385239422
0.374890548534935 2.23237516849584
0.371144084024578 2.30976837344063
0.373351773453962 2.26168121333436
0.376480725278051 2.19476376765406
0.375126078027346 2.2306450549687
0.370707465132667 2.31299812934597
0.372343951932303 2.28668526799379
0.377896882579315 2.16506022963405
0.373664984040296 2.25760852189453
0.374187693323767 2.24797428954721
0.373029471379521 2.26999000187153
0.373090023646346 2.26794619564234
0.374394158670261 2.24233304961211
0.375270636440477 2.22204633493572
0.376896617479076 2.18784588818063
0.376132705654117 2.2071514196812
0.374075828706136 2.24712196187381
0.374413824352869 2.24129997890234
0.376036749852282 2.20106281989673
0.37335627524901 2.26079328809542
0.370640383219841 2.3225546060159
0.378805785016029 2.14571649310046
0.367386590405498 2.38595761607298
0.368679705866154 2.36203481481685
0.375739868889788 2.21103078845947
0.375697050657902 2.2162280263884
0.373799437982802 2.25435245166932
0.367724343138808 2.37592571862602
0.370733460908052 2.32171409282232
0.368292697766673 2.3720837413604
0.377457110094802 2.17785872742147
0.375089447484026 2.22366485650386
0.37181815054636 2.29724916997685
0.372624713121033 2.27634690676486
0.374089002074938 2.24304362492992
0.373586837433121 2.25872664689624
0.373601728394685 2.25369579703619
0.375167395183209 2.22989784556814
0.375915389631116 2.20945997835188
0.373771707520979 2.25556522639505
0.374184424171975 2.2466557839161
0.372511634165699 2.27550589690233
0.373571406974338 2.2577061602237
0.371339142835002 2.31114682512167
0.376484618629305 2.19868634731081
0.371773436111978 2.29782300842904
0.369018365318415 2.35198972146389
0.371182918830769 2.30158484468756
0.373776065735028 2.25425556420357
0.376369543627131 2.20046351282871
0.366916670315058 2.40069784144432
0.375704149912413 2.21346163569477
0.372022395577931 2.29030420609183
0.376319342853789 2.20206154194753
0.374916820510217 2.2301637886655
0.377901195258755 2.16193767729087
0.371587490984506 2.3048967260291
0.373827569113547 2.25357767671239
0.374440218213317 2.24379862740422
0.369684075679724 2.34131808236602
0.369036123714131 2.35292127138302
0.367914106370985 2.3770335742483
0.374504037672736 2.2449160596846
0.373081801414861 2.26866532878188
0.37408111477116 2.25087643915844
0.374542650749266 2.23668328219625
0.369941645131187 2.33580318193863
0.373449080014547 2.26443437089785
0.372933671721021 2.27211981436866
0.3725075885005 2.27868958335134
0.369289643020114 2.35025470051345
0.374241282334612 2.24367636383502
0.372524035815236 2.27657121409203
0.376640075709286 2.19920951366706
0.371093291752985 2.30795906807707
0.372836611302716 2.27606416580195
0.370720839115197 2.3153372905416
0.37476582855802 2.23381446751217
0.373303599008667 2.26118366182513
0.368982841796467 2.35278132202597
0.373918113144981 2.25444512616721
0.372984114771826 2.26954053957181
0.375023625105965 2.22903976941024
0.375788239234652 2.21404035362868
0.37284010937891 2.27352827919292
0.371140101192219 2.30944161145267
0.372863901492405 2.27009324737965
0.376388655749337 2.19947696284787
0.375252660427446 2.21886465206167
0.372555584889949 2.28240872814741
0.374955341441867 2.23533712086648
0.375589772898525 2.21662179476368
0.370060672624971 2.33082308370172
0.373582143415671 2.25573396220628
0.370757618561018 2.31093378015815
0.373084778150081 2.27044072600387
0.371404355273312 2.30147950556521
0.367573750157226 2.38979376136834
0.375743662530452 2.21657005395413
0.370952791159827 2.31034551751452
0.373551788360947 2.25615491040401
0.366802167451378 2.39744866630283
0.369515738026289 2.34028350718379
0.377714224467799 2.17141054258075
0.36606705452439 2.4169096968503
0.374463842182928 2.23882059055821
0.371648789223264 2.29519800715991
0.373138505218169 2.26766544649426
0.372671144880558 2.27860278348665
0.374375789804876 2.23927599525655
0.370267626629189 2.33242195857116
0.369842638667311 2.33809618699431
0.370981166000245 2.31570838031229
0.372295298499386 2.28990758217321
0.370024628628748 2.33388791746282
0.374721804700522 2.22978819783441
0.373195930442726 2.26463357267512
0.371492625094545 2.30013275216421
0.375924142539559 2.21003770785363
0.370840748627493 2.31778085788982
0.370194253008385 2.32818822157959
0.371862465182056 2.29579251762586
0.375605773909503 2.21422223306992
0.373353111072009 2.26018200898329
0.372546008854117 2.27816038443091
0.376219063595189 2.20151926269879
0.375261228371763 2.22619933601627
0.371401825175582 2.3033490533478
0.371716977607932 2.29897946850277
0.375573709381475 2.21716228270326
0.374552115973472 2.23637134317538
0.374683394169714 2.23189562175312
0.373036517522582 2.2695169064338
0.374202611466461 2.24021779533777
0.377568774966271 2.1753424895917
0.37378516841419 2.25518433988371
0.37532253909147 2.22578818569474
0.370556098216828 2.32284677831436
0.370856463905235 2.31400408226401
0.372988993578794 2.26910532782347
0.372514298721215 2.27863722078648
0.371111835648039 2.31027062018257
0.374722004004198 2.23834677242042
0.37254047218222 2.27356501707925
0.370603905727247 2.31935318260629
0.371332610851092 2.30297062545787
0.370698281336599 2.31897853435176
0.375498351565379 2.22049425650069
0.370105614452039 2.33425613045291
0.375310692481718 2.22691782607239
0.373682248497116 2.2528376350995
0.370602784906512 2.32159359599695
0.374285291267394 2.24916731916235
0.373828418925776 2.24735734286154
0.374810058204359 2.23430871782095
0.372487335358317 2.28391977994662
0.371204432295623 2.31061657424685
0.377762062929661 2.16931880409333
0.370860126077768 2.3166630587763
0.368981637955003 2.35542886449566
0.369434846895768 2.34658764006935
0.373563861924947 2.25878602079149
0.372461250123606 2.28514231016249
0.369810845408023 2.33732117880519
0.375112357536013 2.22710708351563
0.370488512036183 2.32165059280253
0.366517756726603 2.41027702235825
0.366757771698463 2.40311823406599
0.3698299677554 2.33805669935534
0.374779499229563 2.23092802010194
0.373379843674933 2.26210041089517
0.373715697594306 2.26572946660981
0.370781300548682 2.31509733634299
0.369594239509686 2.34461934166894
0.376102283060797 2.20749830687014
0.369429662908672 2.34887157903239
0.371590941536697 2.29748517592387
0.373669244834537 2.25297117326095
0.371447272928436 2.30324973699981
0.37110233327682 2.30968400436646
0.374341307444134 2.24322991897805
0.374518846598177 2.23684362929479
0.371419218095956 2.301657284152
0.372321510599368 2.28431793920605
0.374669370704483 2.2342980627479
0.374291198117686 2.2435116266359
0.379429418831871 2.13049190357385
0.368749930008944 2.35742835383662
0.374247973237794 2.24391271125502
0.371922293436044 2.29215730141601
0.376578138793708 2.19522855322196
0.371271276103682 2.30629075946638
0.370381180906149 2.32449801773055
0.373220816836484 2.26794689891826
0.372000136401821 2.29299056069904
0.369592029417657 2.33626483358907
0.370833812218489 2.31909429888814
0.374123877580128 2.24660354005297
0.369873816016557 2.33654765717772
0.373485143035824 2.2579340851367
0.372448979603288 2.27938755172422
0.37462375067797 2.23779425381763
0.37176231829418 2.29839072864376
0.37218941381071 2.29071486383195
0.375503611545865 2.21593013632923
0.37558718212295 2.21558969257226
0.3691967417269 2.35588017665661
0.372678842263863 2.28222168559806
0.371991832534558 2.29129964787571
0.375472149072615 2.2200698165636
0.373773969477089 2.25559147365614
0.371852639614219 2.29677641772105
0.373242513017642 2.26970414132281
0.369551432793338 2.3458077102241
0.372336599754497 2.2843220413361
0.373709686322384 2.25372356148796
0.373778013067465 2.25718601560421
0.371624137613771 2.29984263510299
0.373582389401925 2.25573761330279
0.37365618400077 2.25984109025529
0.372316210071055 2.28625928557608
0.369485312369465 2.34433255916625
0.37643660155412 2.19505974684589
0.369191268775417 2.34796561323957
0.370777709589223 2.3162609534299
0.373942488938666 2.24579212870998
0.371391324198037 2.30572596994775
0.374886677515172 2.23480230662362
0.370054240875464 2.33528781769841
0.372698792178574 2.27558576076552
0.372823854194978 2.27671583377342
0.376622824474162 2.19130018321473
0.372242604138165 2.28475906072365
0.374952072215382 2.23169759451084
0.370902055590064 2.3133149522076
0.373202546021805 2.26352480189493
0.375090193838415 2.22352085475957
0.370857721217548 2.31277199046454
0.367638881319204 2.38563227190276
0.372505508603928 2.27935986845673
0.372092964355564 2.28741646367872
0.370137251883745 2.32852968951558
0.378760943474794 2.14935566284641
0.374232640548897 2.24327068075035
0.374056354251666 2.25110303924432
0.380853763231078 2.11008054308227
0.372328396297513 2.28008596180788
0.375108633791731 2.22854488867003
0.372352178951758 2.2804320105452
0.369564694563168 2.34584716526539
0.371225325619865 2.31523425620059
0.372058356128952 2.29320210176738
0.370987208797327 2.30952278044327
0.3722777136518 2.28543032610766
0.375109409433474 2.22028726333281
0.372217278774782 2.28900406872264
0.370166228136912 2.3288777969025
0.372149721800854 2.2880620584534
0.373847177037667 2.25224961193635
0.370551569422015 2.32196546857814
0.373722645946407 2.25741742352129
0.37476502977387 2.23587693238905
0.371322224803598 2.30665189379101
0.371711769110139 2.29766397247355
0.372293494333484 2.28294186395509
0.376068903951528 2.20718154241064
0.373687429808455 2.25541500884752
0.376511809634558 2.1912660107577
0.375282719951487 2.22396047159432
0.370120518392651 2.33018043813163
0.372327253283063 2.27863381858997
0.373189696418355 2.25868505675703
0.373167892147418 2.27133408074403
0.376993644793424 2.18925415221206
0.373287035377027 2.26400344174753
0.376568232964141 2.19052779503661
0.378862276491669 2.14693431881525
0.371028874551167 2.31422677467573
0.372349492285739 2.28331180771402
0.37236917860926 2.27991236162184
0.374599702038199 2.23537378098863
0.375867648874748 2.21195806124572
0.372443971286829 2.27732309640773
0.375024244217677 2.22727528744345
0.374499398824117 2.23872813468456
0.375315270225138 2.22208100595015
0.373723675523572 2.25280661059842
0.36942398669636 2.34141321176953
0.37239207674788 2.28268397346678
0.369975835114507 2.33581512416784
0.374716667607358 2.24053609406635
0.370017069360978 2.33244071412395
0.370959296907013 2.31371493872486
0.373880504441551 2.25481733322691
0.376023184541016 2.20717734490226
0.36906429170861 2.35065179813691
0.376949363018818 2.19008018418424
0.372961786220641 2.27165373742812
0.37840977353128 2.15357922626557
0.371609443683668 2.30303146028495
0.376274874769437 2.19806267603265
0.372926302022463 2.27119904811662
0.372447219983743 2.28343529383967
0.371193434302147 2.30798712725541
0.369683122388904 2.33960831438069
0.376862084045353 2.18604181904107
0.367164519977291 2.39427577034429
0.370796153938043 2.31834790153032
0.374836060578724 2.23370432233252
0.372458998188518 2.28486244233361
0.367068658936621 2.39605047928039
0.371672262606705 2.3006905839302
0.373207038130386 2.26306449693198
0.37280660053943 2.2738234434365
0.371889210448145 2.29325995618126
0.373320676296808 2.26206029447376
0.370686105826444 2.31817183558153
0.372004563546568 2.29104632031184
0.375317172508634 2.22042116457866
0.377089023127037 2.18430315076716
0.373591284425244 2.2593033205885
0.374911548445955 2.22767716272551
0.374061781774062 2.24596736598439
0.374319863983784 2.24545643961226
0.367514043193325 2.38776606462118
0.371873035801843 2.29263021391644
0.373679357348366 2.25533130068899
0.376884549501065 2.19050402878629
0.374266018821984 2.24531851459149
0.371482402852454 2.30269641064369
0.374744329112314 2.23902092407184
0.371766158323229 2.29641444342384
0.370625647814975 2.32550919990578
0.371896564923644 2.29109935076323
0.371107690133536 2.31632182863333
0.37950023171936 2.13020189896179
0.371877433733232 2.29069299340421
0.368962442108892 2.35208790780049
0.371915536478592 2.28983519242701
0.370377843152833 2.3261864669118
0.373209652113158 2.26646504173331
0.37571173000781 2.21342130560184
0.37229475504325 2.27497493167527
0.371150249116626 2.31046841315392
0.375379550131139 2.21739135745724
0.373158266905165 2.27318618638628
0.369649311802956 2.33942262425631
0.37122968210027 2.30256082784565
0.375969203476308 2.2092327158292
0.371604387026756 2.30329038578495
0.371805626821702 2.29492015069929
0.373217256138014 2.26866616668841
0.369993393628299 2.33026784018961
0.369421297771413 2.34913180119826
0.373794177095897 2.2526919837637
0.372658582669584 2.27247538809451
0.376394562499811 2.19684944293645
0.377359190243417 2.1852386907298
0.373654797238898 2.2597436992145
0.375798830557785 2.20893238312899
0.373687928942828 2.25666969586633
0.370083796885335 2.32981135734235
0.372436209503147 2.2816115721359
0.372261685296306 2.29138387667703
0.372342132911277 2.27919906930508
0.371779662945407 2.29498478994265
0.371211850393935 2.30619738112912
0.370582105867014 2.32334959141154
0.375141063817353 2.22582709822702
0.373369693657959 2.25973790841587
0.369857495838993 2.33435518009175
0.376011629585112 2.20748120255108
0.376063719992238 2.20442064491704
0.372669194347141 2.27860501806514
0.374877971256138 2.22899008337183
0.369212781989712 2.35014716570634
0.373149614106258 2.26815864705041
0.372359216199469 2.27897583407684
0.375484111172197 2.21824825549119
0.37022063307959 2.3289179233508
0.380010551608107 2.11847983972664
0.374667128315112 2.24226909475347
0.375679090823808 2.2123187717322
0.371058562960265 2.31107369227854
0.375694864015497 2.214134422591
0.375871462342353 2.21331147230115
0.371641488723215 2.29734861443123
0.371266822427428 2.3048939715096
0.375353423457892 2.22187882934357
0.374497281034112 2.24273817242154
0.376526243536804 2.1954932986848
0.374419587363612 2.24284897468429
0.372098448430397 2.28593897922282
0.372970273029994 2.27213379204821
0.371859145400036 2.29304703777214
0.374282426524809 2.24625439748129
0.372638992366305 2.28143380420779
0.374151242668217 2.2386945454753
0.373589340330497 2.25866405904246
0.37268407836441 2.27413156110592
0.373812759001446 2.25246642028311
0.376073432143454 2.20660602992676
0.374662150207782 2.23678293470441
0.37166091388131 2.29832142852388
0.373746001650484 2.26004516436984
0.368622558580237 2.36097769083823
0.375639482084122 2.21402471048988
0.374748641714853 2.23231229407562
0.371101414243266 2.31094134857655
0.375001227880851 2.23129604889406
0.372574566776482 2.28046202296936
0.376735722699396 2.19347657007201
0.371924681583015 2.28944081122674
0.373369333204702 2.25856899712208
0.370383188850884 2.32832634033619
0.376339822104403 2.19635665147025
0.374261237715021 2.24466857980151
0.378330359091403 2.15674140678255
0.369985538010655 2.33483105655082
0.369306719634217 2.34589231528187
0.372519582900545 2.28056437355079
0.372508006356027 2.28100488178657
0.371465668266684 2.30075798753482
0.376011879867546 2.20525195778164
0.375504268262132 2.21510321884972
0.37048366239548 2.32284786517319
0.375057208761704 2.22439036009473
0.374813261813985 2.23367834765242
0.376015032620584 2.20941083945035
0.371920136298559 2.29119931436962
0.373492277248385 2.26045604017303
0.368932026136289 2.35469396759858
0.373139646065423 2.26961384487129
0.37243410038689 2.28048454348626
0.36744874290753 2.38282152261607
0.371679158194187 2.29855436333228
0.377149879635601 2.18515595018927
0.380197352366394 2.11821631928059
0.376272617264358 2.20384303569152
0.373103172845042 2.27025032519941
0.365411445119954 2.42851710539512
0.377356203070961 2.18090117493915
0.37099873227213 2.31301066912531
0.374691634973517 2.23415567524151
0.369830951776537 2.33440367536552
0.370004742870414 2.33678332436953
0.373467346780399 2.25411516667243
0.3744722455034 2.23675294046312
0.369820698935364 2.3363305612692
0.377305831939502 2.18024419195381
0.372229451529971 2.28382714243871
0.373988039798625 2.24801409159113
0.372362183824869 2.28923825880325
0.372170554383197 2.28739270781324
0.370978781035239 2.30894406229006
0.375586781294917 2.2154926667859
0.372014190274203 2.29372334140435
0.377786499983743 2.16813842851632
0.368595622006471 2.3646090712327
0.372910502011854 2.26938105353691
0.370399547286213 2.32671553329141
0.373789577729238 2.25396681395301
0.370465357714172 2.32149612853479
0.373195885470391 2.26682398736352
0.371858998291356 2.29718689783686
0.378864439468422 2.15070853522388
0.371176918290054 2.30937398269369
0.37309269473986 2.2682651397908
0.371638723556648 2.29558901979024
0.371180896661777 2.30979733058379
0.371099358818957 2.30568982646906
0.373335398840097 2.26014775602775
0.372780479765318 2.27621441205865
0.376198161023658 2.20449598010601
0.370651251430202 2.32029180564722
0.370673260219115 2.32116493539272
0.376728917608378 2.18730696083165
0.374698120382702 2.23577231645651
0.369142068570453 2.35103188724201
0.374703245077019 2.23261005918309
0.376193852229651 2.19830101412345
0.375371453472573 2.2229551775437
0.374261443106019 2.24628930596369
0.371805667609131 2.29420050972392
0.373806369329086 2.25161924892198
0.377300102262239 2.18073623623546
0.372169604768802 2.28815775389892
0.378826745459858 2.14908164095391
0.371569855954565 2.30215768942232
0.373451199166641 2.26085710294725
0.373392318398719 2.263499215821
0.37801058794292 2.15986668918661
0.374845761986563 2.22571875317528
0.372928014200308 2.27284362085659
0.370889512335569 2.31907267245662
0.372502068046802 2.2835236017593
0.373064204187214 2.27124609789324
0.369115554764615 2.3551346608097
0.37416951503845 2.24102705895864
0.373172126443245 2.26864950065079
0.375267351074077 2.22391495478984
0.376322693050399 2.20156027013546
0.373629526946472 2.25589465294573
0.373213770783476 2.26899300767728
0.374190327352758 2.24570495485372
0.373194970175976 2.26786656866908
0.373624572173856 2.25545594403795
0.37765944615843 2.16875807256364
0.37490260777018 2.23159115334226
0.369594037252732 2.34438150259744
0.371124543051613 2.30775579313874
0.3743316107748 2.24385008816353
0.372578300247892 2.28234230006687
0.370307000606817 2.3226167973352
0.369579592596866 2.34101555211019
0.370089884069805 2.33137251747891
0.37203980981176 2.29199762472677
0.371429351294374 2.30636785770423
0.369059565846845 2.35760522675806
0.373756164706418 2.25307413851685
0.374961595827551 2.23033247159556
0.370051715421899 2.3365711325255
0.369928243360662 2.33374396974457
0.370389572305037 2.32294207204215
0.376254932446286 2.20046194301199
0.375995841651697 2.20940614914104
0.36880206193574 2.3619637839207
0.370520835799285 2.32000989492114
0.379139604425677 2.1356072257808
0.371101357224734 2.30781103741065
0.373450061929723 2.26133830587838
0.371920532406344 2.29634385816702
0.373545811045883 2.25538029084484
0.371249798793563 2.30204683307969
0.374912276723864 2.22431381574802
0.372612829774306 2.2781363454083
0.374804536156742 2.23411763185972
0.376923304720689 2.18867922204565
0.375171179266001 2.22691539640812
0.370348392236723 2.32865174523875
0.372308235182897 2.28843564174467
0.371955142722117 2.29093353442241
0.372350705186765 2.28405386083028
0.374140290314876 2.2498292499869
0.369440159735411 2.343721435472
0.376001627621554 2.21321256901397
0.37283546272045 2.27698464057692
0.377600860596873 2.174267739465
0.378176099800614 2.16312829635476
0.371028152860794 2.31055439687358
0.37324348276636 2.26014962280161
0.371137159504919 2.31101065502879
0.373789509918392 2.25342948460857
0.373905539533564 2.25949607290641
0.371318128118179 2.30753233160788
0.377897165201638 2.16702378370082
0.371686680900484 2.29588134850465
0.371954309565152 2.29097597988578
0.371114874653021 2.30893522969995
0.372090112493351 2.2904607682316
0.371800704655357 2.29875865051175
0.376739874179115 2.19158567124396
0.372404458326783 2.28154454119054
0.370243407964519 2.33106031149358
0.371477207918416 2.30367212158458
0.376096514942776 2.20331441191925
0.376667008751314 2.19692588778883
0.373246806725665 2.26015235242669
0.369341965995191 2.34831467102427
0.371750901959703 2.29411106812623
0.371907824949077 2.2949470563345
0.371937291323003 2.29369795618413
0.371138409364376 2.30741398943733
0.377404133677242 2.17901109745769
0.374684952091909 2.22886918975379
0.373054336475892 2.27108851390553
0.373712050879014 2.25599117814125
0.372820885234379 2.27323105354187
0.372750299568032 2.27711180803985
0.371200825056807 2.31329602738175
0.374909208106457 2.2290457083937
0.373592240584565 2.25776704976183
0.372726516124832 2.27271728025053
0.374023714740705 2.24875337595122
0.373732879150354 2.25275218180883
0.373640496382308 2.26132649484452
0.372152762662152 2.2893976723847
0.370834636627493 2.31479354515194
0.371621982256236 2.30295397459928
0.372928736257444 2.27021991399198
0.370993846293153 2.31500616225648
0.372486072064712 2.28448323916085
0.375489723039571 2.2167303303538
0.371162455105329 2.3067695935553
0.374215856763211 2.24831396279808
0.377231454513618 2.18107389244596
0.37448630134993 2.24177159804932
0.372180429581883 2.28907938457918
0.371787442965024 2.29510038719566
0.37302352881415 2.27035313586625
0.368238316532998 2.37117976129694
0.372002202466849 2.29077879135231
0.376409669376138 2.20317968610736
0.373128815382665 2.26503969455343
0.371613148417589 2.30118578996683
0.373184706466648 2.27050367845529
0.376832324424871 2.18986097116109
0.37320817363651 2.26548313358623
0.372690707298762 2.27711906060155
0.370301387909317 2.31903178500157
0.375917564042884 2.21373746625058
0.37572356862506 2.21521702060462
0.373041847613732 2.26995217485476
0.372571056527639 2.2780056681782
0.373452475398095 2.26386957214565
0.372258453199282 2.28424243259342
0.375151403393199 2.22369896042572
0.368526322229404 2.36052514704711
0.374287853491127 2.24401517520476
0.370427242317425 2.32443672864797
0.375755103363418 2.21249710585563
0.377150215998104 2.18201776780171
0.370727616334079 2.31719984829733
0.374955506093293 2.2251868445734
0.371506102574876 2.30004161799599
0.368305024177582 2.36915851296868
0.371666882921712 2.29766430197435
0.373885129525447 2.24507579435628
0.37508678745264 2.22926265079922
0.37343083010015 2.25683036454092
0.372229414240282 2.28020835644141
0.374496084351616 2.23925299659651
0.37298935741947 2.27281200263135
0.371243924970967 2.30766094634158
0.376870750656039 2.19064162928824
0.371410773692563 2.30438563337576
0.371708959221238 2.29656131311818
0.37610859593852 2.20467052117618
0.373164007206231 2.2685698996477
0.372735118037287 2.27894282705741
0.37533176681246 2.22163132528688
0.372467227271069 2.28301363894299
0.368805263487006 2.35670735191108
0.375346627775313 2.2192419294455
0.374454377854871 2.23453880696162
0.374404180780518 2.2433756564377
0.369394718529221 2.34539197287393
0.375848170082982 2.20775660029746
0.371532565762593 2.30035534904074
0.376616893041068 2.19405439579312
0.371787809062688 2.29488409657675
0.375041587810443 2.22846260152902
0.373068329964129 2.2684440236901
0.37433972954556 2.23917922906414
0.37843685442781 2.15367321321253
0.379727321599725 2.1270441491841
0.371981730829066 2.2934175883727
0.372807315219794 2.26590863919653
0.378469196036621 2.15413362013337
0.373357907897814 2.2618646319152
0.375621402447696 2.21180971297431
0.371235863035523 2.30486024892803
0.377320880185116 2.17835326201922
0.373934903840228 2.24650336870666
0.37277830400802 2.27728483984565
0.369391430973498 2.3479397554711
0.373592619454612 2.25788701549358
0.372053084830201 2.29074610987608
0.371604328802809 2.29759591242155
0.373463795186697 2.25753167253236
0.375749195869074 2.21255197292394
0.379133116217328 2.14258152832076
0.370553941400216 2.32362401430452
0.373778196226584 2.2559250886904
0.374256074996441 2.24398899435416
0.374044198766823 2.25214250518876
0.37711772045814 2.1839412256559
0.370287101049856 2.32829272935412
0.378690025397489 2.14591030560093
0.374225142314631 2.2454754584639
0.375250351094871 2.22885841055122
0.370176956331786 2.32932313016675
0.373669254396711 2.25454977905831
0.371620259779079 2.30227732197488
0.370640243838605 2.3177167373903
0.372092349679644 2.28969981410926
0.37205176869937 2.28683911845757
0.372941092090587 2.27737534048474
0.377695847223914 2.17266008132977
0.370983950605477 2.3134355923538
0.372738987815517 2.27748109340275
0.369731798673368 2.33611506377164
0.37364591975301 2.2573621639277
0.370731014707591 2.31511956474906
0.373832164165835 2.24756686181875
0.37180396699501 2.29096275270786
0.374170671851882 2.2496415368743
0.372179889647507 2.29305401390765
0.374609690924265 2.23829162474333
0.372193036005677 2.28149103743545
0.373751711062825 2.25085654039742
0.370268888484237 2.3242751074775
0.371568801029734 2.29879329083015
0.3739902138534 2.2509018655077
0.376672942411354 2.19529944331539
0.378312338119606 2.15458425686776
0.373392754608869 2.26149888225816
0.377240141714069 2.18819204613907
0.370981145410084 2.3081041475685
0.371796984951154 2.29497212368711
0.373393198934586 2.26276850851158
0.372952633111913 2.27237489170517
0.370812993055539 2.31516773646576
0.374644254898353 2.23012725368441
0.370540535692219 2.3218880368004
0.371809589978478 2.2974699097134
0.37719346052883 2.18002415826385
0.368803097367424 2.35668131936217
0.373208173065884 2.26492363470804
0.373111208962333 2.27067471420454
0.375449988174353 2.22162064562142
0.370452344511808 2.32382705672307
0.370913413230164 2.32000702336711
0.368779571485392 2.36294108808138
0.370672874007085 2.31612810881313
0.37283737507936 2.27703214121716
0.374602584660231 2.23997356189898
0.373048616076661 2.2641996565028
0.370448176118601 2.32127259444758
0.372469672900795 2.27734899019894
0.370981738960255 2.31153850050863
0.374791751206894 2.22728311800874
0.372618788640748 2.27305495309181
0.372350502759702 2.28547623350079
0.373778246210745 2.25577818761767
0.374952755783476 2.22954787020579
0.371488253105466 2.30082604255881
0.376695122407209 2.1922036885374
0.372755654294131 2.27267229534079
0.372108398290704 2.2900635392791
0.373759645911707 2.25657077552864
0.375481938137734 2.22298109641017
0.374661178480487 2.23375771950087
0.372096771833762 2.29169079435813
0.374269503486646 2.2397906207779
0.36997231710732 2.33109040752679
0.377610778495924 2.17078077324936
0.373480957565182 2.2562809240483
0.36830660134444 2.37152209364114
0.37000626997408 2.33115384046848
0.376261148757614 2.20580892268098
0.37023711044335 2.32957655509989
0.370803407328002 2.31621481904502
0.369713379260893 2.33917920483297
0.37271570254321 2.28073207216177
0.370981254235843 2.31881897654998
0.373400439912118 2.26449977852591
0.368883892314445 2.35673555890782
0.372797103555921 2.27509701963734
0.372697359334782 2.27447485325606
0.370202758102899 2.33269835091249
0.373359569119338 2.25729365353606
0.368975457948963 2.35243075268579
0.367753078847124 2.38008275369405
0.3724336555173 2.27759261228699
0.375444655079795 2.22023572862255
0.370856837470632 2.31394704781455
0.372597579861912 2.27668818490387
0.375671380337532 2.21448121481528
0.373964972033851 2.2479534323809
0.37325261642251 2.26137885985541
0.371699796047333 2.29676906350397
0.371743836964224 2.29524958075285
0.373032421206976 2.27254326409391
0.368112007957201 2.37163148748067
0.367926074679154 2.37765161048143
0.374833961080796 2.23338388710546
0.369798714400192 2.3387982685359
0.368121337354068 2.36855727193965
0.366293784054671 2.41917017686103
0.377867202194958 2.16789306355759
0.371437147249964 2.299854381035
0.36974921054471 2.33943092796563
0.372946226893774 2.27092197261122
0.374659334617729 2.23590801575523
0.373454817317773 2.26120172660046
0.367962369071308 2.37430291307141
0.378440739070473 2.15720559071707
0.377004535140868 2.18895849184515
0.374670139028325 2.23676264660595
0.37612608764 2.21023036144476
0.365807206751976 2.42734468011236
0.374310308968292 2.24435020468455
0.375956334408507 2.20852322343007
0.372467340915827 2.28103823711105
0.373781590650495 2.25470373131397
0.370270833528974 2.31964678550001
0.373782393417657 2.25623150170878
0.370476172994994 2.32566477647952
0.37322160299574 2.26568731563234
0.369329663816123 2.34930425285321
0.375355263312287 2.22213025815622
0.370861604561705 2.31574047257648
0.371308677837488 2.3058489352892
0.37382826498904 2.25207611438746
0.373839082432983 2.25192341222158
0.371203142121765 2.30800953185153
0.375474840787777 2.2197481895508
0.372585679043312 2.27997864045658
0.367266250158759 2.38747526667226
0.376006950486131 2.20646004519093
0.374780487313706 2.23268316450259
0.36840384944081 2.36808558777594
0.372710647036847 2.27653682950688
0.374650381046804 2.24144140052503
0.375914736533014 2.21108689188394
0.374364588570667 2.24126394908386
0.374212083752165 2.24293792302598
0.374318329884333 2.24688241227007
0.374712281146164 2.23607951906821
0.371895493567109 2.2915039487203
0.374538387795984 2.23688819784354
0.372788285131916 2.27128082371477
0.369860793344725 2.33899132506242
0.373890915110178 2.25072811645152
0.375161896253079 2.22481503926681
0.379017640961874 2.14387396130117
0.369036778907441 2.35000847180606
0.37326219695799 2.26190109124505
0.376801437585729 2.189416064695
0.370964736994498 2.31489331619539
0.367127228768681 2.40077315511914
0.373165488676233 2.26789440422579
0.374541134319232 2.23693055296092
0.368982337613708 2.35116876832486
0.37109700570895 2.31003839158933
0.373197337360213 2.26484640143214
0.369960150661257 2.33605895957817
0.37078105891868 2.31571446661244
0.373958045339942 2.2515937318706
0.372060250281183 2.2891244490826
0.368362415728828 2.36346179452653
0.373226341942477 2.26341934185035
0.374909341758456 2.23026292462829
0.372364471556281 2.28533267795206
0.373397766310177 2.26224098105497
0.374056721016428 2.25089355367879
0.372774120784028 2.27325798120154
0.372540181190738 2.2768915702695
0.375524727339334 2.21584028923933
0.369003632581868 2.35622345258039
0.375542022557848 2.21644340180934
0.376811394544302 2.18831358032195
0.372986698022247 2.26612122433072
0.369824234562441 2.33502244123892
0.371780126020984 2.30065461618227
0.375203677268545 2.22216828249704
0.376280540937415 2.20125937309458
0.370749630861246 2.31610390439248
0.369103683229238 2.35439136779958
0.374213529501215 2.24510543913605
0.378737960685328 2.14933095770315
0.371524467333808 2.30060226209119
0.372688318502325 2.27453145445293
0.375451851756534 2.21675015094724
0.373947362220986 2.2485998877999
0.368362752702142 2.37150963448143
0.372557363728167 2.27590463718901
0.367766360160049 2.3790680587287
0.375050361483076 2.22745204120232
0.367526041214749 2.38732212194789
0.37123620744103 2.30655090929944
0.373469856480342 2.2584540852658
0.375279935161383 2.22306280277605
0.376255557730757 2.19953136068621
0.375368370278081 2.21771697719811
0.365937958544079 2.4157237115404
0.375379377464658 2.21709294888153
0.373899621724675 2.25025883265138
0.373554773902541 2.25665399268276
0.372428829542069 2.27884646892546
0.372171906998059 2.29188329373414
0.374979693543808 2.22648627125715
0.369925492286775 2.33517675243158
0.371863091097858 2.29503735809048
0.375425750437135 2.22175746764138
0.374797444180234 2.22955314438919
0.373642486005342 2.25638835143874
0.37128142497576 2.31067621034211
0.374023236147942 2.24959733078804
0.374053670398154 2.24691732384061
0.372242932822021 2.28308289409687
0.374542593053648 2.23760190031782
0.375251891582618 2.22574230378949
0.369961785783921 2.32827826986662
0.371673603820961 2.29536933179626
0.370149907010012 2.32922187487381
0.373908384094582 2.24679405166388
0.366712724060863 2.39876494315619
0.374278950287603 2.24597294704306
0.373537130575968 2.25996485012071
0.372423737439558 2.2784271605616
0.37245310403024 2.28198984295178
0.377040844587014 2.18772195607268
0.375263165592817 2.22189300501968
0.377602196243876 2.17088894921872
0.376861749168146 2.18581863505715
0.37119274077808 2.31067183665078
0.367131093783715 2.39256253926801
0.373174524399707 2.26386053635712
0.37105242796793 2.31483982166625
0.370167364862638 2.32832819755943
0.374658786657321 2.23810901625414
0.378671797474705 2.15624714669766
0.379191782443629 2.14204615127584
0.37408012645227 2.24452875415481
0.374825278015029 2.231967330757
0.36941734705811 2.34262552717988
0.371944303469588 2.28924953340301
0.377424878655518 2.17697256876913
0.368226028274993 2.36852334675374
0.376391925380946 2.20087016749038
0.376930989477264 2.18190872111352
0.366342794250338 2.40423223604832
0.374357662477601 2.24313638579571
0.377546964598698 2.17834211409877
0.375481207789007 2.2178650950087
0.377194566565506 2.18503023006375
0.374062923049261 2.2509475047
0.376018314369517 2.2039803131899
0.376233952614276 2.19987084415972
0.371596943418964 2.29676944956752
0.368202331790196 2.37107154256987
0.373728022640967 2.24740820791488
0.375447247342802 2.21423653128809
0.378720128726453 2.15233548336614
0.373258663926904 2.26221468198035
0.376574929465028 2.19183948675912
0.369983370664172 2.3365755456782
0.372859895916296 2.27718995581335
0.373696180438772 2.25709218183553
0.370773586047042 2.31848949009232
0.368584352147255 2.36430870427225
0.376277121418499 2.20477115066412
0.373045379651552 2.26754930922085
0.370647463926301 2.3191396146132
0.373635506714156 2.2576843988608
0.374225783223104 2.24749934589176
0.372476824647692 2.28331916036795
0.372050650973971 2.28340500223786
0.371666016200277 2.30165984266635
0.372114998730958 2.29207109806347
0.37316253578496 2.2626413709712
0.372609953589337 2.27650286440782
0.37103950082114 2.31143076263992
0.367228860843368 2.3911002510093
0.370728625452972 2.31478980113766
0.374505266173639 2.23846611091502
0.3781382724231 2.16257747073841
0.372958220419752 2.27006915064179
0.372788250413183 2.27325960945022
0.376076528187058 2.20288609520257
0.372897645898913 2.26689668225445
0.373257216921587 2.26552842607002
0.373040482156071 2.26902216484243
0.371995195066531 2.29417986823435
0.368650193578491 2.36469028692363
0.374915904908308 2.22856848155749
0.369487873139068 2.34673617242091
0.374066786446555 2.24385615090389
0.373303335349006 2.26277831623307
0.371640382924016 2.30099666324667
0.368554523137301 2.36543993930999
0.371081525661166 2.3117482611213
0.365541815096627 2.42903921461258
0.367162862942314 2.39133244869291
0.371448813150692 2.30602364112377
0.375735098265433 2.20972460621964
0.373598436377981 2.26068078385246
0.369169183289796 2.35120164614407
0.366447432662831 2.40693276341307
0.375832429615769 2.20973738091553
0.371669019167857 2.29337694439055
0.375976630410024 2.20433577178668
0.372688089997154 2.27673279397144
0.378013567861255 2.16230775270049
0.373162668147486 2.26635279798315
0.368336221603999 2.36660650237285
0.370353509522723 2.32670923192383
0.371651949377089 2.29605848093849
0.373978714955019 2.2530529640849
0.369957646543099 2.33644572104722
0.375641672895794 2.22025737022876
0.372361113116041 2.28339447324563
0.374713221365646 2.23410897454723
0.373900491323625 2.25614596156617
0.372938523150841 2.27915169116128
0.376254585014203 2.19813681631512
0.371576469829126 2.29479739794387
0.372954732546492 2.27679935498072
0.372650804596991 2.28012371005647
0.369212002815967 2.34759381097648
0.371688178106717 2.29449654403231
0.375301197518006 2.22030548177855
0.374304143762497 2.24350546809807
0.378960239605932 2.14236755729518
0.374212943328138 2.24918098127256
0.372370356590786 2.283276095811
0.367326740630988 2.38973599900007
0.375287367218081 2.21669766604564
0.37243403068996 2.28055431375418
0.376992151882416 2.18885707714525
0.366546453517381 2.4057914264526
0.372624828048056 2.27678282688285
0.376437482397766 2.19821580419658
0.369466688632636 2.34554411543604
0.372156482687311 2.28822711428402
0.378299968073957 2.16039553367263
0.371822282238773 2.29430864838667
0.374667246103791 2.23238504444772
0.377099210101208 2.18753496940899
0.371409364062415 2.30519288103136
0.372553751363608 2.27507162607596
0.378851810388593 2.14984525260922
0.367948280674841 2.3787567224847
0.371961706266419 2.29254871579588
0.373353679295801 2.26351856650571
0.372350718700729 2.28343657057788
0.371637488721593 2.3002411529278
0.371135328028517 2.31112442013299
0.375077382677323 2.2224471440755
0.373022209723089 2.27093675850659
0.374193230926937 2.24599082467464
0.371135334299597 2.3130049481884
0.377083330787159 2.18404329082328
0.373440507955286 2.25814768881746
0.369933294419207 2.33086745770908
0.372165148777432 2.28442404835984
0.372427956426002 2.28056690657865
0.371371425007515 2.30279855060217
0.372783854303048 2.27434060706888
0.368296118297619 2.3661921741106
0.370818306213776 2.31487822229947
0.369837041262255 2.33713892482656
0.376057100380379 2.20883395761271
0.370883856378347 2.31337246169263
0.370797205500731 2.31904884174894
0.372182373782744 2.29366363219686
0.373918506083807 2.25333766027851
0.370416232594504 2.32219637205221
0.376579035860483 2.19639783037477
0.373483643896118 2.26150571378015
0.372939524924867 2.27175370437347
0.36836510774092 2.37124042987947
0.374266119953286 2.24703672328711
0.374415211722655 2.24031387844083
0.370288063125224 2.3277469364162
0.374280375538717 2.24343042537022
0.373029220535414 2.27063348741662
0.373010870401114 2.26702488360985
0.375326181170412 2.22206916735724
0.374290799907483 2.23876870347893
0.376259415306516 2.19882956108469
0.373388952168855 2.2623329541722
0.370756925356231 2.3210771036815
0.369105878136807 2.34923154723101
0.3761054932799 2.20512920538923
0.378781169388395 2.15135815885706
0.376821698181025 2.18413123669375
0.372385618506857 2.2856433971028
0.368919094632471 2.35289957630574
0.371829092679593 2.29734650796212
0.375499586251125 2.21610067669694
0.374761337670323 2.23304501616956
0.376305076596493 2.20022307203779
0.373604114210385 2.2545861471472
0.375306385934085 2.22271548219471
0.370593347158719 2.31988853944512
0.374430200984085 2.24077764990807
0.3754878245157 2.21950856994667
0.375512172830109 2.21638419800479
0.371707914350115 2.29831651957452
0.377185468825413 2.18066510616921
0.371263291159914 2.30589716639324
0.37122168317242 2.31089447158872
0.378823825714593 2.14971974229855
0.377755529444846 2.17486497678888
0.37419501855011 2.24800041673834
0.375047614749998 2.22605957801884
0.371886252634255 2.29859848315246
0.374524879264241 2.24141118670009
0.372695545991032 2.27337964833617
0.371840846899532 2.29183214387799
0.373858856179786 2.2503400411104
0.3742970068483 2.24321579040324
0.369553989273602 2.337932823355
0.374674845398552 2.23660568003253
0.37414321459119 2.24731014638016
0.3712769255698 2.30474509380891
0.372466360439233 2.28275134480976
0.376424556114135 2.19760200662708
0.3705278102053 2.31833673276328
0.373970805794629 2.25227434413261
0.373280642460558 2.26184650448464
0.370181925818205 2.33036426819169
0.377555614752646 2.17367427354026
0.372350080713398 2.28046064435836
0.376142287687873 2.20429568041089
0.376068970667736 2.20044473494551
0.372047481581839 2.29184383962047
0.370660664687118 2.31571055463646
0.372468159348712 2.27941944816825
0.370846614251653 2.32046032088147
0.371641758653516 2.30159663592564
0.375202687628823 2.22487603347495
0.375604919124827 2.21345921586413
0.372015065160845 2.29161775680332
0.370137122803607 2.32872377710779
0.376861344661113 2.18576573662708
0.373386805143355 2.26166505954501
0.3692967876495 2.34705289999541
0.374334317600665 2.23960837235365
0.371029278337581 2.31287702869125
0.373805132973748 2.2502686354329
0.370725872810962 2.32323462614748
0.371490826583894 2.30480007902922
0.375023784562593 2.23141778357867
0.367550680967368 2.38444827025521
0.376280684048801 2.20286706719951
0.368585929372228 2.35737680430857
0.370085643032704 2.33334868524087
0.374984551564413 2.23012715628837
0.380589263980672 2.11165389521786
0.370821811211025 2.31844121394044
0.371535650960691 2.30709700014633
0.374033371946153 2.24769728224899
0.36930615961489 2.35294416880013
0.377116596194947 2.18663483167421
0.372505165976351 2.28143674258421
0.372740488643752 2.27539864051304
0.372903878251751 2.27585722912767
0.371972893743721 2.29311379133689
0.371152880757298 2.31199962340203
0.37293173625274 2.27363991214236
0.371653085090504 2.29925788193407
0.376540666842401 2.19557828474318
0.371165039125171 2.30477620396574
0.373020611045543 2.26693121071469
0.373371593202627 2.25874197658802
0.376477557202873 2.1968467744506
0.376179650456548 2.20100674926545
0.371550532100059 2.29795863067158
0.372603009267047 2.27904655562022
0.372266362034808 2.28550578667141
0.371658683749856 2.29786445538458
0.371963290295361 2.29387218177388
0.376226584905249 2.19792721343706
0.370820428835413 2.31502696175984
0.36987314867524 2.33489901515417
0.371512727675285 2.30143306238438
0.372893835834838 2.27260053683068
0.371522381292418 2.30327537816472
0.378573394487136 2.15244551182187
0.372919799087017 2.27164732220135
0.373426283025405 2.26373327898692
0.378585955209753 2.15343730138939
0.374765942403781 2.23513448266855
0.370275867106425 2.33186056793421
0.37566926669043 2.21903720021343
0.376076617918782 2.20599799424132
0.374557411451773 2.24340880621341
0.377760271538558 2.16745449629385
0.369267103461479 2.34502106296339
0.371831042278305 2.29470642142619
0.371272774196938 2.30907149204779
0.372318082624061 2.28923018985165
0.374606992312224 2.23724771353166
0.36958726426819 2.33810349967468
0.373265429166305 2.25960262864972
0.370547977883732 2.32466173010006
0.37311768265859 2.26832139881229
0.371765360862513 2.29651265160885
0.37407056781849 2.24699706781151
0.370287803167557 2.32799258242228
0.373655186651219 2.26018918179316
0.368642074528378 2.36209262589857
0.371628396219663 2.29868498009493
0.380212625570844 2.11604026414942
0.369138291222819 2.34675022287788
0.376785855813701 2.19284808708347
0.372812081091288 2.27337131473961
0.370498758387841 2.3248725029047
0.372572729247389 2.27969709590372
0.371948718180603 2.29090260268354
0.374132028199232 2.24782623426792
0.376160765027946 2.20468440457358
0.375166645566452 2.21709547102023
0.375376064335679 2.22610642129352
0.372757611537677 2.27642163835291
0.374044813166332 2.24800466624842
0.368913147609602 2.35720518232413
0.370264565156653 2.32559541552412
0.371225364816672 2.30837902373032
0.374047601278172 2.2480184196624
0.375084923974263 2.2312792295404
0.376971133270043 2.18511313994676
0.375396040084316 2.22348516083668
0.374284856042251 2.24950962627219
0.37285840014417 2.27635589177635
0.36995309555752 2.33144000108274
0.372137474857864 2.2878480606858
0.372848878894528 2.27864708406927
0.37004622554876 2.33051645285903
0.367587783614401 2.38315528568594
0.372199440694477 2.29042535419497
0.376364094155361 2.19366325116023
0.369197534638597 2.34611165006711
0.369695502201545 2.34179673032301
0.369067027427753 2.35197608992049
0.372479718935098 2.28346976479113
0.37086698940355 2.31775233585455
0.372659309207078 2.28033077197201
0.374562342333919 2.23330768721763
0.372436467808682 2.28498828526758
0.369238031867008 2.34873326550961
0.373011215338569 2.26817445268594
0.370662223735933 2.31737724184478
0.378408439133007 2.15568255988026
0.372019435432141 2.29064349657445
0.368860476238931 2.35136835280197
0.370070562286247 2.33458417166823
0.371063760409946 2.30575887442616
0.372550503361638 2.28497479135843
0.372640265843712 2.27933937018557
0.370952306454948 2.31220441402595
0.375704946534118 2.20563587556496
0.373488651686552 2.25885260337416
0.373837096697748 2.25681947866073
0.370993636537434 2.31067832779515
0.376292022861805 2.20203324209362
0.366776595869545 2.40041437983225
0.367618278945936 2.38214900524401
0.371745804948431 2.29909107446471
0.376277067519841 2.20560089895943
0.371920964342444 2.29966350609591
0.374474177890788 2.23607788445465
0.370345758622547 2.32305629231742
0.368728865124807 2.36552514578275
0.372651437568488 2.27857872965431
0.374420997439911 2.24378261485522
0.37446553816402 2.23824977555905
0.371227584942999 2.31073829113954
0.373450781400676 2.26159348432953
0.368499064562938 2.36707681247253
0.371698222590628 2.29984783723664
0.374475195164797 2.24054350346109
0.370646399463473 2.32358954889959
0.37271180236725 2.28344031436295
0.374746442764018 2.23196769585037
0.373582533487708 2.25528896145254
0.373496756010457 2.263417470416
0.371569354896569 2.30012947546961
0.367669115356964 2.38035055570911
0.370450588203434 2.32018492747602
0.372353170296016 2.28615731870874
0.376634978477049 2.19115986295731
0.377467024643837 2.17823512082816
0.3718185525487 2.29745994030448
0.371906155218836 2.29842659365732
0.372153502029251 2.29019497725862
0.370496340081853 2.32418658868923
0.372152390441137 2.28884410065568
0.375363197091365 2.21729387439048
0.37075830898321 2.31594007141139
0.37342204867994 2.25937062950822
0.372802048832904 2.27476777863578
0.366632918617201 2.40926363509908
0.375345953735878 2.21924829896443
0.370871048640135 2.31259259036485
0.37836697876493 2.16428819743784
0.375111337029576 2.22611270586686
0.371960423665594 2.28857991628708
0.372187652742441 2.28602170535934
0.374218394212202 2.24309769022391
0.37068553526966 2.32006615050385
0.372406302746333 2.28080729279632
0.3769718445024 2.18996503709215
0.372993721703073 2.26954883564299
0.3705589352872 2.324235333234
0.373383140394292 2.25881155225894
0.37409952580396 2.24402798391549
0.3672110950953 2.39378863688023
0.37278931141025 2.27647274604234
0.371304708022257 2.30926061146641
0.375048635438862 2.22678839373643
0.378450403220684 2.15287830947476
0.373790207711806 2.25043728165875
0.372298796301845 2.28375386399469
0.376241725939724 2.20197226671137
0.369006985496359 2.35058380484453
0.371756665018166 2.29506639153066
0.371697942044418 2.29501067182442
0.375655334376172 2.21443604435667
0.374902348014223 2.22786083968099
0.371723867300484 2.29936515059223
0.372718405798657 2.27317096211572
0.373308273504155 2.26675971017525
0.372073515740187 2.29104350533063
0.379026754450749 2.14403693000453
0.372132621311751 2.29138227812735
0.370806955892998 2.31647134445801
0.372713554705245 2.27722756273286
0.374584981537681 2.23879493663558
0.369839400449657 2.33371738610829
0.376867372757534 2.19384574931958
0.372981820684584 2.27265722571012
0.371522879206477 2.29962361682674
0.371700480054332 2.30283061131975
0.368137764070752 2.37417063388795
0.37100682163994 2.30779117351571
0.375217611300074 2.22363332695559
0.373627859841416 2.25520159249366
0.375922865590429 2.21274192843388
0.372276091580687 2.28618776631479
0.370962013104814 2.3103639658776
0.372617026879845 2.27663340026183
0.371751646080657 2.29305919385496
0.377155036815328 2.17909414865779
0.372299509262558 2.28531327179081
0.370398246734677 2.32606948580055
0.374113473586113 2.24694442420131
0.371509917370811 2.30398429441079
0.372098603286937 2.29110857413908
0.370955273722384 2.31344557549343
0.371741262617279 2.29571098643115
0.371680126395054 2.29594217190701
0.373578362168486 2.25757074389844
0.373735231965346 2.25009855957928
0.372492732609869 2.27972623851093
0.372803327748441 2.27174693041706
0.375431132845918 2.21532891553063
0.369609203563449 2.34163177677517
0.372012138437787 2.29118317909497
0.372001835886933 2.29288665385004
0.373235740312582 2.26625472053191
0.373778837818057 2.25134750876002
0.376087360313291 2.19835008655691
0.377487837338007 2.17605552246563
0.369752271428006 2.33881734598695
0.370426992026154 2.32377273274693
0.37342617178907 2.25908979254925
0.37130802467651 2.30686349284569
0.371347599734303 2.30320120015405
0.373922971712794 2.24872860356966
0.37312502502094 2.26745272472289
0.370594018428591 2.31855712778665
0.376694234507631 2.19347578587765
0.375902028237459 2.21117045142896
0.374544438575969 2.23873093029672
0.375893971595201 2.20941891408531
0.371689323350969 2.30306716148163
0.375814490417272 2.21285448317525
0.369564091024596 2.34004971954265
0.372648998976913 2.28137384553066
0.373024811995889 2.26587721698808
0.372756721218681 2.28344951380069
0.371879046933599 2.2957229936675
0.369468237673695 2.34866823634353
0.374653399349256 2.23381351632482
0.375862790918042 2.20752369130147
0.373476884203973 2.26050304859116
0.372058909671071 2.29394073900071
0.370643696064482 2.32046586679989
0.374290539153842 2.24436010962282
0.372103617993726 2.29131490716692
0.374734922053182 2.23040774739776
0.377348511347773 2.18101790731807
0.377752930002396 2.17153253941309
0.375383784113749 2.21959387126105
