0.485070498650798 3.1199504416778
0.483893689878425 3.14657851938155
0.494940269071624 2.91146355780119
0.488536586769829 3.04906960846827
0.492162260649714 2.97236728707656
0.487042178450756 3.0817865949061
0.489948306563516 3.01333012023412
0.480554711972884 3.21431257480441
0.491461404145581 2.98245256269565
0.485223332107731 3.11605399748176
0.484512223292804 3.1323765133044
0.486613494543373 3.08798370240058
0.486404548125975 3.09734059909482
0.496443327407425 2.88141646166188
0.493100976514691 2.95756204300432
0.481087939354319 3.20396912883748
0.479384341010598 3.24207500761945
0.480022187998279 3.22693196353047
0.488993760720659 3.03724846128654
0.478876558488546 3.251955264222
0.489753743122411 3.02690881336198
0.485645283689704 3.1127395490324
0.486412745457755 3.09326553812999
0.49208112500268 2.97817849322963
0.486142577987614 3.09945789330219
0.49303122521844 2.95720237740976
0.491594123895959 2.98698986044821
0.498979448250179 2.83126101123957
0.492252663780247 2.97359685110208
0.49275157903049 2.95729304175666
0.481271761340592 3.20304763954588
0.486584594907492 3.09415984284768
0.495397385684228 2.90313361880061
0.483868049719279 3.14588237874299
0.491418660393417 2.9834935607151
0.49040863277136 3.00934921896903
0.488942997631497 3.03710428695215
0.490522322541824 3.00875684605735
0.493430323328755 2.94608633130602
0.483059744361732 3.16918744547923
0.485503003273216 3.11382747587925
0.485998267977477 3.1047576290663
0.477497103087146 3.28536477421105
0.484228577323209 3.14605738090659
0.496063524792092 2.89453465808773
0.483627795849337 3.15313522341456
0.483349859572671 3.15766580119622
0.501732026692981 2.76358425576449
0.48623487431774 3.09704349083027
0.490250757471765 3.01211334879781
0.48905943197483 3.03776133396828
0.491106487149848 2.99867124231672
0.487351063582148 3.06552824177602
0.489293521005884 3.03567688364281
0.490656148474036 3.00395082202715
0.487087637223007 3.07937314618805
0.495268259121969 2.9046754883642
0.489056540392065 3.03905705620049
0.485864272417534 3.10005632468763
0.492953144955944 2.9527549693049
0.487655052773892 3.06600170607723
0.488400505916574 3.04707729047449
0.493947154721204 2.93048614137096
0.487869364438637 3.06364927626652
0.485080750764947 3.12425509391796
0.487924346110925 3.06430709622432
0.484688424940994 3.12738539965107
0.48360907912804 3.15674352085223
0.485707158022571 3.11211473351758
0.494897379894644 2.91207860469716
0.495553622538915 2.89686204718701
0.490974899592872 2.99848540006599
0.491397051529456 2.9898362285768
0.496426200831041 2.8825022032037
0.493097252473558 2.95927309136849
0.494267659636463 2.92844495984522
0.484321364417111 3.13922820905186
0.487208747750167 3.07052360466613
0.486176027057602 3.09644244050212
0.485223576119708 3.12212576989625
0.494790934228224 2.91644192887518
0.485433727379981 3.11482451523616
0.489711925590601 3.02126373592218
0.48696032004488 3.08787906089862
0.476553885098637 3.30512421593929
0.493129358034884 2.95074599488001
0.486253868003967 3.09610259884328
0.489758642416583 3.02007743981449
0.490633821752394 3.00415456225473
0.484422974230664 3.13779261661409
0.489120782330046 3.04204943370268
0.492417920687778 2.96286033489262
0.48545069696068 3.11529570065451
0.484195402173562 3.13541779155688
0.494937882659606 2.90992888809893
0.48220587933912 3.18160491206856
0.48580662725213 3.11485357318501
0.48621678215004 3.09683678299291
0.482677680995258 3.17486042767287
0.490918648704327 2.99686061583813
0.483298218726682 3.15781654929303
0.490699731518306 3.00139728614258
0.487165926123928 3.08388359265055
0.489581219058113 3.02731760242316
0.490313661017446 3.00884176041872
0.490847928751606 2.99948771555471
0.491248692022299 2.99597124871414
0.486265974449455 3.09589378957766
0.48258523101343 3.17908915907573
0.482929002612714 3.17150084364511
0.49291202999961 2.95539513590815
0.484152272558031 3.1385502332868
0.485859428014642 3.10304343845316
0.475230480718912 3.33536190676662
0.488308830470642 3.04794168077422
0.493647223354224 2.93805561972272
0.488754028668277 3.04849399791448
0.483769787021312 3.14059189709017
0.495872662066884 2.89891724482892
0.48536086881889 3.11565417585259
0.494934055261816 2.91350634006418
0.484305962118606 3.14158564582256
0.495183002918983 2.90487191649918
0.484643166676185 3.12761441758535
0.493700544457945 2.94222078434019
0.483236679325861 3.1604464779676
0.489801848241527 3.02632581706195
0.486026080028396 3.09858293215244
0.494666811509111 2.9220043004869
0.481624737743437 3.19326913006706
0.486650778260267 3.08852357728319
0.493276206206621 2.94334114177231
0.493090798210691 2.95736545835297
0.490376562832529 3.01503744452263
0.499737749504386 2.8158287936969
0.488786936420214 3.04300171033409
0.494367944449928 2.92267638489486
0.47259715663817 3.38405966440558
0.485144574907496 3.1146470475782
0.485896229337218 3.11300589848185
0.487384475845336 3.07410588370466
0.487833884883111 3.06808207638945
0.489814845834243 3.01902839627587
0.489001915677561 3.03923240285685
0.490356089369209 3.0178323633263
0.489708072809971 3.0193795100925
0.490728304212304 3.0064119262565
0.487868595696481 3.05900227070073
0.483302105688535 3.15395468621119
0.487553818461283 3.07830576819691
0.494147530974953 2.926978356725
0.483988314475239 3.14908656059874
0.498055522891316 2.84573301684655
0.488161827974973 3.05148838994764
0.49159253135938 2.9857549470218
0.478169132433286 3.26639851773053
0.48625904060037 3.10072840546118
0.493315333799991 2.9472686309039
0.483444389713949 3.15728366156477
0.499631986706271 2.81182200792262
0.481923653618952 3.1942389381304
0.487800013487964 3.06380864969803
0.479544686650376 3.23747448864743
0.490938117382643 3.00109896425811
0.489804802510604 3.02140097185729
0.485897432408788 3.10104449051546
0.488565801812361 3.047692227908
0.493910217277779 2.93750543268326
0.483561834873445 3.15060489659695
0.490862933435779 2.99883905056489
0.482344175573773 3.17975878259405
0.486750521386565 3.08735329363628
0.490702991313412 3.00353291371033
0.483009305330516 3.163082248932
0.488188278158776 3.06161422346271
0.491071184322053 2.99663723172168
0.490655259476119 3.00820939136509
0.478429587172942 3.25901509291469
0.482106768692117 3.17741509103184
0.499441901991738 2.82441996288073
0.48164726631145 3.1928643129265
0.487880215267151 3.06034310292594
0.485406346802571 3.11494388869
0.49689956047108 2.86993890197524
0.483302299173255 3.16120657776605
0.479754068359216 3.2341938629594
0.497216187573085 2.86797392997947
0.491198200259176 2.99404146619452
0.49075512850104 2.99972631922077
0.490267389856138 3.01873394095636
0.483569630307233 3.15593410710082
0.484263442193436 3.14155114615365
0.484916796711588 3.12559314010033
0.492923793914196 2.95412895713055
0.472873156121202 3.37870427759055
0.477604700917955 3.27494087829995
0.486728210052176 3.09103465053252
0.485831173030204 3.10493370375523
0.489222908954522 3.03487420093435
0.48382313516703 3.14407373562444
0.48343809482962 3.15519855269536
0.481054153916069 3.20288582623913
0.490440430128335 3.01424013859818
0.480307461770836 3.22746388014715
0.477663690163475 3.27597748478161
0.488731462833701 3.03958097159972
0.491017126020548 2.99602944056136
0.490320629963206 3.0050325411171
0.4792392593224 3.24317612605454
0.484764470859812 3.12897134681293
0.489080452865313 3.03891480962585
0.497439353931501 2.86118875577088
0.480926176549713 3.20807889250533
0.497545694843022 2.85446273977261
0.480021131403539 3.22613121724221
0.487931259113277 3.063240158516
0.484043051861941 3.14373424223358
0.489870959754726 3.02383058140233
0.487101130318465 3.07824723372405
0.48802017930916 3.05858106034399
0.493978029415034 2.93206289908034
0.49723443916984 2.86284450920215
0.494816239297858 2.91821069083219
0.480850923975645 3.21612129128168
0.489068541467483 3.03751617410547
0.481782578910654 3.19321395356797
0.491094103232898 2.99984593286166
0.484041908111483 3.14442856714451
0.485441471943157 3.11954291637308
0.496850166561735 2.87225385884206
0.495927082895608 2.89228896010894
0.482059232877094 3.18475353021709
0.494673889123408 2.91826368191036
0.484203379285449 3.1406717677607
0.48870584915127 3.04762378007579
0.474859975009761 3.33655973546428
0.489584204252236 3.02926834058926
0.485565091324839 3.10810108416803
0.487340204951365 3.0729991455908
0.486428269105169 3.08871705070823
0.492000831038785 2.96680206543733
0.488035844912261 3.06168786762663
0.48940221473427 3.03570383748156
0.482381401135272 3.17848665018224
0.490566247661011 3.01069821260945
0.483858802382884 3.14961808267258
0.489750397688666 3.0243212420598
0.486935344640369 3.08170734042021
0.482324800673993 3.18078961746681
0.488276636340059 3.05453374304286
0.476260920657824 3.30536451651304
0.494027182045612 2.93309017861184
0.481425980466079 3.19905393749556
0.484845384639505 3.12334027146393
0.488076384969273 3.05580860097511
0.479342165078153 3.24466967032373
0.489514436677486 3.03066905126357
0.497345437377794 2.8625185360688
0.483954759073689 3.14362832522946
0.489817648109888 3.02076863092938
0.500066555507292 2.81009545483938
0.49540594929569 2.9069645252147
0.480656538798767 3.21478020264575
0.486664481091236 3.08940459472624
0.483382325019489 3.15351243870247
0.480816897242018 3.21083077518031
0.488486721015174 3.04725660204217
0.491669489719629 2.98341655916513
0.496626967562609 2.87943929438741
0.481948064832713 3.18151708073851
0.493328955000779 2.94962846715644
0.491289727878071 2.99446327618831
0.491584176035341 2.99056160542974
0.484989720111557 3.12932642692824
0.478469245743531 3.26647440135988
0.496199963985978 2.88892625566153
0.489169527946284 3.03344720299862
0.48222015260238 3.18359814830131
0.48317836003959 3.16130471087962
0.487599719474821 3.06407770172309
0.488083476393567 3.06080588441563
0.489790123829599 3.02253128662883
0.485403798368163 3.1174341818767
0.488779615763908 3.04007139417487
0.48556338406808 3.10865901477305
0.487164670727303 3.08382032994871
0.496833486442148 2.87845359348164
0.495132513633039 2.91332039014809
0.48887427897022 3.03794159300851
0.491826771483495 2.98430399595565
0.493009780180322 2.95207013639731
0.494661153052244 2.92743268538471
0.487680495075977 3.06501713679545
0.481675762641341 3.19031676283036
0.47717691364648 3.28938567439058
0.485133436181203 3.12318852124186
0.486182855153917 3.0961216651631
0.481849769084498 3.19036166421156
0.490520966660323 3.00743733599776
0.49777362771028 2.86222209239169
0.483396113184493 3.15952590980415
0.488919802792227 3.03588545373581
0.493258106147508 2.94615654145842
0.48257063187611 3.17660466650543
0.489820471403113 3.01531175117053
0.483862490283358 3.14655122656258
0.48743315233775 3.06593872691708
0.482435265058756 3.17590330346306
0.492739296987022 2.95941225322277
0.490058344804044 3.02086615058734
0.486549290184685 3.09085473134727
0.4799877140626 3.2339091900247
0.486467452306319 3.09071318096864
0.48246500437356 3.17662864474137
0.489366285452459 3.03577890889213
0.492855690825944 2.95983176206776
0.48090770467707 3.20568910749802
0.486726835326325 3.08944466260344
0.487840046024844 3.06243103021235
0.483794428991129 3.14668272136615
0.489349682931153 3.02946817441825
0.487869636892888 3.0617062767207
0.489556957320946 3.02525620443218
0.484612057844363 3.12888969158975
0.48706195011155 3.07855348238105
0.48809734365298 3.05971883794507
0.481974813079907 3.18738269437962
0.482570731522719 3.16965143445381
0.479520265506898 3.24025043237242
0.491076975748962 2.9965022187946
0.482141534453791 3.18619432442669
0.481023454174321 3.20818759420969
0.488753683830881 3.04496366097013
0.489765398671595 3.01897123537914
0.490519135991325 3.00419491409876
0.490629497976327 3.00524275755633
0.484695855200361 3.12804031057116
0.488624760403459 3.05147586113471
0.490194975371178 3.01635768711741
0.488121165907565 3.05468080688515
0.4883974210431 3.04761715405391
0.488989462628264 3.03928589660223
0.486435824658532 3.09415728429352
0.487599885956123 3.06740408970787
0.489826875449374 3.02455976080141
0.490298229981225 3.00652156043874
0.483943120449284 3.14503262471117
0.494289797052828 2.92611109813221
0.485871826192019 3.10544745241299
0.491422676949674 2.98765611612904
0.489528637226721 3.0274300403997
0.486028613910569 3.10626072390513
0.487815432054306 3.0644615202171
0.47755394011714 3.28334851723361
0.490633382902119 3.0086207323537
0.491555932866009 2.986267540969
0.485882997892236 3.10864837679925
0.477842025328012 3.2735761948578
0.485363018817994 3.11994945499209
0.490852159146755 2.99372022524635
0.492353605526024 2.96879318913939
0.489271099360702 3.03588513552557
0.49474216471062 2.91455542736647
0.494100600279765 2.92855184043052
0.49212280213385 2.97154922580661
0.488772925652598 3.04266067455631
0.479918666266652 3.2265133824185
0.480728607538159 3.21303354746222
0.480308065107359 3.22154109140589
0.485791268832948 3.10497541995587
0.501552672825931 2.77766910127694
0.487664117704479 3.07322322135827
0.485058542455942 3.12430675439285
0.48488575360388 3.12371342827976
0.493896004382281 2.93525033801787
0.488960872111535 3.03680423203919
0.480244564115938 3.22033400159557
0.483303209807259 3.15828894966309
0.489347941097945 3.03311954782758
0.486656486405553 3.09206914944741
0.478270680426421 3.2654874618413
0.483700523682651 3.1481015222936
0.487532397856486 3.06527779082443
0.491821566190591 2.98218048202269
0.495827598849412 2.8949944405737
0.481740228623443 3.19068386921924
0.487795620776712 3.06209868549121
0.489546518877018 3.03038765509127
0.492436334304825 2.96876807062686
0.489606069754682 3.02275456653857
0.491427790723568 2.9860323046427
0.487873141330914 3.05904327788293
0.475986335053764 3.3135771087
0.483555406960904 3.15160078652455
0.482461696645512 3.17917097312504
0.475377868535101 3.32492464831447
0.483230010575585 3.15639655204743
0.485589248471394 3.10969875381842
0.490540595255102 3.00834344994249
0.485299507024751 3.11290554241359
0.492083639779204 2.97033034778707
0.491985396626094 2.97481625503536
0.485918741857461 3.10355717220213
0.485268761676001 3.11743200633422
0.485139898894584 3.12070841618977
0.486699074171043 3.08347187796352
0.488250674798396 3.05613018279547
0.485286176972943 3.1190038783947
0.481874352900267 3.19231893713095
0.487017613608508 3.08254409218811
0.485972351773372 3.09815992020643
0.486037972025851 3.10366394213645
0.488383560530972 3.05579590547129
0.487777598268189 3.06424664638134
0.482987550027209 3.16806866906361
0.484111837270438 3.13609216323035
0.490330014970086 3.01220899281872
0.485417073453312 3.11682238825186
0.489474564587616 3.02937548086521
0.494061255996349 2.931091866282
0.485258308311909 3.1177477471301
0.483192142646712 3.16034844729017
0.479145461592654 3.24317144096957
0.493011391484799 2.95341665841284
0.489674768387714 3.02691527040484
0.492664047473797 2.95797722861599
0.482604166368442 3.16850182625111
0.48598139208506 3.10402215094736
0.485541397234596 3.11213730222273
0.499364085885443 2.82037269089141
0.490674891414384 3.00296557422018
0.489237786398526 3.03289293662073
0.49763374887709 2.86345707108404
0.482719534748369 3.16895852316247
0.483408624063739 3.15713250340882
0.487844508771303 3.06447024793927
0.48794953364827 3.05475025131282
0.487602335236296 3.06623761228718
0.49271615032472 2.95869587545801
0.500883295338761 2.78542962667963
0.486356201481815 3.09523838432762
0.493453130907721 2.94518230482418
0.488803115758641 3.04074556501965
0.487856030952799 3.06111495027732
0.490590063235939 3.00937570859016
0.486746174382372 3.08243820139907
0.486850496703475 3.0908479915764
0.487479512372618 3.07167988704076
0.49535664694151 2.90506639617019
0.493663935446288 2.94067306681072
0.489589463586184 3.02306206930056
0.494084990532701 2.92849353171843
0.49568087218126 2.89819614608597
0.49745438759518 2.85295202045045
0.491653146478226 2.98444192152502
0.489392433188484 3.03174664123274
0.502784107675594 2.74719935591754
0.472543650521329 3.38413393675195
0.490093624367425 3.01858280881445
0.484981090253693 3.12340901958173
0.488518921803931 3.04424944558814
0.480417837382845 3.21757995200627
0.483648338202992 3.1492986203643
0.493136039873293 2.95096501513003
0.489928991109247 3.01774771683701
0.484093518160492 3.14378409949676
0.485670774782724 3.10621371162025
0.488936765630091 3.04009854784664
0.487052472994919 3.08215312095951
0.494156536894008 2.92931763486429
0.489975374600313 3.01660810423454
0.484504490873104 3.1291445633412
0.485367425721334 3.11493705773599
0.490452068147494 3.00705872201748
0.492460771613146 2.96428869583382
0.482864745167575 3.16453965901641
0.486664928974277 3.08553965553746
0.487490823058305 3.07011290723451
0.485656725372593 3.10744776659074
0.484018960839943 3.14601376987506
0.487989994661976 3.06145370217884
0.489056532324235 3.04046235261166
0.485464844808099 3.11603614880126
0.481912411308432 3.18997187557182
0.485258034826427 3.11367850668077
0.492834344079486 2.95496127045366
0.486252218186003 3.09355718904965
0.491199881502275 2.99194307527736
0.492114938391629 2.97558349712929
0.482265262875013 3.17917877226627
0.478906880377236 3.2476351157061
0.495198219116309 2.90254453336289
0.481100075757768 3.21055844356566
0.478420817542475 3.26086168155163
0.502246920254976 2.75998187296272
0.488153812564847 3.05307282841717
0.488176791822629 3.05971355981965
0.487202337665745 3.07574785248138
0.483533044040193 3.15954945037725
0.486329574048425 3.09464202131661
0.487457676663852 3.07108421372457
0.479226464562428 3.24565075088345
0.491449222641356 2.98520994471438
0.487111704665785 3.07376986962287
0.48716755963252 3.07864465261178
0.484701903696608 3.12852431788955
0.48739252072509 3.07246448188017
0.48971877226455 3.02231583796919
0.478673444309064 3.2541176480007
0.476282171158558 3.30844078005957
0.485367218581149 3.11372890940607
0.494587343537564 2.91652733477861
0.495752296563182 2.89746709266964
0.492042000550805 2.97547224032537
0.487632335165605 3.06939678627751
0.492495164634479 2.96732819359691
0.49397140760825 2.93447798895876
0.494181721596623 2.92965227656724
0.479587874879571 3.23903469240854
0.494510726483971 2.92736350747465
0.503715829078713 2.72724087398566
0.48517532848846 3.11822216099999
0.491962982475843 2.9780151858606
0.48664941508262 3.08740186595677
0.485272450746381 3.11684337507375
0.493606886330859 2.94501364279046
0.484649391712472 3.13145541228027
0.489526002822634 3.02874341469824
0.479067548197895 3.2452404414053
0.484353692251819 3.13815136111328
0.485883607014701 3.10508942309085
0.492196758726346 2.9680854912577
0.487521743316072 3.06993768429617
0.48587689722803 3.10349481281278
0.48986840015964 3.02027647082937
0.481812492000925 3.19055112703753
0.480173691654731 3.22506608405241
0.489654411454623 3.02311765226184
0.488903464688907 3.03981932516326
0.4860643445011 3.10126926684009
0.484020480299666 3.14452694132753
0.484111752969609 3.14306607985841
0.49302524752423 2.95136373397006
0.489126340414114 3.0346207680833
0.484865927914988 3.13155599383365
0.483403343392625 3.16109690891821
0.489954119912704 3.01669044053589
0.487603165587264 3.066910135889
0.479982949096632 3.23146967697822
0.494152631418582 2.93257104280322
0.490308137712412 3.00950045463264
0.500786319839537 2.79165951077412
0.487254272210209 3.07795949253885
0.490314609753776 3.00905635340227
0.483723244476349 3.14604098446084
0.487694575147041 3.06334445273535
0.490200121040151 3.01738200547685
0.49468993979976 2.91617964943132
0.49323196691307 2.94717932564851
0.485544681350924 3.10774352866214
0.490121763787903 3.01786136201136
0.487178820499115 3.07870652923832
0.490053760726021 3.01811650901984
0.475822914284791 3.32036981986671
0.488895002152928 3.03728504874079
0.49110942824187 2.99437092722386
0.485820749744908 3.10526244389363
0.486449484000162 3.09283711188584
0.489770532552055 3.01867920539679
0.490674625874623 3.0014880361407
0.488719421164475 3.04547432723077
0.492025899378345 2.97426638708739
0.485428420239578 3.11304187142727
0.496956729275291 2.87212187921286
0.489915574771806 3.02066833100086
0.486035117894216 3.10111426324996
0.491069798500037 2.99598895440457
0.487050152309411 3.07503674213341
0.489772303604358 3.02157100772776
0.490713988751804 3.00160825051758
0.495691423927259 2.89620085159326
0.479214413833607 3.24415043672943
0.484788171283826 3.13151266173706
0.488001680392081 3.05948660877822
0.490482717799199 3.00919442744543
0.481978011571515 3.18836263006841
0.494416675672177 2.92599721215752
0.47785090081239 3.26922155693646
0.494680497498604 2.92389141796437
0.486005675597579 3.10683909497134
0.495839613135825 2.89155201169292
0.479249037339721 3.24381062517473
0.481975957963605 3.18796032440511
0.484122806186846 3.14325535916556
0.478240855682821 3.2632950675801
0.487120391959623 3.07920055894712
0.481486843122837 3.19360297496408
0.484304027728552 3.13591454065112
0.489833174700277 3.02012779545344
0.488753451810548 3.04068955080714
0.486841475446991 3.08238836401624
0.488544019026752 3.04243737947411
0.493646391254127 2.94309641826837
0.491143657853602 2.99234635463507
0.49126400651776 2.98722278853301
0.486178262491041 3.10236586857709
0.483414111777273 3.15604759465449
0.495428013091133 2.90331047851617
0.497597646850085 2.85811674929594
0.485074567829334 3.12035434862732
0.483132158373177 3.16510789737211
0.491752549678473 2.97793831003538
0.4939986718895 2.93893250035492
0.49566692444909 2.90032397034786
0.487398433979984 3.07225318324433
0.485708711508342 3.11003458861071
0.499169872672595 2.82142271979911
0.489492283934004 3.0301197198567
0.489223191115782 3.03402462828263
0.484076818601889 3.14292291858912
0.481661399072339 3.19366918030817
0.481152467904161 3.20715895124015
0.492025207530778 2.97921764567766
0.48632970821496 3.09481816169651
0.485163931627857 3.11542993530618
0.488709628772547 3.04614769392065
0.483685400360385 3.14960945881092
0.485141165765744 3.12030370221232
0.492982507679552 2.95686816625716
0.492515443539256 2.96612757575202
0.4893422144658 3.02608990417736
0.495660840984175 2.89944044901166
0.489400197304067 3.02928647250986
0.486924088533046 3.08344906531279
0.491983222489554 2.97223590128531
0.492135776618029 2.97588285245354
0.484887124973419 3.12598123771052
0.488864483406203 3.04594499297851
0.48412007797441 3.14105773257218
0.491396476379712 2.98964155445282
0.483476422512867 3.15299608540097
0.483576404479365 3.15222719347612
0.496723337331169 2.87753941041113
0.489518332571804 3.02764163034636
0.484747930556082 3.123456198661
0.493130047129697 2.95355068770934
0.483491829797994 3.15244984394047
0.486312498161119 3.09730992063227
0.489428355021378 3.03078521665535
0.487107876776281 3.07491861345165
0.492667540255082 2.96030591908012
0.49154653365838 2.98345927024302
0.490732066298232 3.00429494774862
0.489655237379576 3.02429030754761
0.485909491601835 3.10569024091458
0.483935485744514 3.14258669746499
0.491551540593644 2.98574213674378
0.486706950505263 3.08786796020301
0.48757945988283 3.07178234227037
0.488037237097257 3.05729913610185
0.487217083198799 3.07354611603499
0.487637486231585 3.07060434499868
0.480414362072964 3.21239659655229
0.485772671748517 3.10886534865902
0.487681999862319 3.06655466003883
0.487671203802032 3.06522824286222
0.493375148205741 2.94265649683064
0.479941863244439 3.23115453495197
0.490518435548505 3.00759561750038
0.486297686805875 3.09391600236678
0.484709227197224 3.12838098426844
0.493299840574745 2.94988145035332
0.485762641712079 3.10317896712214
0.480528394685041 3.21869791542699
0.488879657024654 3.04418665018147
0.482852041018099 3.16639455757429
0.482803600633517 3.16754252597924
0.495808748845754 2.89533082113594
0.487665350856381 3.0700651430332
0.497192675678758 2.86816690133103
0.488942450457806 3.03637894656763
0.485199403952793 3.1244275003236
0.493776790137257 2.93518238708527
0.483745779114714 3.15020334062035
0.483442399018081 3.15568552274107
0.489641397032148 3.02515697899845
0.495135466501753 2.9075179491633
0.493699038359542 2.93539030608055
0.480950929381423 3.20321511628399
0.489613088556723 3.02560394907993
0.491485963229131 2.98813914483984
0.495751619929979 2.89828638392883
0.485905772619042 3.09899934806495
0.481221759103935 3.19614574231096
0.491059956333274 2.9998080179021
0.487201507111732 3.07805307750088
0.492699875293585 2.95999311068064
0.48660256401067 3.08927667097321
0.484766676252021 3.1281151980026
0.490059265158028 3.01320059924428
0.479504525642358 3.23770538577305
0.489604709014557 3.02640932798068
0.479228945474051 3.24663269879839
0.490978689863215 3.00304917662399
0.483063191220354 3.16323685889882
0.495518177762387 2.90628068736974
0.492753207351693 2.95884106922621
0.488009184051889 3.0627237691426
0.486818048891385 3.08710679891841
0.486768387532104 3.08717217482665
0.497389265975652 2.86138840478059
0.487241445374135 3.07330071829564
0.483266251507677 3.16284742261856
0.487253701737602 3.07864732537087
0.490100650924082 3.01818310172279
0.487694608104323 3.06976173196689
0.481222214179874 3.20317884630964
0.485865837809361 3.1066283868023
0.483156397003948 3.16534729157434
0.486118119003795 3.09645705410493
0.489255423396493 3.03087703099251
0.488599273401169 3.05127024155454
0.479893545303042 3.2305991178791
0.47781286485775 3.27567741454596
0.489653633618964 3.02623181985061
0.480153861093572 3.22819770721253
0.491260580225574 2.99407149417564
0.492056863224188 2.97462538653905
0.482930676911394 3.16822832427974
0.489652229407079 3.0273573860647
0.482376129001296 3.1789016762964
0.490145631623777 3.01123249375862
0.477905003264365 3.27616849146795
0.48519222531516 3.12630347305869
0.487147708771174 3.07929532652505
0.484049401364117 3.1405807497351
0.487192738490305 3.07962409330406
0.491466615249526 2.98591230939312
0.481764848129314 3.19394189130355
0.49599453530199 2.89059335023377
0.491219136905981 2.99472007998501
0.484959799896744 3.12506556680353
0.490346457501869 3.0112837462943
0.48371808604435 3.14996051128876
0.477679063711159 3.28181336594767
0.486879948493498 3.08451334864442
0.484955927546896 3.12244041314409
0.489980414687533 3.01843448141841
0.487391699071074 3.07483219654452
0.489346456868445 3.03217314864292
0.482404899502526 3.180228831658
0.489382574603707 3.03327034412912
0.489587938587023 3.02656267200688
0.48900997921654 3.03713875424439
0.482394222121696 3.17738854630769
0.499339197974366 2.82077419367959
0.486872078024288 3.08799288029245
0.490546573969058 3.01392594133605
0.49011048531183 3.01435812071487
0.484086153537525 3.14280496762751
0.485520465510187 3.1129126679237
0.49268288308645 2.95907839574182
0.492386833611965 2.96676366485162
0.486636282351439 3.08735739507116
0.487708272990903 3.06652010797972
0.490845256002056 3.00304494355019
0.48798163637969 3.06226564259327
0.487393824319357 3.06965274037022
0.482587807862443 3.17331421742548
0.490143099710949 3.01561105598418
0.491476856547119 2.98356609670048
0.497933065750876 2.85001495481699
0.483593481271606 3.15581098341817
0.479466371301135 3.24042868809598
0.488891860184276 3.04247687605343
0.492401200564047 2.9683792284025
0.489357309121779 3.03480344992572
0.485445000268706 3.11007309825915
0.489052271265843 3.04208384050823
0.485551694793135 3.10658884803023
0.489011601357557 3.03378828035612
0.483609079370505 3.15537627359528
0.491809045551651 2.9825758459131
0.486024002712257 3.10162148309438
0.487340472201172 3.07476057707988
0.48669185780922 3.08847363346091
0.478320167025348 3.26680166432218
0.489290846490592 3.0323008347547
0.483264986584606 3.1620595321993
0.489102518665641 3.03649519802481
0.486792851047299 3.08751907950652
0.493853163453754 2.93445973227597
0.491979907283063 2.97477043635153
0.489418400230626 3.02684148303764
0.487854723412145 3.06455219831131
0.488073155511188 3.0622790877317
0.483099855115947 3.16477125567372
0.485236962148552 3.12099994097761
0.482172855974086 3.18381539305589
0.493371669959316 2.94608235389507
0.491248922610808 2.98689091173636
0.477360653879283 3.28346697413058
0.496996335138288 2.86925110834159
0.488139572921163 3.05719446500575
0.484912051559488 3.12069946489144
0.486586675057534 3.0848105247312
0.49152857092294 2.98244350589278
0.490098099659209 3.01287075435024
0.492107576265415 2.97743973813874
0.496153523947325 2.89065410724251
0.489835022591503 3.02612872159008
0.489475092767541 3.02807849771836
0.499891825242581 2.81006518470677
0.487269501911786 3.07340991099977
0.473245898238071 3.37272124400658
0.481820041266941 3.19153685053907
0.48804103149521 3.05391177864717
0.480437843061641 3.21700545213489
0.490783882915708 3.00481540300573
0.485053646117955 3.12407539884185
0.485747920380603 3.11013784919045
0.485980083289698 3.10482572188156
0.484816811802714 3.13131635906542
0.490203882782607 3.01544829621543
0.488130422357648 3.06471584783866
0.48873337368124 3.04434941681529
0.489812920682451 3.02205575265367
0.492672957373708 2.96517630631926
0.485086131546892 3.12013089980733
0.487123006422946 3.07866755992159
0.495071224894363 2.91070310139329
0.490897583459825 2.99739183274453
0.487482530671697 3.06839378431293
0.48999281939479 3.01976737077872
0.492318268754795 2.97261463006106
0.480980871529091 3.20702076717774
0.493187786296991 2.95114421299674
0.491104229755884 2.99701113668147
0.478947149725754 3.25023895133936
0.488342867712509 3.05238041675706
0.491823212510058 2.97835660178135
0.491248534840964 2.98992402667111
0.485421262610878 3.11717722579772
0.486300020585464 3.09393994373609
0.493506782655687 2.94289977408751
0.487497211003208 3.07312074791569
0.49221695897337 2.97167266787369
0.482855453431123 3.16568739845862
0.48744089842922 3.07692524456373
0.489904921853115 3.0183729104312
0.477836109354518 3.27674740004147
0.494293591062969 2.92996840076357
0.485917655997608 3.10582575426958
0.491413583969147 2.98377097331631
0.484687251933535 3.13027094617737
0.478853388545778 3.25190283094605
0.486176597673445 3.09902895579625
0.479855127015452 3.23178668034627
0.488699731520335 3.04486236212874
0.498682015265363 2.83921990503613
0.48400374120769 3.14218694742214
0.488073756715607 3.06037658106704
0.495945433927816 2.89358129590744
0.476301826645099 3.30852654526943
0.486149049729978 3.10081090571833
0.485899409350614 3.10397870763925
0.485264883108425 3.11204269996426
0.486771304673394 3.08801837882915
0.481668975590935 3.19191758519133
0.484484075198178 3.13726349671422
0.484550319597982 3.13200655384624
0.487423808999597 3.06962326898411
0.491833057542669 2.97859130618652
0.488635452007253 3.04794893974915
0.493370596558993 2.94748094564346
0.489283551314974 3.03635654707899
0.487714338998835 3.06708259242178
0.486421783400612 3.08740701195324
0.493048075934126 2.95233772019606
0.49600560755146 2.88854621379041
0.48539023499409 3.11736962660663
0.495139524358933 2.91085155667424
0.488606097931136 3.04755912123394
0.492400846618008 2.96462350088649
0.498250708021813 2.84555497918266
0.483028593540846 3.16437119957426
0.487827738618751 3.06478774645023
0.485865443968483 3.1051970830053
0.484944787938472 3.12732242479912
0.486256348554464 3.09804384524208
0.483791858055004 3.15013333545573
0.488515732349636 3.05048220498472
0.490165401256682 3.01639440152438
0.489505550097667 3.03275443269571
0.493081088451337 2.95453234140314
0.482103978961714 3.17933655684209
0.488415847942579 3.0498803894193
0.483279310534456 3.15995068365022
0.494619327642394 2.92574558813462
0.490883652666744 2.99763951293945
0.490754037206932 2.99923176013622
0.489943722738614 3.01013280508903
0.486333582912478 3.09565434601055
0.482785505508181 3.1719624923114
0.488352322449883 3.04802431727464
0.483660794540645 3.155000467415
0.491045980862212 2.99685914096257
0.486106796551544 3.09541244094946
0.492442370271151 2.96734250851556
0.484570105455588 3.13544228483801
0.490613478125259 3.00507665945451
0.494536147822288 2.9205761169169
0.493892913042094 2.93376799614046
0.485678750574663 3.10911949396489
0.491930173229973 2.97207844021007
0.482882903506431 3.16188779791532
0.48686541833571 3.0837686319275
0.486692206784588 3.09178555145257
0.488635902442546 3.04618126284389
0.487049520034611 3.08253254275302
0.489424778682114 3.02849290617392
0.486653129087252 3.08911065119729
0.489018494999644 3.03053409675526
0.486188425476017 3.10026599089591
0.491470049403972 2.98876488061293
0.491474556976305 2.98768582260427
0.486501817033929 3.09657673534406
0.489418990859999 3.02667089177986
0.49326276910285 2.94381041412035
0.494659491333884 2.91391818714821
0.489702315578157 3.02432417499477
0.483403373643761 3.15697047094108
0.485763430568699 3.11040029960357
0.484418955370931 3.13460879532894
0.485406220568912 3.11384064141897
0.486726294428585 3.08663969798664
0.490900657211877 3.00214846998834
0.483757137961646 3.15052277844357
0.482325627226584 3.18040717241953
0.481879928050862 3.18809534266575
0.490916484166957 2.99720238831767
0.495603271972653 2.89965750643164
0.497028090478588 2.86434940494209
0.494094714513132 2.92849126424825
0.49830575918305 2.84417061000884
0.483354598197814 3.1592884273011
0.485758971306115 3.10553918512391
0.486524901058454 3.09021234286969
0.486285561601532 3.08974537882973
0.492292818127471 2.97195084219074
0.484693915943617 3.12755726824133
0.49397406055241 2.93469766628984
0.483164265040081 3.1697768913657
0.478798143055701 3.25149793073382
0.492781129214621 2.96492856084864
0.487865963262043 3.05857150369413
0.477572506868264 3.28240026973611
0.486447641803509 3.0895332920439
0.491031260903731 3.00270168601976
0.472961222861247 3.38041912383318
0.479820896854522 3.23467975545346
0.487460798615604 3.07212196668083
0.495444971575512 2.90046758433347
0.473061299531859 3.37502523924919
0.488308901414074 3.06048351613668
0.497336079074215 2.86516089618482
0.491564525200649 2.9872966037488
0.494652157969184 2.92009056203731
0.494736428344528 2.92022782167208
0.486485074121729 3.09310716031797
0.482310206291142 3.18363560951731
0.488329821273293 3.05898693722642
0.481484518935062 3.19864046597723
0.492145252670877 2.97433647125177
0.486368531363274 3.09311920123292
0.482696606932213 3.16916457416455
0.486063286074124 3.10020799268174
0.488307439549631 3.04811336478335
0.491592957120623 2.98661188580739
0.493646800008507 2.9457591805258
0.493584202380924 2.93696777432421
0.480227133652806 3.22386463455438
0.490223023227427 3.00890430686436
0.48842111812826 3.05059458275204
0.493456379158242 2.94548877945886
0.485119785086193 3.12449951152741
0.488866479840633 3.03768314427089
0.49476669250796 2.91766766322492
0.494507261518238 2.91962742693703
0.495219044764391 2.90842716449618
0.490324194095741 3.00980645639283
0.490519519151558 3.01164591230841
0.487363092350856 3.07446655504263
0.483844858561759 3.14699578753378
0.483553516724068 3.1537843350442
0.489587219594893 3.02870764688968
0.484308235459526 3.13882206807547
0.48962277302438 3.02961738724592
0.486783575630115 3.0823327114383
0.490934646992034 2.99835471264464
0.491257110583697 2.99602658283518
0.485233204722722 3.12042748693728
0.491116420148137 2.99441810996632
0.493393406222954 2.94547802684909
0.489900710682339 3.01593488621337
0.489141708436395 3.03903899807177
0.482272073217456 3.18000998592671
0.491313592977116 2.98444230723094
0.487294730707619 3.07510006819214
0.488351992859349 3.04971987055532
0.491623849007893 2.9851916169202
0.484555815344849 3.13393809922668
0.488611006733479 3.04839615230834
0.489943746280957 3.01952810578187
0.488304595061715 3.05918640122513
0.486201620475497 3.09801686205925
0.491232435815604 2.99618399862269
0.491603571643229 2.98236824480694
0.492907113196649 2.95489421449437
0.481179319500266 3.20248258568083
0.485559886268365 3.1119297762963
0.484158158444881 3.14348949440201
0.485326785163304 3.117323099995
0.489837960611258 3.02114257278066
0.490315684275481 3.01409131011427
0.483070189218349 3.16063837780603
0.475734557833817 3.31972735853645
0.497313115061492 2.86342473391669
0.477309257002814 3.28666972968433
0.484736045770358 3.13388605893333
0.494484265434491 2.9252069338646
0.485230209631662 3.11511679227383
0.498156042261152 2.84550346706451
0.484426036912551 3.13187834695
0.481717334122043 3.19042849822571
0.488598872326898 3.04162810894705
0.487226952745627 3.07887446669997
0.492389892844349 2.96378291407317
0.497263051846372 2.86310947206721
0.492877015390818 2.95695254689656
0.482711333141959 3.16834370326726
0.481344966667325 3.19516231734107
0.489422981110407 3.03010241668644
0.489511948228956 3.02477044114422
0.48752441531468 3.06376645305087
0.482209380319385 3.18259967565535
0.49073207043058 3.00180895624333
0.48176721516539 3.18951486609307
0.48459872291987 3.13419227127219
0.481601143149156 3.19721325593085
0.487911004545795 3.05931632718783
0.490296430686249 3.01242578200741
0.480158455986763 3.22450586829697
0.484261571428009 3.14109783308947
0.484426511750866 3.1390739065645
0.491087457885976 2.99473449812178
0.484240271531198 3.14489150135841
0.497380752259694 2.85767914063323
0.482008946777365 3.18274768360423
0.494087278281059 2.93387743487752
0.487842372645578 3.06679611598235
0.484800736631417 3.12921361020317
0.488365317045607 3.05251263179717
0.485625667212658 3.10637528392166
0.494540549209155 2.91938657972511
0.491640962818591 2.98142342763775
0.497979656177041 2.84931578252726
0.492627220736002 2.96265948752144
0.494890881967498 2.91252161269556
0.489269564907378 3.03484244032295
0.482631983708579 3.16785936416486
0.48633433531464 3.09857885565108
0.487666709301187 3.06777141236321
0.490220359768049 3.01117939692243
0.491094290853832 2.99309242543437
0.494999688044653 2.91125391225474
0.494113448282511 2.93269367647932
0.49023961648541 3.01091221894864
0.474954297972164 3.33438163145888
0.486572980348896 3.0877094271438
0.48866072275019 3.0446854560889
0.487805895499506 3.06758894500792
0.487495258099748 3.07139717155263
0.490838490119822 3.002018150111
0.484278628858135 3.14080492797709
0.484295448795254 3.14026687291529
0.486015993166559 3.10492855924328
0.493133301829182 2.9541215623792
0.496524929345492 2.88347090140656
0.488057132109613 3.06223100784995
0.484947013688893 3.12057801181753
0.489149809742109 3.03587741257124
0.490103681977306 3.01689693295312
0.491318951199178 2.98827923501298
0.495135721228066 2.91149460430655
0.493807335315481 2.93834062302217
0.495559446441756 2.89746397573557
0.484582527604093 3.13281893603573
0.484383173326793 3.13994855828162
0.486239086502592 3.09626290512471
0.484544326875796 3.13937147677435
0.495071305385558 2.91226560539962
0.483455116682607 3.15586955193989
0.49178897894612 2.9819049819108
0.485674739856652 3.10648424320685
0.473014225205146 3.38011447112981
0.488362309851686 3.05557987133117
0.4891896968085 3.03407196245142
0.478620714450842 3.26030503700744
0.488522550711719 3.04684073029798
0.489889256573135 3.02071418885556
0.480759587430697 3.21277369942985
0.494228507178651 2.93141137571681
0.48314661215639 3.15861062265482
0.486081431667116 3.09622854701452
0.486769733578418 3.08859040906918
0.490214707070184 3.01330071275432
0.482105666822855 3.1867706940767
0.478804470610603 3.25565603407492
0.49674775597596 2.87294502249751
0.484244072931073 3.13351638575112
0.477891559590313 3.27873163301042
0.482160562453757 3.18672279599022
0.482243818180157 3.18123992994338
0.48994829581184 3.01868425153993
0.487939438196169 3.06206561625238
0.485159826529924 3.12115862316562
0.490144840953591 3.01623490391269
0.48554882045749 3.11025917315194
0.483418852411586 3.15156408369281
0.475383070689586 3.32449572345262
0.488641536806586 3.04298079688984
0.496841469596712 2.87642192217571
0.48813145894545 3.06536767426501
0.484861727084381 3.12258123097862
0.489458794896942 3.02947463622963
0.488685596807208 3.04481647248815
0.495008623030431 2.91620743190295
0.485220591441622 3.12372510962628
0.492077701436989 2.97405060423276
0.471603055213215 3.40711650090779
0.490831313603865 3.00217977348357
0.487744603628338 3.06455453943463
0.487593239854239 3.06364781169672
0.485325059708611 3.11669589658859
0.494425025584295 2.92567982802623
0.491966779274271 2.98228228715698
0.48852389339318 3.04549591369337
0.484653899097006 3.13825858406356
0.486584579722483 3.08881178509522
0.484146550781652 3.13823392152663
0.492553655996586 2.96555819340256
0.498688459804645 2.84150806186033
0.488203353463521 3.05463835600387
0.493746373320415 2.94197337761243
0.490286821962309 3.01064666632775
0.491382718811382 2.99200491718459
0.490112270653044 3.01613223195598
0.484530103134134 3.13787121419687
0.488795820242401 3.04407797630324
0.48847788236817 3.05473398685651
0.491065925926832 2.99570941679502
0.493359110578695 2.94827990830351
0.485589361438717 3.1092993948519
0.49188373921954 2.97458180374599
0.483591797566248 3.15770615541418
0.487987490966236 3.06116805206694
0.48991725975876 3.01596145099378
0.488247597110427 3.05570021447741
0.489323825174453 3.03088439242128
0.483875870416713 3.15060190330067
0.494041470933942 2.93491941677582
0.488657510358017 3.04815978718965
0.484381657054766 3.1366884123289
0.486959579881291 3.08411961766704
0.484450307816947 3.13772032926913
0.491216505757642 2.99369636175075
0.495079164120402 2.91393459768481
0.491331024812962 2.99238221364813
0.48680190868932 3.0868445449847
0.496408549789629 2.87876682818552
0.49106605703371 2.99556106173815
0.483322815196755 3.15686036687784
0.487811157061828 3.06124366172621
0.489135266933802 3.03538746753715
0.496550523099394 2.88117589609402
0.487011424968287 3.08241790171537
0.486672745465964 3.08624720745872
0.490873122871535 2.99941786766123
0.481382758228523 3.18705267957867
0.479022027537446 3.25384910697952
0.491062593153026 2.99502505674719
0.479863772213285 3.22904727593844
0.492388024795174 2.96243455299653
0.492264310306749 2.97064970022405
0.484357737975378 3.1399101463738
0.499525811171254 2.81569733953956
0.490059848990328 3.0190015254287
0.48135798095495 3.20248133165367
0.486423400126826 3.08951040016274
0.500076687754997 2.80715993062683
0.48728593024322 3.07577589329747
0.487054682731989 3.08068584515518
0.494564372305425 2.9200586201491
0.49382436708029 2.94078668399338
0.486990817145809 3.07830140793016
0.488948695685465 3.04079392202615
0.4860672681734 3.0973851210507
0.482074955478288 3.18647714035011
0.482151793115154 3.18651430058722
0.488968812268568 3.03843020851156
0.479444748807539 3.24591209437668
0.485909559721583 3.10161804724638
0.493180270468488 2.94543420769809
0.487659100959025 3.06391003169711
0.48043217297474 3.22584504395309
0.488069034807437 3.05711860343839
0.483163972135035 3.16699057343546
0.498637533298625 2.8286200741281
0.490241514255432 3.01122072886689
0.485465006881897 3.11270280215401
0.490087436701898 3.01374646417861
0.501031202017662 2.78490746575773
0.489590050275331 3.03080006664446
0.492994036317792 2.95479515539335
0.487319333664732 3.07210912043905
0.484033550194746 3.13919725267281
0.489458189460014 3.03036827164238
0.479301095097101 3.24002762445676
0.49409840118532 2.93506326622226
0.487757814154841 3.06664124454342
0.483982354092606 3.14644217469526
0.495439611837725 2.90193529308166
0.483305607644049 3.16270406875953
0.492442798308093 2.96268720319237
0.491943716658556 2.9784260408421
0.491080929925732 2.99709322213808
0.497456107943622 2.86173039725819
0.480402591102015 3.21681513109542
0.494907642948675 2.91418833206666
0.489384974437368 3.03274358265923
0.485591066412013 3.10945596176851
0.484231479146136 3.14124932291513
0.491886801585947 2.9782414301412
0.477738225192274 3.2762461997481
0.495007950639106 2.91473046127688
0.488625995383581 3.04806597344647
0.488404536358383 3.04859975875316
0.491823231365137 2.98284556050837
0.487884762506351 3.06350093888129
0.478660015338131 3.26034702032029
0.480414035192758 3.217442941019
0.489020405097685 3.0371339660964
0.495704803364845 2.89899027491614
0.488449383141603 3.04934550407663
0.476093590815771 3.3124894163579
0.482151597829942 3.17715297970001
0.491884751195193 2.98121075323167
0.499421455761436 2.82712720714171
0.491579133356571 2.97964582210088
0.48828418987986 3.0531758393403
0.485964223971388 3.10467785644465
0.486926120710329 3.08246124366975
0.488827338036223 3.03914564103258
0.490007967935486 3.0163994057157
0.491764344220591 2.98171941790696
0.479523379003375 3.23733942427384
0.485309637374227 3.11572443097163
0.48755390698813 3.07303723653229
0.491743502318917 2.98246178105388
0.495822348912745 2.8949878959066
0.489584865991706 3.02359906110964
0.499898656640844 2.80993449884587
0.479272913267884 3.24093593211333
0.487627518099144 3.06585170633635
0.476114834702376 3.31390969593151
0.491617967111438 2.98309237994595
0.474688015246555 3.33625266833236
0.488680126248141 3.04708337601643
0.486824546031448 3.08446240412703
0.477506793074808 3.28404613933444
0.481189543688788 3.20772694668806
0.491557464855326 2.9850968178259
0.492994943338212 2.95213897871974
0.48687040826386 3.08651240265216
0.487397728752031 3.06996084608678
0.486655227608936 3.08803137316016
0.487562978089766 3.06660941082502
0.492897420029705 2.95473461358515
0.488790380675956 3.03758342446143
0.479313218140618 3.24326810629155
0.49241505179113 2.97361293753031
0.496932897649119 2.87477343707923
0.489669421128552 3.02354442247753
0.491638013589424 2.98257482312819
0.484899386929289 3.11791625549183
0.483089257512528 3.16357151957848
0.488794929178762 3.05103381317738
0.494913669571586 2.91212997798813
0.4894938921611 3.0275622824699
0.487106910875227 3.08114736903515
0.491015064921744 2.99985877589457
0.482905054556562 3.16436091928424
0.495043213306946 2.9120248585329
0.491363731056655 2.9906589520776
0.484550223840811 3.13398338897152
0.488245801311602 3.05895560607375
0.487852561406337 3.06492970509006
0.491343921851593 2.98866437431505
0.493306830389063 2.94558303352622
0.484580083233217 3.13406391234915
0.48490090943215 3.12678677798275
0.48591523660083 3.10498972399683
0.488642223196103 3.04837660802428
0.481197289151523 3.20486050155635
0.482783749547084 3.16991488479521
0.491360783408023 2.98568342655717
0.488386183032126 3.04926259405706
0.480914961614744 3.20974522936785
0.483452823859761 3.14931682942141
0.496888991165732 2.87344063709657
0.487769263370067 3.0648852827394
0.485857741619052 3.10131334454282
0.493338514858751 2.94668717851776
0.48605210159309 3.10257707433211
0.492497872738573 2.968081986408
0.48177132796687 3.19677441209698
0.480199026630639 3.22378711909197
0.4860691829614 3.1043337798583
0.486236808106279 3.09373175236705
0.488991332789155 3.03892459725806
0.481075930476791 3.20531261479236
0.49750696360761 2.85573459380428
0.489124820629629 3.03478961004908
0.481661579490865 3.19237214349256
0.486566732900544 3.09068526531263
0.486134538479609 3.0997993465381
0.485992583913799 3.10269708058306
0.482795083506993 3.17253161223593
0.483508155869823 3.15326560132059
0.485255338730969 3.11917155453141
0.484158437392243 3.14075320462762
0.483407193613818 3.15264580295705
0.501854206675709 2.76719229484063
0.491877616179874 2.97607140697643
0.485266049617379 3.11313077037095
0.483534774863247 3.15733250390231
0.491487458764712 2.9814543861297
0.488043403839785 3.06311424953698
0.486625511679137 3.09096886231835
0.489576136568662 3.03064720771062
0.49500944999916 2.91978154318914
0.488511497410879 3.04702865792303
0.478178522714764 3.26959756674697
0.49429405887621 2.92495453894549
0.477927238506731 3.27067356186601
0.496269275673048 2.88751755953704
0.483164245425593 3.16156688295596
0.496152222338636 2.88369311060272
0.488040078516268 3.05330759166082
0.489026196702193 3.03600143031966
0.493281383874519 2.94684623890877
0.491646421278615 2.98430235001467
0.488957300485707 3.03985282807081
0.487804364654495 3.0661750120975
0.491605692251165 2.98685375880977
0.481266162360776 3.20357738848608
0.48810643559298 3.05737955507253
0.486535948090173 3.08932298592845
0.484558803267935 3.12933234955262
0.480789315655656 3.21330692790491
0.488857763078635 3.0400414494472
0.494359028565668 2.92901954810217
0.486053457353427 3.10441094551193
0.487239197566624 3.07966879576435
0.487963712193605 3.06101141915072
0.494586329749814 2.92324801088684
0.493955259020559 2.93534794129947
0.487647797333242 3.064191858804
0.489114790739845 3.03719143137705
0.482372155987738 3.17786304154437
0.487993447397024 3.05644063657373
0.484341053365869 3.13650188999016
0.483358506289948 3.16361794938762
0.486659831674321 3.08674490904455
0.490743807532296 2.99990465835894
0.494773442793644 2.91787915157285
0.491070660210419 2.9932944700045
0.484368333055228 3.13476816072923
0.49145619718648 2.98944417396262
0.488075948152747 3.05547805510419
0.492164013648855 2.96944032813311
0.491307519213102 2.99367531492397
0.482830475164028 3.17320387231147
0.48051273599726 3.21631544358665
0.496177715883414 2.89088681680671
0.484569905434653 3.13150056269706
0.48065446824839 3.2147713096644
0.495376429610224 2.90636422353248
0.483695779681598 3.15008122184604
0.48601298107871 3.09613538075484
0.497729285931121 2.85911735328929
0.489353506435348 3.03300595753208
0.493299474649466 2.9514291256096
0.490165741256718 3.01824496892228
0.479221416158673 3.24341441044969
0.490904962674103 2.99969597345894
0.486047812859237 3.10381688555386
0.48215283551653 3.18245881073524
0.490442113735098 3.01019937914166
0.49078067180956 3.00502390041875
0.486359622780682 3.09209100497056
0.477802430585597 3.27551029767091
0.481898419366121 3.19343640826176
0.485926603883031 3.10536432031856
0.48579107541529 3.10918490054679
0.482302002526486 3.17956522064262
0.494307812633145 2.92750433806564
0.478526717779764 3.26242078930005
0.477734986779239 3.27518388612657
0.489820195456448 3.01754925972037
0.484382666434261 3.13583472112035
0.484440784987938 3.13900566575773
0.490945939139233 3.00357496968388
0.498987916540851 2.82902031220651
0.485686587888822 3.10585830502463
0.486896680393891 3.08857244437437
0.48842402286539 3.0490922604126
0.485123645198285 3.12105352204027
0.491945487899862 2.97762181214066
0.492686179516469 2.96615826468521
0.485193614170974 3.11605793660032
0.492331093679964 2.96737251017775
0.485059040194378 3.12253348364473
0.491244097814256 2.99069942187937
0.486657754831901 3.08647835832018
0.488173798863901 3.05779429731726
0.484846755402742 3.12874911089959
0.481151858186871 3.20555847877033
0.487607534396948 3.06796227085486
0.488630657406031 3.04713445145558
0.49092051036584 3.00172359264071
0.489529499011728 3.02861139897672
0.495481068164568 2.9052563687952
0.491817210839607 2.97903770891297
0.498766510626424 2.83315525006834
0.486186264073459 3.09940580562365
0.487107161444717 3.07751419911082
0.485505679961743 3.11583035366085
0.48423117827145 3.14265486542652
0.4898105014584 3.02416505794205
0.492362484217671 2.9696750197896
0.492252604757162 2.97051063002518
0.486056238709631 3.10310233871403
0.495875203685292 2.89765996792122
0.493106227071074 2.95651720297029
0.484431688101623 3.13463350295106
0.479264707052755 3.24665530669656
0.486629671115158 3.08673291194184
0.483569349768344 3.15322850012504
0.493718804087694 2.93773293494917
0.488060998861652 3.06170660768822
0.488588815904019 3.04733477250431
0.488506684007081 3.04412822725896
0.492656458352005 2.96323520535514
0.480706590541753 3.21397160964879
0.486831489877407 3.0892313016311
0.497870823238639 2.85561138258758
0.491900025266032 2.98055296800249
0.484301164574129 3.13799495837865
0.494183577867196 2.92812475771538
0.49258563149349 2.96131041099477
0.489630902817814 3.03014104079871
0.487108329609401 3.07810274322558
0.491579744565538 2.98341399898249
0.481157922113481 3.20520858198855
0.479855556563533 3.23122325468753
0.481249981965137 3.20316306699661
0.484447596365174 3.13354066398294
0.492933742376244 2.95324848293013
0.484447034111888 3.13704543657765
0.487243031694816 3.07640825705393
0.490271958918568 3.01443283893744
0.492832897766873 2.95757095814239
0.488855960434707 3.04321755673463
0.49109762925659 2.99629321571697
0.496247042184245 2.88794634934391
0.489930478200749 3.01709859385621
0.495314092301067 2.9061949137496
0.485445796292937 3.11099806240746
0.48795000711087 3.05854077413663
0.494588583520823 2.92616135514582
0.480480629781325 3.21484259778495
0.485667073057965 3.10785217519721
0.48692761952167 3.08391322690379
0.490305269175899 3.01348398196582
0.479519844534483 3.23783109777746
0.497770147663101 2.8540521883418
0.474986071631208 3.3369083251878
0.484222281897732 3.14213492265252
