0.412381328361425 2.26004715401676
0.413391594497561 2.24730755052002
0.412408592343985 2.25965546296718
0.4151689445268 2.22307256944506
0.412249010345984 2.26358148255307
0.417026094042632 2.19815564366841
0.415594144864955 2.21243368897197
0.415334635361253 2.21826443335662
0.41543544596135 2.21559537794711
0.410400969378332 2.28725492292772
0.411099701595461 2.27851027510689
0.412918786220041 2.25312064164161
0.413084035660152 2.25470976871375
0.415614043553434 2.21630837760199
0.412127322051449 2.26924400807262
0.415112850241072 2.22181417347655
0.412160826190222 2.26466194960072
0.413106525952982 2.25011874380057
0.413230155912201 2.24841776671212
0.413694378446194 2.24276313754787
0.414435319924266 2.2360798808506
0.415411303022354 2.22169275298129
0.413796878282066 2.24166804017263
0.413784161429872 2.24536038331952
0.4161128734401 2.20971103882699
0.412510206989297 2.26250869687097
0.412853847093784 2.25731056597968
0.410945737135437 2.28406255251487
0.410444700600972 2.29113545412724
0.415015987636338 2.22297603993683
0.412625429258446 2.25887384672813
0.414727261574962 2.23221184204263
0.413444485457914 2.24632718634113
0.414117898727433 2.23632481846363
0.412739621385865 2.25314851679204
0.412794058941301 2.25605914943412
0.414573425071373 2.22874686389664
0.417227072776885 2.19564870144645
0.41075980035389 2.28463115443587
0.414214038492732 2.23978953181924
0.413533601117197 2.24632950063421
0.412525186538669 2.26161828181402
0.412501958489325 2.2627276929277
0.411810636296884 2.27452972918027
0.413670554411281 2.24733683860687
0.412561881446431 2.25967434148679
0.411555192722915 2.27247360129563
0.412552696555199 2.25433773476943
0.412679614119994 2.25712199357028
0.414315842400152 2.23449572949053
0.413060754644065 2.25221285982619
0.413308548795229 2.25198663405055
0.417043073176561 2.1904002968911
0.411520485493373 2.27578917267989
0.410890332895687 2.28235517764766
0.412903264547958 2.25445241029434
0.413180833768878 2.24900315046323
0.413838956313533 2.24227837588742
0.41196951510124 2.26336476452066
0.411359171775279 2.27363045554913
0.416218756573327 2.20729667095557
0.413683443790402 2.24010824629317
0.416390079369026 2.20266672627249
0.41208917405301 2.26632924226936
0.41119602790864 2.28010304834203
0.414463569048928 2.2346833604085
0.413370670178909 2.24569515364115
0.414395078322734 2.23676936579426
0.417559618859922 2.19223606933441
0.415459151144089 2.2168333421195
0.413015324590027 2.24995608127536
0.417768474972718 2.18756894204283
0.413863669109023 2.24207516839692
0.41562056074662 2.21680118652231
0.411074932215641 2.28520489949638
0.41119071289343 2.27877591439537
0.414878514205888 2.2280006677545
0.414201533577149 2.23132866568716
0.412375307656334 2.25994624104059
0.415340458145995 2.2229749636558
0.415499298551365 2.21775031133737
0.410443158161541 2.28900496827738
0.414184532146026 2.23435252162754
0.415251733530512 2.22624736771385
0.414491020510041 2.23487387259707
0.412324089583945 2.2617463579808
0.413875819133367 2.24015852001221
0.414859679906485 2.22493152982793
0.415283004181079 2.22087943458741
0.411237552118571 2.27940901740585
0.414050178641044 2.24267104328665
0.416815848526295 2.19680601493419
0.411143213900733 2.28002501344413
0.410548216940345 2.28329717215181
0.413138778696325 2.24830010056101
0.412370905360941 2.26119034201038
0.414120259563108 2.24398244718678
0.414325045730308 2.23392366816627
0.414427323159863 2.23497555357976
0.41357495603696 2.24395342596275
0.414972306295767 2.22436226165305
0.413251152271854 2.24820132788959
0.417338388325436 2.19738240030826
0.4119605474305 2.26804808637765
0.414184286126536 2.23461365209256
0.413617050788234 2.24395475180617
0.413122386335821 2.25482329092528
0.413608948527532 2.24393767133529
0.40807070828754 2.32526241463284
0.417396856659605 2.19513934199881
0.413884779269991 2.23998054490745
0.415158134276161 2.22061974210047
0.410149828783034 2.29092348797208
0.409954616669961 2.29981157784388
0.417624143060712 2.18415092042834
0.411880381166544 2.26643296855834
0.41152678148233 2.27683168290439
0.412853468446173 2.24811744992501
0.414150643043195 2.24096476059556
0.413545592701339 2.24526120943328
0.409795162075157 2.29750532052047
0.410854581090465 2.28549834993178
0.410871903973117 2.27998091557573
0.414513039719846 2.22928692328145
0.417388395054291 2.1939915327396
0.409543782295124 2.30101046893364
0.412777216860721 2.25958154504714
0.413386625350904 2.24525264142494
0.41688993008303 2.20085814429455
0.415070796240427 2.22299190633594
0.412107343102515 2.26557243010685
0.415973480582225 2.20746613790428
0.412907446182283 2.25799977404602
0.413327735445702 2.25247969320067
0.412735327795096 2.25937640327532
0.412375922346176 2.26126545082262
0.415243015783896 2.21952066297677
0.409679798886771 2.29817545233396
0.412093294578997 2.26109928782551
0.415208989667977 2.22881299602714
0.415683079839268 2.21649525326111
0.414072592266103 2.24159351205427
0.411748142712116 2.26824134720624
0.414260384543905 2.2356993574701
0.414548541745653 2.23725500960637
0.412564479902129 2.25546620563105
0.413409547613221 2.25038144526165
0.414275061106567 2.23219393595536
0.414150384451204 2.23277406955493
0.411184530520712 2.2851480788719
0.415896615282175 2.21005296364382
0.415014033709036 2.22821409540724
0.412445598666586 2.25911424549256
0.41189832369326 2.26433255244186
0.415324336735792 2.22186740967482
0.41312491156425 2.25016195713955
0.414763725706769 2.23149882537386
0.412896472539746 2.25407981716579
0.413484228249751 2.24703507194893
0.414409614177216 2.23137529729944
0.410955620271008 2.28617000392692
0.417165952417967 2.19449299121954
0.415216346262206 2.22130895446761
0.410940543106796 2.28409636449396
0.41508659400482 2.22343284320755
0.416300517518674 2.20437436058842
0.411853231984756 2.26866796006017
0.416183458171766 2.21041777779453
0.413482750884872 2.24378637503315
0.414782570463229 2.22746209293178
0.416928233817304 2.19831809194132
0.412779206052383 2.25675828360382
0.414197626815984 2.23680694401804
0.416288753299554 2.20535737101941
0.413082119983442 2.25614959205861
0.414318755549175 2.23585034044706
0.414574584442527 2.23434531355015
0.41492071260573 2.22374609238709
0.41241370040136 2.25573783724208
0.411829546197815 2.27399890221718
0.412614255390461 2.25729988829758
0.413168391887824 2.24890789987349
0.416098949753229 2.20994569928695
0.413689538780479 2.24174174204024
0.417489881378729 2.19193779259402
0.413761296675426 2.24245231230557
0.413012135496585 2.25496162539825
0.413056572257351 2.25341406362303
0.413244806795883 2.24782900731071
0.412082159915116 2.27079065507537
0.412827268877042 2.25717574234506
0.414487122532107 2.23437749876354
0.412061983188384 2.2664767364656
0.408520342254509 2.31395310999193
0.411933459953649 2.26728370465259
0.410376433715453 2.2859633643782
0.413735176154899 2.24588160647256
0.414398684735212 2.23274967235368
0.411835932512457 2.26969424823814
0.40939510654375 2.29990418953639
0.414580623441736 2.23003723607365
0.413319366566246 2.24549054949031
0.413861268759543 2.24541707497711
0.413457653670789 2.2505954916455
0.41490826787451 2.2245469495919
0.411367564329118 2.27177050167559
0.415294561008082 2.22075340574706
0.413173260645689 2.24590955242361
0.414224418459012 2.23453080484642
0.411000229920543 2.28138919165117
0.412730475736768 2.25790384032052
0.412951972010941 2.25417263533053
0.412797200916497 2.25477452488362
0.416477037137581 2.2014207200997
0.412601256787642 2.25665103745869
0.414018518982084 2.24021014638149
0.411067640161673 2.28000479442643
0.414835007924888 2.22992120153697
0.413292029894962 2.24825625946538
0.414807183746476 2.22696985425284
0.419051060585391 2.16736940990379
0.411908870126358 2.26647065848385
0.416185665920496 2.21019957305005
0.414013869957333 2.24265617826484
0.413128815509919 2.2511956437197
0.414579715249264 2.23253570444514
0.412698006961862 2.26115177082709
0.411680312448842 2.27203907636302
0.410277304990954 2.29503236232689
0.412688527426518 2.25660588744728
0.412656044385343 2.25742801411747
0.41529190805842 2.22035937332722
0.411214271729579 2.27727930454931
0.412195883526696 2.26443254016875
0.411500497695225 2.27575406404199
0.414078379444919 2.23714501940633
0.414283318166591 2.23714163312577
0.412836146534042 2.2527155802623
0.410850028300365 2.28213647169415
0.412143870738795 2.2613608236385
0.414783734210251 2.22135648445803
0.41382101819156 2.24338828722105
0.411548796616713 2.27731662222852
0.416960269120917 2.19761244005408
0.415402832844682 2.22330815420037
0.414042657258225 2.24008432053478
0.414961953032907 2.22664782004736
0.414422055425366 2.23252094107779
0.412775897708578 2.2568136300114
0.415816278013671 2.21397934502357
0.415887285027374 2.21076637219173
0.413873291150783 2.24097216632349
0.414379354001165 2.23398687675621
0.413192254677554 2.24782555311685
0.412211435244115 2.26200977158693
0.415421387058259 2.22069101706338
0.409735246605528 2.30043259611899
0.411626162584059 2.27202330650786
0.41143851885738 2.2732724451364
0.414508364066901 2.23134157158045
0.412713282764319 2.26075147571614
0.413131967479906 2.25364714175846
0.412786350283339 2.25571814367884
0.412935748320606 2.25484707886763
0.411708159637596 2.26779327045867
0.413800728587349 2.24106637940507
0.410903990496344 2.28014790905106
0.417896675802345 2.18533233435495
0.41381162395117 2.24297422474293
0.409959048048587 2.29042918737377
0.415950819644598 2.21358389770841
0.410666936160371 2.28856106764439
0.413857754098082 2.24599914015971
0.414268519092107 2.23983027782396
0.416249952812937 2.21174085343563
0.413338510540217 2.24993076271114
0.412367469960066 2.26023565261397
0.413681762536164 2.24471178169278
0.415852689314978 2.21274791462108
0.413011400824563 2.24947308039987
0.413562652627102 2.24714872129908
0.412965754220029 2.25378890233754
0.417231249021786 2.19616319817889
0.413432333383365 2.24422833036037
0.412832667535906 2.25314022962948
0.415273233183482 2.22602841365985
0.413530485849987 2.24954109431748
0.415695295360837 2.21840971430639
0.411600750491194 2.26960642570094
0.413029936328642 2.25669062483852
0.415069554324934 2.22250666176431
0.41652139283024 2.21024043484482
0.414459754788053 2.2313474124692
0.411989617254541 2.26439403254802
0.41032883490725 2.29095116294282
0.409974781544349 2.29719556303355
0.412860580274874 2.25326029869827
0.41046535969784 2.2886723699678
0.412731169264607 2.25720328420825
0.415544264205418 2.22421368253413
0.414033513061309 2.24041420214455
0.413099031623431 2.24802442125592
0.414546709128113 2.22930996213822
0.410338959754092 2.29161782752256
0.411724782594297 2.26591186888203
0.41350752969248 2.24530860589768
0.414343866322488 2.22952001199061
0.41368162880086 2.24236110610141
0.410926805886758 2.2815203196296
0.414678299040081 2.23308071308455
0.416167116571284 2.20909860702536
0.413850717539937 2.24480040766576
0.415174196198529 2.2214812958725
0.414673999046046 2.22950982415565
0.413130348098047 2.25491963396232
0.413227049434745 2.25152638856671
0.413728877171232 2.23959460714503
0.413939799919312 2.24175436156185
0.411931724385859 2.26705817033677
0.40993476870723 2.29398956928258
0.415344513562999 2.21866208004891
0.415505675980264 2.21731227088253
0.414504631623874 2.23040793419758
0.413012609764853 2.2507761737077
0.41372116149057 2.24195812421123
0.410529854732041 2.28885316681533
0.414355738718196 2.234183699736
0.412751977408158 2.25247590285217
0.414608495064864 2.23151503013073
0.41503940808089 2.22571460717992
0.413126954980425 2.25320615316431
0.414017671217386 2.23941916568632
0.415250186803657 2.22237198540749
0.41517458846171 2.21987475228926
0.41681785426436 2.19783460194002
0.415264762497457 2.22202832490571
0.413405878315589 2.24601945454907
0.416286209234508 2.21082269923398
0.418524174098473 2.1780428955485
0.413814034370444 2.23946063167965
0.412630944908571 2.25483269618168
0.41283695636659 2.25541617168889
0.413098528891465 2.25232047071926
0.413680441433724 2.24260507232264
0.416819157370716 2.20222024788823
0.413287899962073 2.24517264153752
0.412039030971929 2.26589948811699
0.413096086963755 2.25058824806083
0.417193073404772 2.19485824589097
0.414059137675637 2.23808465158487
0.41322246043844 2.24978590754106
0.411694874630826 2.27465656017179
0.414281973995918 2.23552444022458
0.412694683759205 2.25944487105408
0.414656626510472 2.23312403802487
0.412474557465543 2.26144831113638
0.411449514391267 2.27763416857864
0.413689945876523 2.24275581729058
0.415326108031378 2.22394608922759
0.412555848790804 2.25453209494277
0.415692345085544 2.21604257541069
0.413884101106223 2.24277916089931
0.41266285023813 2.25527401731214
0.414293732067324 2.23301011266638
0.4126611469947 2.25662680493222
0.411579995644482 2.27211108773152
0.416078161586981 2.2068684031569
0.410930432259536 2.28140226089005
0.413984600356678 2.23850361293418
0.409932476763358 2.29447178491024
0.415882282241916 2.21570176955077
0.412656077755709 2.26246476037611
0.41085162523184 2.28461407992623
0.412115996210779 2.26359366795669
0.415947264649022 2.21165161313176
0.41349028104195 2.24388071192692
0.413123042146412 2.24856701933172
0.412389121743678 2.26068672911171
0.414789773448006 2.22924378226786
0.41314575619767 2.25395297453376
0.413711828991419 2.24305009916403
0.415492820507539 2.21612804650571
0.413930587001274 2.2364813513299
0.411800238103793 2.27187885704041
0.41524772408357 2.22197025867173
0.413548032764106 2.24409099686654
0.413166390161772 2.24892807418458
0.416666195302059 2.20420886683119
0.414162125898026 2.23859324982517
0.415750094371668 2.21207606239738
0.414172301065618 2.23541507986481
0.415257890002991 2.21860130385717
0.408828090606888 2.31096621767068
0.413806181928658 2.2400205996093
0.413489800945851 2.24794924844707
0.413683940224823 2.24205636950346
0.414225865006175 2.23243729946377
0.41282665183219 2.25441914657498
0.413799303872485 2.24344443001126
0.407267161786082 2.32973958582889
0.415767251008616 2.21165703121911
0.413864791964585 2.24020069285416
0.413517318926358 2.24545081970862
0.412289424325807 2.26265675780365
0.414142310540534 2.23726433205149
0.414517504327502 2.22864096608024
0.411857397446955 2.2700379617338
0.414643533527935 2.23152043581017
0.413998661605898 2.24128465373096
0.412525060612613 2.26093371199965
0.412258250603061 2.25967300144758
0.413513223991998 2.24762848593434
0.412449398470899 2.26354409524361
0.412898025842731 2.25411446733767
0.415236921584131 2.22339299352319
0.411477116831099 2.26949507073339
0.413830949765457 2.24244654644828
0.413588205612325 2.24669145066208
0.414395844044885 2.23398717677634
0.410887971683932 2.28180247899402
0.412551517913788 2.25916970972995
0.41415679782892 2.23588271856949
0.414238834346058 2.23267220233277
0.41619686933737 2.20783494963191
0.41153633180712 2.27505439521042
0.413267790987689 2.24649923633973
0.41480308460435 2.22372465366094
0.411453694106524 2.27562097772695
0.414077193949617 2.23819217731183
0.412517600782556 2.25990380559848
0.414441848991242 2.23233901543587
0.411814863491395 2.26874556587887
0.412293254914868 2.26826164851987
0.414877718493425 2.22480557786678
0.411047705600613 2.28027197549008
0.414108904453145 2.23843846957124
0.412655654479226 2.25294560473223
0.413134748100004 2.24935369777361
0.411558832280853 2.27173873062949
0.412762151870272 2.25422384838926
0.414928786983487 2.22651698920637
0.415644671338123 2.21630645546841
0.412942969113671 2.25198379841744
0.41327353315539 2.24761417055853
0.417289500070996 2.1962612191391
0.413432038258943 2.24371905708273
0.409205330180463 2.31096913733327
0.417487261874215 2.1909396823679
0.413433998172948 2.24721297424688
0.415179491207186 2.22287840172516
0.413307978914858 2.2459667607097
0.411405440713652 2.2728959949097
0.409003305418821 2.30900188631381
0.411422489128394 2.26915982323781
0.414034775507784 2.23974303044272
0.410459366785147 2.2892953310401
0.414690653972382 2.22894005080343
0.410055535356348 2.29238486447723
0.411210534424873 2.28011797862118
0.413998590061567 2.23874010874956
0.414673530245218 2.22598140163427
0.412041555340182 2.26447294675857
0.412916598905876 2.25198532461589
0.414263003859769 2.2349161146082
0.415556123880365 2.2160589244375
0.414441943381173 2.2338600850645
0.415179884427879 2.22031696485258
0.412873409542618 2.25452506415314
0.414362958937502 2.23555367883785
0.416396644448511 2.20514282586353
0.413216303317011 2.24869215127756
0.413622782727307 2.24067142931164
0.413719686030796 2.24233943612425
0.41272537707218 2.2559861007187
0.414873224096708 2.22572297250825
0.411000831725715 2.27786322394752
0.412607804255424 2.25642189529388
0.414289249732355 2.23441428656796
0.413331354340001 2.24673532616424
0.413381819213338 2.24909377697548
0.410485843153601 2.28893015406885
0.411324158142329 2.27838168552411
0.412979149827439 2.25532972801714
0.414866531879131 2.22807826057998
0.415637709630719 2.21300804697053
0.411711145688427 2.26861143537891
0.413734265300101 2.24012122541845
0.410159978175756 2.29214910758951
0.412119867410388 2.26713314158436
0.414286142034343 2.23349570554441
0.413606220452124 2.24122682831952
0.411148855020532 2.27456281989016
0.411058472961861 2.28381597065333
0.413706540966705 2.24202475716666
0.413540503415463 2.24616245924489
0.413449937846721 2.24388783388465
0.413918581955469 2.24270809814452
0.412916907872925 2.25333917858424
0.413049399066002 2.25628784874016
0.411526581111209 2.27301728451558
0.41508568157637 2.22362046990233
0.413790961164017 2.24220499332454
0.412630366018641 2.25653158270433
0.414654813164188 2.22609942079917
0.415266773393565 2.22218290351886
0.413200059497936 2.24931256080446
0.416934817811203 2.19786428534691
0.415645704601829 2.21507187402182
0.411509683806358 2.27156302716064
0.41632545481143 2.20738895409389
0.410461457154278 2.28694651540655
0.411520520320576 2.2702576930074
0.41270923521758 2.25801149257122
0.415237670306735 2.2223962561076
0.411776310713611 2.27133517817122
0.414066740437859 2.23994868798507
0.413520620316826 2.24608808874347
0.413541556513029 2.24557968132522
0.414045489086583 2.23946977068506
0.412254968967035 2.2671025168128
0.411990211952515 2.26643391862443
0.414594534991438 2.22957828289312
0.413139801269954 2.25232571201459
0.412317088058907 2.2616419834113
0.412970130961965 2.25293896740924
0.413543677505495 2.24789567354195
0.41068425373527 2.28582094105235
0.414772947597892 2.22893162188917
0.416169420477614 2.20604333394958
0.414545524645838 2.23232395380723
0.415387118028608 2.21989633089539
0.410682235361856 2.28267725375624
0.411063562319515 2.27989539457442
0.415387118489057 2.21870721373754
0.415906640798837 2.21220334383327
0.411641638405643 2.27188255619224
0.413083472145868 2.25156114938027
0.410720055457033 2.28310610248073
0.411878118926019 2.26775018104772
0.415115563960088 2.22383007944183
0.413264896677255 2.24969786907108
0.413091620511399 2.25250455050562
0.413128325643318 2.24913153133928
0.411848467563188 2.26785461516639
0.415478154135013 2.2225264544744
0.41586800288944 2.21614601230142
0.411559144235558 2.27142723444431
0.412623037403723 2.25702811249548
0.410443932038421 2.2902953897688
0.414377516468265 2.23558361354619
0.414567541294206 2.22979152677811
0.415481966791316 2.21951191866736
0.41419689816942 2.23805106124644
0.413597658559747 2.24294029744015
0.411513381575777 2.27027701007448
0.410383519423121 2.28700163463386
0.414954851290802 2.22872272464507
0.413274205581419 2.24725601563554
0.41588458070538 2.21093520935352
0.411765879340226 2.26692870406005
0.411578417752642 2.27496854458722
0.411404696131215 2.27627015336769
0.412974610228967 2.2544659442606
0.413804837888804 2.24420308932818
0.413265924047409 2.24626552194012
0.412927003975225 2.25401392324872
0.413292305176113 2.24839690572607
0.414384714630992 2.23378457374531
0.415603971218145 2.21376110604841
0.41117669259471 2.27677110273979
0.411967598508411 2.26787739956469
0.414414671794394 2.23256156637649
0.408561861489285 2.3138204497264
0.413872189334045 2.24184264850957
0.414288871846706 2.23588561687068
0.412046152541886 2.26588449045553
0.414203342307149 2.23685440716993
0.413672952341011 2.23965253204637
0.414573248380459 2.23020940780839
0.414647411294393 2.22910455729245
0.41183909210113 2.268141261717
0.41012439584987 2.29214223699416
0.412909047179725 2.25709908029465
0.414880063998381 2.22645699468483
0.411986123621457 2.26837723895939
0.413931200956045 2.24094646764706
0.413862670959542 2.24204631587315
0.410061994770097 2.28988334500542
0.41470539914339 2.23312401063271
0.409794258576219 2.30133471114238
0.415393130096435 2.21736545208403
0.415432035319506 2.21822579510857
0.412614530088169 2.25895664173155
0.412519539601019 2.26070265893771
0.411239463322989 2.27520198315148
0.41308996642977 2.25230959412072
0.415362028566124 2.21696859679626
0.416933858865613 2.19662530096291
0.413358690311444 2.24718610162862
0.412213904979911 2.26126630444276
0.413286775219936 2.24754262308087
0.411845453783505 2.26435207750037
0.411684307462519 2.27317096466512
0.414169839782116 2.23566986713765
0.415102664451377 2.22054755260491
0.41511340753586 2.22654925730587
0.413606181626804 2.24396570435779
0.41440043120424 2.23362315388179
0.411678885018301 2.27194983711807
0.41331049319661 2.2474956960212
0.41089549986388 2.28410290588402
0.413741389441667 2.24048533102526
0.413132113373262 2.25551351679439
0.413601665405027 2.24621263265984
0.411840560274626 2.26880415887831
0.411257172806911 2.27852131763254
0.414031120927353 2.2365585002821
0.411784569158321 2.27112712247426
0.41136806810194 2.27545047128249
0.414183490690043 2.23669569639499
0.415352488326361 2.21998141314201
0.41281413897925 2.25743522159182
0.41555977227713 2.22048601185906
0.413506296999367 2.24566001607071
0.414438697881226 2.22941617103503
0.411373170365177 2.27659328783828
0.413881030765706 2.23945063006302
0.411294316573999 2.27663377034542
0.412633382267302 2.2596489234486
0.41620774406524 2.20940410355773
0.416991254997795 2.19290835372832
0.415589407890056 2.21783487731516
0.41262487283974 2.25733529804871
0.412335127281006 2.26275302988408
0.413069252859342 2.24922459629162
0.415163322154524 2.22531160673819
0.414404425811386 2.23355917719269
0.413431905184843 2.25012272692355
0.41392065011119 2.23939409448976
0.412958286793041 2.25468546616043
0.414238137300419 2.23357208040614
0.41157165936978 2.27190630294953
0.417154019587268 2.19639432707123
0.411618930411451 2.27199148833488
0.414246478457859 2.23151502439821
0.413434434753775 2.24836318502092
0.413877434390531 2.23867835477511
0.415332852849556 2.22173968311424
0.41203985788114 2.26707828813763
0.411281827237322 2.27374444976826
0.413345650990951 2.24735747383674
0.414849485242063 2.22567022323144
0.412704880912995 2.25860446255931
0.412586948758131 2.25801726273242
0.414238638302631 2.2368696623535
0.414093381948257 2.23524854070546
0.416663906773974 2.20239426315919
0.414386193059288 2.23414315294543
0.411548585998553 2.27540892320062
0.411574747757618 2.27130205585226
0.409557228519667 2.29846069961064
0.413659918732677 2.24601352226386
0.415690609701596 2.20931116889952
0.414077920145747 2.23934827251716
0.414175905974307 2.23638883002681
0.413317100351213 2.24713851429874
0.412797380276171 2.2527065603188
0.412655806393218 2.25849080167087
0.4116895660798 2.27172894070589
0.413588136299508 2.24310887159285
0.40848131278377 2.31499398339849
0.412512049145556 2.26097923583718
0.412814746488189 2.25215420888601
0.411840700530398 2.26994963786361
0.414511160509621 2.23398780719978
0.414908152132803 2.22455894092952
0.412689329340318 2.25554658903187
0.409721126028142 2.29885517634843
0.41448037571131 2.23461753438998
0.410324505069029 2.29205492761516
0.412903565582744 2.25133224492818
0.41450303426107 2.23600296314797
0.416495612255486 2.2020330962895
0.412127462759791 2.26538865278364
0.414487496908364 2.23193203161488
0.411230351502483 2.2774603247331
0.412798906264398 2.25448041014645
0.411112200643684 2.27594432790731
0.412655192014417 2.25337642864756
0.416596038359832 2.20251736244603
0.411850821903749 2.27031861354539
0.411696270306792 2.27279522209254
0.414910024759127 2.22222501046332
0.411780034042104 2.26444823690289
0.414976534193781 2.2288302309621
0.417169223944881 2.19587333392685
0.412476528676884 2.25970846619729
0.412791555634655 2.25570802669046
0.414001710879933 2.23884471592495
0.409941719307568 2.2931109390942
0.412298720776002 2.26146614186813
0.41219076881098 2.26434627961757
0.414809420668521 2.22897350516625
0.412217678412965 2.26858109682208
0.411651878513242 2.27074858891045
0.412059134656612 2.26988684260027
0.414204883845768 2.23557691731615
0.415399054380388 2.22170136688802
0.411278312832428 2.27865661439356
0.412379003730685 2.26270514190326
0.416032771920807 2.21046864953651
0.415818984574171 2.21162825386387
0.412144250025793 2.26709389539446
0.415393500011836 2.22183813154336
0.418526716827491 2.17802104044716
0.41277346147167 2.25856502475828
0.411365160636551 2.27566985060492
0.413283512128271 2.2503218973519
0.414092959960035 2.2401717885501
0.41207598991166 2.26317402717178
0.412574044586658 2.25683380504411
0.411416946000052 2.27808050171552
0.415627671968914 2.21598355297812
0.411538780568043 2.27380524412566
0.411424604628173 2.27591738917356
0.412106109198531 2.26726026516351
0.414326613695186 2.23672662621205
0.410105121334585 2.29356096872827
0.414025380388831 2.23968885694197
0.41287305002197 2.25653957147405
0.415758409606002 2.21465911870973
0.413547305263571 2.24268651850088
0.414551429037209 2.23370836305455
0.413347875759237 2.25356868492801
0.412863431665965 2.25593237707873
0.413094384444329 2.24946379558298
0.41287534369945 2.25675224698956
0.412378253670988 2.26085541797664
0.411563081717778 2.27470904430262
0.413597245672937 2.24419151143852
0.414816165553685 2.22971696343247
0.416926935494869 2.19896628783923
0.41453692937492 2.23195561311392
0.410302251903632 2.29025338041177
0.413109533253281 2.25434325611699
0.413967326032338 2.24028240720143
0.413871304531011 2.23947598579164
0.412995724105835 2.25330599146204
0.413116008726956 2.25287265222568
0.414560326070123 2.23173785375816
0.415624438412059 2.21793388870405
0.414848067313471 2.22909867156959
0.415235749199795 2.22178488555965
0.410784037040352 2.28274356381198
0.4162140963821 2.20736669892173
0.412653013109156 2.25800430542126
0.413879573429816 2.24384863465957
0.411327789376314 2.28226741403022
0.413601617300139 2.24368926519689
0.412318407934464 2.26263464667976
0.413212075536919 2.25049211624229
0.413668521169327 2.24218348464064
0.410318351016203 2.28983975189725
0.415589555326945 2.21566046750274
0.414238263794848 2.23602904295291
0.413338124761637 2.25069708245464
0.41079670876965 2.28520094915597
0.416487970407802 2.2019811520907
0.411714251713781 2.27012529618784
0.410418619342259 2.28948015607891
0.413341083644137 2.24595859796869
0.414387526329924 2.23337332078747
0.4129159511534 2.25639510207124
0.415294349822303 2.22111662400469
0.411376150710147 2.27666248351032
0.413939731892069 2.24105647194262
0.416152996694021 2.21176263597642
0.414722682488247 2.22601727493605
0.414576195545468 2.23430067633697
0.412744520948196 2.25255073106899
0.412596863562818 2.25480645178881
0.410186483566127 2.29426394959065
0.411823356485177 2.27157856320648
0.41411617705906 2.23725433060177
0.411641588231051 2.27250402111244
0.415301868915485 2.22146281815699
0.415268973256536 2.2232204050642
0.412721864596025 2.25657467023972
0.410549867244789 2.28876021332913
0.413492747671011 2.24593080077874
0.411838894743126 2.27077018731478
0.414179158610868 2.23497068916225
0.412774016211102 2.25515660522727
0.412710768457673 2.25443229893619
0.414235482089475 2.23695398154438
0.41338627828424 2.25047152363054
0.41328530972596 2.24990087184385
0.414229879164875 2.23780987069929
0.413125021956314 2.25175469667113
0.412204923534134 2.26368150630093
0.413169847259907 2.24720116132135
0.414578770052585 2.23001641481908
0.41203805559995 2.2657348496254
0.414141237502492 2.23722449936224
0.413155914710224 2.24725925248732
0.415287076640572 2.21698118573284
0.412299266296811 2.26037971802224
0.412806259209166 2.253426183432
0.413039620598138 2.25586922560157
0.415493196302776 2.22037978300343
0.411854582564559 2.27258652471046
0.412475956707472 2.25973379695446
0.41731125242343 2.19387578389955
0.413710066231503 2.24132275606715
0.410212164829337 2.2927447677962
0.412543227177428 2.25996313217969
0.41288861090368 2.25041234352304
0.414803778697176 2.22563196735151
0.417616731331495 2.1912831248075
0.412672192623884 2.25894489118723
0.414499417476015 2.23401654539741
0.415786975575684 2.21580579252623
0.412322245152975 2.26546998716488
0.411964026983037 2.26891233167945
0.41580914271914 2.21968480961637
0.412295156976869 2.26267422487261
0.415432835682879 2.21943088166784
0.414637137626753 2.23312355867286
0.411170189821936 2.27732624711471
0.41292201166384 2.25422464152199
0.411783306099454 2.2700335344976
0.413359733193148 2.24679459561017
0.411357528614289 2.27387088729643
0.412463252915385 2.26192746067441
0.412977367355142 2.25621786984629
0.413103142801868 2.25051020702384
0.412415050508874 2.26163197668583
0.414402837321169 2.23551235643823
0.414208745981464 2.23551302492346
0.414822965618452 2.22712814611564
0.413423548176145 2.24636177237041
0.4123900038528 2.2602209569086
0.413227532151051 2.25198040660977
0.414503390816002 2.23041198844461
0.415593282825728 2.2163028881626
0.416259250860044 2.20959291843066
0.410398421312813 2.28975527973992
0.411901831560396 2.26596277911016
0.411958727402841 2.27146244201315
0.4113834286041 2.27432920181881
0.4128789476097 2.25619240235472
0.415344791904642 2.2224769475729
0.415851308140574 2.21462012495765
0.410151891786523 2.28958563826781
0.411785822619674 2.2700935450714
0.413948542215119 2.23865031873762
0.417111898444202 2.19619572357966
0.41480083462035 2.22767002897407
0.414645271746836 2.22986424661859
0.412754114610635 2.26006261199068
0.414370414104435 2.23219654066126
0.416443852354199 2.20640247653308
0.415411729579874 2.22052964436253
0.412030022481855 2.26772405023007
0.414889078550169 2.22799343677911
0.413895284618812 2.24013793175665
0.412827010614199 2.25097375261965
0.416491585483648 2.20587318043436
0.412448584511758 2.25930354789924
0.414037242935083 2.24090205602851
0.414294387450784 2.23433633148388
0.414469227435288 2.2305553647798
0.413787764985414 2.24157496347138
0.413410088769201 2.24822911915056
0.412368210413003 2.26252074224413
0.412059435669673 2.2687179861854
0.414342325221932 2.23518809903618
0.412786545976248 2.25148027733629
0.416442338824182 2.20413947951825
0.41240068394086 2.25939089921621
0.412053875172765 2.26778715271859
0.412902899982891 2.25560296959933
0.411585234517191 2.27298794807529
0.411900489385295 2.26639288389298
0.412977274909624 2.25485855385281
0.409754236157336 2.29777901219758
0.413285818076873 2.24997924398604
0.412594321283421 2.25869395225303
0.412802605006683 2.25822149096404
0.413345276925308 2.24904894687893
0.413369274568395 2.24885528220169
0.41357479986055 2.24593659687885
0.41262334330898 2.25976977889594
0.414016680909185 2.24230023337589
0.412574220873519 2.26035083216381
0.4140938776749 2.23359801874577
0.414755116919434 2.22757728717958
0.41306443028626 2.25220022344117
0.412079583992922 2.27004387920349
0.413816944448654 2.24033566912395
0.412086421820963 2.26358123106347
0.411317497040891 2.26939530976882
0.412805489615911 2.25609847184954
0.415504427890572 2.21949007674415
0.41069916545235 2.28144455976823
0.41353018703992 2.24812252720672
0.410865446985394 2.28372075917279
0.41267566489301 2.25385424808053
0.415231570415691 2.22281105361239
0.409554164847108 2.30333500985001
0.413458393991997 2.24676797901998
0.416125163103596 2.20831103848599
0.414387096469767 2.23231200851722
0.414767130824347 2.22842352352677
0.413839022075189 2.23755432463528
0.410230824588824 2.28677628478272
0.413309565135199 2.24858156958816
0.413976680961271 2.2427555436658
0.409240981411316 2.3049864215088
0.416477889702879 2.20629969464474
0.411057643655039 2.27900648579197
0.412966967119234 2.25388441193664
0.416733209166876 2.19479108551638
0.413199395210523 2.25176150757267
0.411586303271697 2.27427932572749
0.413014865767381 2.25363709684113
0.412325727346633 2.26623788297892
0.414060678984294 2.23559802062554
0.413307751830502 2.2447424134153
0.41405705840951 2.23399119284288
0.409873372594303 2.29669897689167
0.41632122069267 2.20663118752871
0.415001616900078 2.2273995815268
0.414411205512145 2.23261891206291
0.411726527205258 2.26991027061591
0.4149620505274 2.22552560572912
0.415949511879731 2.21444234316034
0.415431898396587 2.21973767380599
0.411752785797832 2.27065722920483
0.411880560136969 2.26757665706809
0.415621654985423 2.21545362798165
0.410891305061463 2.28263211988603
0.414599544942733 2.22674838464312
0.410693570142428 2.28293103683234
0.410116418545048 2.29454266257714
0.416497266267237 2.20521802680924
0.412458437515611 2.25898637894004
0.414216481414645 2.23524487127369
0.411274308503929 2.27210451650121
0.412506091135698 2.26201636599383
0.411546002846651 2.27144103939973
0.411213340042909 2.27842018033931
0.414998620195376 2.23114162589793
0.41398847498278 2.2369265984725
0.416309877218001 2.21126727818582
0.413240562394748 2.24632813579462
0.411333099416803 2.27788305560041
0.415511738277142 2.21552996894225
0.411930088741301 2.273182608366
0.412852304322776 2.25730524332786
0.41473202639869 2.23019959987362
0.414868270911878 2.22754003258678
0.417386635708622 2.19007536157907
0.41317137632329 2.25016480486201
0.414822732511327 2.23302646094016
0.414327567275654 2.23634596897144
0.412783882371153 2.25794369583192
0.412597621078489 2.25889873846045
0.414478738384618 2.23423787563082
0.411910069049919 2.26905742901621
0.412424629788029 2.26360703241659
0.415075526710662 2.22868432648185
0.410049435683346 2.29476439785648
0.415481818606248 2.21981671193955
0.41353792852477 2.24432589854291
0.413320594979748 2.24638594269708
0.414111678490794 2.23692274497748
0.414640423541158 2.22593505473699
0.410982531060516 2.28292695038748
0.411603374042988 2.27640900102219
0.414630742698479 2.22635034029819
0.413155689118956 2.25055228556832
0.412138912458125 2.26171631195752
0.413129936368018 2.25069258447063
0.414224099248009 2.23639719111435
0.410442540718929 2.29145989372464
0.413376365247967 2.2445189208752
0.412267965658777 2.26366852353746
0.412984766075037 2.2507788600222
0.411313662372063 2.27714890371324
0.409509159268233 2.30076698474298
0.410816657453781 2.28713000671576
0.414485451037375 2.23309966867881
0.412388802711816 2.26097043519725
0.413465280912106 2.24628943872617
0.411202742742383 2.27981102174885
0.413973982879594 2.23996311664647
0.416652269910071 2.20512994127571
0.412422653405293 2.25847143974463
0.414345557801146 2.23447220253367
0.414215614841795 2.23982832370842
0.411800319532367 2.27130440315466
0.412960760643871 2.25364781268052
0.41631342410034 2.20630207808433
0.413165939074618 2.24771795110635
0.413684381133352 2.24591147128414
0.414048062523699 2.23756610751236
0.416498578771877 2.1998181445872
0.412683102502337 2.25757668418315
0.412642328970253 2.25570355532908
0.413632806071937 2.24538317645527
0.410758918054535 2.28518929086925
0.412747676081999 2.25740108825249
0.412224827978201 2.26419738569087
0.415382123065769 2.22422115618614
0.413455738037359 2.24672552752727
0.415417021741969 2.22263275850501
0.410242144431597 2.29024421397667
0.414457797931593 2.23150147881773
0.41065221760523 2.28439071689274
0.412569239807679 2.25932139519634
0.411746467463164 2.27226218065819
0.413720399826085 2.24362534569009
0.414473099611716 2.23258857005982
0.415160021941748 2.2252123180892
0.41095598441611 2.27868240377405
0.412713091242811 2.25769069088544
0.413632935730477 2.24423999136641
0.41302239268978 2.25332682881034
0.412663521556758 2.26163059585461
0.416319236245706 2.20834879814354
0.414314769150885 2.23200325446886
0.412520852550524 2.25964877046879
0.415727761632415 2.21223229688128
0.414030810495316 2.236784954947
0.409423776534283 2.29840713253593
0.413868376822722 2.24289517362968
0.413650286616087 2.24118180643703
0.413097783155417 2.25062481442943
0.41140718223638 2.27521397507092
0.414037186913561 2.23586244786853
0.415469589504009 2.21430431704605
0.409755823221574 2.29818634682352
0.410781226628255 2.28117775386679
0.408226515803381 2.31458359334974
0.414775246584176 2.22839564086772
0.415573182077438 2.21671756136772
0.414081433200152 2.23638084294528
0.415640181445585 2.21799487425563
0.409687448133319 2.30083391175521
0.412658139537166 2.25575608471534
0.409587953392666 2.30143142780395
0.413897678588098 2.23943757194358
0.410269726216583 2.29277578637297
0.41339018524463 2.2502502029521
0.411936747689572 2.26767751628068
0.415841264122389 2.21755558523222
0.411706328234152 2.26785156706858
0.414433235044053 2.22999229619315
0.413612682654233 2.24617832041288
0.412843862268874 2.25790889566703
0.409082562258936 2.30884545805908
0.414280006072311 2.23535037963376
0.412490679015184 2.25715915045668
0.413740497919476 2.24059010713623
0.415549662321708 2.2160674916661
0.41699096542372 2.19733140041821
0.413789521431375 2.24218187885772
0.4123277952802 2.260866967254
0.411418296719527 2.2762898284963
0.411321045808703 2.27212015236436
0.416801466579536 2.20272432544852
0.415087778499626 2.22445604911606
0.412573064963466 2.2575538137357
0.414459079103524 2.23145551691985
0.414651681141097 2.2292736613382
0.412458426875453 2.26186502118814
0.412826666859436 2.25406778097134
0.41601793300526 2.20982652767611
0.411820640204178 2.26748828838803
0.415198275406608 2.2212003421395
0.410482732983886 2.29079824529282
0.412931278158072 2.25442501184363
0.4155837725502 2.21840018659283
0.412829333314569 2.257088667825
0.41686087294135 2.2007772279102
0.416030224896294 2.21298413786384
0.41612818319713 2.21133187411561
0.409784435666568 2.30065990093958
0.41233683639785 2.26492324681218
0.413127722394351 2.24810089895819
0.414094254006661 2.23794087365872
0.414932962742042 2.22703113094343
0.415097002565018 2.22248974686255
0.415240565034446 2.22339840315021
0.412326047951794 2.2629310071838
0.413907515811684 2.23811439913921
0.41377823535472 2.24264861331377
0.413151168881743 2.25370983445406
0.411602598707535 2.27153315154414
0.411122897937452 2.28417931615152
0.416969372053649 2.19897287518913
0.414642036516844 2.22997115504933
0.411657999920816 2.27319807072343
0.416012136224295 2.20883144772576
0.413314076592674 2.25140687810629
0.417383935778633 2.19443091371652
0.413833063928568 2.24084587316875
0.40761338522047 2.32978083702331
0.412708256331651 2.25534955237294
0.413870546100083 2.24140673449217
0.411325900004625 2.27622314146385
0.412688492209761 2.25970947716138
0.41053264708158 2.28426946750854
0.413701938587198 2.23986163632061
0.412601983487724 2.26050148850766
0.409139346929317 2.30686497166431
0.416655734968646 2.20382890131911
0.411551187435856 2.27436889555105
0.415108034932741 2.22172763278737
0.411834379474274 2.26464517964381
0.415798338368741 2.21792176339851
0.413246554528508 2.25229985241545
0.411943114726158 2.26737829331941
0.409119541376582 2.30696720314822
0.411695567121824 2.27184797520884
0.411091106052829 2.28033036972331
0.412102584609018 2.26674354619614
0.414577059940959 2.22967664406025
0.413828542857401 2.2373870788548
0.41690352434116 2.19703665771631
0.413445501896942 2.2441375558813
0.410656433472887 2.28801353128793
0.415472514351961 2.22491774352492
0.410868812651715 2.27985003032613
0.414652668993291 2.23011987825803
0.412703381509807 2.25652664489283
0.414476357963922 2.23566972010159
0.412335661345939 2.26601291103524
0.414090197528743 2.23775581747171
0.414115961019307 2.23819275680143
0.41450505430026 2.23350955760238
0.41359818624807 2.24398442792285
0.411954925038879 2.26370911703434
0.415591446963662 2.21706227755727
0.414554216532426 2.23245681935187
0.409427898484495 2.30730036313816
0.412842148785255 2.25246062959943
0.415255081024736 2.22745797946934
0.410716399022244 2.2838659683336
0.412832002282631 2.25277643914599
0.410991576755574 2.28234952470075
0.415536786811497 2.22315189269127
0.410396223367553 2.28833056595181
0.4141827376358 2.23910502437616
0.412131871991872 2.26411886826661
0.410873662615531 2.28523309634569
0.410653952791256 2.28629093812278
0.411758594783215 2.27389039769731
0.411302945773449 2.27731832330623
0.412306748996114 2.26647912070431
0.415238779819001 2.22222945316176
0.413785267891775 2.243155535705
0.412114050317436 2.2640560200536
0.412688937842804 2.25471661229482
0.41172243075187 2.27431062453272
0.413899051365603 2.24117067279193
0.414004129886084 2.23616118918738
0.414340930657129 2.23514726563536
0.416508530509592 2.20317164456924
0.412145169432371 2.26760699101487
0.414397791936073 2.23528500288191
0.413895565325087 2.24213639165572
0.412752408159599 2.25656059997437
0.411110077551286 2.28086123825084
0.414861165981993 2.22918184005285
0.412896921760105 2.2556980927057
0.41718873094718 2.19732197723987
0.41160938816278 2.27438627573287
0.414469024437103 2.23374436898813
0.414289900153872 2.23213393248265
0.416217174125656 2.20839028967076
0.412612726765935 2.25686518443532
0.41166311479416 2.26928525224708
0.415498934081338 2.21746650525648
0.413618129611099 2.24569584721957
0.413729329311463 2.24386818764644
0.413499490644894 2.24449710634986
0.415253652954933 2.22160515295531
0.410586827007184 2.27676184310437
0.412766590077581 2.25952273821165
0.414144101824391 2.2367815942739
0.413026772617123 2.25033752913348
0.41198420990512 2.26334238240812
0.414415785339112 2.23375625945311
0.413723850200924 2.24517723085254
0.411685259795621 2.27071813339196
0.413482915849106 2.24810188544261
0.413877785351454 2.24245150870518
0.411423298164504 2.27180528003942
0.415592384295709 2.21858515690061
0.411583240166241 2.27324153464517
0.414226875030167 2.23646872650616
0.408398090887686 2.31606062934866
0.414894094170548 2.22944797848625
0.411856280686276 2.26655874581019
0.412258335486005 2.26408248804025
0.412768341224374 2.25336158121504
0.412831326616758 2.25643256811919
0.412450983251897 2.26290880440312
0.416147161619607 2.20813046252163
0.41209434343136 2.26957384647635
0.410107297946422 2.29143129140419
0.413526752964168 2.24171744993599
0.415249613393282 2.219043212667
0.414109092802104 2.24218073491443
0.411194462264334 2.27709948448954
0.411809053861901 2.27316176801564
0.411690773920463 2.26594227015964
0.411454561750933 2.27329279583334
0.413381377617872 2.24685034066001
0.414123352585699 2.23556593258599
0.412086239079973 2.2658507581241
0.413035587263761 2.25591293033859
0.411455743920746 2.27470774932535
0.414203368480608 2.23443686010825
0.411573773604287 2.26920285527472
0.411748413878033 2.27130999677815
0.411259477156591 2.27437999817801
0.410718172900248 2.28783720103375
0.414347015510001 2.23530936166425
0.413894734582423 2.2418356104989
0.414052219026587 2.23758229122364
0.416300561018722 2.20976112124821
0.409523998289665 2.29871079151198
0.412751941319526 2.25777924255984
0.413818836505585 2.24322873336076
0.413514481827466 2.24690002498438
0.41106856681331 2.27708567618068
0.41574867807722 2.21475038155498
0.41363335830366 2.24560450583379
0.414696917028511 2.22825102861861
0.413963607479776 2.240703009425
0.413000042624003 2.25323038897559
0.411537191093334 2.27301530572616
0.411161256079279 2.28081008991289
0.411062497837735 2.28107915551742
0.412767076899126 2.25410396748711
0.413480312639546 2.24906392915797
0.41561578498117 2.21740559748953
0.414083525809102 2.24031039985128
0.415820725568727 2.21132536818185
0.412916270842477 2.25309070525083
0.415745439859075 2.2159949041477
0.41115579421914 2.27782605515274
0.415632070719904 2.216956986518
0.415309855429859 2.21581557546355
0.415895690246429 2.21512616271413
0.414531446136198 2.23802229913027
0.409699455568748 2.29532514844779
0.408621862014947 2.3132386730988
0.41405329243462 2.23964106543861
0.415426223919415 2.21891148208748
0.414139273864378 2.23452342542851
0.41276148932235 2.25533870671348
0.415028526535335 2.22557387282074
0.411393529940897 2.27397963844208
0.412732914500107 2.25580982044299
0.414391132414822 2.23641365197636
0.412952650070144 2.25472817329052
0.411059159486949 2.28019159791538
0.412902996829291 2.25203721319386
0.412066725278834 2.26690261241456
0.414320583405421 2.2320551970405
0.41040011270055 2.2876500973377
0.413576925939563 2.2472428541173
0.416986411855447 2.19700850548641
0.411614023830176 2.26844996623292
0.413650064442011 2.24511201245512
0.414298026669312 2.23453010881779
0.41685456415446 2.20109583129627
0.414217696884561 2.23893656070862
0.413957768826809 2.23974396697416
0.410087387704793 2.29160912790818
0.413040043466955 2.25448805207352
0.416225728502513 2.20589511245539
0.417500356086361 2.18999982886596
0.412439412145948 2.25874528268795
0.409353169758232 2.30222550614155
0.412897354406344 2.24980202153298
0.412006440492914 2.26673003508201
0.415457178740757 2.22417022955395
0.415690277634012 2.21818122863543
0.414210713461316 2.23505052846956
0.41052971521203 2.28702278764924
0.415317335779319 2.21474650330049
0.409812412604648 2.29724100454372
0.41595017106152 2.21811151489687
0.413580078523645 2.24333637331598
0.415073019557879 2.22339215804038
0.411222988635787 2.27942983321274
0.413074558970946 2.2545567275815
0.413072543180291 2.24935106059935
0.413786804995326 2.24261670518726
0.41598512783511 2.21263205787352
0.410689605449377 2.28590676338738
0.414941330966589 2.2292479734269
0.414745231174855 2.23006416244342
0.412734957339642 2.25612860510968
0.414779122759099 2.2263949026141
0.411648350782291 2.27323847270128
0.411707318460131 2.27203009699749
0.413970765943352 2.24023884810603
0.411450733834826 2.27618066979109
0.413297250544623 2.24976750369835
0.415981092518008 2.21129191363609
0.414676300526887 2.22696939259967
0.414531297957055 2.22963824912351
0.41414413988507 2.237278728531
0.412922202260332 2.24876377908296
0.410276498691324 2.29173892340332
0.41537798109962 2.21983351575011
0.413643113989697 2.24076357154635
0.41074218211088 2.28406435654665
0.409343009840921 2.30497755763604
0.414306828392567 2.23714295045539
0.41396948790551 2.24340625045619
0.41026756044174 2.29015021907427
0.416434906742579 2.20774369944539
0.412495893835766 2.25726273899741
0.41047532436889 2.28824348331717
0.41699681589717 2.19661180305039
0.414486003858952 2.22961953898462
0.413851684979398 2.24006308649026
0.414181256201122 2.23524816677419
0.409879646148655 2.29691371316212
0.412025011310459 2.26682213607633
0.414779316625839 2.22837072175722
0.412575657460858 2.26090208779715
0.411568551159162 2.27160436887822
0.413404462751825 2.24838336993207
0.416872510107876 2.19866535514159
0.408480849583762 2.31262861557418
0.41208780344164 2.26549361063093
0.413669152835801 2.24217179266161
0.412635656362883 2.2547131279701
0.411496120124258 2.27613792742917
0.412154786100437 2.26096532062131
0.415413915413964 2.22246234090059
0.411052611348714 2.28162352135203
0.410674818652255 2.28838271308427
0.411656281280361 2.27778413706497
0.411784639682184 2.268217691051
0.412915841415553 2.25550631443463
0.411765953143921 2.26852605778752
0.412980952496506 2.25172124968735
0.415214225263727 2.22373089661014
0.412452847170561 2.26025812614485
0.415353573695909 2.21699265345814
0.410814484751635 2.27890330206002
0.413700821796462 2.24142847282015
0.41286215548021 2.25355257143087
0.412694124256928 2.25830259847067
0.415827188863517 2.21377373107011
0.41309816325104 2.25330318574807
0.412624270898253 2.26053610258738
0.413461591653056 2.2476191079211
0.413189559821345 2.24979553920529
0.411613382527877 2.27105023907506
0.413244043341393 2.24704214977662
0.410278307623221 2.29171698904408
0.41562729665463 2.21481957883794
0.410463655842242 2.29094969816157
0.415232193198999 2.22445711124978
0.412800921257928 2.25870632501294
0.410750072637021 2.28441431946058
0.413340245470489 2.25001613436994
0.419338323931099 2.16552065260389
0.410678930831302 2.28269912277947
0.414665727507655 2.23028444762917
0.40951653932413 2.30081815284795
0.414134114708163 2.23414843878848
0.413290092561306 2.24828148087937
0.417561547190535 2.19358845340632
0.411444665036081 2.27348655029521
0.415589496715279 2.2150178210583
0.413446093782375 2.24751301829819
0.412795274865703 2.25435953602699
0.412133852207661 2.26352171408729
0.411955119622661 2.26943234462292
0.415477658691254 2.21620109904195
0.411996977295048 2.26501433130338
0.416384028664322 2.20864577148926
0.41344696846886 2.24979322065625
0.41231563843634 2.26116537371606
0.414525239934816 2.23451269758877
0.412072367427108 2.26505908000021
0.415496732902142 2.21790935166198
0.413067199344721 2.25375706648183
0.4099933107741 2.29420672733912
0.416124028944639 2.20494052985018
0.411956218557979 2.27094123469389
0.41319148875678 2.25151428238754
0.414200348226769 2.23891927615265
0.416895273440866 2.20187369165812
0.412471635662813 2.2588908411943
0.411358492934824 2.27678161381626
0.415214854830494 2.2242008373692
0.414483393352437 2.23135033252612
0.408807926177463 2.31283390032772
0.41280550465802 2.25843050074096
0.413476054673087 2.24430026967928
0.41205094708653 2.26634820360102
0.413972927793994 2.2430672578723
0.415041470474962 2.22572580951441
0.411655778415146 2.27370093062809
0.412192622469761 2.26358657653218
0.413195941685546 2.2507317356168
0.414644331745008 2.23179622203215
0.413616873994047 2.24324994163837
0.414710399623557 2.22601955099538
0.41299716312469 2.25264814823852
0.41600897932493 2.21400460385124
0.414572450173289 2.23539830933978
0.410321996103351 2.29110320311894
0.413360322754221 2.24539940481689
0.417242263602785 2.19794637832311
0.414675641213101 2.22815091084569
0.411953062754508 2.26769975273703
0.410438803252676 2.28961984697646
0.418114095261724 2.18558787332933
0.412612980255891 2.25571442351324
0.417275050249648 2.19251840816342
0.415396124323538 2.2199539004047
0.413577852523757 2.24417610847957
0.415519584925127 2.21638520748349
0.414701485593242 2.23033840095648
0.409426581167206 2.30437051672636
0.412137881056284 2.26568959634217
0.410187695632923 2.29186114060833
0.413956368298214 2.23999642290296
0.412658977482821 2.26038809211178
0.413215807918483 2.25060616558369
0.413709219911512 2.24566409108158
0.414122263057625 2.23703629759645
0.413721469694172 2.24340770257388
0.414201934522568 2.23699079294983
0.407751627815903 2.32503508597823
0.411733608673106 2.27300216626725
0.410442629001387 2.29094027684492
0.4125113774726 2.26165928317739
0.41663127611017 2.20383010827683
0.410649957854682 2.28602185609572
0.414244449324566 2.23740211884403
0.409526620046539 2.30435190782598
0.412098778891585 2.26891230944576
0.412150382140221 2.26423097605769
0.412973607035923 2.25511845325928
0.413374289179589 2.24606777413876
0.41124127281308 2.27727813321807
0.409677558216524 2.29811376349611
0.412148390847005 2.26700250049064
0.41388518071782 2.24046796228571
0.413138622454459 2.24710942560924
0.41103482278719 2.281472295474
0.417979408133565 2.18356429093984
0.414816746759521 2.23112262833192
0.41476447702191 2.23147165299727
0.411454348449817 2.2767349310186
0.414388259733147 2.23348525577391
0.415066710454145 2.2232692473582
0.417830808758578 2.18432304697695
0.415787469476421 2.21756230901031
0.41175805643391 2.26973760675889
0.415196567121017 2.22158310277784
0.412633258302804 2.25856688642558
0.412490676974813 2.25935018628562
0.412360852181502 2.26232460823648
0.413820346130462 2.24034116684809
0.41802863535157 2.18082004547905
0.412525576970409 2.26130740541906
0.412947646734426 2.2539607663618
0.410402548863025 2.29105845465003
0.415273742726924 2.22096978699728
0.416192052641364 2.20945242523609
0.415580972768148 2.21839218273276
0.413749261113036 2.24421339124062
0.411507521524198 2.27217454248712
0.415846309732239 2.21375959786386
0.413434570069953 2.2445453887182
0.416250991592444 2.20559390132084
0.415075867432839 2.22822270056423
0.41498325767152 2.22208180229281
0.409868557514015 2.29545859718896
0.412259690018015 2.26423890150446
0.413585910915593 2.2464865666395
0.415074246049593 2.22312449867455
0.413694760792709 2.24347017330202
0.409014790829057 2.30993540538796
0.415853197791232 2.21516290627467
