0.530026977050464 2.69606927576225
0.525213377328003 2.87394661250176
0.525527394311044 2.85987814449517
0.533623512903984 2.56869372926796
0.535199054749808 2.5110938723208
0.524866585507186 2.88962312271717
0.523959672074176 2.91096712880382
0.539751939810043 2.34045988294106
0.534022629401984 2.54652958871141
0.519475221235456 3.07956134182925
0.528161339287387 2.76531982996762
0.528091433177358 2.76748334180515
0.528827287254542 2.74889157048609
0.526814496617301 2.81561641391011
0.52816855053073 2.77511952543993
0.534912942301776 2.5177349107101
0.531351833295464 2.65095825445866
0.526454888973041 2.82631180708571
0.536167189949557 2.47281496047059
0.519426160814907 3.08407995010298
0.526078937563665 2.84911404833093
0.529006281949679 2.74106455479085
0.525176592732884 2.87532247035638
0.526570823370846 2.83175988515501
0.526164191618992 2.8399456272764
0.528876019630604 2.74664665614534
0.529662829409557 2.71702915497126
0.535874987197569 2.49124274532238
0.537034952706601 2.44900624728558
0.528999269081836 2.73264668366516
0.524917193781877 2.88661549480286
0.533359998922445 2.58445225576907
0.522029337976043 2.98932027820398
0.531102188254303 2.65775899263281
0.528978671257925 2.73039436803981
0.532148471185579 2.6220819478557
0.524585454529367 2.89283641550183
0.532128748654039 2.62567947340202
0.533650938956189 2.56819080789923
0.528430059837269 2.76499164911387
0.528374553742507 2.76091448699664
0.527005313108808 2.81332768118408
0.527409141394375 2.80033011215682
0.527728509459483 2.79303331159938
0.530611550779543 2.68542253358152
0.529280954734253 2.72748645123152
0.523962763417788 2.91870093810164
0.533571502099571 2.55998039899285
0.52485910062316 2.88678585791266
0.525989450636494 2.84582346031789
0.52456073331988 2.89838101853471
0.529124635468328 2.73878943474946
0.526018993272041 2.83230493036996
0.526146894397065 2.84493909879175
0.524005369552213 2.91846179211321
0.532197178267516 2.62024732006563
0.524618358585145 2.89309420258571
0.525324017910796 2.87243531280948
0.534148561791648 2.54085348991473
0.533779438630538 2.55807418152227
0.530232011700403 2.68998039430002
0.532523282873005 2.60114903680502
0.528646342989217 2.74319640282911
0.524483594411734 2.90252777111497
0.523559462592799 2.93883346017568
0.520157779856228 3.06285707082543
0.52095360647537 3.02527303460916
0.533176286288319 2.59102863104544
0.530571267882266 2.68488453967252
0.532572810495774 2.60255166123531
0.531766891099268 2.63003969968666
0.534977337644016 2.52101493161265
0.529335922674845 2.72660762742049
0.523134390470457 2.95087659306482
0.526925346662258 2.82313970444285
0.523398731913927 2.94172076332901
0.534415971982881 2.54171717794529
0.524717034607789 2.88247533083752
0.536564595488033 2.45742233313599
0.527631446129457 2.791795878994
0.520666757175167 3.03928747064659
0.524937086299231 2.88523868930882
0.523207244913649 2.94308229712207
0.532892777145482 2.60440871156178
0.524823251359505 2.89405086603135
0.528351174135966 2.75878805173999
0.525177614871234 2.87459086618835
0.52484856617205 2.88339485484169
0.522137706035317 2.98603052879688
0.536256760872658 2.47600540798477
0.528936995050234 2.74761645717901
0.522440068713637 2.96937485640607
0.53306014028635 2.59104510825192
0.533896770283061 2.55032448741534
0.529928508218994 2.69725303751422
0.522039408444785 2.98875772776425
0.532461180354022 2.6240038726832
0.525004536848412 2.88094087974928
0.52416298214324 2.91655861544442
0.538234021129473 2.39819012112139
0.530526432782972 2.67843335804737
0.528359557784582 2.75720803607928
0.524406358805478 2.91385918520601
0.531478390333213 2.64757907677458
0.529282164837422 2.72242696068227
0.525368583025615 2.86779380242274
0.534315337858883 2.55023187199883
0.532030150722427 2.62504931577344
0.520003246978764 3.07158584282021
0.53201313970763 2.63389324069711
0.528631814036946 2.74859573029959
0.527404024185744 2.79002413539605
0.520335899546862 3.04857647257324
0.525457375195092 2.87454068923872
0.533302239492308 2.57094257203634
0.527215470636694 2.7971117956886
0.529602554794788 2.72144183707047
0.538167881931358 2.38835852647608
0.52756791798466 2.79695978685821
0.527911584064706 2.77596812591246
0.519945386062187 3.06604186677033
0.536361580348085 2.47386940703332
0.528873246665851 2.73555278651197
0.52244910176425 2.9699650700718
0.523300624320247 2.94859072339642
0.5229296562749 2.9574219199082
0.530252861004963 2.69804612122692
0.528368139637351 2.75477050248553
0.536535029999119 2.4664711501285
0.52575597507642 2.85243678862193
0.525672725259268 2.85803179788896
0.527254013479444 2.79164974505061
0.533699734065074 2.57298627288179
0.529302510422841 2.73393345352691
0.528314158128157 2.76713792725172
0.530314987635119 2.68791555451792
0.524116343807823 2.90982045108023
0.524702030767801 2.89087470268276
0.530434524617716 2.67499278445785
0.530757459803968 2.68597529251957
0.541225438955093 2.29301446923831
0.534667634631979 2.53746824519826
0.530767617577993 2.6676783046139
0.520924709585636 3.03124737594928
0.520829866402314 3.04601434553825
0.528268202121913 2.75582282518395
0.526291224645932 2.84146537554886
0.529170257158297 2.72402408428955
0.536972968588677 2.43746554834193
0.530388528155444 2.70000854464842
0.528324081028871 2.75598266681387
0.538225998906244 2.40731220730467
0.533322741689209 2.57598756447924
0.529084234445336 2.7253976660534
0.535407103427022 2.50576685642269
0.530828217827571 2.66776581723318
0.531620377122391 2.64742754079376
0.536148140196912 2.47555274384998
0.52840437281205 2.76001023367965
0.531244802713813 2.65073807829856
0.524006326078126 2.9279947931244
0.527468675372892 2.79151679151641
0.53322976285709 2.5808660615333
0.525360731564383 2.87412185443226
0.526858311476831 2.81362579295015
0.537152022348575 2.43423172706195
0.530728508366068 2.67299488104861
0.525879157834435 2.85395256641748
0.528404035535428 2.75318302122963
0.521594097511833 3.00491585658843
0.527515289381677 2.79078936007886
0.52090412824154 3.03281055683641
0.530577706207125 2.67994097551869
0.52770674520503 2.77987720366136
0.530964195632762 2.67379176843148
0.529832640618576 2.70867985272552
0.53446358190316 2.54449238730848
0.52429531774212 2.90268876261943
0.532813061070553 2.5865407522881
0.522480963586348 2.98357785104589
0.527147643342951 2.80194880078349
0.518855016195571 3.10259495496155
0.526149945313281 2.84069898387579
0.53160998991003 2.63803437956823
0.525945886085329 2.85085303711777
0.530028842484461 2.69912375816021
0.528125262579998 2.77273054902323
0.536925931275919 2.45036382248976
0.526329406312918 2.83030291323107
0.525741991014464 2.86538527552009
0.533990117062106 2.55851943409341
0.529881434254372 2.70865241228312
0.522915251318108 2.95910011791754
0.52789288885992 2.77376586801862
0.531017752582455 2.66200022484907
0.530241072844172 2.68401159343631
0.523798478854204 2.93247813715828
0.530038331885455 2.69732482055996
0.526832835911535 2.816512757796
0.526768685815865 2.81100167164468
0.537586812701257 2.42194547880515
0.535046557200953 2.51021737220401
0.527321346371118 2.8067692557501
0.530788541261593 2.67939979578877
0.529664543395737 2.70848395955133
0.528626247667084 2.74211579720159
0.530281978389201 2.68940768929546
0.524022076685899 2.90837115458172
0.522594187217171 2.96693493147387
0.528566589142413 2.75333586388228
0.531039143655961 2.66463021248806
0.525736228840314 2.85661453523482
0.536149356397727 2.47402375564863
0.531589249845458 2.63584217515342
0.521661398026293 2.99995190020524
0.533942276675494 2.5594613653011
0.531665283005655 2.6397968405907
0.521836520638439 3.00266659004863
0.530060022045681 2.69666767491977
0.525146740827409 2.87514152083169
0.534114596875645 2.54758651841066
0.531561219186814 2.63977472092009
0.530711467062718 2.677452978801
0.523512413025357 2.94422911675268
0.527637105828812 2.78629696901255
0.522918650592574 2.96119041310462
0.528237027201973 2.77246019689937
0.52785961412565 2.77952408922557
0.531584976352311 2.65071550243186
0.528021633813968 2.77079444946126
0.518745548356716 3.10927953280328
0.530574868960206 2.67792321227515
0.532556838540969 2.60576889455358
0.522571480448407 2.97119115813171
0.525805450757737 2.85673481540021
0.527407538986711 2.79294205071514
0.5304743426802 2.68700072178259
0.53057219002034 2.67396000746978
0.531272122742872 2.65218368409514
0.535910705147571 2.47756165048254
0.53508341611805 2.50115376817389
0.530218819878035 2.69600922857515
0.530271397603159 2.69856468985659
0.530299385433602 2.68879432231789
0.523773684600834 2.93471022000009
0.534289446383303 2.5474581724622
0.533332351154537 2.58083235568676
0.524712817158065 2.89125469782717
0.522902575841422 2.96017540738376
0.527447030700054 2.79357702365341
0.519175598805637 3.09027575049263
0.525615802518023 2.86020858300811
0.538419377582139 2.39400067967645
0.531278141768972 2.64835529997803
0.532888725440408 2.59083071287387
0.527364405243761 2.79909699034969
0.526495604930674 2.83186678680311
0.521334661749613 3.01556729203562
0.524755322264829 2.88815771209485
0.523400784308408 2.93911888572405
0.532885804014282 2.60284226873709
0.535424618661154 2.50765547326462
0.532059573786113 2.62454005240748
0.524843339089423 2.88993328183846
0.523497440505833 2.93049068552274
0.528420887368445 2.75610929604332
0.528124206024014 2.764424412364
0.524876509985123 2.88789619799204
0.532464341707118 2.61297020362223
0.527672638140285 2.77478756624408
0.527243380077714 2.80408312357482
0.522674271192642 2.97313677508222
0.529900017520929 2.71391658077479
0.526648043148009 2.83155073236971
0.529649434648668 2.72115856174822
0.532246952766586 2.62164918147093
0.52269776926624 2.96287250136379
0.532114011198873 2.62572964184343
0.528930587911382 2.73806019559713
0.52182545278784 2.9909915402413
0.525402592586394 2.87172405536847
0.525560340816027 2.86257902980756
0.525865454307425 2.85492148856745
0.536225510633152 2.46791411939631
0.531316335012077 2.64783145840431
0.53014685821062 2.70433861288271
0.539997327575023 2.34397735573379
0.531309954810018 2.65858958733481
0.530346636820966 2.68172896955425
0.526419892623586 2.83906238145011
0.527110359837534 2.80192023015079
0.526274976844781 2.8487772074737
0.529086982122437 2.7308233318643
0.528961084903408 2.73246724239099
0.528520880070013 2.75557960068123
0.527973986376443 2.77814906942331
0.535028480842252 2.51369115822814
0.531236663641444 2.65597405099661
0.52503927455927 2.8817401515444
0.520653232798686 3.05412420491382
0.521054384865205 3.02968753493475
0.531602239181316 2.63452064659421
0.53496438689583 2.5148938346881
0.531517006186732 2.64806665128093
0.530930191335786 2.65631588318104
0.526158948085987 2.83888199217009
0.529408005868465 2.71204788416355
0.530151841310244 2.69217776905017
0.525549979333035 2.86143411433769
0.530189462179724 2.7003020740488
0.534832244270946 2.52463599580797
0.516002507209241 3.21745501320073
0.537673360815376 2.41823778818971
0.531038347408908 2.66200539117429
0.526498987409065 2.83538970951695
0.525679615242225 2.8610101930758
0.53181943789532 2.62743625252842
0.518808856799369 3.11159980173945
0.527861374496876 2.77632957033017
0.525698334986156 2.85339704276713
0.527999246549445 2.76955939902735
0.531214977518174 2.65432206291084
0.532222795706399 2.61579061165552
0.535170662525518 2.50768903617425
0.532607892149911 2.60313044249068
0.523714369485096 2.93194056675812
0.539554923273432 2.35249746306197
0.534496210192675 2.52817956632815
0.520072655120207 3.0635555687605
0.52956758366618 2.71826612643638
0.518975452455768 3.10576410993822
0.532359388352403 2.61545067273828
0.528525918239383 2.75534369302954
0.532643239801676 2.59809109074275
0.536140255914597 2.47246967113513
0.528756167188775 2.7467570762556
0.531811150298186 2.63151230754931
0.530412731640804 2.69248250902361
0.52367057502654 2.93477536817302
0.52874608111357 2.74126468321243
0.52148737654116 3.00340026069859
0.529899106264882 2.70411958540084
0.531365237505552 2.65200888199998
0.537767969818646 2.41536816817077
0.532481406500208 2.61469655633098
0.528827385727493 2.73505906358046
0.528726659701913 2.74559043448828
0.522126956920039 2.98470371559069
0.532079252601248 2.62514625297331
0.534701505263616 2.52870541244604
0.52672091569241 2.81928105491191
0.530228997866582 2.69886975636583
0.533328296707221 2.57977299402196
0.53055178455399 2.68452360642689
0.532758448446118 2.60617326644096
0.523849549332426 2.92633542178042
0.526430606190309 2.83642711843157
0.526605872010072 2.8224943205199
0.527307455186491 2.80507465591515
0.534355747137641 2.53202850053598
0.520486980482635 3.04784264077933
0.525839556379355 2.85602889950923
0.530584930145088 2.67390582029434
0.531996835868086 2.62348040146374
0.528152819338468 2.765213219137
0.526212394355346 2.83668645150153
0.523948280650272 2.91396680797157
0.523162388781345 2.94832200256327
0.526248026408686 2.83514606345475
0.531472296670834 2.64395112146745
0.531595165250126 2.64792348978121
0.528884766930166 2.75024744582207
0.527054705605941 2.81093705888239
0.527948236245421 2.7713002894394
0.531513930201944 2.64444613532845
0.523253743608512 2.94121061391155
0.537934317780343 2.40560318268822
0.532824233041466 2.59556522076074
0.53165693070956 2.64229856812663
0.532812145977454 2.60402982924432
0.53031013050126 2.68880341631496
0.528931647350122 2.73482584669647
0.529725491459812 2.70279777043082
0.534454651757815 2.54224004948586
0.527973345874222 2.77459243034379
0.539544326734921 2.35000148246099
0.528270196240073 2.75955829016939
0.528998481928761 2.7413925101071
0.527659240857188 2.78896170305209
0.527402717009165 2.78929176803882
0.52226649094779 2.97922750245713
0.536237011670519 2.46700570258315
0.531206701035288 2.65591558304287
0.527105291550947 2.8020307381653
0.532782071251123 2.60242723516591
0.536017365087371 2.47819241423784
0.530902951380677 2.66008481148472
0.527373660773773 2.79372033507266
0.520076713108554 3.06484597005302
0.527330654078757 2.79108512059635
0.534181471995057 2.54218896016262
0.522132167471898 2.9851327221779
0.522721284506085 2.9645402210101
0.526424663408788 2.82975214073474
0.525534026530088 2.86322130560197
0.535743449090578 2.48439420823567
0.52934582971145 2.72628482359998
0.515744030048755 3.22230869952721
0.530359884863196 2.69144442096634
0.519374273542221 3.08980479090219
0.518933480275997 3.09564822996119
0.535988999029563 2.48555348445306
0.533645354083832 2.5733415402436
0.518523042189877 3.11750077253626
0.534884190598846 2.52539084707599
0.52757956708462 2.77866376438296
0.526599847247829 2.82611473514322
0.530185372558094 2.69730936635936
0.53278461840392 2.59963752044076
0.522279375622435 2.98018329666738
0.530566141114842 2.67943929357609
0.534511161555434 2.53383290709521
0.528573369511808 2.74574568678547
0.525015254154957 2.88050245789402
0.530497355870378 2.68554013151191
0.518895122453055 3.09889632760158
0.531672545105433 2.63073853038552
0.531499887272683 2.64769149877029
0.531970067669382 2.62898325735005
0.525110881344903 2.87853455959839
0.532106286725172 2.62232201552069
0.518984599526516 3.09971706919414
0.534001736259028 2.56559975443658
0.520433403360559 3.04431142922908
0.527043751210193 2.80804298566359
0.534110027941317 2.55237404346088
0.531954936148206 2.61895689396068
0.53409037859976 2.54755196129145
0.535842788017958 2.48471758117435
0.53383471395864 2.5562626089544
0.535933088687403 2.48480205238951
0.528260382487431 2.76373720161482
0.530701345470802 2.67094841004682
0.526557561892239 2.82234823995393
0.52357728784634 2.94032612632557
0.528670867004657 2.74193040070687
0.529113405823518 2.74275271842206
0.529161030951091 2.7316758744803
0.533006923440646 2.59127637193922
0.526309595987844 2.83508597719242
0.525135556649388 2.87173983589324
0.538325915325784 2.39221562755912
0.52924433621975 2.72842245172043
0.536500717047612 2.45141855496263
0.528615290440435 2.75292530116435
0.532173148045614 2.62303560147484
0.529661650949876 2.71140873833859
0.529277433153275 2.72309764587598
0.532697324345581 2.60638352342186
0.521805062457451 2.99784364801665
0.52532004126554 2.86297555076411
0.520367752566267 3.04703554148812
0.525577226317313 2.85679575975325
0.537456562682307 2.4274466047536
0.527452494975931 2.79017942549792
0.531535268792397 2.64626501028196
0.520676157239807 3.03505333559377
0.52307368889361 2.95200881621817
0.525726733625181 2.85896674433321
0.535115451449026 2.51284034352116
0.527204951905309 2.79934656958043
0.530884090187586 2.66040801200566
0.524384755822514 2.90326183518221
0.528470499130206 2.75419057256365
0.53536634788584 2.5023263611295
0.531760858181161 2.62996108277052
0.537060737164136 2.4388003262276
0.532865250099666 2.59454803142516
0.528897746682417 2.73701007052398
0.52610397546618 2.84498208108736
0.540105330029839 2.33401779996288
0.524457164158536 2.90614411114776
0.524278842338658 2.91267406231379
0.527334047174298 2.7995666035043
0.532020380372512 2.61991628800281
0.522898109773365 2.95413528371917
0.519496288319528 3.07723616724106
0.53141365745843 2.64778239575893
0.528410736179304 2.76178155581655
0.529475982032478 2.71608947756681
0.527197342176168 2.79549014992944
0.527902698856595 2.76792611701884
0.533755935791277 2.5711495348218
0.534818238972616 2.52236156924598
0.535025428062314 2.51869092193155
0.526114799082689 2.83595154367178
0.529151531282306 2.73620899575977
0.525906528988992 2.8475088248399
0.51785358108223 3.15072022719708
0.523388057230581 2.93992876322739
0.53068734783206 2.67428731073693
0.531900714622478 2.63134127293304
0.52906173069127 2.7309384454373
0.537110880257261 2.43319007546379
0.521256368199304 3.02014616005823
0.522318848934619 2.97808172113461
0.521521227266074 3.00841328949918
0.525201683304349 2.8726359028723
0.52589788407776 2.84515658458381
0.528838413796174 2.74386061500051
0.532866653173208 2.59282484089305
0.53303940788715 2.5825106304447
0.525615876669307 2.86180769581549
0.520465538679414 3.04853386132054
0.534182373917347 2.55041149615498
0.52470547415826 2.89670429806591
0.534025562922677 2.55426910429287
0.528585018789543 2.75207318464038
0.526289045436174 2.83751406496436
0.522886556187673 2.96688779848732
0.531884368497794 2.63013964639843
0.528406659764246 2.75580242499309
0.522009575108232 2.99378939196171
0.528134321541183 2.76633934192319
0.524544145359406 2.89788312213791
0.527710428843783 2.78867849288851
0.520209720480189 3.05782784195345
0.527801026437858 2.78144671861659
0.527381880205682 2.78973643040929
0.535507857068334 2.50141790833628
0.53565747649102 2.49448260162853
0.520872994346439 3.02728847544478
0.524281552833641 2.9082400208848
0.535339328504266 2.50363395819977
0.532794804719186 2.59778124022609
0.523316619020028 2.94357974154082
0.532432685029421 2.61105465226411
0.528111084499993 2.76555558133712
0.529335238279466 2.72252408413422
0.525965136692683 2.84784187750961
0.531705072577537 2.63887948051182
0.528833719369163 2.74437935393196
0.520901299240672 3.02727550099986
0.530099547202706 2.6940586768548
0.523611405167025 2.941215276971
0.53996474539145 2.34351733498056
0.523541517935186 2.93204271698227
0.525329492790987 2.86784723388506
0.530239175300953 2.6947233167596
0.520290380413636 3.05744507615013
0.529807721324859 2.70438701853454
0.528208913391441 2.76772766102252
0.531348705154088 2.65463436666996
0.53206728814482 2.62133637978131
0.530757526821807 2.66564830063737
0.528936398090727 2.73395228829166
0.527670493370291 2.79108347706179
0.53531746079267 2.50270857706699
0.525942571132992 2.84404887376971
0.529049103687491 2.72807956594065
0.526183565928172 2.8436290277266
0.535071430276013 2.51767045007561
0.534903553732521 2.52371603506252
0.519953736123834 3.07094653679973
0.528729099225585 2.74020951773647
0.532443426473341 2.61106638202665
0.527050272000942 2.80650664258292
0.530330993127234 2.68839070124144
0.52865239228357 2.74321710805568
0.534222576655791 2.54302686186129
0.527591001912993 2.78870877522349
0.532562403745534 2.60534999400228
0.532678747475505 2.60049852996258
0.522484251000984 2.97595190453569
0.531902802755434 2.63247476236521
0.530004293353618 2.6992591359355
0.529618420185138 2.71533514962598
0.537223904474401 2.42888851244228
0.526863161134267 2.81272101412914
0.524619575696703 2.89425885429114
0.53222363958733 2.61709427144948
0.528989654654072 2.7350361840711
0.520122387940388 3.06575729102796
0.52435400934834 2.90507553322292
0.528917446082018 2.74204870832776
0.532103732074155 2.62526610675394
0.528684094439496 2.75023983758555
0.532041865609798 2.61758505495441
0.525775579923355 2.8620414421318
0.52719414129059 2.80979057530403
0.531474584358201 2.6418569744987
0.526004584919492 2.84386011043919
0.52744688561737 2.79436771543631
0.522808475975475 2.9641010384107
0.522230113785456 2.97838207769283
0.530558827562191 2.68098336552236
0.529420453210904 2.71487759371624
0.52060743966909 3.03904725259341
0.524047493779122 2.91539950264676
0.526329604845987 2.82847125377797
0.53261908917743 2.60176666423851
0.537757479317572 2.4080663039894
0.534582589705229 2.53711634420784
0.529039802215677 2.73316720449994
0.53075932910126 2.66605342519913
0.525817362102009 2.85862530184006
0.531105311860244 2.65861766537547
0.524254620903987 2.90961338803171
0.530473121903928 2.68396787093079
0.525234800587157 2.8713348204165
0.534416352580186 2.54289203736043
0.529365057774164 2.71881017682105
0.530479864362868 2.69156131315994
0.534216460306073 2.54982716814688
0.526287683018637 2.83478361154373
0.530112943706789 2.69850703819731
0.53171984711101 2.63317610463031
0.536310993905435 2.47276964433448
0.532264614804486 2.61707712459301
0.539444708952288 2.3566461485834
0.532208975340251 2.61913096312336
0.526128158732231 2.84498960104297
0.527500623722632 2.79765018376561
0.530691171700327 2.67453496469834
0.527347406692976 2.7895379107353
0.525915404728941 2.85096448933629
0.523727587215679 2.92601164587659
0.52492019958332 2.88490290021396
0.527606795641409 2.79043945821581
0.535593899060717 2.49868568220937
0.528848899258715 2.73293997134741
0.519223856466505 3.09471203474443
0.527447830728222 2.79125948226962
0.523672418134125 2.93156445021985
0.521471991914886 3.00513854304623
0.526263168839774 2.84129106444617
0.533034887467768 2.58976246948116
0.520008358518301 3.07059851273946
0.527678886183544 2.78311089433336
0.528988359763337 2.73924554624933
0.531123059788815 2.65497465866249
0.531640820656125 2.63833174259727
0.528090390493977 2.77237347570124
0.521096446479641 3.02388877020651
0.529549673723035 2.70822482307433
0.535071429281603 2.51840785658
0.528961641311968 2.73364986374001
0.525397295139144 2.8703469607847
0.5342426083282 2.54699384330031
0.52616044510199 2.83349513621235
0.533744298665493 2.56207064553896
0.531851278778047 2.62953313387951
0.529164279978353 2.7336632980588
0.532709217265198 2.60006334374166
0.533891949216908 2.56065714634318
0.526267341957343 2.83086639149765
0.527265524019535 2.80058518222328
0.527865048846261 2.77889747044164
0.529048158340872 2.73926675655684
0.524393619519241 2.90121785098031
0.523694173189374 2.92455207843957
0.528592403255371 2.75585410906862
0.527249926147375 2.78767727110867
0.537210717731908 2.44034257495959
0.531384818962418 2.64931796476481
0.524008932912058 2.91540147367628
0.528460896792554 2.74993843522167
0.527432574742501 2.79515851897377
0.522601628293728 2.97058558722004
0.526970701830862 2.80714524219301
0.518202092626673 3.12796957351689
0.530712996547781 2.67663972301014
0.530411438238116 2.67817526531073
0.526659412536774 2.82332403456997
0.529733244026664 2.71400479107786
0.522823369164035 2.95788141540019
0.530035971003457 2.69510238036381
0.529235667181063 2.72841844470779
0.527497458091835 2.79591871523678
0.526873298036131 2.81759929266803
0.530893292212043 2.66152176714944
0.531293895880241 2.66119179710672
0.521010832321282 3.02294123574505
0.524320748731899 2.90750425380826
0.527215412819762 2.8008621248047
0.528316325555398 2.76115693929361
0.521296834762963 3.0144748295052
0.530713671823838 2.66740590080814
0.534962083875249 2.51038162964212
0.524319041510003 2.90634004931747
0.529712987961288 2.71337207118218
0.52203317071142 2.99365063215796
0.524153281757953 2.90462485004345
0.521045901925201 3.01490112025062
0.531648381267647 2.64711692702369
0.53204676615057 2.62755937670926
0.53073712199753 2.67210383989621
0.529114091861271 2.73201125013287
0.52522201226947 2.87372353978046
0.516537277408767 3.18531601585677
0.533700880460439 2.56268892177641
0.532087506926282 2.62426334604891
0.532480631424521 2.61226039851373
0.523495059951066 2.94668045676973
0.532052831907043 2.62341424014715
0.533431315117837 2.58301880839125
0.531229795376579 2.65415390662576
0.527099911357073 2.8102259092299
0.530563131101809 2.68317694509061
0.528113204287486 2.77106920151897
0.523091530299766 2.95115825469064
0.527194358387092 2.79796983183689
0.530188320637438 2.69790054685729
0.532448430021093 2.61550411797315
0.537866650108524 2.41772731758452
0.535013019913335 2.5226006320316
0.535781498328672 2.48938184742525
0.535656410364472 2.49670671922899
0.531805115254103 2.63919730302247
0.532302585235025 2.61085715428956
0.532057412698056 2.62092771193954
0.535326410916899 2.51227931826237
0.537945541575529 2.40995254331341
0.532593997652241 2.60663910299904
0.532941119572505 2.5950274513313
0.534856837308881 2.52693252281991
0.527618305424643 2.79139839351341
0.527862167288865 2.77863863118313
0.534556222266683 2.53624070280957
0.524424688069679 2.90687662389752
0.533880048579917 2.55900935648031
0.529397056213326 2.71663892354186
0.530067349683918 2.70246654920699
0.530048811785388 2.70950212671995
0.522242382778938 2.98474970041198
0.5276242081059 2.78219327014404
0.530985003610621 2.6685733419451
0.529932874304313 2.70092279390189
0.522519718919324 2.9760775038219
0.524889721942646 2.88526594054029
0.534121650119904 2.55439758284721
0.531488816110662 2.64722505260838
0.520751919693517 3.03770752300716
0.530794902634173 2.67058230721526
0.53012872436055 2.7013079186411
0.51923839556618 3.09364182010516
0.526789686067361 2.81431433470081
0.531823362256595 2.63437044871943
0.530842352559657 2.67244092794271
0.529178977745245 2.73099449512143
0.52913515823259 2.73484629852315
0.534099562402598 2.55460082387532
0.535027348941493 2.51689134907348
0.53538065097751 2.50189937293498
0.534003994938007 2.55251829504885
0.53850723284465 2.39068521695051
0.524009305902145 2.92472768799366
0.535944919707231 2.49572816676264
0.539370457923365 2.35699479452678
0.531580258526855 2.64282428437946
0.530381068165193 2.68725415721853
0.52377097821068 2.92395132696443
0.533039898177708 2.58840088271707
0.528711635671559 2.74450540009147
0.531529414027355 2.64506987327803
0.532382447895132 2.61831456169666
0.531803067590656 2.63752969866848
0.511775044508301 3.35886965862125
0.530891715434681 2.6660238491835
0.528312910615103 2.76258545852729
0.519104837256983 3.09235515670511
0.531179835676018 2.65660436123027
0.529254604277711 2.73193869793025
0.53672123785785 2.4555551511842
0.527203611614824 2.80422353038476
0.534738605263777 2.52985103607851
0.532280640909098 2.6224824147847
0.533853494200461 2.5538277422153
0.524432045835037 2.90953288453429
0.535289859035213 2.49937545139013
0.528549617869737 2.74529043968032
0.536750441124838 2.45858394681602
0.529057498576254 2.73910644434489
0.528247352286852 2.76367140783908
0.53106229952161 2.66259565498125
0.534936740651772 2.52144193476793
0.526102049427856 2.84583188140771
0.532182445034279 2.62003303743997
0.52468461567813 2.89709859237598
0.533303575467115 2.57941151943522
0.525921604769606 2.85187063857575
0.529474659075225 2.71605809978182
0.52471368928968 2.89058428765716
0.536134474518565 2.47125945580164
0.535655213732446 2.49665965714393
0.529678584868336 2.71780905395757
0.53073124605486 2.67532495812384
0.520506855165268 3.04986381656749
0.529687969856269 2.71259301422908
0.523524457148261 2.93536978302813
0.526363593801213 2.82556921664156
0.534291681997632 2.54187727932799
0.531931802172541 2.6285121969522
0.520635118765046 3.04149347050342
0.529190388687327 2.72230203495102
0.535599240013476 2.48769886260159
0.52803240480296 2.76686364557124
0.523973162381477 2.91498614583336
0.529535776836581 2.72419444712685
0.529135457233771 2.73604131441917
0.534541006241697 2.54208285104016
0.52439757394707 2.90303152111334
0.53106396654369 2.66328184722072
0.527569406968569 2.78512038464402
0.527514232742181 2.79244990197169
0.519488917274073 3.0843239771857
0.516141297209805 3.19651521998134
0.52772288811388 2.77866381290983
0.529662819299174 2.71782163000992
0.527561611844569 2.79182741640428
0.523903833683546 2.92600613709445
0.541528697285982 2.28365820344068
0.525767209847846 2.8604427826752
0.528535130814051 2.75650583099804
0.526668708634566 2.8334592569182
0.522800314063916 2.96218808407974
0.535643389943567 2.49522566983953
0.534079027760857 2.55744694583219
0.530022223621459 2.69719450492719
0.531132564320122 2.65916401332802
0.52637846056935 2.8321907272679
0.53053050544918 2.67829460821729
0.523910208423201 2.9177669308285
0.530832630513701 2.67285804255561
0.533171490169873 2.59078065381661
0.523574016975129 2.93208203468054
0.526515032606299 2.82817974803006
0.533097707505885 2.59150923983465
0.531087384939226 2.6591858124368
0.531412010942848 2.64777122372407
0.527681646509738 2.7831508166201
0.526871023604477 2.81147366183595
0.524684986089874 2.8982055273873
0.525291429953112 2.86828040274748
0.531036304980809 2.66131096000548
0.534392187160463 2.54423330373505
0.527267526543185 2.80069202154027
0.533814965778018 2.55644290057226
0.525984009175998 2.85447797754462
0.526872676833975 2.81172844689986
0.529628297624439 2.71684120776138
0.526224605030365 2.84212737905373
0.529489010756735 2.72152618653242
0.524838087778192 2.88190493170525
0.530592332865231 2.67908223808972
0.528658596362073 2.74673033626984
0.532667356981069 2.60396359466148
0.529897169773325 2.70332488515948
0.53510597362455 2.51373808482879
0.532516686071073 2.61608634064648
0.531250576364189 2.65112500951455
0.528493096636475 2.75787634654208
0.525345728948149 2.87201683347514
0.530858274611089 2.67144561548649
0.52839144593993 2.76144490416027
0.522636534885612 2.96737597008769
0.52024744890966 3.04636561326598
0.535953198193654 2.48640700082589
0.525848769029308 2.84853775872418
0.529901408684248 2.7086731634806
0.537365923036006 2.43055442319641
0.516912888451557 3.17280638653349
0.535327719523191 2.50515452032728
0.524458145078049 2.90400835631815
0.529220186457693 2.72995038496978
0.521501969104639 3.01494944769799
0.532550230602755 2.60906870110608
0.526307126995102 2.82554146457579
0.531459559946814 2.64515414144591
0.523580522934664 2.92988059060292
0.521752487429172 3.00373973687516
0.532807640002487 2.60051129518661
0.529045491267382 2.73555254682912
0.526253458340782 2.83269676614174
0.529545857592453 2.71987951536443
0.518423567674129 3.12076367747098
0.527780500442217 2.78299789909285
0.526118170696309 2.8416238050909
0.524481792828343 2.90617389737705
0.520605724886899 3.04411825456892
0.531697734759848 2.64034791227682
0.526650267739957 2.82404168669031
0.525204041762115 2.87791880796516
0.536203726218712 2.48129144987792
0.526840887220225 2.81821133562106
0.526238183101414 2.8286890119961
0.524396096421823 2.90221712447266
0.528718720624182 2.74698782466693
0.537604161516209 2.43180616221271
0.522953061828005 2.95426693857814
0.522633606346141 2.96403613719494
0.530672535412012 2.66127499978638
0.532997547718367 2.59173224454719
0.532628709205006 2.60696902296439
0.527482747115238 2.784432895614
0.527533622550994 2.79511393796415
0.532067947897262 2.62687318458448
0.526683593636654 2.81346536995582
0.532272811218185 2.61929094374305
0.52041854867766 3.05393588048942
0.534547166867616 2.53479006373832
0.526812452927181 2.81386970435679
0.519165891769574 3.09205522085341
0.524468923408929 2.90169229539207
0.536511455833372 2.45521428339473
0.53019393660617 2.68340177782531
0.530969459432255 2.66454870921711
0.531823741066897 2.64062404962971
0.525627054549236 2.85863038987045
0.528181368479219 2.76989510532181
0.526295735718347 2.83283001305902
0.538557496678488 2.38936624438336
0.525827717687997 2.83933353826149
0.529862469098936 2.70828788273518
0.521466466474819 3.01426232143428
0.523251520667621 2.94770185343331
0.526554002612196 2.83352079996322
0.529418758164901 2.71601258785948
0.521110612070499 3.01577786052497
0.525689581377008 2.84851259675854
0.530062128909127 2.69821148574627
0.527085417138769 2.8061187935415
0.518335938088575 3.12961549473454
0.526953755564957 2.80972467933918
0.533465368366907 2.57224652337828
0.522935593206711 2.95699710831597
0.529480909646733 2.72417710331307
0.534748153574177 2.52843700698297
0.532666412685987 2.60361337303576
0.525590856162034 2.85873638274889
0.519085653100337 3.09570876379072
0.529517003481722 2.71822546081716
0.52420670277531 2.90291268335087
0.521570915421462 3.00272571533477
0.528879878983737 2.74378871014778
0.527049249320924 2.80959566426731
0.526399868898254 2.82809563220458
0.528666340553575 2.74704986151576
0.526918579076993 2.8021809331931
0.529820387375477 2.7110864365743
0.536259278645641 2.4684115345986
0.532624279233743 2.60563121121092
0.533798455269798 2.57400192532914
0.519059166003447 3.09398068419875
0.52518649729085 2.88440220992434
0.532469076266692 2.60340828216142
0.539521469976058 2.35680623287513
0.530720389523166 2.66885512833783
0.530555211419112 2.69056360220951
0.521942131901915 2.99831428376084
0.521136847758701 3.02567249342212
0.535378279034856 2.50539696430075
0.524607988757967 2.89284008237251
0.527437444513701 2.7926406692625
0.534034075503805 2.56421644278643
0.533157164071108 2.58885130682104
0.524655630183369 2.89868654087073
0.531987070933286 2.62847212860633
0.52378348569455 2.93020954298365
0.526593023011612 2.82611780025848
0.522350240537824 2.98406625052897
0.524500669961683 2.90978170851177
0.5276970656664 2.78535515686243
0.535535620679905 2.50126633152675
0.522637948117254 2.96604751671907
0.530798673053121 2.66656866417787
0.534215132972236 2.545387530038
0.5217542341581 2.99201637953013
0.528368148055699 2.76330003462503
0.523689233835295 2.93800039869436
0.529548415842906 2.70857118446057
0.527449495934824 2.79250594370428
0.52419287001719 2.90492124570507
0.52614579488336 2.83959123212205
0.536134643555186 2.47755713679535
0.526525185454273 2.83244480501597
0.526084083577731 2.83624393337618
0.529101417634464 2.73401365693857
0.529136148021605 2.72664506243712
0.524071120857734 2.91739562487497
0.521137087019063 3.02106301700644
0.532080617691156 2.63188253073932
0.529894055029376 2.70566829077058
0.531505329244838 2.64426854720358
0.518659585806429 3.11267567431559
0.5275211258899 2.79405053797082
0.528639009364064 2.75098967927925
0.536496558569311 2.4696576673137
0.527939888186392 2.7699470301755
0.536219244036077 2.47402061561531
0.531925990738334 2.63780788969053
0.528856536452195 2.74514638601935
0.525445526504538 2.86630679117906
0.5301518772504 2.69356329900986
0.533900364132868 2.55212228557604
0.537896165160418 2.41764580359746
0.53823118642198 2.3987091024384
0.52792177447096 2.76667646403584
0.522053542961283 2.98993737322968
0.526128462872942 2.83646663122815
0.530724589140816 2.67618460082244
0.531220681433847 2.65755092724431
0.526224871598534 2.83958973382795
0.516629592687949 3.18787613980777
0.527575281791032 2.79755120075988
0.530421865854801 2.68497168496395
0.531479056261374 2.65311826797128
0.527362273635542 2.79393465534737
0.530296302168613 2.68684528784835
0.52468074773242 2.89118712082266
0.53024155906897 2.69208769817771
0.525033860247502 2.88474022425115
0.529585766201969 2.71671944752782
0.536367549679168 2.46838305459048
0.531617067234778 2.64591283208477
0.53411945046745 2.54428547520036
0.525267060817426 2.87394469677862
0.536151012117858 2.47634997976838
0.529977364849056 2.70225574470685
0.526908790442986 2.82077733594235
0.530443427980232 2.68724278604086
0.531770745542014 2.6301699692769
0.533843601673531 2.56025715641533
0.535544319112621 2.49264167020202
0.523213667799054 2.94373084309286
0.525102795386862 2.86934674614071
0.532303681024791 2.62033296479372
0.527748668946483 2.77646856617936
0.530706121132456 2.67240173737037
0.527949920737648 2.77486562278192
0.529290052983601 2.72052429733864
0.535168988636967 2.50308797554194
0.528360504800715 2.75993004784016
0.526830428097333 2.81001309670926
0.531190656489985 2.64692425100781
0.526805288019734 2.81677687003846
0.535448972861756 2.50087676193105
0.529408537942282 2.71855334797345
0.543649402587614 2.20677913002796
0.535139482100154 2.51641419698618
0.529773833773469 2.70430732234215
0.528343139045398 2.76230438697106
0.524423250514761 2.90104167924147
0.525085892948157 2.88263319501352
0.527240437075623 2.80622352186567
0.540664681479742 2.31150241743219
0.531299708364673 2.66136113460061
0.525239443712114 2.86709467473988
0.532019395290997 2.62039059697201
0.529383856792505 2.72613165088963
0.523797498576823 2.93156964731436
0.527854000322191 2.78088929714183
0.524808867612958 2.88960498953416
0.52816745624536 2.76108516002708
0.528307948913794 2.75753867654882
0.527814213028379 2.77685473660873
0.531916550254207 2.63025381334275
0.528541148260815 2.75369497146743
0.525377986711682 2.8652805530654
0.529245380170751 2.73018879121276
0.523010772334768 2.94606193137327
0.530916089510103 2.67236051780621
0.540458519895398 2.32036511135896
0.519904869713664 3.06500086710891
0.527977790071237 2.77127256933498
0.528460307679602 2.75487368812047
0.52904702918857 2.73761741872253
0.530875363272738 2.6654809887752
0.526896171928127 2.81095781607836
0.525860246726637 2.84700010350146
0.526412207737158 2.82843337147349
0.527734881982942 2.78824639814161
0.530991417382549 2.66501202872748
0.53028801241011 2.69252271920885
0.523368349525877 2.94510337284312
0.527621350893149 2.78997520284467
0.527163396729395 2.80804465093587
0.529401190324491 2.7258540696006
0.526548338751916 2.83169928114253
0.535239909416035 2.5147349107049
0.528447728619907 2.75034079425208
0.531348242645757 2.65140051251309
0.529314681671902 2.72710028367987
0.526938151537632 2.80891447408738
0.530738189167111 2.6766219339028
0.531561444864893 2.64450637271082
0.529833497851744 2.70160773796747
0.535282616228767 2.50865393673021
0.529422263054539 2.72701917814898
0.515937186445611 3.21045891037885
0.529008277109918 2.74644702711673
0.533082375403953 2.59055721325687
0.52679635079423 2.81638587251303
0.524404038114441 2.90711318394095
0.525564533113944 2.85732359391543
0.528105129135545 2.77490581979137
0.533909225529855 2.56294837410312
0.526864891948179 2.81322299176072
0.535068111321826 2.51914000005041
0.525284494607868 2.86831805195469
0.525777472439916 2.85501598750833
0.517700407292713 3.14800359929854
0.529489777073845 2.72357874838639
0.525051999547081 2.87407827890553
0.528473878092602 2.74883070993465
0.518013161254087 3.1409191342666
0.526294541361253 2.83531727159537
0.530536255275842 2.68436628946358
0.52787299801995 2.77997273456567
0.531956421272056 2.62492381887296
0.525043680386616 2.87118923683107
0.525117815723522 2.88606352094432
0.534677852232096 2.53529379336439
0.520619092358401 3.04111321434198
0.529727357612685 2.70989122394445
0.532943744615039 2.59430336360288
0.519303671109517 3.09127080508036
0.517532662135771 3.15673756307718
0.526173865068169 2.83677939321282
0.532484892007944 2.60117695265963
0.529984596868027 2.69760262132234
0.529264567867456 2.72140906728299
0.528678147690035 2.7531574684505
0.537456156441816 2.44160357688432
0.526703198464669 2.81444853054259
0.5328614646525 2.59622225044098
0.535395951261048 2.50244474636608
0.533822461220815 2.56754704971681
0.518366666083064 3.13155788438474
0.530156100820144 2.69439236567255
0.522190177279172 2.98615806461141
0.526276435668897 2.83882713134537
0.529934452248739 2.70129852366941
0.524303334974643 2.89972402732476
0.531328293200727 2.65197194614081
0.524544273004527 2.90109142213446
0.52736129855019 2.80541781149828
0.527525917842391 2.78466529092539
0.534178807376597 2.55998197162236
0.534594117055706 2.53095502312593
0.524921742748413 2.87992094233873
0.52421501410959 2.9136260470009
0.529181945001384 2.74118728662892
0.533441679608815 2.57294937409425
0.535969354060256 2.48799427313289
0.522738892404661 2.96268515685016
0.530911587560437 2.67218837794853
0.530903266653927 2.66842998676487
0.528517554418999 2.76154971028093
0.535268417007182 2.50972005079975
0.531859729606546 2.640298180939
0.528328277218066 2.76182036804973
0.527678139582488 2.78688873293124
0.526765355095267 2.81540201162086
0.535112450494815 2.50860774237425
0.522435860205398 2.98279836979799
0.523438739027639 2.94058359352067
0.526563816490464 2.81953264500309
0.529210788777539 2.73057507568469
0.528418893274473 2.75587256172364
0.525652171435162 2.86407244962016
0.530206259047477 2.6963361722881
0.52854048556975 2.75663004582058
0.533116050781055 2.58672500377329
0.527890816130301 2.78013175888953
0.52680462623136 2.82090727499114
0.53389317298424 2.56097715782639
0.524249199058851 2.91514000072599
0.527108698904401 2.80961720359998
0.526142966743494 2.84319793620563
0.531936633436544 2.6237978828478
0.527480801868044 2.79248303230108
0.534900087847387 2.51859143863983
0.528223480985198 2.76011687580299
0.526689577260083 2.81936306526676
0.53376532000024 2.56569726742311
0.53028304025595 2.69200152720228
0.525663394075831 2.85501576027684
0.528771513214398 2.74492948073545
0.537779640916379 2.39665796703928
0.520107318350743 3.06717066863746
0.523769969342878 2.92645450162929
0.525616214055938 2.85518605973776
0.530205975586109 2.68490855738085
0.533866333487654 2.56044985462007
0.526068348772348 2.84799614106376
0.531104177259312 2.6587362924232
0.52721509051232 2.80532486522961
0.535293917855738 2.51085450428466
0.526184693244831 2.83277529922433
0.533001998575496 2.59425559481063
0.52322950654448 2.94774793949317
0.528833476076674 2.74377898614669
0.52344580064314 2.93676726531804
0.541642106121466 2.28191080151878
0.525754460325697 2.84985923954874
0.526799985399516 2.81836566104703
0.526393169883781 2.82549867758564
0.529330837983429 2.72676657301739
0.527985836852047 2.77810734312436
0.527912837077774 2.77416570034051
0.53098925326003 2.67229387193688
0.534108068828108 2.54674195189341
0.53210194878903 2.6155167363554
0.529201163885462 2.72392235641923
0.527956362303881 2.7839969013509
0.530776742195547 2.66978035672963
0.532647246250317 2.61099171535833
0.521853876787592 2.9860171770307
0.531037610411127 2.65980495882479
0.522529297508266 2.9705211389324
0.523891180113896 2.91886416438122
0.523769897491768 2.92735546536081
0.529891101223803 2.71107930286466
0.526715587998066 2.82030264105823
0.519461576485023 3.08020604886239
0.534344799901495 2.53436522669984
0.531849137466965 2.63452817848458
0.525058697724283 2.87422611515898
0.527804043331903 2.7862992819935
0.526678163994249 2.82347124090352
0.531844291915471 2.63569809424397
0.52172609681866 2.9999493691748
0.53182120508264 2.63946456922927
0.526104316986445 2.83643020669844
0.529881063568283 2.7070425852969
0.527375200903536 2.79922398346032
0.528699693104216 2.74967434986747
0.535558235281015 2.4920557425343
0.527515719769933 2.79075151951116
0.523544053686744 2.93819181870373
0.541389951072036 2.28318419840092
0.531965428835771 2.6307965234942
0.530119650694762 2.69628446205779
0.524869011311964 2.88623989031943
0.523553444898971 2.93953859799172
0.521133757402249 3.02531593829005
0.527210476386604 2.797483183821
0.532155293754166 2.62724628776718
0.531839502418556 2.63498738197777
0.527339506848458 2.802059502078
0.527275413478968 2.79460466714927
0.533197950007803 2.58129989041278
0.530977117382199 2.66723587248199
0.518329880858963 3.123368268563
0.518896715027337 3.10590227596741
0.531202354025519 2.64621276841151
0.533447226760711 2.57963081538912
0.53189499040752 2.64406737702419
0.524134415667686 2.90637129682773
0.522788059596293 2.96136672832505
0.525336549723819 2.87264591030644
0.53014493184282 2.69437039668915
0.538337543137288 2.39123873049733
0.52849472649847 2.75285338029428
0.529333735881178 2.7261278297091
0.531960755774618 2.62588945122859
0.530533791511538 2.67887397941971
0.527030919349078 2.81400970471088
0.530015435235512 2.7018917738271
0.527125838837187 2.80521003019135
0.523178200024995 2.94375415234336
0.525920109785817 2.85068034974613
0.531372127888356 2.6450430027567
0.528311229547811 2.75836990796634
0.534430218161559 2.54362429569282
0.529072827842835 2.73303035542153
0.522862090278395 2.95235803150806
0.53270866125097 2.60394772018517
0.531335787441972 2.65069521321041
0.523127848279126 2.95417391508823
0.534364215497511 2.54728123329869
0.525497310055161 2.8644423512738
0.528189827589203 2.76207155960808
0.526339920340984 2.8375481989637
0.528554488601801 2.74833808290656
0.534214020156907 2.54612121854662
0.528641157762183 2.74537482112338
0.5341007245912 2.54769773776539
0.533054969734812 2.57938713608706
0.532217848185318 2.6191542777642
0.536342602602741 2.48035442524157
0.536709151765174 2.46128516860407
0.533456932919514 2.57198830718139
0.535443540857929 2.50094986523189
0.531172426910408 2.64530317221859
0.525250940223328 2.87295294880426
0.531858251397857 2.64514863411587
0.527959461592212 2.77120534180414
0.523165429565326 2.94752739085994
0.525041648493048 2.88412045971941
0.519297975547003 3.09533373993829
0.519902668126231 3.06256087141007
0.531562324125824 2.64456920977151
0.524987346546797 2.88533687704876
0.529237983632719 2.72946763245288
0.528835949114235 2.74926216298014
0.529810593646674 2.70977421377238
0.525840988815005 2.8506147082043
0.529999522127131 2.69649966131445
0.534517453031514 2.53853899103755
0.527530414336347 2.7922084532051
0.530834196839273 2.6713718305536
0.535643496019599 2.49781765418964
0.522175174420771 2.9869552144988
0.529125022130713 2.73177400560032
0.525053078842831 2.87482251255878
0.529957893499168 2.69762050901137
0.52232634721156 2.98009709702167
0.529433563197659 2.70996058729241
0.521592769864168 3.00803710681541
0.525823437354535 2.8522481676584
0.52032461919383 3.04582350976201
0.532312466689287 2.6151400294129
0.523270130922578 2.94734074169713
0.532621019491521 2.60963903853021
0.529331034944671 2.73256748376471
0.527115800536108 2.80337110608093
0.527799088157364 2.78567997764929
0.536170800733481 2.46967922739465
0.537283574777737 2.4350372434805
0.535819647366997 2.48672519113116
0.528266614543827 2.75785448671739
0.530151739475575 2.69242940244708
0.518795115397976 3.10568670497141
0.536143011232469 2.47742220079667
0.521334418423317 3.01633810591884
0.524707406755689 2.89331990289618
0.526738828621873 2.82303537325866
0.53056225548392 2.67708574756133
0.523534033035982 2.93784114325142
0.521099097023705 3.02356825567433
0.519853506988333 3.06285523104379
0.527232396767777 2.80041271987722
0.52853225612239 2.75048829039375
0.532743863826757 2.59325015712097
0.52901236757825 2.74069136815028
0.528864965720336 2.73380720843538
0.52515101831551 2.88297765667996
0.516105126484805 3.20926660442589
0.532894556124625 2.60075655590279
0.526410009914042 2.8434608406638
0.521617733360242 3.00199879450801
0.523372092780122 2.94429297808977
0.530354707889225 2.68394499382326
0.531382688911205 2.64662583296587
0.528843919095064 2.74555471649232
0.531481698512964 2.64541762109944
0.531346527754282 2.64444022297582
0.528399512432296 2.74910054854728
0.527784023226388 2.77714924552578
0.529455445248935 2.71709382517534
0.532599068470983 2.60772694793307
0.534844344692227 2.52402119491123
0.531667401995687 2.64284299223339
0.523541299771503 2.94010442959136
0.531852243397444 2.63480417580911
0.53844508438427 2.39163198314857
0.531017315404296 2.66055763506488
0.520197914470693 3.05188457341003
0.53088242390968 2.66966070913616
0.533048323026367 2.58581579554419
0.530072098989974 2.70294551933848
0.524349158398423 2.91118082554662
0.528978114417172 2.7434222868384
0.528178550023467 2.76660369240096
0.533388882007962 2.58034091113728
0.532399786639256 2.61428952975324
0.52741313497941 2.78897970212027
0.530927729289082 2.66748503183616
0.535621936445696 2.49397751906028
0.529087701744971 2.72713922334619
0.529272580014009 2.72522410299324
0.533668535152686 2.57501854149383
0.530383558310582 2.68381168691956
0.527068452174222 2.8031002958052
0.531578059536663 2.64419385787359
0.519312582291627 3.08644999637414
0.52899450149419 2.73365085412509
0.528928567266182 2.74306922033425
0.52066224401474 3.03557677365688
0.527569455614714 2.7846039774431
0.529979770816265 2.70678227932592
0.526030840840133 2.85083461992249
0.538859650325576 2.37479946258661
0.526300021467382 2.84048363725184
0.533824677433714 2.55899815637851
0.52592672261128 2.84786228291029
0.518472845483616 3.1234244030759
0.521176661962967 3.02010787198433
0.52674694735833 2.80921041061111
0.526542543398921 2.83312003318434
0.524929720768694 2.8872199393814
0.532905926831445 2.59975608093428
0.532587282527131 2.61224210292819
0.526923199324184 2.80922771582884
0.530042222535245 2.70066169271919
0.530585821796628 2.68304613671517
0.523048796758103 2.95127798866091
0.531839290830889 2.63605868453221
0.522893204830881 2.96473036132997
0.524570334766526 2.8936779964053
0.529329831122602 2.72501654756208
0.529409571931627 2.72899293663001
0.523685600145771 2.9324716008653
0.531541119393489 2.64812019296221
0.52693246546299 2.81055345553521
0.530004852236628 2.70100306905998
0.534453165407691 2.54143374179785
0.528941749650898 2.73629710553891
0.532494000193526 2.60290277198501
0.530594243984756 2.67779744027734
0.531215751150503 2.66191075351764
0.523990848709594 2.92782076428812
0.535527923296263 2.5003428326365
0.532387748702792 2.60801369880089
0.530746056874432 2.6812675299405
0.530430663687378 2.68153874274049
0.526059391034192 2.84388585030803
0.524099583894059 2.91688927087248
0.533054053131413 2.59680949434286
0.526318689807971 2.82877598825826
0.529704071032891 2.70906630260552
0.531663485665751 2.64020557022954
0.539552138920176 2.35073074795528
0.529177495102603 2.7268272118388
0.52826551005834 2.76542932970028
0.532777562189303 2.60225969240222
0.526453750448287 2.83062190861853
0.521009788591011 3.02698429688807
0.529144259470541 2.73192753114004
0.529384652116541 2.72788087466096
0.524861394446985 2.88856311258976
0.532973808650848 2.59716456425479
0.531116479916728 2.65884124413581
0.527155225379913 2.80460911493319
0.528069580008487 2.77196837794289
0.530695361341734 2.67261441631301
0.522449797384729 2.97992761270588
0.531112175952679 2.6644494202527
0.53007171725187 2.7013542236424
0.528590622630051 2.75443754834665
0.52941980885451 2.72176992748804
0.524587888220259 2.90091529670316
0.518143715481939 3.13797929095804
0.529241542900745 2.73460539454461
0.5219145358016 2.99339957126321
0.523087966842681 2.95557320224122
0.527058968411592 2.80387657052481
0.530764004055325 2.67201999032705
0.533310200378873 2.57702576214288
0.532978009590114 2.59617339283152
0.520893860642815 3.03142421537956
0.529560529350218 2.70807742392983
0.530489411512273 2.68461976082722
0.527130236715828 2.80453432498999
0.52681461400532 2.82318626706421
0.522864050159332 2.96632124438505
0.523562072755712 2.93920182540066
0.535460382395126 2.50100457888981
0.530533329742635 2.67881321902278
0.528078312927938 2.76733449958955
0.532523338073723 2.6153677904988
0.525080604319133 2.87823411863442
0.536163217209374 2.47395746228053
0.52871327191434 2.74801617920214
0.530122286828445 2.69427134838612
0.534492736020723 2.53738281848283
0.529351960899359 2.72126243390411
0.526087868835535 2.83830456145786
0.528813907768925 2.74675992206848
0.521149885867487 3.02302893240822
0.532417061774807 2.61607592391204
0.532920852876385 2.59306490950473
0.528061408989066 2.77260218423249
0.52395599190106 2.92311108211999
0.530457573376564 2.68677122225827
0.522837069572884 2.95774769381751
0.518548248798106 3.11816950287979
0.52418655039274 2.90696035428857
0.53199563108289 2.6231292963924
0.5291347673943 2.74007108029453
0.520092120101795 3.05424625226097
0.529953335690511 2.6993446357665
0.531754450676677 2.63821977481225
0.531832302166574 2.6368436840418
0.536484917552984 2.4620176557533
0.531224094759988 2.65594513360277
0.526740731704907 2.82173572925812
0.529172194049986 2.73424851622263
