0.390831031475773 1.71406668336398
0.400770409346972 1.58596190230356
0.395320154508378 1.65560829878731
0.392450755226723 1.69479002484343
0.395822936619507 1.6507253962578
0.395564565355721 1.6551850380779
0.38832900076941 1.74384609981194
0.394127043130749 1.67051907390496
0.394911948594934 1.65907072778482
0.395571175179063 1.65197201293336
0.397631360379268 1.62612744437009
0.391837411647359 1.70151355220234
0.392981114213903 1.69041667384296
0.398826161715959 1.61123318607179
0.392436743629939 1.69867980786233
0.393490447214963 1.67926684991774
0.394922580337177 1.66230569963274
0.39633203059269 1.64261109589914
0.395273301512062 1.65641551182947
0.394377988530907 1.66886895845361
0.3954226519494 1.65881734922452
0.397687131126967 1.62857518939214
0.395335786365565 1.65672334269511
0.395367040083214 1.6597532006714
0.395879716281864 1.64995888119368
0.394492532866145 1.67055109616352
0.397526648486121 1.63065367459928
0.394813047267759 1.66615393290777
0.397082474111954 1.63668507233862
0.388846585488709 1.73954847430298
0.395059422188558 1.66119913853024
0.393865935394507 1.67928977900828
0.393176534241112 1.68458902788853
0.391627080112599 1.70415738429106
0.397134048129554 1.63012949758084
0.393822786345136 1.67683924490886
0.39858382333522 1.61239660903898
0.394013399301411 1.67566904695057
0.392823046086473 1.69007400540079
0.393223404922614 1.68806347687808
0.401855719581782 1.57280212738221
0.394176876343721 1.67399304821726
0.395164735774178 1.66191604484015
0.392416527396516 1.69981382580358
0.396342169903616 1.64743509058929
0.388823858851565 1.74229820171583
0.397442304562867 1.6288927683026
0.402217936343798 1.56255022548461
0.393569905059887 1.67961025530026
0.39610024703138 1.64682017615389
0.397083186433567 1.63424280952958
0.392805736032642 1.69309671493943
0.394911197938271 1.65634599411265
0.392688571097689 1.69354803991298
0.393075299563814 1.68633170728817
0.391112677012993 1.71204165985369
0.394386127814411 1.66787165037305
0.39227762002207 1.69771388256355
0.395849974346453 1.64635845880027
0.394270754294036 1.66863775868504
0.397900262239955 1.62270955123841
0.395363877127501 1.65328738937149
0.398741299502773 1.60957138900569
0.396847645863135 1.63789479698248
0.398677457527185 1.61537108902893
0.392800078678486 1.69200001031464
0.395979499915594 1.64647301826208
0.390246808136464 1.72635160014709
0.400654287502344 1.5903959965937
0.39751239674891 1.62674735276697
0.390322607765643 1.71945756499453
0.392029325137246 1.70098162831852
0.398881071007884 1.61186382749579
0.39995533651619 1.59711114896237
0.394939831295404 1.66737152472139
0.391958106394389 1.70148028922888
0.395403006690935 1.65722749647162
0.400094383010979 1.59017876450124
0.397057267313921 1.63280471224678
0.397997340280009 1.62481886605341
0.397176709624565 1.6325656357024
0.395668773370827 1.65298014648927
0.394935621746082 1.66005683561372
0.391948418907723 1.70556551367769
0.391324363542301 1.71176844625036
0.391586742397802 1.70510651496308
0.394314813441044 1.66960802320322
0.396970766796896 1.63354067169612
0.400201232059162 1.59330066871377
0.389588554285094 1.73359098646174
0.393141196730648 1.68973812647798
0.392796461321171 1.6870488705689
0.399813647853103 1.59976924805483
0.394339727781155 1.66613617087281
0.392940636000046 1.68543484184258
0.39806160213855 1.62089946112664
0.397358356954445 1.63705967969584
0.397811266322027 1.62411532101135
0.390563359683976 1.72091417488183
0.392860445588027 1.68817391274693
0.399177501758726 1.60580820250818
0.398035525771694 1.62052770585032
0.396080143173035 1.65197803785198
0.396040293508091 1.64832525432724
0.39728471749946 1.62973308354149
0.395742530503883 1.65121115271946
0.395939634391664 1.65253468065717
0.388633878094922 1.74365304223676
0.391408703664051 1.711600702505
0.393222373924211 1.68779698160972
0.396671040312183 1.63888996719355
0.392420426123694 1.69264893893374
0.3978763632189 1.62213487478327
0.393824411787112 1.68091605900607
0.395057773981327 1.65624609478462
0.396193073950649 1.6436632546036
0.398400565108505 1.62028143591904
0.398435879145433 1.60980735710932
0.395842925543862 1.65425707524118
0.396301282672407 1.64425374003846
0.397167138802118 1.63295702923879
0.395892131163916 1.65225144583516
0.394484430263976 1.66542574049743
0.391932133795588 1.69870020386069
0.396747674548806 1.64064711153762
0.394739210666914 1.66457057756304
0.396835016555983 1.64081896866878
0.388842513645988 1.73920017800209
0.394393913160578 1.67123009909479
0.391316580418453 1.70814686925454
0.392579822472514 1.69296203042893
0.391354043767182 1.70477849147522
0.392708196333257 1.69477574929265
0.393136878648028 1.68954246808297
0.393754941418298 1.68017435498619
0.39377035863676 1.67691534835765
0.398447976332521 1.61423437297724
0.393473820853614 1.6801300014913
0.39525943315049 1.65350967404467
0.393134530152968 1.69205471837884
0.393305783225883 1.6842363382739
0.398369389098564 1.62090975375907
0.398470795286212 1.61397349791006
0.394923797929537 1.66256898131546
0.395246991172787 1.66380996928121
0.391271810560045 1.70634793556984
0.394085636126397 1.67624785863827
0.390377322677827 1.71854030626536
0.392978919180813 1.68351911216052
0.394628652684093 1.67286752919308
0.394321122603138 1.66762569881131
0.392828088009281 1.69279394166724
0.398758496557364 1.61081281466816
0.391270319719286 1.70595118249309
0.397767475884558 1.6265029741574
0.395752306602433 1.65046892368165
0.399599441415338 1.60442200494127
0.393459857332532 1.68102313525574
0.39726682649131 1.63258630400021
0.394601948070158 1.66455283941323
0.396412364950308 1.64751557745593
0.39667754471419 1.63903175234865
0.39017470679827 1.7233591863546
0.39231910442819 1.69858344696484
0.398023686357883 1.62146832148864
0.396152358815646 1.64372571184399
0.39266581746102 1.69140837610598
0.398638846782043 1.61567596805554
0.39618087019282 1.64352928826525
0.395832580741757 1.64978574592435
0.397013838709505 1.63513953939431
0.393028696715673 1.687661373615
0.400001742338721 1.59667961565978
0.391792815912762 1.70127924072398
0.399190734256843 1.61095061863851
0.397292549506002 1.63266509703264
0.393880334303382 1.6791121529263
0.395285493662779 1.65516297691978
0.392493772681947 1.68864599278967
0.393599745217492 1.68414843487336
0.391426913231094 1.70678622488309
0.388323649044387 1.74652921081553
0.391966759847114 1.70092644797079
0.399784819222444 1.59742054767533
0.395523571447479 1.65595153353507
0.39699580265543 1.63538781283774
0.39760290445739 1.62950843427558
0.394072010135874 1.67458072733273
0.397037950040689 1.63307641285748
0.389992338325401 1.73140561624373
0.395885719785863 1.65151841535709
0.392835110356835 1.69157333296228
0.395814485344029 1.65109628337688
0.391749211270285 1.7022209320507
0.391501564066084 1.70632266197597
0.395907322213311 1.64600080749384
0.394375264207169 1.67250005530118
0.400964921439207 1.58291919214695
0.394808227837273 1.66427670400067
0.393498686576689 1.67762001398136
0.394044125482217 1.67284921388325
0.397675780911793 1.62349490214272
0.39607918926092 1.65159524788122
0.401238116497533 1.58397887400857
0.393089144681682 1.68439658660133
0.400921362487236 1.58034832391107
0.391902326939945 1.70137582886424
0.39362789938164 1.67460708968307
0.38863885632148 1.74276909037893
0.39346072341716 1.6818748793418
0.399487835306747 1.60400844609627
0.398687456613322 1.61379320627673
0.396207378862791 1.64456293889965
0.401067786656656 1.57923561738592
0.39337993491075 1.68055736778507
0.399472982528619 1.60444916385377
0.391602996012701 1.70564208671369
0.399129213045512 1.60999193943118
0.39398460575875 1.67388666405883
0.400258819925727 1.59200059243942
0.395663896478137 1.65139079486419
0.398707058758929 1.611367057906
0.392473032690774 1.69575749514958
0.394098746063254 1.67676791009633
0.394770461205323 1.66428294928463
0.393705869857919 1.67967315550821
0.39374145963147 1.68156333366761
0.394208071400718 1.67227177147093
0.396062691212642 1.65149320243718
0.394007549865646 1.67353141434346
0.397447912740759 1.62909429544043
0.393797712403559 1.67627998561967
0.390504523253906 1.71925959443846
0.392648497712502 1.69215874334616
0.399157057985344 1.60901986133811
0.387448098983995 1.75884577680093
0.397080490511016 1.63621190688774
0.396592344535067 1.63808262627572
0.393643487545602 1.67818813396097
0.394135840733106 1.66907829846753
0.386347676402332 1.76733903327137
0.396950226380593 1.63772114563979
0.395394619754168 1.66018035159238
0.39472552345205 1.66467719273524
0.395282130117286 1.66133980842902
0.392995581248095 1.68899186966082
0.3944071444409 1.669989526148
0.395568514107391 1.65326432866762
0.390942564355814 1.71482169309537
0.3935834470408 1.67998144376279
0.397738394459275 1.62370787677703
0.399876236143167 1.59796974551642
0.394929609670167 1.66242657244524
0.395754175213346 1.64906125311159
0.398832965133192 1.60948012667327
0.397392937592437 1.63156079122876
0.398049210517062 1.62353074662241
0.401128636277746 1.58140264968983
0.398259839404285 1.61743425502177
0.39258744546766 1.69210780702101
0.397242620512756 1.6357995452259
0.392832518466532 1.69198113169969
0.393114818975537 1.68561049200181
0.395670269403468 1.65351654995317
0.388534220225042 1.74239056709039
0.388957668083948 1.73923407185742
0.393668401877249 1.67664838884415
0.390758324471758 1.71709660590566
0.397671874073007 1.62780145948321
0.398466214009457 1.61136272804939
0.398803685498464 1.61346569651098
0.395824925364224 1.65356134818174
0.393890899536257 1.68059740789053
0.389003647735328 1.74379736745735
0.392180620259909 1.7019683453373
0.395578142918459 1.65540739304423
0.394964621570053 1.66024667723159
0.387401632429968 1.76143909217437
0.388695200956778 1.74291822215596
0.394217725102236 1.66820088933448
0.395572540328384 1.6558111860022
0.39562603927769 1.65347468951623
0.398482688925572 1.61803955663549
0.397161004828748 1.63050356554698
0.397000593529838 1.63313103835947
0.394897735071393 1.66725625528264
0.393731427451565 1.68168182634204
0.393134014477878 1.68851532972174
0.396285463086421 1.64175479799529
0.396204599958315 1.64965237993165
0.401278443057281 1.57794824166033
0.39446669030101 1.67442897459528
0.398229014375564 1.61800056141951
0.393636255207952 1.67645489730138
0.395518843232143 1.65528439277413
0.395119475797518 1.66177083297312
0.396812219176475 1.63607820596238
0.398175608608375 1.62032157683545
0.39911212857497 1.60823550437365
0.395231130407801 1.66481191494069
0.389156225368853 1.73918809085836
0.391368874960258 1.70509389901203
0.390997926043393 1.71132471070356
0.389994064510195 1.72801511845765
0.397180375436448 1.62818794967572
0.3939045486914 1.6749756160322
0.394595871669441 1.66195225205922
0.391212064941792 1.70952016729502
0.39295243663262 1.68762760613052
0.393652218714027 1.68225011290297
0.395589332396835 1.65386828873851
0.393334212833153 1.68658102768806
0.398803824425037 1.610600791617
0.39902494638446 1.60874817195182
0.400070861864283 1.59893804997461
0.397220396858951 1.63405910904199
0.396411734206564 1.63976025889418
0.396916494589588 1.63817401091105
0.393902151511342 1.67482263037062
0.398753967515849 1.61076460459448
0.393542482978162 1.67866746983771
0.395578545678211 1.65303284421254
0.394567564838648 1.66537122261913
0.393645611555861 1.67694952119194
0.396553234725556 1.64012796531483
0.392848255356603 1.6907373054643
0.396284775808844 1.64466232021766
0.392614725249062 1.68849391847187
0.396560378633836 1.64191280751127
0.397570282517123 1.62895888048746
0.396451938450943 1.64434376811631
0.397094375983809 1.63464266113311
0.397149160481166 1.63405236550217
0.395729182563067 1.64906184135591
0.3939376879206 1.67322981729632
0.399063896297244 1.60897629210111
0.392374498819902 1.69421874416879
0.398170284604373 1.62356979619202
0.394090376619188 1.67511845362205
0.396733193287252 1.63660107511647
0.395357286492675 1.65343298272391
0.394055276783075 1.67375950678674
0.395718288939562 1.65265224387437
0.397885281244373 1.62287046279766
0.398748249088885 1.61489106385555
0.396785774164073 1.63433077492693
0.395498400538659 1.65435339713898
0.385188466234983 1.78801920066535
0.394127421622508 1.67296014814402
0.397042549414184 1.63457999936498
0.396907231062869 1.63636220438721
0.392540163366481 1.696744947384
0.3945593960697 1.66742390069999
0.391793079700821 1.70522644940722
0.394009709043116 1.67733375120011
0.394365469100037 1.67069148853264
0.397937517581394 1.62603644639073
0.397436996716852 1.62897302449731
0.392424871937463 1.69813476636985
0.395561139172008 1.64946422999175
0.391536501418007 1.70695847688202
0.396443967371918 1.64456909249269
0.395711555502818 1.64967387191167
0.393514026664618 1.67875258093523
0.395947862237168 1.64791681761753
0.397570795117779 1.62719866363809
0.388140130117157 1.74745892622434
0.404006410477245 1.54362816826653
0.393143593573709 1.68473708893768
0.393582355887392 1.67854175745374
0.393078709294525 1.68913968094111
0.395922464791792 1.65387940340776
0.402769320977087 1.56182439409231
0.395277359180191 1.65603809346748
0.393262220639755 1.68366225751659
0.392707809361761 1.68892893716867
0.395121102825399 1.65707262389928
0.39770608037593 1.62528291687936
0.388707143371123 1.74441904681364
0.394694661134281 1.66821354174432
0.399842768846313 1.59822318146512
0.394743510490908 1.66257392469532
0.394493885466288 1.66444074557899
0.396093765512401 1.64920060365991
0.395289299693167 1.65784403233184
0.396303277627054 1.64308478980345
0.398764393796605 1.6105795339665
0.393918762847879 1.67764632998096
0.390994176170659 1.7152141299195
0.396753212781629 1.63594245287658
0.393178696751621 1.68381459075379
0.394427846693227 1.66590584369636
0.391777738575121 1.70312030622249
0.393771176694046 1.67559465002584
0.392987469327696 1.68926229086144
0.396351730377457 1.64234574671405
0.397904213805117 1.62010200177919
0.396725207108464 1.63789749433943
0.395541881735656 1.65581497483465
0.393526595035968 1.67744192091763
0.393050039104095 1.68398093751714
0.393990801091266 1.67372740925395
0.395664353299656 1.65233565733463
0.389958461027823 1.72671045296252
0.398444725751795 1.61664951748918
0.394157562439744 1.66914178696383
0.393560284518616 1.68117003136888
0.393660636828686 1.68014481443108
0.39203772650293 1.70204184474722
0.397510769045143 1.62992697714601
0.40084463928192 1.58164452373475
0.396421165661173 1.64455487375639
0.393458129051856 1.68421011775774
0.39607145661615 1.64707816701171
0.398820862091333 1.61308850024867
0.39691586712452 1.63174204911038
0.397731337927065 1.62676241259772
0.394212204452052 1.6734270804701
0.395489479233315 1.65537635733037
0.396037764199707 1.64719988812131
0.396760384660348 1.63833548774536
0.388639019243953 1.74316175016685
0.395592787312605 1.65060319196955
0.398234585331161 1.6185920283806
0.395304710085941 1.65898380471698
0.394377815361085 1.6667160332698
0.3950639355269 1.65642414470161
0.39695871483103 1.6368757187753
0.393131425124298 1.6858575808983
0.39368185864767 1.67867014024357
0.396762580553526 1.63780651366891
0.398685838881347 1.61258644881729
0.392811926957528 1.69508360185986
0.397351855400732 1.62868852009166
0.396666715863525 1.63969437593505
0.400395061767164 1.59192559613058
0.396707158153498 1.6343461413023
0.389911445731701 1.72585267991975
0.394399676156876 1.66782003354589
0.396753113408911 1.63646205642946
0.392522842201028 1.69396615472226
0.39592304678837 1.64944876107492
0.387075247891845 1.76273949862469
0.396410541170065 1.64142855867579
0.39873528848554 1.61563685152956
0.390782143798609 1.71305030242479
0.396072381448651 1.65233975978052
0.396995771852425 1.63577748581687
0.395633828966117 1.65332280446528
0.393477599434819 1.68136924110006
0.392234478499465 1.69465259226691
0.391581658214634 1.7035534586622
0.391231276555445 1.71071048520515
0.396792415359744 1.63229705527284
0.393258736180732 1.68512674322797
0.395128542316602 1.66052328052489
0.397603760076241 1.6269216802103
0.401208924901915 1.57888660808072
0.3889487621266 1.74223831274702
0.389375890963813 1.73419776454313
0.389012514153665 1.73565656478857
0.390608966304671 1.71665279461795
0.393951357452672 1.67285509639419
0.390503512196401 1.71939554598298
0.395411478373126 1.65467125185552
0.3916564793553 1.70577698403578
0.393549037103287 1.67795512564873
0.39579800989262 1.6506971285822
0.396117176294123 1.64828669283298
0.396530467165677 1.64085553632353
0.399605079414711 1.60010422668769
0.398463725618433 1.61265944688679
0.396338067523549 1.64328692719735
0.392416788240641 1.69414824201822
0.397355239748897 1.62949321088813
0.40056791129417 1.58590256416934
0.395905364734307 1.64754212607368
0.394038622433643 1.67323168499265
0.391456338409658 1.70585665184442
0.391352437999498 1.71020753750402
0.3959091536092 1.65035922503687
0.396534459072817 1.64331637113545
0.391168462754049 1.71317976142112
0.396109919313237 1.64794082125331
0.395122754031264 1.65655194636575
0.400835707627415 1.58304583703544
0.394692929580394 1.66272300526101
0.397800449201623 1.62444247398926
0.39733289943228 1.6327788167871
0.391427360538052 1.70628916011131
0.393441271862513 1.67837135819335
0.399446732944919 1.59928910251725
0.391156548430674 1.7150234073632
0.390014660714623 1.72512283286783
0.397710351434813 1.62671141913558
0.397958936213715 1.62001324577181
0.391327360697637 1.71159094850304
0.394418786804544 1.66809140670555
0.391729012507045 1.70780134470586
0.398165669587884 1.61960184670985
0.39625916515004 1.6446054905976
0.395926914194051 1.64947331897963
0.390482957188583 1.71855743631261
0.396472330557633 1.63837841060524
0.40017765100957 1.59464739803096
0.390359629501372 1.72087393608235
0.399912994476512 1.59703947232174
0.393849790293079 1.6752508825736
0.395412710708203 1.65380488799812
0.397397042327222 1.63080452422767
0.396658455047193 1.63833937387541
0.395200465701245 1.65543491441987
0.39537249174715 1.65740857382338
0.389323239730578 1.73580229470662
0.39504709895191 1.66196988756249
0.397528010572268 1.63017737871066
0.394661243446603 1.66607511506889
0.395847263444731 1.65039989392773
0.392359703126519 1.69671214365297
0.396663948285462 1.6432916131974
0.394654059385918 1.6652071065796
0.392156170250534 1.69717373711325
0.400820588858484 1.58678319017588
0.395579802926926 1.65292103886388
0.394165857369273 1.67170688798938
0.401149149285917 1.5836831651263
0.393142502782587 1.68604740790151
0.394039009935782 1.67444465155494
0.397836109248106 1.62165951715394
0.398843918742921 1.61210382806646
0.398473786315841 1.61623458980387
0.395875152970435 1.64737800512525
0.394285746701414 1.67053445342442
0.393190598922258 1.68388126266795
0.396802856775855 1.63755340387195
0.399536091743079 1.60222581875933
0.392473768288734 1.69393664811096
0.39949185031273 1.60121775473479
0.394029880865294 1.67307768789994
0.39282916894899 1.68987732769268
0.397185545552933 1.63323036661954
0.395533864666132 1.65513252792137
0.396272326608777 1.64272502332347
0.400301124340522 1.59113161488552
0.393417681682331 1.68588259390413
0.393363790007719 1.68566842144137
0.395075563118111 1.6587309263181
0.392960300150296 1.68667950528914
0.397934605769553 1.62474725382957
0.39661956571156 1.64196856793795
0.389050382087761 1.73745949892766
0.399087815157453 1.6091706308179
0.399930109869192 1.59882549544008
0.39553985857599 1.65259033305342
0.397747960270758 1.62218025526945
0.391195231195819 1.70846545826178
0.397938071247515 1.62596196924541
0.400210587170287 1.59161000822925
0.394996808308633 1.65952512528712
0.396466088981094 1.63904845552598
0.395984468537325 1.65061736247699
0.392717683092411 1.69205085955594
0.395782770775464 1.65221774818729
0.397751704136985 1.62786313300587
0.396254569786262 1.64202407926587
0.391739321211338 1.70378538502538
0.394341113213728 1.66938362723873
0.393855961462134 1.67630215315904
0.39470819199931 1.66222491704696
0.386261323993372 1.77350057727038
0.39354874162175 1.68069562697302
0.395945230963139 1.64830521228017
0.393895326315828 1.67472173851328
0.394315483976214 1.67120816727968
0.398593311201197 1.61536999663645
0.397264146870762 1.63144343610072
0.392568124661299 1.69359415228798
0.395359925563957 1.65275447374834
0.395585351733359 1.65284553417874
0.396386269984913 1.64235590194639
0.400873678232621 1.58383867647549
0.391817527639063 1.70184713226871
0.390808335903633 1.7186575783993
0.394139448278973 1.67218995540592
0.392034783131926 1.70115666125383
0.401109669139317 1.58265382613388
0.397691191916952 1.62731741222256
0.393323340600915 1.67918437859105
0.395615926913964 1.65709503393188
0.392103679119338 1.70260899945858
0.391537267685192 1.70416729178054
0.400103884971705 1.59399646395047
0.397045723793213 1.63524345628915
0.390447050530304 1.72159483646149
0.39317888781249 1.68276189771516
0.39282669861875 1.69016349576128
0.394310599439472 1.66724146876231
0.397105289264638 1.63238363949302
0.39434299366959 1.66908075079037
0.397018793325499 1.6324068449419
0.392299725117452 1.69505255836274
0.39220668474132 1.69306121931977
0.396366420223863 1.64533304634097
0.398825987132993 1.61050745187225
0.388734849060936 1.73982117863842
0.389229434393758 1.73939017928236
0.390442157001799 1.72009491412484
0.400206000016054 1.59366449949735
0.394926884757079 1.66279605503945
0.397225607973616 1.63119676856694
0.397724289988672 1.62759557695507
0.395984871122302 1.64637131851993
0.398578869764591 1.61898616146092
0.395252651098114 1.65960206869536
0.394245817975679 1.67079587207744
0.390071371794048 1.72670587364359
0.392988438405619 1.68548515390901
0.39219522184285 1.69901278605206
0.397483616513509 1.62870039496157
0.391411500180134 1.70822749859612
0.394186599326005 1.67167070090202
0.400816867095461 1.58739219643776
0.396325023042665 1.64714312690796
0.396573352172891 1.64055611495082
0.389439180815098 1.73025703029155
0.395014866749206 1.66202658258718
0.394403302567386 1.66783791025645
0.400125614747917 1.59445203994852
0.395121813022784 1.66124436607278
0.401156750621406 1.5822304167738
0.392183039651032 1.69360488124221
0.398552273803991 1.61595367390601
0.393453635266437 1.68058854616251
0.395463146238979 1.65576986574445
0.392615221297402 1.68962417744027
0.393701192146322 1.68062263108784
0.390560057287762 1.7192477360008
0.39406799093419 1.67653387981142
0.392851710055421 1.68852735056705
0.394559560696748 1.66813535639761
0.395504775480834 1.65260802164419
0.392031122586925 1.69900654661787
0.394005815760309 1.67551015101965
0.390983416752456 1.71337806254143
0.398093194420996 1.61702019525244
0.395767434715885 1.65269992342351
0.390351579632735 1.71978711002121
0.390667144082629 1.71895653512526
0.396693208152721 1.63995286346989
0.395930172394023 1.64609921663363
0.396146691261004 1.64557921096038
0.39281044471862 1.68831373007995
0.395730287774306 1.65326184601858
0.397337830709919 1.63016192743047
0.39368257979964 1.67956937193901
0.392167626466386 1.6957346321931
0.394243951779117 1.67160011560591
0.393260394160469 1.68443027330055
0.392837699698518 1.69161473293036
0.398480652766457 1.61448217156657
0.393926014886968 1.67284661808977
0.39175600373883 1.7057162579016
0.399697453187066 1.5940840033136
0.393127912308113 1.68703788741235
0.396225527930619 1.64514272189035
0.394782949621973 1.662743738548
0.389539994803775 1.72935929583619
0.396204286741751 1.64631669585667
0.390238860876316 1.72378086415914
0.394279114064371 1.669045707542
0.397138733784248 1.63253477877797
0.397646448688964 1.62802757892072
0.393018802397484 1.68376306986503
0.395518674951553 1.65534193639021
0.393213987039192 1.68656721505258
0.399314110238496 1.60332756148432
0.390723259614247 1.71525063244274
0.39531500656045 1.65738263060132
0.39952231215909 1.60461993810406
0.398405715660445 1.61872066345481
0.39331838718545 1.68028664096331
0.393823156438447 1.68049755897129
0.397767557074024 1.62307638009653
0.396740160207973 1.63888755172702
0.394409658465474 1.66868536779423
0.392927597545355 1.68811586811111
0.396489472093516 1.64062849306867
0.398344280174285 1.61448539829446
0.391921384849877 1.69706806993694
0.394800395774273 1.66356103789846
0.396597934037956 1.64179379994322
0.391937263714831 1.7027875233599
0.389503012145621 1.72882859438267
0.396839089697737 1.63196090410605
0.398830919809796 1.61472124102682
0.395603727921208 1.65438347468998
0.397125825483131 1.63307796642107
0.392797074946685 1.68980351102722
0.392880810942214 1.68873085011311
0.40018635077648 1.59134621790094
0.396264187665272 1.64357843159494
0.392163358860773 1.69832271781259
0.395738107544701 1.65286060202024
0.398145345888322 1.6249457129415
0.395351638119622 1.65573233907617
0.393058461500385 1.69028620534985
0.398260055015916 1.61825670593179
0.396717071560945 1.64104391159196
0.396965507568698 1.6373638522922
0.395413980231533 1.65696039470301
0.404173239372048 1.54160900499917
0.393956197018205 1.67285882007178
0.395872092022141 1.65208682600428
0.396751327293923 1.64065640395994
0.396410953509737 1.64493909446011
0.392280126935982 1.69909018171045
0.394337422211733 1.66984549147269
0.393697918667054 1.67952029616484
0.393305813675799 1.68572561713013
0.391455115337138 1.70485240745688
0.395134866164205 1.65751510337196
0.396427546674726 1.64568141758726
0.393786656755743 1.67672374638114
0.393280827870726 1.68414145358058
0.394032767781616 1.674869121713
0.394435989001 1.67043005193135
0.396648450167406 1.64200755389716
0.396662550410279 1.63989917925152
0.398845421498119 1.6121980667075
0.394618178165033 1.66801828194592
0.396862193437032 1.63715573465472
0.393453924932656 1.67881053990486
0.393816817983988 1.67900835205625
0.391826816112187 1.70793751619258
0.397148102567046 1.63434965195731
0.392481103245055 1.69195659913096
0.394146593597109 1.67440774357198
0.394743227620469 1.66386960872816
0.395798747382966 1.65256686954907
0.396812675636826 1.63724475194693
0.393237097409726 1.68625165450102
0.401977733428255 1.57112941792777
0.398198914274656 1.62002093200173
0.392896808442775 1.6883708260108
0.39609836555596 1.64982041443162
0.393101054911618 1.68678320908299
0.39370418933673 1.67683775826016
0.399376891912375 1.60458171957743
0.395459511966089 1.6567916199516
0.397882158420833 1.62425927036393
0.393612277428542 1.68084352276221
0.393477360718764 1.68295366713762
0.394145908212379 1.67236890011429
0.399576621544876 1.60063613148682
0.390596323330404 1.71781756887604
0.395087617869888 1.66034728755609
0.390613127165396 1.72148455835862
0.394877644687046 1.66873231982946
0.397095969300158 1.63312152250178
0.389151981735586 1.73759360707748
0.396036927174289 1.64824628757046
0.394556488086114 1.66563636431807
0.3916666470757 1.70421311944586
0.399308389729771 1.6039874836034
0.390677253366686 1.71787025553918
0.403680412140135 1.55065739673365
0.393934923864227 1.67665897778214
0.400197304470715 1.59129135355187
0.392814246990841 1.68901295917075
0.395687358199635 1.65286916915821
0.39575877029096 1.64920050322843
0.391788011945949 1.70287131874007
0.395975500240271 1.65077635494619
0.400423798153574 1.59079580395283
0.397179452552514 1.63395406182013
0.39613487068511 1.6476774178626
0.398052221611765 1.62422605352283
0.397880202299254 1.62089915239545
0.397436662629774 1.63278847563484
0.396270824853848 1.64084756258329
0.389723016057263 1.72629431413609
0.397150691275798 1.63533375108942
0.39312297421277 1.68790671480266
0.398185103807305 1.6196561462968
0.397375017727857 1.63096982783087
0.389431199146235 1.73434943502022
0.391872478833026 1.70382806868008
0.393931594807569 1.67493633426449
0.396362061669677 1.6451623577706
0.392765729004868 1.69019678499962
0.399072962221866 1.60984971862872
0.395500882489804 1.65324113703454
0.404320631589889 1.53899443835841
0.391517737624465 1.70411534711854
0.394548553765798 1.6683438073053
0.397700948281238 1.62894834214463
0.393251255290624 1.68494966089515
0.389679487020416 1.73249678812586
0.392456138432759 1.69493471124814
0.391934217871156 1.70085231353439
0.386169815840755 1.77294121431898
0.391230469540484 1.70942801758375
0.394123644649323 1.67207011064136
0.396890354218065 1.63683416436882
0.3933709339264 1.67905449195245
0.396599782115149 1.63641839001419
0.391719952329399 1.70170511342335
0.392138170800763 1.69636571530604
0.396088800858769 1.65049516421926
0.397184642786679 1.63494153942116
0.393100852258668 1.68960232662383
0.39436515385947 1.66902687409477
0.395574253814512 1.65476400457012
0.394775509153922 1.66249518267637
0.393111918227908 1.68678683598663
0.388588451867144 1.74537690985407
0.396122817885579 1.64265672292257
0.400086639173385 1.59291287196028
0.395641877477583 1.65550844292645
0.390358548937279 1.72311131915007
0.394494303480096 1.66976267324079
0.39375282619812 1.67915799263551
0.392804192192538 1.69287800614552
0.399521632245029 1.60390184512788
0.395480335770768 1.66076144200879
0.394403919397536 1.66893642437554
0.39845788767857 1.61660859333875
0.4001878713064 1.59664519566357
0.400329827912872 1.59078633712578
0.396113658919802 1.64696051311164
0.390869735951844 1.71517573252839
0.401118508517477 1.58049404389606
0.396476230692498 1.64013349165951
0.395817287079165 1.65209637055697
0.399366058378177 1.60732204467152
0.395934246659118 1.6481271615174
0.398222064294101 1.61984802978152
0.395381628735821 1.65835607804464
0.396625748461644 1.6395160085104
0.39893881670064 1.60958035006971
0.394665342598494 1.66494986601097
0.392307188953703 1.69512188115169
0.392544619871717 1.69539444703055
0.39830266108236 1.6167145804317
0.392665584640336 1.69116877466165
0.396493083680865 1.64384414974227
0.392500831226905 1.69436432846017
0.393362023751268 1.68037316393253
0.397453490327809 1.63324890635451
0.393234651944694 1.68313513398309
0.397649913651119 1.62829625912642
0.400115902909206 1.59681592547597
0.398147673750827 1.62165244997819
0.395346328992294 1.65377544558058
0.395940268984035 1.64923346616506
0.395078325442124 1.65918366884621
0.390515627740327 1.72018922592827
0.391708439943661 1.70394113241658
0.394506591996165 1.66753977414457
0.391728621583192 1.70748249408957
0.385188508000985 1.78740844072125
0.394599238862702 1.66789118362366
0.392434095795659 1.69582745391158
0.39282762943016 1.69079112857165
0.396360019749376 1.6449069880545
0.392846675684687 1.68897512192911
0.398697296953594 1.60884509359581
0.3922254958459 1.69893522513103
0.391455163090033 1.7061295207579
0.398491523980726 1.61816806567674
0.397389047212461 1.62959722237774
0.40220205080056 1.56559821546515
0.391098675085492 1.71167642865098
0.396125031368656 1.64760237999786
0.395092737687735 1.66080978613865
0.395145125162877 1.66198579113293
0.395318383223886 1.65804083384443
0.390561554715585 1.7147161272695
0.391691234920199 1.70352791501962
0.396279267355746 1.6427280049153
0.403473995753683 1.55256163951964
0.391354064372931 1.71001666952272
0.394034897431085 1.67415974518841
0.397404975552791 1.62812690157164
0.39590978595076 1.65096572759959
0.397226932537009 1.63189997269424
0.397070001039796 1.63531686036391
0.396667269410576 1.63965150162284
0.39401832623219 1.67651989490311
0.394773626105311 1.66511639859248
0.389840991420046 1.72945857869627
0.401041560617195 1.5835785304924
0.399252077382648 1.60744344825497
0.393562353290733 1.68341940551527
0.398132884374606 1.62192402826495
0.393251109112947 1.68001679740878
0.395343088247264 1.65589796503597
0.396695814934451 1.63933662796716
0.397298193942707 1.63552046489847
0.396320100455518 1.64287792895893
0.398684815964746 1.61124432470642
0.39616255829411 1.63930673802105
0.394441531793775 1.66895424576927
0.397633250226213 1.62838962957539
0.395957800375176 1.64531116466708
0.396991478147206 1.63785045175398
0.398024301157549 1.6228883229796
0.394276960501017 1.66716668858019
0.394475411546336 1.66903806882761
0.392103445009938 1.70130438748996
0.397725012471244 1.62598846814171
0.393418081610579 1.68077987292514
0.396668667619119 1.63825540346768
0.393502834230159 1.68084730164422
0.398399612910315 1.61338417346343
0.400533736859789 1.58457986282072
0.391022624097752 1.71300146784601
0.3967111840832 1.64232064470098
0.395589306279256 1.65327267841309
0.395358524014932 1.65837417024384
0.393104108967863 1.68497986767541
0.397653861165354 1.62718174196397
0.39575947659457 1.64537619934508
0.3952844220028 1.65913949448468
0.399167301018394 1.60861836422972
0.401810790210313 1.57345518943766
0.394121654867067 1.67652554967766
0.397785112228402 1.62249687833464
0.396839070297713 1.63349751604281
0.391313255874077 1.70514873049345
0.397803135211463 1.62495085978175
0.395826631677147 1.65046209691036
0.395923194599426 1.6515235686975
0.396872343043876 1.63624923091267
0.397817419057943 1.62381534876398
0.393868048273092 1.67590865788405
0.396520262733436 1.64400632533229
0.392604768650019 1.69311206249389
0.393137938442933 1.6858618931462
0.395629747943682 1.65212980398853
0.400929094882652 1.58312110873162
0.394889347248352 1.66300648211724
0.397500058388869 1.62487861178361
0.392716498917532 1.68890779429209
0.393732743787653 1.67916094606789
0.394043858242156 1.67468871255421
0.392546782982878 1.69173469395409
0.398511113307092 1.61480799123324
0.39254033648709 1.68851384290145
0.395314816634896 1.65931452097244
0.393211208384441 1.6828461860776
0.393917466426391 1.6759271494243
0.39966231741085 1.60646517257153
0.392262092411377 1.69472021411623
0.389295646949856 1.73986515320513
0.393813243590323 1.67353822607893
0.395074889693184 1.66196225452651
0.398194087211564 1.61731195196356
0.400277246387689 1.59776336584018
0.394368894197824 1.67173748959687
0.394429022221232 1.67006239890664
0.393783236300612 1.67770883447181
0.394987048218409 1.65972228723173
0.394072666233309 1.67295758278388
0.393756492072754 1.68281340764008
0.398448095155102 1.61823604773625
0.394100059597182 1.67491984961014
0.398552366414694 1.61534184041127
0.393179551228968 1.68682755604065
0.394851571576751 1.6640989109839
0.395494811430309 1.65741709003102
0.397485171964308 1.63345559638752
0.393805809962308 1.67751046069588
0.393647428977494 1.68028522934372
0.392990993794159 1.68633348288778
0.395172195413512 1.65698527616116
0.397689485932821 1.62572608334488
0.396950451466671 1.63181596674647
0.392707937029892 1.69294030298265
0.392848125997033 1.69320070349064
0.393977350622925 1.67078169446091
0.394368950054993 1.66926986708472
0.397179031430061 1.62973903728656
0.398593413078468 1.61404691379396
0.393713787430316 1.67850138627858
0.393914390546937 1.67822012260737
0.395346163766714 1.65364869471826
0.395534302841691 1.65483221001536
0.399063578863296 1.60603378335078
0.392891548350104 1.68940851093539
0.396346386681019 1.64294309037115
0.391566143642756 1.70966366463641
0.39585470351338 1.6509788600364
0.394707787335028 1.66459576363871
0.394076631023048 1.67312105871571
0.39467673055093 1.66727461151464
0.394794968896278 1.66451292693109
0.399268068012283 1.60870187238937
0.394641259682209 1.66347227310796
0.394411783996627 1.66918739711983
0.393170022873224 1.68882703967218
0.393986072965104 1.67606995198694
0.395308934766599 1.6573991774555
0.397971219746757 1.62209591408875
0.394922748581185 1.6594097348249
0.397950446214966 1.62530338791811
0.397173134501535 1.63221678752724
0.397245092893985 1.62775336079641
0.391954060950647 1.70114397023813
0.394477252850244 1.66590272220762
0.392499551946423 1.69504859933248
0.394317414603556 1.67114953030038
0.394178910111923 1.67288228396176
0.394340357230927 1.67030141687372
0.399634646307549 1.60529173052393
0.390517693914107 1.71976267758293
0.39412941912634 1.67589253837737
0.396615441199613 1.63913461208694
0.391924376708284 1.70020545816636
0.398222635271587 1.61806904431504
0.394406335618544 1.66937212462392
0.398739959353153 1.6143879167055
0.393495932709272 1.68155102553241
0.399294563677066 1.6055155138088
0.393867689273556 1.67831648995677
0.392481445021414 1.69137211585046
0.395643983119345 1.65361347703982
0.39802567097771 1.62197203401617
0.393236893845641 1.68490773995003
0.394697739572388 1.66911429625962
0.389493490444179 1.73456987901855
0.402964879735502 1.55498837578286
0.392895400303341 1.68869066242058
0.39755019491257 1.62542409891884
0.392119150355903 1.69701109332011
0.388726226599552 1.73868669962572
0.398798634954776 1.61379467298756
0.39906019559901 1.60576257751154
0.399991285933341 1.59534175603123
0.395969740255824 1.64870493759666
0.393083691182339 1.68363752419368
0.394602190964586 1.66231534935269
0.393243912927358 1.68417239367575
0.394308809044984 1.66766009263067
0.393589675959566 1.67488090088681
0.391348678581026 1.70898654784534
0.397497028437268 1.62838299661398
0.398261697107516 1.61733284691923
0.397016526405058 1.63678943924514
0.399053936172658 1.61018651895018
0.395238729703008 1.65624667378266
0.393177070764921 1.68594063279094
0.396173381981407 1.64502184463973
0.3952058920541 1.66034249782814
0.395638380300544 1.65562882377715
0.393140443801233 1.68541309298201
0.393703398977199 1.68223908863317
0.398889138381541 1.60759092094791
0.394726095457533 1.66191238841057
0.395720151709029 1.6536102559047
0.394747819890664 1.66727568410113
0.397278833847026 1.63289166623113
0.390895372254509 1.7149492353245
0.395850409812845 1.64736818006692
0.395496434521205 1.65281925678117
0.394448247681281 1.66712827906283
0.397779961726083 1.62506297743369
0.39930825047115 1.60540454638729
0.394328602812086 1.66859104814726
0.388224038334984 1.7507811944487
0.393099438716135 1.68189415483986
0.397203736574743 1.63526311460273
0.397791888397187 1.62550375352682
0.394117678814423 1.6714499194868
0.390001312017627 1.72522094024635
0.400356048896106 1.59088845343955
0.393871016094582 1.67731535031702
0.39266654954484 1.69037392191331
0.396077564355519 1.64618763421557
0.393424731410537 1.67992812105484
0.398267150550403 1.61764256261428
0.392201775570149 1.70043648316208
0.394955913546233 1.66235644793572
0.393508703745214 1.6821163549515
0.392330776889711 1.69775662760837
0.397096335376832 1.63556266135525
0.396524592863406 1.64360036367651
0.397677344518966 1.6283381251511
0.396122727271129 1.64948885286121
0.395655681858709 1.65540015584523
0.396926937233288 1.63316039094326
0.390156425241935 1.72456222330085
0.397788028877609 1.62595933477536
0.397549121829423 1.62687444379003
0.396597522309142 1.64209381906885
0.395093045788667 1.66064338334027
0.398293353693297 1.61625868208923
0.39293072100403 1.68874010589474
0.391230052033851 1.71315429508839
0.399789265269865 1.59805014595603
0.395156000632662 1.66419707335446
0.392964277801456 1.68907413847017
0.391590530703458 1.70557136816672
0.38527202803533 1.78944749633945
0.395861147341095 1.64797356731751
0.394409476070406 1.67173306434663
0.399176612854792 1.60937496060255
0.393568961658496 1.67942444486207
0.38844874950862 1.74830751971148
0.394457865481707 1.66669975157237
0.392890891540932 1.68930845249666
0.39434287404393 1.66978932703245
0.394633281796437 1.66840919228134
0.391643408892352 1.70198283821475
0.398029301003162 1.61859389941075
0.393185488506325 1.68686348462209
0.394793285176053 1.66408843529337
0.395279458382898 1.65940151415568
0.392562301819146 1.69420343654505
0.392758078553572 1.68866841856676
0.397296183647076 1.62693233904938
0.399066614995484 1.61220100375726
0.395669409750258 1.65526921637705
0.395923854818845 1.64894490249137
0.400809165293903 1.58559292869537
0.397993261392349 1.62299149806578
0.393719246287721 1.67872665335414
0.392406928884284 1.69628824675241
0.385879994625109 1.77874985040073
0.396044237183992 1.64375900941829
0.400321258112212 1.59049496594574
0.393325554998893 1.68053644278289
0.397720188967126 1.62822756714411
0.392269573034556 1.70309226403326
0.389333773604492 1.73230978899698
0.397377396735971 1.63050950516596
0.393969667728853 1.67415167550268
0.395307200493046 1.66048050026155
0.393945792381861 1.67872734622064
0.393928493725397 1.67522517530721
0.395539932938688 1.65501200600007
0.395223093484764 1.65986594814511
0.395651067881102 1.65218405758708
0.400180769481504 1.59009845089363
0.388714762370651 1.74332016402279
0.394027151884585 1.67506874374494
0.39898494651768 1.61385300990428
0.396273707070428 1.64206332518209
0.391567137903198 1.71176931710419
0.391420255371153 1.70700910605658
0.397626916240085 1.62461569187863
0.389657083569495 1.73222995552174
0.398826965090385 1.61686356511887
0.392662432553425 1.6908310585015
0.397916119616344 1.62587766534488
0.397936827560961 1.62213710646166
0.38922347963128 1.73908396955615
0.390747211953606 1.71729198502115
0.399056192387326 1.61201932508201
0.393011346233557 1.68787432370114
0.397897599975724 1.62733484280147
0.394948820131214 1.6624081777942
0.393520810118604 1.68164020245254
0.394926089125863 1.66104537368191
0.394407225424422 1.66647085153656
0.393330795286099 1.68649329158007
0.396109307976164 1.64756616513944
0.39744552158338 1.6266978664816
0.396477476322229 1.64288933043313
0.395847534124916 1.64936166118347
0.396757673752288 1.64108473663583
0.393657889222431 1.68051159826359
0.392123356463383 1.70034931402576
0.397427981356534 1.62980706309781
0.39293501170647 1.68970582547177
0.389633870558722 1.73325108171443
0.398095460760144 1.62225425786186
0.395428334345782 1.65837220262075
0.394590166496188 1.66863388935222
0.39721682581248 1.63365089353263
0.397608166691317 1.62452791806474
0.388982845242203 1.73988987750122
0.394111605025303 1.67138775935383
0.394467313534916 1.66598226455529
0.394952131612679 1.66124576724482
0.396623215986492 1.64146542662012
0.395969482903394 1.64969826097928
0.394270796263522 1.66930882026485
0.39594876664311 1.64896412916961
0.397421568754107 1.62014503950777
0.396482832844677 1.64520472179372
0.396452446675575 1.64211384766326
0.398123589674187 1.61841829697577
0.393539295212487 1.67661998404396
0.402382952926797 1.56566691229318
0.394762179079922 1.66663295288349
0.394791613350277 1.66344715858044
0.394016098426698 1.67592507256119
0.393934409486327 1.6768510088498
0.393765718666181 1.67429941877923
0.392645988692806 1.69363762627633
0.396456093580635 1.64285127274837
0.396451792893657 1.64297812380995
0.395247345675162 1.65707699668315
0.392194625947588 1.70061477772706
0.397737985621023 1.62335834614324
0.401310837627571 1.57988205483468
0.389732042593892 1.72712392575196
0.394012244441899 1.67523884466977
0.397275919492046 1.63390473832219
0.397947197967159 1.62194698828659
0.390164118335575 1.72815666297786
0.39993436780441 1.59524450014594
0.39474876889281 1.66073571049671
0.401825771040645 1.56988717411298
0.39182887838459 1.70713843052853
0.395370678924865 1.65546029180482
0.392620766475276 1.69579891321617
0.393262336599062 1.67876122798744
0.396350094828217 1.6425198682746
0.393945265496088 1.67421285282193
0.39450838925546 1.66596846628798
0.394745397166993 1.66474919667849
0.397163095459046 1.63648648926724
0.394959881210649 1.66204793744076
0.399844080322592 1.59647921421391
0.388931076646365 1.73675958198916
0.399188262982261 1.60765261925884
0.390733084597482 1.71406707805408
0.394806625314814 1.66681432487138
0.395992424801032 1.6494592751728
0.393862427800709 1.67741220945645
0.395448352177792 1.65474027151363
0.39863516308318 1.61666909966631
0.394485476499214 1.6653697108433
0.402061809770062 1.57067403857487
0.39265055065056 1.69352328256584
0.391452883930769 1.70853987774646
0.394567572876109 1.66420093147727
0.391188128457571 1.71099978709528
0.401507338230845 1.57797198934328
0.398746221470666 1.61147149744939
0.394385524852272 1.67042697380022
0.395814992042591 1.65093525078045
0.395404151058653 1.65570890324446
0.396684912704008 1.64153469129641
0.395031163475409 1.66199774823997
0.394709490979726 1.66301437607629
0.396191676688041 1.6485044944286
0.39411135871214 1.67371932885091
0.397217934604649 1.63479347664831
0.392868823455788 1.68676509692905
0.393076613658006 1.68531171521035
0.394689702170239 1.66659204721767
0.393442447861316 1.68074629628623
0.392477269300922 1.69476886551152
0.392587844908059 1.68784336713239
0.396415743343157 1.64530564653314
0.394968628280378 1.66794779495451
0.393424079685937 1.67824691427378
0.394401779969296 1.66837593749849
0.397026628057634 1.6362294979432
0.395487983008903 1.65468906796171
0.393299318029838 1.68090727409292
0.396168355855817 1.64515586906395
0.396265298060092 1.64566325530466
0.398468285604288 1.61479813084525
0.395522902602885 1.65362429769862
0.393473807451986 1.68393336912804
0.391280800161923 1.71079108704604
0.395696192879493 1.65240210001057
0.397197770389411 1.63043591746231
0.395760332651229 1.65229919335
0.394632229865499 1.66361653855158
0.39627223230876 1.64321053549487
0.396163530276017 1.64839911699796
0.395723405352731 1.65147341168944
0.395016427680054 1.65733708375417
0.393444687194593 1.68271097254938
0.394947338250604 1.66161703730814
0.394513847974347 1.66940253217394
0.389851214362866 1.73119691163255
0.396411364977516 1.64302711213996
0.392960130742461 1.68596444324922
0.392427482973589 1.69680831787935
0.395329532467523 1.65492341470613
0.394585223687169 1.66642729474597
0.392471756630785 1.69224377680332
0.393559313549697 1.67853640708634
0.395379654838969 1.65184650248437
0.395585605033142 1.65358098978861
0.394160171331914 1.67754438119374
0.396088969957821 1.64972943907522
0.395098991431814 1.65897513233563
0.398434866553649 1.61620435795758
0.397340120021251 1.62502700775734
0.397092979225009 1.63391150011332
0.394420671672835 1.67494489746655
0.393817095265088 1.67517286521624
0.395801594415286 1.65017516743538
0.397157804621112 1.63485215217232
0.391402928934962 1.7106965175959
0.397022346944306 1.63240756344612
0.393675866730228 1.67913202756974
0.394907511970593 1.66373532825225
0.396630481315586 1.64079584130111
0.397309360819332 1.63448332467936
0.402467245733831 1.56543798227592
0.396962012857193 1.63521260904284
0.394765048161606 1.6625995439808
0.389974211082105 1.72812462841491
0.399192743599636 1.60773269225532
0.389098026389153 1.73890270495896
0.392369336093507 1.69713385564572
0.394540001687756 1.66818754230972
0.397785462623523 1.62489847795523
0.394679307299057 1.66287804405609
0.391748765156833 1.70166791165387
0.392623137026297 1.69247900497791
0.394509539792845 1.66250437370214
0.390232638431837 1.72416560522667
0.394417938755686 1.66885872175256
0.396262554015722 1.64169286123322
0.391842136902149 1.70205464017747
0.392106732890576 1.70000901848494
0.38921658920267 1.73892184552783
0.400185110012965 1.59762688153803
0.39582673931943 1.64965069542436
0.387946643800568 1.75570295469522
0.395743927398734 1.64893356958773
0.393562030998531 1.68009640524903
0.392348409593786 1.69516440810001
0.397914217484501 1.6207502204167
0.398854323550282 1.61007992210947
0.397891744096005 1.62240151956421
0.399475141188804 1.60348626619766
0.389278828904849 1.73604060204845
0.396358497874564 1.64379205907805
0.395108693797199 1.66185800432678
0.393546236576692 1.67894105077298
0.394515418382557 1.66864936595233
0.394511851124361 1.66730489354077
0.394012108591301 1.67092466883117
0.394334892251393 1.66977202720104
0.394917898919618 1.66091995648352
0.391837929894792 1.69919722131589
0.396390174158257 1.6453513285066
0.395037520914498 1.65710852254931
0.398326600414667 1.62103807373218
0.392990453515024 1.6889337029253
0.39494259857852 1.66499614483818
0.392413094287342 1.70093035068606
0.396200522559138 1.64401548272288
0.392421216914964 1.69621234916568
0.393390154938883 1.68066916964225
0.395696318962869 1.65074310216003
0.395928729379123 1.65078960469685
0.399697197352763 1.59979781638284
0.398206993574592 1.61640983682985
0.395334248813245 1.65252068164695
0.39709587816419 1.6322586993469
0.394167206263565 1.67082175441243
0.397123919173016 1.63469012510097
0.395748693079578 1.65173521034298
0.395074416461254 1.66198827939983
0.396610150949088 1.64259591404872
0.396606396442764 1.64142997723334
0.387514344298523 1.75825394446575
0.395725062016948 1.65064946959489
0.399966031944703 1.594161134838
0.387070205409416 1.76535402268291
0.395792992664198 1.64945061116851
0.391605704216981 1.70806838220644
0.392063885772179 1.70204655014548
0.388680756047138 1.74646734585908
0.393826047537572 1.67666790787388
0.39911641192292 1.60945062351401
0.396845364180365 1.63810820357018
0.397110484283615 1.63125700629185
0.394416415887313 1.66941778557221
0.390793622735976 1.71539558042942
0.393797413871453 1.67398953461089
0.397179066858721 1.6322804374699
0.394851452990201 1.66730847415857
0.395091922682693 1.65898308578105
0.394387537871561 1.66743171030174
0.396102630342518 1.64767328046454
0.390645183336085 1.7165676423608
0.39652660699051 1.63992959928099
0.39266176575505 1.69358440377581
0.398003689447177 1.61997700286949
0.400025924215236 1.59394855687004
0.395435656722529 1.65837516235737
0.390597222783659 1.7216099685997
0.398364117486393 1.61617754247231
0.398075857215431 1.62396224528532
0.392870298931743 1.68820246735063
0.396406759824088 1.64270501127168
0.397915049305311 1.62502485600356
0.396838119101978 1.63670982528952
0.394512029628307 1.66322691098903
0.388562808025282 1.74847309313771
0.393705556499424 1.67932960055698
0.395135445142643 1.66213878504946
0.395784114331337 1.65417809820257
0.394696643328185 1.66383771583625
0.395644287800593 1.65382069308162
0.397233054128465 1.63424973201737
0.396053673566089 1.64664144189363
0.391134770503741 1.7130412224937
0.389759612128069 1.7322204186098
0.398060064993148 1.6194564707641
0.40126461166104 1.579879111572
0.401155849251301 1.58469969664149
0.395392072220171 1.65735733000708
0.387937815797446 1.75519561231736
0.393867828305192 1.67541810896552
0.394560514661311 1.66750307934086
0.388293473401037 1.75031024435416
0.396180131040906 1.64482107918435
0.396049932539995 1.6445733907715
0.393788231754908 1.6767042651533
0.397513450767686 1.63144844927916
0.394860967891743 1.6673471846073
0.389602511171467 1.73238070786166
0.389525540304811 1.73007076182716
0.399247770837941 1.60997139338624
0.391798509254292 1.70153178989392
0.398119068870607 1.62081989507132
0.393703905749688 1.67912623478411
0.39931480010371 1.60888812860396
0.395361417760581 1.65401422937799
0.397109561350868 1.6329528234164
0.390866529693884 1.71545108281545
0.396139426743184 1.6457346661882
0.397727398124517 1.62433263942735
0.401336078991789 1.57983745396431
0.392554592703756 1.69470666197796
0.395264443250788 1.65853939472213
0.39570852009858 1.65177855589791
0.393936621713332 1.67548475488526
0.390563752411252 1.72166128905933
0.397100015264206 1.63457690484635
0.392824452395523 1.69213577187608
0.395983536343417 1.6482029546629
0.395680289667717 1.65290695859594
0.39281276723396 1.69051846571503
0.396605608451516 1.63935013355761
0.396288807146677 1.64684847309331
0.39231956752561 1.69849676484458
0.391941299518102 1.70295555149328
0.399070956013941 1.60971219346274
0.399788876855882 1.59924336039694
0.393356585588632 1.68441759888542
0.392618685308507 1.69521879429082
0.392388721756632 1.69859871558385
0.39950490913235 1.60207104615577
0.394841661549683 1.66507929422206
0.39359483214562 1.67795607952006
0.396507773829171 1.64145685810626
0.396639339774501 1.6388230718584
0.390595719831637 1.72076295951861
0.398109809516129 1.62062918644152
0.39400606165103 1.67038836311774
0.393713707333258 1.67914040661997
0.392850120268571 1.6892569741069
0.391493619924197 1.71032470607633
0.393760461482565 1.68045824851656
0.399265847070557 1.60793372172178
0.393110807907054 1.6857501403676
0.393387756791349 1.68139299214278
0.397282122895432 1.63025399040361
0.39592560258236 1.65260104750354
0.402286020931279 1.5659036125493
0.399590682161757 1.60075623829141
0.389500941461118 1.7333734525938
0.395518595269005 1.65384303692784
0.395076804827997 1.66074527352112
0.390588698230139 1.7175719186696
0.400040721026635 1.59361206081886
0.389298238802983 1.73721774467626
0.397051602176275 1.63483596878415
0.39589788205847 1.65145717235314
0.397693500390648 1.62590339914325
0.388093262666442 1.75214715665805
0.392819364863687 1.69103616463734
0.39748282041953 1.63060741658054
0.396640552180091 1.63838358322476
0.397776251415195 1.62558181664307
0.393011470932386 1.68486085604812
0.397557612522904 1.62595154921541
0.399671801802505 1.60453721052703
0.396998277232261 1.63208139991492
0.398227606939947 1.61814315985222
0.39588357244607 1.65070356392366
0.394702899232388 1.66680661523416
0.390377943237207 1.72054566225656
0.392696667695811 1.69146555052702
0.38991705950719 1.72888540732568
0.394152396207616 1.67421876685721
