0.429275606563101 2.67345027719547
0.422817277779087 2.76709848551607
0.428041125103193 2.69108751800432
0.427427603378043 2.70170216869074
0.4232431518717 2.76136368792864
0.422771207740133 2.76922094822925
0.425517646673322 2.72432594191596
0.428565199714576 2.6829601821849
0.424363963032418 2.74177423720358
0.42315253611892 2.76059631548911
0.427811160227178 2.69499380106387
0.432914740940386 2.62197640427991
0.423201990190821 2.76468002157839
0.437867949480577 2.55188951200306
0.418570504335345 2.83208576598831
0.428064288024296 2.6905814152379
0.430570733470482 2.65646262997797
0.425791223690967 2.72342799609462
0.424985310082953 2.73496990013298
0.421164688307808 2.79039799023082
0.432218141106131 2.63598081872791
0.429125693532358 2.67942205818958
0.426530498449997 2.71402246464451
0.429070946611444 2.68118909702148
0.42762279455498 2.69873122729424
0.430197379272043 2.66448877812878
0.423259921037581 2.76326466542437
0.424663355599214 2.74337810935416
0.426934958615964 2.71098739995311
0.432423404779617 2.62807986923397
0.428236810422126 2.69051585750012
0.42789799308338 2.69794833292471
0.424386585357342 2.74440980084544
0.423744513065269 2.7529782106944
0.428812629582518 2.67816980111459
0.418983087651658 2.82233694761724
0.423422727608992 2.75638613838008
0.430570899192722 2.6580090913413
0.420840459248367 2.79601209424937
0.427157785348591 2.70894220345331
0.426798535484647 2.71117700298833
0.421749848400358 2.78457268103109
0.42843259010221 2.68983911468592
0.427821237393431 2.70072230933161
0.42536280415583 2.73459213263079
0.423976707730649 2.75132582414099
0.426018386583716 2.72093510716955
0.428879566562299 2.67581038188632
0.42624225865993 2.71803218992795
0.426163354414807 2.71931721983555
0.425801674023125 2.72471800626697
0.423752811777533 2.75721795223135
0.426037834685291 2.71507284070152
0.421647877907963 2.78621621285162
0.424442525049014 2.74404340740604
0.432731218233899 2.62571080022641
0.427486123051799 2.69912605296831
0.423167155072745 2.76329037953159
0.426658885107722 2.70845890951433
0.423021053663001 2.76220808847358
0.429141145569558 2.6760566965076
0.423555066503546 2.7534403356568
0.426560359182548 2.71074372381857
0.434322466220917 2.603496499845
0.431192580894239 2.64955731478659
0.427669084619321 2.70003150156322
0.428954118130981 2.67747081731025
0.427182568570187 2.70811095033832
0.431324312324687 2.64845000253279
0.424838008368917 2.73655269718237
0.427007875081892 2.70461736016365
0.432152396128992 2.63487453541535
0.427083814490045 2.70742595596727
0.427147588611796 2.70574320326622
0.425991582839243 2.72729980795025
0.429995754419891 2.66526292199746
0.429896209371473 2.66730269935942
0.432500611643077 2.62402013460068
0.429721932514592 2.66686922235242
0.419478321933808 2.81762605045403
0.429393681926769 2.67289030847564
0.429916245742599 2.66621915939809
0.425348317282406 2.72902106748155
0.43584024914607 2.58573176149143
0.423644193224719 2.75813521577037
0.427667424492989 2.69732757846968
0.424611858659704 2.74103265242777
0.427098328706137 2.70397961254105
0.43192802521549 2.6367786003634
0.427951735503387 2.69576019545694
0.422938390234242 2.76987802966982
0.420850217843858 2.79245043527057
0.430285680132174 2.66170085041672
0.422962261308622 2.76142070380495
0.426150768221761 2.7169342846929
0.423737843066592 2.75360103116157
0.434805241067312 2.60249178937866
0.427124460682349 2.70514634447336
0.419535305530221 2.81610334258129
0.428912924052793 2.67916405402795
0.434468757566267 2.59962502493236
0.433438636208763 2.61419376514384
0.427792835160266 2.70099744643534
0.4256658704544 2.72717697755216
0.425417426064898 2.72829659592257
0.428130301410341 2.69092937103627
0.435046487466594 2.59599781841777
0.430471943967009 2.65733418287776
0.427396096468865 2.705444507011
0.432917353678754 2.6263183931982
0.42829969867532 2.68827418634685
0.427594737205042 2.69673042564779
0.427596250737759 2.69725754340407
0.428406608245646 2.6917770882315
0.428037536599572 2.68831699326525
0.423785735913684 2.75132574402763
0.434153809515939 2.60855435153092
0.430571069173122 2.64960325356842
0.425379215333136 2.73467704738847
0.429319909898752 2.67424662764557
0.420202704223775 2.80456631063142
0.427433829853438 2.70391992042921
0.432995716169144 2.61917863179017
0.427855064242814 2.69270642090741
0.429584196800927 2.67271068364201
0.431109814435986 2.64863253664006
0.430724300554222 2.65773515128086
0.424482275311987 2.74120266257977
0.429097373962967 2.67960016950378
0.42901389167245 2.67759826174443
0.432183483034761 2.63356866878481
0.420039192356346 2.80297771166143
0.425710770495425 2.72963762242523
0.429363246689318 2.67777609427907
0.422967222159411 2.76786921237322
0.422847821859774 2.76646970953713
0.42411835349894 2.74650763250904
0.423065062625837 2.76271654790431
0.42995209514596 2.66084165070965
0.43249508889377 2.63551812926519
0.426796846731559 2.71130478262039
0.424996219338474 2.7396935133109
0.431744776387852 2.63752031042312
0.421358199353502 2.78845583559883
0.424439119954832 2.74994286542974
0.428834666825959 2.67774039738709
0.42828969384399 2.69216340583376
0.429706491447496 2.66583001226862
0.429505986276766 2.66752670036414
0.431214768944854 2.65409317011062
0.428644534650653 2.68145437985324
0.42777049359133 2.69976008920027
0.434008024238944 2.60575420455637
0.428616869009577 2.68042835724962
0.427342822541647 2.70385998214617
0.42619751009758 2.71792919508553
0.43098591568157 2.65358646974336
0.421762354120814 2.78205107561645
0.429190348003403 2.67701457715351
0.428474356555556 2.68448379179016
0.429106956543297 2.6820679591469
0.428002077916792 2.69275597452635
0.430149475488347 2.66171474251818
0.42505206175659 2.73777656882209
0.422915148415913 2.76543796326146
0.433970016425538 2.60526638689432
0.426743672964344 2.71089363902438
0.428961408269912 2.68125205435994
0.419808258101435 2.80789903108446
0.432425721944984 2.62926237730954
0.427334260870722 2.70279247251798
0.425225485690744 2.73358541151001
0.427290499364466 2.7038747466177
0.423419620453083 2.75689543799417
0.433333628320966 2.62124748577746
0.434290087745776 2.604525366407
0.430447650895999 2.66150643329976
0.424968891935041 2.73409990411647
0.428689815260647 2.67799647165753
0.428533163179913 2.6902791571643
0.431781656794597 2.63810407582138
0.427393684276793 2.7001582014033
0.426205367097166 2.71901084519402
0.43070877788645 2.65289230426876
0.421991147402554 2.78061362922201
0.428468829906957 2.68658913194779
0.427126316483666 2.70783655106124
0.434852316095131 2.59647202506631
0.423032092847962 2.76252789204498
0.423658673341344 2.76025754815422
0.425814674187102 2.72623655609004
0.422887234503259 2.76842734661996
0.427960036323219 2.69419669734887
0.424430572792858 2.74282674031784
0.421678086402361 2.78305844982859
0.422790516291643 2.76416215211233
0.429652486603995 2.67270494772737
0.43284344747757 2.6232546146498
0.426689237543948 2.71244733290466
0.428644759818898 2.68072643595388
0.429443118116273 2.67166870395946
0.428918752497518 2.67707544129169
0.425131633380965 2.73863456097041
0.429684763065939 2.67308946209198
0.428824971662466 2.67961084850982
0.430946317786564 2.6471869780771
0.427150798109233 2.70509325583601
0.428071687169811 2.68758270507291
0.429590127812407 2.66911237121984
0.431529764395604 2.64329784122639
0.425397819199368 2.73157716506685
0.429747846139367 2.6687447138102
0.426538899885203 2.71307371842445
0.424356965662941 2.7421950152707
0.426602563243935 2.71133298965588
0.427509146217328 2.70164475663267
0.427513313908112 2.70028769385091
0.428057765917076 2.69488812129964
0.421791457689392 2.78133212707184
0.427702905911186 2.69662482198196
0.428234833636007 2.6885827097076
0.428737632647278 2.68099150425158
0.431068039004856 2.65093282170024
0.423106919054829 2.76696066231888
0.424878019608496 2.73784484292276
0.42361072683665 2.75751556555177
0.425536051019271 2.73237685237083
0.425223532460559 2.73358063572852
0.430693232889354 2.65880703305158
0.427273056931829 2.70291017109072
0.423303021112391 2.76002757145077
0.431986788570478 2.63554003579538
0.427519934545252 2.69950163039536
0.433812673411265 2.61035980911348
0.422563409868221 2.77281527186277
0.42816524950003 2.69005807699998
0.435413095798839 2.58927046271244
0.427931423139803 2.69168240554437
0.434908897451182 2.59366684482108
0.429393626474497 2.66977042685937
0.428497043613179 2.67939803671655
0.419629648859309 2.81472030645709
0.431079177837947 2.6532809202684
0.433169320946732 2.61912149712011
0.433968687469663 2.61165781531714
0.428755818381848 2.68403136508962
0.427502553327735 2.70131761909307
0.430200567554592 2.66111384435901
0.42371299004071 2.755208664115
0.429237582751995 2.67577232559538
0.429088478941653 2.6756890539239
0.429186986772267 2.67640624327713
0.430174672339508 2.66233690519252
0.426572373845331 2.71117412852081
0.429781545056521 2.66581683937325
0.425603677048947 2.72891038079887
0.425472132420434 2.7313205387317
0.436179646138069 2.57617718378832
0.422784923391714 2.76632494596894
0.428944854382121 2.67909395572611
0.437539583582617 2.5605877917083
0.428076065040061 2.69463039039797
0.424857820401176 2.73789724809627
0.430293549875887 2.66138684463848
0.422791979945753 2.76453436351808
0.428171375122723 2.69002499649643
0.424666691095039 2.73885289519442
0.432547625852638 2.62878655862817
0.428521943269331 2.68707203677322
0.426286827191287 2.71283890269545
0.430518245461268 2.65893574333998
0.430246615103762 2.66414848491472
0.4286620654557 2.68868133976555
0.432579767933809 2.63223694675996
0.43289612329485 2.62724508105286
0.421698138802241 2.78496980347634
0.432499294152743 2.62736093120275
0.429390018958352 2.6745712304544
0.424662507635141 2.74045809521476
0.425666265726186 2.7232490946142
0.428515086332451 2.68784978635618
0.436042406957728 2.57857134934889
0.426627852523762 2.7149457720604
0.430420546311402 2.65591982349326
0.42304141670896 2.76195294811668
0.42298897858953 2.76954360311012
0.432594720578961 2.63145840870616
0.436387953553799 2.57626302128209
0.433925868942106 2.60565363951079
0.431163727376367 2.6520905824323
0.423547444157741 2.75525306928273
0.430530462754642 2.66331584260421
0.428665290531211 2.68243486322287
0.423947245045563 2.74852070823403
0.424972104542309 2.73725729112435
0.419465411883015 2.81729085974771
0.428195191842539 2.68878309999611
0.425998510141308 2.72220807018275
0.424962089910963 2.73713631119658
0.43646208137127 2.57886199059934
0.426845242467879 2.7115464585479
0.424011095983574 2.74670805909695
0.424298356041078 2.74402296177482
0.426748856167911 2.71266232369851
0.423074353059133 2.75883873266309
0.424510281256004 2.74251177553294
0.435498159579833 2.58135051946922
0.433580179109978 2.6123227202975
0.422621763106205 2.76976604007944
0.431798745457992 2.64235895535636
0.425610503816634 2.72762153530939
0.424071776908133 2.75302017621015
0.426595788153132 2.71210518047747
0.43215955669298 2.6336045389534
0.426529082091267 2.71797202384349
0.427057472379154 2.70838180996477
0.429218698773962 2.67259187988401
0.425229833697375 2.73467533424584
0.424776173946694 2.73852417732949
0.427350027116306 2.70082833549885
0.427177427421837 2.70334403517572
0.434463199775244 2.60007228659353
0.435288655695358 2.58743595227135
0.425534388696111 2.7264509679297
0.423750259302315 2.75301272434329
0.427418302839084 2.70297824097179
0.429706396373073 2.66891785607385
0.421301865726016 2.78505382471217
0.427386857306638 2.70292403199138
0.422846744303689 2.7680265327686
0.42051013742683 2.80227499304473
0.423774912911319 2.75424320076049
0.427298262230891 2.70399190193362
0.429707464024092 2.66602262198893
0.436246674146366 2.57339756800473
0.429983414608179 2.66546224486771
0.422538845235589 2.77000809241996
0.433341989824133 2.62044417861348
0.424276281224959 2.74845290312876
0.428937072984692 2.67765805067073
0.429025762441321 2.67528818256822
0.422185149328211 2.77650994745357
0.426037215484143 2.72199322472446
0.43031265263035 2.65928373768955
0.42164971481497 2.78643933593291
0.431776289053408 2.63545969754106
0.432284829554783 2.63150295150973
0.42516257980098 2.73273347333234
0.433655618153104 2.6126684305058
0.433636528991775 2.61251415186867
0.430626257087264 2.65557223971291
0.428728749174233 2.68626982470775
0.426105041538707 2.72070305040764
0.428790569445473 2.68411816255474
0.423656763549501 2.75849935716534
0.428063328606708 2.69346574203693
0.431499747752372 2.64621318277582
0.428020776610778 2.69231853476491
0.430656744309055 2.65859540101686
0.43361322802745 2.60837352634353
0.427884627602829 2.69544479993499
0.427777909243527 2.69849044123423
0.433368517842791 2.61407582670847
0.425721489909045 2.72386630298611
0.427164397829404 2.70411121866171
0.434232081733488 2.6034913015134
0.428949696975695 2.67643632602888
0.429131946163621 2.67662547846988
0.428435589047506 2.68624411262703
0.427165732967569 2.70391063547041
0.430826482755315 2.65567610350112
0.42941704832492 2.67761545239967
0.428800267139733 2.68348724782434
0.427681778970307 2.69609744672484
0.431797934750024 2.63865393211037
0.433418939908531 2.61349857519147
0.424899481036947 2.7348545349757
0.431170628307071 2.64709189482003
0.423962651069703 2.75213557508827
0.425940579902193 2.7256462119761
0.423290072773726 2.76053357536076
0.429609071172774 2.66812195206396
0.429048153564826 2.67473692794906
0.426014280343379 2.72378491440877
0.429355835051566 2.67414660061828
0.426767764919241 2.70957634571463
0.431085882275174 2.6473764753337
0.426739529600684 2.71355073323216
0.425488100573259 2.73090624571511
0.425825077713068 2.72174989149233
0.428461502437439 2.68540283637335
0.432718432376267 2.62287861636014
0.429106645376391 2.67726398107437
0.433156733354411 2.61777633243854
0.433711295556416 2.61335168565596
0.426747458117951 2.70975950769925
0.427276854835615 2.7001288262107
0.424297275682434 2.74520764033419
0.423658993310727 2.75687669497296
0.421717821956044 2.77994048474565
0.435209623744553 2.58740324239047
0.423829405784817 2.75211759309311
0.426953475089492 2.70785790985497
0.429047579069689 2.6780094749036
0.418843767808246 2.82432098224092
0.422381563947177 2.77036880251981
0.429417197976061 2.67410019214337
0.426954708666643 2.70959045950365
0.431103790980662 2.65104623084766
0.42940699091956 2.67443808216466
0.43086790265846 2.64861212477486
0.430733108515548 2.65592990960356
0.430389768971269 2.66192795715343
0.432136595189005 2.63380521503084
0.42867909920151 2.68507476381406
0.422499375581188 2.76717945798649
0.424467045937648 2.74476375217237
0.423655573437945 2.75722437832823
0.429521144056516 2.67193025219116
0.431881768588404 2.63713397471438
0.426096627523618 2.720391612866
0.428655864958623 2.68286089582396
0.427882430025368 2.69187381289149
0.429944391915827 2.66482885366476
0.429129218706751 2.67875375786103
0.420746667603945 2.7941888536577
0.418577587865818 2.82382278783154
0.42764551443034 2.69937434234726
0.42112657260134 2.7917077862762
0.428863832155694 2.68108074805167
0.423245622259426 2.76063393258079
0.42873936041713 2.68191925027253
0.429058588158807 2.68346112456588
0.416942839936511 2.84927609742473
0.423274189819499 2.76087453295921
0.433256831635051 2.6189527017623
0.425053333564441 2.73054575824506
0.424997828942277 2.73440890729066
0.42804756187111 2.69122150544055
0.426179755828883 2.71720169598226
0.431520753900674 2.64330738812913
0.425534230992649 2.7286336658911
0.428560195715561 2.68344123883791
0.433725918522073 2.60983301537579
0.430379707721908 2.66221675555785
0.432243116263198 2.62934134746537
0.427930668855862 2.69928670933543
0.429010362027233 2.67924426232578
0.428122285109546 2.69175034713552
0.42625365663438 2.71843626418749
0.429284868693163 2.67215986176207
0.42584541755166 2.72172640704363
0.425206136041982 2.73350369802001
0.424789001109987 2.73338199467638
0.424610875830272 2.74284197693844
0.427542653341422 2.70067430387269
0.423043571170442 2.76359712044399
0.428303178450344 2.68729285783128
0.429332019387565 2.67635314144476
0.424419917523261 2.7440584610492
0.430614074031771 2.65218887826755
0.421701178653923 2.78142468384509
0.426576452483338 2.71143728194139
0.425749718592736 2.72493927729557
0.423273080081862 2.7595054985282
0.425654971038268 2.72769947030572
0.427524676171358 2.69774999302706
0.426811773426065 2.70999369731181
0.429710045543112 2.67033089713398
0.423530242612886 2.75659732008611
0.424393528935317 2.74352523254432
0.426076185298636 2.71712733828444
0.43014212431753 2.6620021988816
0.425988181018557 2.72118076104122
0.440334433840464 2.51572762351625
0.42625073555422 2.71528173934021
0.431622870503011 2.63942267798583
0.429523845088188 2.67084171278908
0.42964353434973 2.66810628797817
0.425179080135086 2.73498355172614
0.431665500123657 2.64172437811108
0.42791606702186 2.69644248454682
0.433464632941647 2.61711577010218
0.428705158492102 2.68423994490124
0.430100166548749 2.65999819966353
0.423986156675325 2.7483002262675
0.420166920665207 2.80259681310733
0.427653312327215 2.69777655688376
0.426302898507808 2.71937002564853
0.422513176723778 2.77010264055246
0.422974716094981 2.76179289817025
0.428708259438151 2.67892000791083
0.424395516985424 2.74848385656648
0.425001279788342 2.73498650094301
0.436613875381772 2.57078437330951
0.429795359304306 2.66475001707449
0.421467556096137 2.78911517451567
0.42957644291741 2.66989131316125
0.42660504122903 2.71712957458331
0.432162328801051 2.63322842126532
0.426584971179127 2.71314139472228
0.431109874874674 2.64900340150904
0.42758956611138 2.69750328106542
0.424588494151824 2.7381840027963
0.421575191765805 2.78584268137294
0.43001143352496 2.663605997504
0.430953853998618 2.6506927544841
0.428657606970693 2.68277389808463
0.422180979737487 2.7742538910047
0.433137504034835 2.6205007620137
0.427356462851393 2.70102968810039
0.421741027327505 2.77938889799945
0.419232108229805 2.81953730228879
0.424176681271125 2.74847693446892
0.429230159149078 2.67693117640708
0.428883065787547 2.68241264204885
0.436767731712262 2.5682470963698
0.428859114430159 2.68106894621476
0.427619738752277 2.69970308270021
0.422486664418109 2.77574472924635
0.42601469105904 2.72099273562149
0.431665286231485 2.63964628753924
0.43440471718773 2.60294850512439
0.424209474657138 2.7465628034585
0.431371117598513 2.64456653878653
0.427282179317017 2.70596516594417
0.430152305554665 2.66301616013569
0.430350059378567 2.66027176019999
0.422661897480723 2.76677869888378
0.427818120204737 2.69668365049418
0.429078550121432 2.67797002371934
0.422468363875399 2.76973345566294
0.42913601152622 2.67692050090822
0.429464079039365 2.67129594157153
0.43841213007254 2.54408890463773
0.426527131300424 2.71426563242063
0.427912748956397 2.69420259315327
0.426440108617859 2.71390613631046
0.425888939827395 2.72253134327963
0.43229291494989 2.63216625575982
0.427246182311903 2.70438935933106
0.427342871198432 2.70340489629459
0.431092173491429 2.6469733007795
0.426748394838254 2.70995298376713
0.42598811686161 2.72602373829427
0.42707294455472 2.70957840701516
0.425771641914056 2.72346696403075
0.418489286430606 2.82799274718432
0.428160391228374 2.69260445611938
0.42592546655551 2.72465811200497
0.426130739381268 2.71861563692714
0.426765060696255 2.71198867662492
0.427868316593623 2.69683944909968
0.427186217569431 2.70314856958088
0.428723307102634 2.67949416993625
0.42578609675937 2.72245353276522
0.427253749353526 2.70684508334254
0.431572019429191 2.64027752089955
0.427537937036209 2.69798088862616
0.428523735945308 2.68251911951585
0.424793688710821 2.74122971474581
0.418587861009992 2.82881696689577
0.428947318145173 2.68079635176834
0.429006758865427 2.68125000118445
0.429952029547064 2.66232984234113
0.431461086274015 2.64377141980889
0.429326923745905 2.67374546954119
0.429947110053104 2.6654875426719
0.430294670959327 2.65749186210694
0.424298979227699 2.74452450556917
0.429240800574227 2.67598730441996
0.428008410361392 2.6923995983337
0.428833331699337 2.68033279796811
0.431755292698869 2.64054819988914
0.428617933311172 2.68524941098539
0.427230901357711 2.70382957243595
0.428659986076675 2.68442250571192
0.42597395521489 2.7182699260907
0.427424818202038 2.70059743986619
0.430902159116466 2.6508177858718
0.430701823558624 2.65358975364785
0.429466396851175 2.67134459686032
0.425864534629931 2.7265695245353
0.427480067376465 2.70033362922656
0.426883667096885 2.71044281667198
0.425639710522428 2.72788343352778
0.432081503306553 2.63594150385672
0.425980501891011 2.71808718228254
0.430293461679455 2.66430073363991
0.428207991052695 2.69389013390038
0.431051477090937 2.64735394255566
0.429659720823399 2.66863910868606
0.434307505928401 2.60363364154024
0.423154044037935 2.7635280481194
0.420068983704704 2.8043160465291
0.430114504403906 2.66356689997197
0.420538961562427 2.79680573836016
0.423704050765693 2.75310996497627
0.429202360759079 2.67523888134626
0.426773248567653 2.70810919131108
0.428690000812439 2.68192415280012
0.426894882774454 2.70434020167595
0.423965058221728 2.75275520065622
0.428684609100663 2.68244467986541
0.42934563042901 2.67088158060581
0.424786105591658 2.74216470135684
0.428147104716788 2.69056033835392
0.425756199792422 2.72544054005164
0.430749085053077 2.65446657372833
0.430294195413608 2.65927717014637
0.429301865510903 2.67640470641779
0.43184719459784 2.63608803110526
0.428143139570443 2.69552512157393
0.429654837543633 2.67117506813851
0.427855045126772 2.69496059919914
0.432646176701909 2.62805182508232
0.425460447070793 2.72749713455871
0.422664597620012 2.77071434802364
0.42577535995156 2.72475826033441
0.428989244196995 2.67928598460361
0.435015494317318 2.59270041807995
0.430987150658054 2.65236509988391
0.425102705129837 2.73778550839029
0.43053929047082 2.65665691432606
0.428594121346859 2.68122920671828
0.426575788965825 2.71451142044172
0.428646781225976 2.68272383947495
0.420930788675846 2.79417497674422
0.430994891767587 2.65195460032657
0.428594743981065 2.68582319752459
0.421423536844136 2.78279850263279
0.42671774269567 2.71247361645877
0.42873880500077 2.68179560535552
0.425514777211798 2.72925901170404
0.426044249147993 2.7184165389413
0.428102008214965 2.69421123891576
0.426689661827419 2.71209583857154
0.427235786712866 2.70729564378793
0.431460826057551 2.64299521201619
0.419088257849633 2.82174247240172
0.430117723906017 2.6607937018601
0.429573369342814 2.66976704898107
0.422288091823161 2.77616040134275
0.424482606569364 2.74328190110027
0.426271830011198 2.71386523635623
0.4222720265379 2.77651726691318
0.433219623126024 2.61653610024669
0.432065698446839 2.63635975188763
0.428714903288335 2.68370888360968
0.429977740319635 2.66180894566198
0.428575092471361 2.68419101768278
0.430508486634868 2.65584445571527
0.428978561388536 2.68072479686318
0.431649309120166 2.64033543080794
0.426475782427347 2.71613824544893
0.420821161030485 2.79336627230487
0.430361632635623 2.65991947756502
0.424833191478168 2.73897481890748
0.426998698335442 2.70972229856842
0.421169770066049 2.78934286662562
0.417081713673545 2.84683448967117
0.425032072290418 2.73785586703048
0.426389876544486 2.71008874553539
0.425939413178532 2.72406304908419
0.422299313207296 2.77451044392096
0.430587454002617 2.65482220726567
0.429309906660702 2.6714195616643
0.418254528726699 2.83324677073603
0.430437196164356 2.65886909931389
0.430691430581304 2.65308166902948
0.43061258638525 2.65493810526368
0.432659821842094 2.62780498399616
0.429620019220775 2.66667309596666
0.42852311468791 2.68655155987204
0.429877217444174 2.66842362906337
0.429629815723419 2.66808665851938
0.42769004977261 2.69588586021761
0.438781339789775 2.53927538020224
0.421412928545678 2.78962298970665
0.426740176784797 2.7130203386622
0.435087688370949 2.58894191691878
0.428980215382478 2.68313960776432
0.427870564921531 2.69284473538995
0.421628558579825 2.78455415812686
0.436609862633863 2.56981985144915
0.425624174658642 2.72701351453368
0.424600791922331 2.74052433068746
0.423385245207041 2.75587369363898
0.43156446246006 2.63788479438846
0.429933368965335 2.66523864112608
0.425338187701972 2.73258936534749
0.426299213716667 2.71917168571132
0.420653402549412 2.79414524613013
0.430287557665275 2.65505051481385
0.429658564045687 2.67286399645182
0.428732380530777 2.68370549987379
0.431754222480787 2.63899530306396
0.422351482186517 2.77378292095316
0.421351702215784 2.78809387216018
0.424170185531146 2.74550828997782
0.424153589222138 2.7469213349792
0.423996073512978 2.75056093861579
0.42393051843354 2.75257713304904
0.425888458555082 2.72806903142378
0.422808674027608 2.76642644652837
0.42714413132172 2.7092140303233
0.426921390756839 2.70803248751059
0.431311929323206 2.64800555783545
0.428259491268788 2.69118798171975
0.424785514864246 2.74023804240375
0.424286508526879 2.74605304040687
0.425912289656916 2.72100233551432
0.424704069117451 2.74251245661348
0.427898929524532 2.69685437695478
0.42432051739809 2.74786132117711
0.426810903890489 2.71262621108926
0.429845821182054 2.66673985081499
0.434123762883986 2.60695593333518
0.432734990680765 2.62793143666484
0.426848421279681 2.70704958860791
0.426976765067628 2.70578917256678
0.428940517358401 2.68278827538562
0.435899678524012 2.57990655407378
0.427366649252695 2.70273690300722
0.426372628044813 2.71747367713485
0.426649776595272 2.71433589651027
0.430511573591904 2.65951371020697
0.429564925383312 2.6710969433977
0.424325083855262 2.74673628647994
0.424790471517766 2.74087299181064
0.43770568164028 2.55456941703988
0.435089452792346 2.58921465138066
0.41984823466152 2.8120888217578
0.42825790705741 2.69493201790303
0.428785964700788 2.68300790214881
0.426834364878282 2.70770851197392
0.426047890374781 2.72315060571243
0.430175041927723 2.66133788530639
0.432147877409711 2.63561499001227
0.428479977659739 2.68589720971181
0.425775315452183 2.72705246649094
0.427501750100082 2.70103805584093
0.421536091639636 2.78600400333561
0.427897663236859 2.69436000371501
0.427252414914194 2.70676851546656
0.430955787173355 2.65172660605607
0.42574427702271 2.72410868310152
0.42682754487785 2.71025596344595
0.427069103856645 2.70802121228298
0.432991881442233 2.62234627877634
0.423137968410524 2.76422604661933
0.428078430075532 2.69395652989955
0.425720289981548 2.72576010071999
0.42876088769167 2.6812532137905
0.4253056667965 2.73090442172674
0.428204623957553 2.69048676066392
0.421529701152175 2.78883076889502
0.424529558175853 2.74876172399533
0.427913562947772 2.69355253666822
0.428627638284607 2.68439792192266
0.425627904450503 2.72758711486848
0.421924002283767 2.77861760998532
0.419852693393761 2.80919953045071
0.422682493940525 2.76800499608135
0.432163218750852 2.63399299728229
0.432681396021534 2.62870608081857
0.424016589673894 2.75167846438863
0.423798673987166 2.7509109412094
0.423452869814035 2.75746908873152
0.431017163853219 2.65061011284882
0.424592689336368 2.73967486818954
0.43195781153661 2.6363817054927
0.422949955399797 2.76762001151687
0.431367217834185 2.64520072768465
0.430521538277375 2.65821202444833
0.428377739189265 2.68899207635236
0.423532508177381 2.75979694621479
0.426288780980696 2.71473941121686
0.426840296342243 2.71305631483395
0.42421081384693 2.74342804801135
0.418906284866606 2.81945092695772
0.430486434532316 2.65974321560348
0.428857813036099 2.68315925316798
0.431601032380704 2.64156299643342
0.422809313637288 2.76801943488924
0.419739026644314 2.81187572414539
0.424344651201901 2.74731338626992
0.430078216488057 2.66322474129399
0.421952921302237 2.78129203480992
0.421973333908543 2.77918419957043
0.427127712457977 2.70729473149573
0.432377658244927 2.62907720181849
0.424569423842373 2.74129998307156
0.427519562709107 2.69752647286942
0.433798503468146 2.61150489764809
0.435442692969139 2.58967037166849
0.427245684782189 2.70490244120971
0.434000569329361 2.60938632434622
0.426019377475115 2.72205398322696
0.427222145642958 2.70397331371205
0.424014298267453 2.74681965748836
0.423676807583247 2.7540570520807
0.42806321278564 2.69165813345454
0.430075665393905 2.66368965848827
0.426846712895086 2.70619903442751
0.425240556872152 2.72856315655273
0.422671156993782 2.76706257398893
0.42264598253947 2.76753775834983
0.430384798829984 2.66254926563333
0.428872437922543 2.68286584486921
0.421901975978778 2.78402147149743
0.430063490087627 2.66317768223629
0.431390984784129 2.64569643858309
0.434215098677259 2.60261187918242
0.43137596665088 2.64587378880721
0.423267981389948 2.76147406835175
0.421195411703784 2.78641550905966
0.422167963075042 2.7744008900453
0.433008434604743 2.62421768234355
0.42486089708712 2.73949687704549
0.428034525983717 2.69463470145814
0.430731551445057 2.65581456559506
0.426378370350211 2.71943347894383
0.428847185001169 2.68260100380383
0.427417561604822 2.70734603392599
0.429866451205075 2.66640822858431
0.427396277627757 2.70218240347715
0.420947841469989 2.79698028073349
0.425778952069373 2.72384016318171
0.424007864218464 2.75045647910327
0.423558653556014 2.7568091849008
0.425431322583819 2.72878115550965
0.427645651380432 2.69630949001369
0.424225586898258 2.74864076562992
0.423507277383686 2.76035954175197
0.432317406626584 2.63047878794438
0.432624596550803 2.62761364082937
0.43040468362984 2.66089428656498
0.426190281991177 2.71846491794213
0.433826016443689 2.60948412037597
0.429604847143888 2.66955678489251
0.430946468285676 2.6498378061985
0.432315958558583 2.63367326194247
0.419238320720199 2.81687298574208
0.434283781846691 2.60285221925285
0.428240109346843 2.69179852467954
0.420964226351494 2.79433476932601
0.422578752236454 2.76843755019128
0.434859741655166 2.59910016635484
0.41993017016233 2.80742159174344
0.420090098004792 2.80782245165027
0.434317966946479 2.60505575658793
0.424139003087941 2.74977396891008
0.422475166968254 2.76914329880588
0.429314322843399 2.67461276092325
0.429989405331715 2.66366775474258
0.432473710901515 2.62976799960208
0.422610919790266 2.77004733857946
0.427519186739032 2.69990597087202
0.42939580398808 2.67690575693854
0.432882938580135 2.62174979122082
0.425657304912902 2.72810387077625
0.422097631410248 2.77873324280199
0.430620557622721 2.65697811606977
0.426952636848681 2.70953275775117
0.428483897996336 2.68593691031651
0.430528231092718 2.65269726780904
0.432734378075185 2.62706798985919
0.426946287946934 2.70693192099003
0.427822662943302 2.69811115251295
0.429380573596847 2.6728769551491
0.425958919407157 2.72044498219094
0.43107819417292 2.64878536050769
0.434420726139096 2.60239552835699
0.432095619915741 2.63539084208889
0.428219366132904 2.69269764570987
0.433851090005566 2.61047710944354
0.429926394461982 2.66124154511112
0.430206975259352 2.66080326330604
0.424851274757515 2.73628646810757
0.424993759394289 2.73781987675538
0.434193176619426 2.60594207175857
0.427479119771241 2.70096561695394
0.424129374877538 2.74667212905264
0.427569019635148 2.70091394506915
0.42405676866684 2.74918213652825
0.431068128435209 2.65033883211846
0.429423696082686 2.67292881024536
0.425191052083068 2.73585054489387
0.422052512366946 2.77912896227564
0.432648418713039 2.62776232702838
0.426981647949586 2.70873685321879
0.434520963486914 2.60152121867196
0.426659617962973 2.71582735490723
0.423705652445753 2.75605396236755
0.425302955518209 2.72766140288654
0.439882321291709 2.52239667740354
0.423281910665419 2.7607866956706
0.4292117273923 2.68010239638321
0.430231160354235 2.66007159083917
0.436017762547651 2.57648609197875
0.42717761703163 2.6980184521764
0.424900778030923 2.73791705498474
0.425003027778737 2.73745657424108
0.425630684585952 2.72352194636658
0.425975904164455 2.72466667842649
0.424169974887782 2.74894907253043
0.429403447186149 2.66955544099632
0.421785522946235 2.7829772877799
0.432919350663192 2.62521031955491
0.425376405814883 2.73089067908156
0.423363211763133 2.75836911608723
0.425509049434677 2.72749086484813
0.431166311901754 2.64800417260348
0.428418351230717 2.68353099945083
0.434226880547914 2.59946257054822
0.436113716291126 2.57713885101438
0.421476389961322 2.78983060148785
0.425846260515342 2.72364976889233
0.429517992748812 2.67328377636243
0.429422325312533 2.67186672867123
0.427884345169021 2.69531865824051
0.423252297367161 2.75496942136446
0.422409930225651 2.77470119547645
0.428421826402699 2.68878165932559
0.429130793572402 2.67790074705794
0.423670758995939 2.75895324626822
0.432607839429031 2.62476494302034
0.428452265768869 2.68283695682383
0.427851237848884 2.69113631895978
0.428854806650907 2.68115023924026
0.425631126799833 2.727013831631
0.425987438590724 2.72426524362196
0.429878425506057 2.66568305221531
0.42606363027313 2.72009245397932
0.437393122924096 2.55879808072541
0.422730994969072 2.77108119597011
0.427616809088172 2.69933657209833
0.424075973164815 2.74963850620769
0.428139965481864 2.69023437163328
0.429170557390811 2.67549308801194
0.428095578321789 2.69212185595696
0.429367770215148 2.66973285488889
0.426335438714941 2.71486164394734
0.42162790081911 2.78569933470876
0.427411670950527 2.70258437832093
0.436150573777858 2.57516938058454
0.431439949568308 2.64325175331114
0.433691829320384 2.60696045615164
0.42671921721662 2.71367314895489
0.425069168433157 2.73335476810139
0.431373359903885 2.64553066663522
0.426045496649474 2.72711962095997
0.431918515883211 2.63493928612327
0.425555365155249 2.73252536008964
0.429615350655843 2.66686512177514
0.419869467049103 2.81111711087936
0.427052870126768 2.70432460044401
0.432901291710176 2.62840029757032
0.43526827846724 2.59156358858796
0.427843989531153 2.69679211562629
0.43448215179612 2.60112471334949
0.43285248212729 2.62207775040115
0.429810763930242 2.66691215992634
0.435986371868498 2.58444893384255
0.429253609908609 2.67715275979046
0.426254411739065 2.72010915873833
0.429403315248716 2.67345430263518
0.427893233633924 2.69659497439561
0.428481081183569 2.68721780377396
0.432449182981285 2.63221116531794
0.426007306506371 2.72628472065376
0.423939261837442 2.75194497825178
0.426068628542631 2.7222263471055
0.433084143995058 2.61939666670964
0.431059221195725 2.64737710799863
0.42613361024983 2.71933150688218
0.427114566881388 2.7017353257276
0.428545974647219 2.68723279637118
0.428136298071618 2.69520869023299
0.429196320915982 2.67222044891468
0.429020449526166 2.67838016556649
0.426830317310343 2.70669805790082
0.430032884194965 2.66368210269612
0.426025009459407 2.72191763267221
0.430548244541248 2.65961376775767
0.425884183516715 2.7202776213395
0.433252839866536 2.61862335655181
0.425781741730582 2.7225406029807
0.424415553745614 2.74512673207391
0.423849488753008 2.75171158027884
0.431202511176383 2.65115006293731
0.422908127484879 2.76682853450543
0.428233842876329 2.68936035603055
0.428317510766525 2.68847563442576
0.427189037007864 2.70660247017089
0.432817009840648 2.62490868475198
0.428061983971543 2.6953517589671
0.42412524530127 2.74608137881561
0.433109160143674 2.62041054426162
0.425850584183691 2.72770855340203
0.425918577699044 2.72456726431949
0.428872824519812 2.6808638203178
0.426258236637108 2.71758899255546
0.425423504795849 2.72711266362538
0.425417866988992 2.73258018794634
0.432967756607876 2.62139569011178
0.426163772294105 2.71509576900537
0.425381558888927 2.73083844754255
0.430674384124823 2.65274466071952
0.429438614716731 2.67385872154148
0.425251796894899 2.73348775072799
0.420017958521708 2.80823542083979
0.430251267754569 2.66145678100953
0.434094438932758 2.61049011177883
0.425727275739582 2.72581196810143
0.421330478565195 2.79186987387967
0.431504422796929 2.6419728196303
0.426513681332335 2.71330757922069
0.423948208058509 2.74984968857415
0.426981886770869 2.70811771920047
0.426361604677661 2.71845130161728
0.423092410164605 2.76405950772462
0.432658841674172 2.6267561897116
0.433000840468753 2.6240334233944
0.423064465279577 2.76101858355554
0.419959890997511 2.80886639608533
0.434400470975802 2.60178254994365
0.432898000955973 2.6238642526395
0.424609492849014 2.74562264303846
0.434168227215432 2.60663301987505
0.43008647148267 2.66074468231302
0.42796058264516 2.69376802638945
0.423063144263275 2.7610906454403
0.429805687618796 2.66558063331772
0.420915932624345 2.79012640329127
0.431017781390292 2.65205992957704
0.422637064862475 2.76717857699786
0.422851199822358 2.7658436415541
0.427590376374405 2.69910284644437
0.430649554195306 2.65268625677996
0.420963622415566 2.78957949841847
0.428990956252138 2.67905719470291
0.425505841927261 2.72619796996468
0.42342768300311 2.75372835224988
0.424115286546065 2.74889772329379
0.422197302844317 2.77576440067024
0.431889067810453 2.63609487833986
0.429994443410385 2.66648050286799
0.431706768860182 2.64191879428261
0.427351386788763 2.70051530178395
0.422399534672882 2.7742018933246
0.422396790925824 2.77230721455028
0.43063462046345 2.65729845627167
0.431693201311232 2.64310570929391
0.43113362770654 2.64832166067269
0.429678181582246 2.67334288746444
0.429796095668264 2.66442199490107
0.433475289888606 2.61195123942788
0.431057068903989 2.65122859454296
0.432886688867935 2.62608648789674
0.420534488248109 2.80122828211168
0.432292762826435 2.63204826822624
0.422285000787051 2.77201857856105
0.431451698633554 2.64183154486868
0.42782866083133 2.69428767772381
0.427953613106201 2.6938412630031
0.424463316066711 2.74398125735068
0.433955277535679 2.6066027060867
0.427229918602452 2.70549470678778
0.427537127513166 2.6956146064985
0.435938843102202 2.58242116843688
0.433314777909685 2.61780386961845
0.423795614900462 2.75196716953042
0.425181794440899 2.73232555415178
0.427348141634507 2.70185632919597
0.426272765923385 2.71924564933807
0.433052562265638 2.61965983989114
0.424726282067534 2.73891697634983
0.42476331417697 2.737581500663
0.43032249272481 2.65888571175965
0.42393077577433 2.75413495510641
0.431541444405168 2.64307353037128
0.422923103134259 2.76721250663567
0.423970218830482 2.75255270478364
0.43030777290352 2.66180598690034
0.428580487507029 2.68709908996172
0.433094991541863 2.6223063038148
0.427289353562042 2.70622984870069
0.427805250165204 2.69868051641942
0.426850935697595 2.70655217887292
0.423516984482971 2.7575183755743
0.429442509598401 2.67357709269619
0.434300022616857 2.60189300811457
0.426077926563202 2.72231393482644
0.432664257232659 2.62710339923324
0.42159894812876 2.78254185155071
0.426258571966116 2.71862130699578
0.425429114032047 2.7327803674894
0.434836148934104 2.5945872242115
0.423815191179648 2.75804921363242
0.430338700495224 2.661074656741
0.419882390993551 2.80914550423443
0.434955641151263 2.59528558682355
0.429380249406052 2.67134237830164
0.427930190278349 2.69700139800689
0.427960137419111 2.69628542697975
0.424854119170872 2.73767815290157
0.426397878287167 2.71785347778544
0.429023162191546 2.67690632022598
0.426728071708729 2.71195762998865
0.423365403817652 2.75940415960507
0.420818540836903 2.79825127543228
0.425522728449027 2.72556863474707
0.425094775110002 2.73144124483981
0.425774408990278 2.72699514396025
0.430273688078715 2.66081379806774
0.433298979463042 2.61923355848064
0.430282344367547 2.66177764905473
0.426562699396689 2.71191771832404
0.426909232596432 2.70427335789546
0.423016129883578 2.76837756345767
0.420045338937746 2.80966373016786
0.42781799885943 2.69548669182313
0.423027438624405 2.76423869708299
0.423363816768064 2.7601752821713
0.423434303983167 2.75925715789382
0.427355109617489 2.7036796557468
0.421371349770618 2.78666892187583
0.427014357001724 2.7032985293884
0.42894119590258 2.67821993116717
0.428886537498679 2.67794356176187
0.436637296542296 2.57212154705088
0.428920934315811 2.68638651650591
0.428036927192394 2.68988228976632
0.426969409986907 2.70812141401113
0.433346588063171 2.61620746797447
0.434574462377966 2.60245203561763
0.42467687888679 2.74448221408429
0.426511774164851 2.71446382516563
0.432258171801277 2.63309245219426
0.430600238335446 2.65753624645137
0.420176798411261 2.80440985735329
0.43090459157679 2.64789122584478
0.431597680318732 2.64197003085748
0.419657563121975 2.81360148066054
0.432854465820783 2.62832652382899
0.426179745172175 2.71655190571163
0.424952452903844 2.74264752377063
0.428884013096276 2.67966421697951
0.426511746712572 2.71197495063825
0.424055561036104 2.75099566229018
0.423596889240211 2.76163561720757
0.426470140863945 2.71417673675164
0.43372919584814 2.61390680348366
0.432634337013579 2.62603100788042
0.425988119371753 2.72459001203834
0.423650552449304 2.7560224410788
0.426350145838256 2.72038325283367
0.423017156462563 2.76513609013608
0.43262912160385 2.63086326879301
0.426758190192506 2.7114214468438
0.43100605479066 2.65134050681009
0.427215028721536 2.70320690830599
0.428874628588351 2.67812958314281
0.428812830919457 2.68510247159412
0.428324736694178 2.68929685724061
0.430577687976895 2.65356340288743
0.428578832117363 2.68577146459674
0.429333531036016 2.67323718467712
0.428286696540681 2.6918367182576
0.428376766715587 2.68959189243372
0.423450405627347 2.75988102151658
0.424565037739129 2.74245200299855
0.427952770112272 2.69543453564319
0.427252275063666 2.70601892371858
0.424371618640973 2.74637022652522
0.421415288515233 2.79003534864159
0.427709461227525 2.69939788166819
0.424715303363712 2.74140885915029
0.425425547720568 2.72716981832099
0.423076672949177 2.76385229028531
0.426953728750425 2.70667629568602
0.429983641067195 2.66257171144132
0.429072279932636 2.67720316006321
0.426541141869231 2.71539617612949
0.432425917498717 2.63098193196804
0.422046599826388 2.77682124792426
0.429835227430547 2.66699863392418
0.42452282503116 2.73316260639203
0.432935460802623 2.62591576198069
0.426589398659311 2.71310859201639
0.426074485214307 2.71850259995431
0.426553608808975 2.71014008885957
0.423265265040735 2.76141266401811
0.429546847483046 2.67337434835916
0.42271933135497 2.76814013011321
0.421248631277749 2.79157946230356
0.424343795675972 2.74718650077137
0.427742557120739 2.6937841701346
0.425950907566583 2.72423066901745
0.421037153206449 2.79327576599831
0.428825277388574 2.68201200292782
0.429111642970068 2.67630532764825
0.426258899337475 2.72093446926402
0.426489851201135 2.71247859462117
0.42934130757822 2.67480177016027
0.425834415153483 2.72137562987574
0.433423879174863 2.61676917221684
0.431421577938803 2.64657761436834
0.425425542862974 2.72903095014309
0.427786947305141 2.70021774304095
0.430437026040341 2.65654671366895
0.431859495277691 2.63415100231551
0.421528280582952 2.78316007078881
0.427973696806456 2.69821092294871
0.424318251124495 2.74482340435402
0.427629616198019 2.70209008532406
0.421513275742317 2.78071393396382
0.427968891773195 2.6924457978101
0.436217430313571 2.57491026623716
0.430392074891509 2.65726198261136
0.428829258515586 2.68150398288181
0.430840110553325 2.65601612097044
0.426810892570939 2.71044474781696
0.430687136140319 2.65303004603359
0.427049179875801 2.70319940678281
0.431650389135708 2.64193428865718
0.427663108353348 2.6952033704448
0.424927223079068 2.7401925153908
0.431395800068336 2.64576641436734
0.42813934589489 2.69254888855481
0.428435078091511 2.68626953511505
0.42564205140349 2.72966982659019
0.420466830687181 2.79825010951502
0.428567365031675 2.68644802530694
0.424877028656588 2.73952986109984
0.430135288648522 2.6637638292222
0.425615250171917 2.72454397786516
0.424030615559145 2.75003261336736
0.423438286628915 2.75985833781958
0.427524352445161 2.69894905037804
0.427758022036588 2.69782256342247
0.434290742025648 2.60353285106079
0.424743960936325 2.7394416556334
0.424534926342252 2.74495498223436
0.424947057984064 2.73798417421209
0.423274766248357 2.75867480969222
0.428864367446988 2.68362590423698
0.424676381405838 2.74159876183816
0.42365001529772 2.75781513492023
0.432683867419231 2.62394339755742
0.426708738934982 2.71063056939802
0.437021588991866 2.56551788408662
0.428858598702471 2.68009220217907
0.422679513313723 2.7699145589477
0.425238002454002 2.72777076243971
0.428131994451924 2.69380322720947
0.427671167143249 2.7042537310938
0.421941633756132 2.7762016541361
0.427055904766154 2.70599616024101
0.431103666865513 2.65018402830119
0.432027114103219 2.63538700172918
0.428649607105573 2.6813602075193
0.427994681552743 2.69234523746821
0.425114546812135 2.73532576014806
0.429609411321517 2.66885136307515
0.428317308360553 2.68780147908013
0.425430317013563 2.7327576620049
0.426123522962738 2.7211284095906
0.427638030607332 2.69856712479765
0.428461360309432 2.68433664943346
0.428366209754903 2.68889566560415
0.417684580021641 2.83818344159811
0.431597050274294 2.64024597810862
0.428486399568596 2.68854331273811
0.438086242165603 2.5486102293347
0.425929442406555 2.71901477341566
0.431682847643286 2.64174651534774
0.418641370013105 2.82663333838638
0.430228007016797 2.66316629451411
0.429186262560076 2.67916136144088
0.42768196117263 2.6978675322521
0.426016701966183 2.71964626928627
0.430712217069134 2.65648434540151
0.43127965634728 2.64422029978796
0.426075192287857 2.72046254160602
0.429584303731722 2.66856041335443
0.432170049287476 2.63205537189788
0.430236877562027 2.65666336348696
0.429918254159595 2.66569881779363
0.42551024455427 2.73420685632477
0.427012188431726 2.70998521489192
0.431285463950614 2.64519424502746
0.425966568125637 2.72191278216704
0.430794082139556 2.64738513032715
0.428273675149974 2.68917054832533
0.43048525193853 2.66387946563582
0.429473042876917 2.67060637995576
0.43044162195628 2.65761258440316
0.435380488688844 2.58938341388939
0.432149497869173 2.63649597700739
0.425292404744176 2.72932309292792
0.422201442418004 2.77671842293268
0.426560356673901 2.71505269772494
0.429287746361765 2.67554944469729
0.429179898409666 2.67965164307289
0.424691710482709 2.74189886430141
0.429400608577587 2.67264936216856
0.425673790632394 2.72469326004483
0.432354560226414 2.63237739597446
0.430667630640028 2.656127160334
0.43180512856372 2.63958529322136
0.426793352100336 2.71207695647085
0.419384993610979 2.81729276821201
0.4250098034245 2.7358304941891
0.424811825507382 2.73615823927932
0.428589041625405 2.68280118586825
0.427121954985251 2.70599981699472
0.419116682350669 2.8149486972018
0.420512816343952 2.80106450642826
0.424628598106668 2.74139698166865
0.428041973784282 2.68940518035298
0.430847263618268 2.65214309845499
0.424946938085489 2.73791956892563
0.434109024975285 2.60822835843777
0.432507747258978 2.63267946192482
0.421090977514223 2.79109336646876
0.423491651295941 2.76028222539397
0.43762018927704 2.55297035834857
0.424460589612656 2.74389567852832
0.430156377373414 2.66172052576079
0.42483730930544 2.7357958468724
0.427540487873306 2.69873874011325
0.42778025110601 2.6950902377365
0.431372626249251 2.64546430296181
0.424246214020321 2.74713137728007
0.435900583461555 2.58045638554231
0.426503808598054 2.71659902382441
0.424561861388693 2.74106718371463
0.424375020495946 2.74609202900732
0.42162662658776 2.78397503177142
0.424390711175698 2.74152609385491
0.429179698282977 2.67615644034634
0.428032642704639 2.69128634903006
0.42291098612497 2.76265021608482
0.428757625277504 2.68457783358495
0.432489919213131 2.62526875352962
0.431662670759158 2.64395202992168
0.427999706907563 2.69470770696166
0.419619367899015 2.81601272460374
0.421827716579203 2.78749278539257
0.425989951688301 2.72027266690525
0.425827140618386 2.72564049046706
0.422809601009655 2.76580428124463
0.431019087239752 2.64854252397354
0.431578323155887 2.64367114036567
0.430420753464376 2.65826656303397
0.432753832644857 2.62208168969068
0.425279495026521 2.72761989469411
0.430241312779769 2.65939431965092
0.423493575041149 2.75630038979742
0.427052104708157 2.70782706356048
0.427520632079693 2.7002543692605
0.436291632510835 2.57636189884257
0.421402393634201 2.78982764343366
0.42953336543533 2.67236144176653
0.423171496925889 2.7617277445414
0.437695910433262 2.55337949054703
0.423790145805704 2.75089432001691
0.423965637104871 2.75170622307181
0.431550240653207 2.64091210256929
0.43286887951652 2.62622815763028
0.428958602585689 2.6820718627747
0.426408017134653 2.71891094570154
0.426720236923474 2.71159927342835
0.431652640385217 2.64277517049782
0.424754501458847 2.74047387311474
0.42590890246839 2.72050642658237
0.429754388377068 2.66866410764037
0.421815940449459 2.78094601407018
0.420779233861529 2.79343519427082
0.426740945435741 2.71056682677063
0.432395658351763 2.63451635495218
0.426363969961966 2.71546921389451
0.431559889654325 2.6404556767076
0.422564113752009 2.77166782831679
0.425284969914336 2.73058616397519
0.426446364618482 2.71392335690143
0.431455549326146 2.64567957283905
0.422174712752578 2.77424353367811
0.429845617400997 2.66489207955531
0.433274942282466 2.62059456040275
0.426277565532992 2.72087153442706
0.432317654848246 2.63015482052354
0.431068139374805 2.65210674663415
0.431838169207818 2.63750851406349
0.423919578324733 2.7512714904382
0.425437111072801 2.73155827849137
0.426299369665455 2.71686020938377
0.429222277710623 2.67125053131237
0.424696702878397 2.74385308226886
0.422311572719103 2.77573210271893
0.425355687429361 2.73366271539828
0.43124090689619 2.65001295662822
0.430819081883686 2.65148867951346
0.428127474344097 2.69231456095618
0.429191121747719 2.67824497035808
0.426089531512536 2.71957750345271
0.424356309691615 2.74674470798153
0.426558698897332 2.71655013610592
0.425176750844573 2.73154741193743
0.435918141361771 2.58017499951032
0.423397136658461 2.76262608693521
0.426123784461487 2.7212193145821
0.425330465246546 2.73334800322943
0.430256954476606 2.66032029786018
0.429843793786852 2.66735534215735
0.429767464714814 2.6696537911896
0.43385885948544 2.60833084852687
0.425748486243196 2.72230884559965
0.429452278454207 2.67207416205808
0.429835579058847 2.66989157159904
0.42887161420714 2.68506190859868
0.433006409627594 2.62246522709727
0.42463497714266 2.7387841259846
0.429709633000386 2.67281212296
0.426391509122389 2.71474313926821
0.428644484138401 2.68413771842684
0.432304452936608 2.63264654943304
0.431968707501903 2.64030674976486
0.428095770770214 2.68923778863932
0.430651709582909 2.65442676013221
0.427246864438024 2.70432728714354
0.433549365789149 2.61314342734702
0.425225279312568 2.73140998124302
0.430659487679616 2.65625274164161
0.42492574722828 2.73875556010081
0.426854780197812 2.710286232485
0.428450550373823 2.68647141842842
0.432064090010546 2.63546648336903
0.42869734063928 2.68588860358403
0.428887068919199 2.68116843581175
0.430670585189538 2.65758613235981
0.432057738523913 2.63491300137737
0.431113563252035 2.64917891774555
0.420931557488747 2.7950199826121
0.425579039959913 2.7267713985657
0.429239057512119 2.67786552034682
0.43332533502778 2.61941265230418
0.421808645449146 2.78358346901883
0.424418873512838 2.74586035212303
0.429019550437401 2.67894375202971
0.423770972700267 2.7554214165691
0.423951019881673 2.75405629467117
0.424867868728837 2.7413479531245
0.424605337642735 2.74117053243508
0.432672957047745 2.62816358549388
0.428388589349096 2.68599649412067
0.424381381488481 2.74474021793516
0.424489482431565 2.7422585508431
0.429443410116833 2.67472579652216
0.423247663536259 2.76097342019169
0.426747398783964 2.70721897221644
0.424455478488217 2.74499737236806
0.430589398894844 2.65616781883244
0.429541568713119 2.67459857142348
0.430040219773252 2.66711125849011
0.428876950220621 2.68289019351419
0.420644201115719 2.79823256724202
0.426962277760821 2.70714572128663
0.428935095077866 2.67848925622952
0.422767626717083 2.77142835793337
0.432814527598658 2.62385126361493
0.429497452866032 2.67103012025304
0.422095717352934 2.77810697348929
0.425226069139458 2.73215947030689
0.430098842933092 2.66366676403912
0.42750522707265 2.69911007886604
0.425814994965113 2.72236799070105
0.433604549729772 2.61479686524433
0.425669202974329 2.72678348720499
0.429354129976095 2.67574077746994
0.426956236444165 2.70780693357322
0.425432909749416 2.73084579919012
0.42588350428277 2.72484388755252
0.432103187796707 2.63621498068455
0.431442646881605 2.64242412314418
0.427845858364378 2.69585985343691
0.428191363036272 2.68811594814509
0.430310387693695 2.65811292102426
0.425996303081865 2.72599025487218
0.43040215099382 2.65563201480197
0.426037349761165 2.72012478332332
0.424923581665248 2.73812359475678
0.434658956685398 2.59968150294814
0.426678703616484 2.71115789214923
0.426526428253418 2.71447303967777
0.424845875944856 2.7397323862742
0.422337982573259 2.77607827147673
