0.369214953166114 0.414385249961701
0.358824551807582 0.57826809621471
0.36611894074358 0.462691634419194
0.363340065039738 0.508444290484953
0.367149538058455 0.448778616592544
0.362658358059614 0.520291325369419
0.361437791962583 0.532150250424523
0.364657185038857 0.484698600669457
0.364824235187314 0.480501024206051
0.361208539217572 0.538883402691121
0.362405130772431 0.521460580438426
0.365703838703333 0.469907911040756
0.363642610279086 0.506991717711723
0.368361984469873 0.429337166256204
0.364044369776798 0.50224960443686
0.367992023873775 0.433235437032852
0.362437426835001 0.52214484986387
0.3616189295931 0.53317337301039
0.36495106535836 0.481186590943846
0.362994655956511 0.512753236993099
0.365395167938015 0.479886829890055
0.367923269012815 0.439433399239273
0.368784496351896 0.422800410206642
0.368890650134621 0.425613055002845
0.370496443573745 0.396490878176377
0.367271310543578 0.450119771842929
0.368964035228071 0.423187114548744
0.367046232567725 0.453336915134573
0.36383826075553 0.503518950791944
0.366698481929173 0.4532041782608
0.366700617946468 0.45647527928409
0.365036848355506 0.485754261983034
0.363516622325003 0.504699263966046
0.365333438202602 0.475551627004008
0.360766463920395 0.54383200284334
0.361809609093731 0.532220299209042
0.36009656859896 0.555770401217374
0.363949057011753 0.500517767147705
0.360145112764236 0.558484349870328
0.365863903768593 0.473355126570632
0.366668275589739 0.457086877731674
0.363112217251721 0.514157410321239
0.366645791627913 0.460035944673261
0.365886411253479 0.474641869773769
0.363808830825856 0.50541379280832
0.363994932832062 0.498589831110087
0.364958700432396 0.481997230635126
0.362086108188511 0.521423013045035
0.365741202594145 0.470174204361923
0.359887334794784 0.561752428036799
0.363610832428247 0.503912619578962
0.362896922741061 0.519146253251838
0.365472325413215 0.466836745395063
0.362749354199916 0.520069870255412
0.35931560772383 0.570836914462265
0.36599889184806 0.466708856456213
0.36223028937056 0.523552227380089
0.365050203874063 0.482604467542743
0.366401296672341 0.455234185382446
0.364815322004019 0.482223166520487
0.365588888463729 0.471876506615959
0.367075753593771 0.445498337438696
0.365243664984785 0.474428745745114
0.361313959827947 0.540527266177838
0.363464185353184 0.508660491907129
0.367544864016541 0.445089810428499
0.365369157846299 0.473683635408175
0.364021815783864 0.501509856781012
0.365130160587196 0.483643034074215
0.363818222693556 0.498198971874333
0.363351023162504 0.504320034781595
0.368153995253286 0.434203832948836
0.366142606821668 0.465728385902693
0.366193482647099 0.463941741029999
0.371002638734585 0.395296042891669
0.368222152509556 0.432585650787481
0.366980721344829 0.45274516490582
0.370271043722282 0.39364896351177
0.365324080146772 0.474866328385503
0.363425434722529 0.510021580404201
0.364091614426219 0.495816604735285
0.367686395175298 0.440711977890255
0.366085137137218 0.462502624416423
0.365555025006228 0.479350765177761
0.363611716546609 0.507202422692615
0.367771963706478 0.438039550568937
0.361094224911849 0.542320326209854
0.363665118176192 0.500260479025783
0.364042343665602 0.496731391086437
0.371493689988485 0.383153151796825
0.365507926301126 0.479712883587267
0.360545600970865 0.547850116054807
0.36537976159576 0.477686183973558
0.363649379327259 0.498354343628577
0.361435340950024 0.534312708113663
0.363614757096609 0.503065580267639
0.364222243163861 0.502667225413178
0.366258933550144 0.461732399847007
0.362493527340433 0.523658901234694
0.367033773727767 0.449110898918629
0.367399243721664 0.443265020615022
0.370339965379661 0.397165880073764
0.367044372430245 0.456371869275216
0.364523052952706 0.490328904508248
0.364527516136275 0.487150627140507
0.366049466691738 0.465211515181061
0.368439041520112 0.432954810963919
0.365687194539935 0.470713734671923
0.363631433679236 0.508098917610474
0.365166487567122 0.483888813040993
0.367006365920239 0.449973855272601
0.361698792597588 0.530773250215002
0.363717140879304 0.499940890535205
0.364142229780259 0.501124458557159
0.36325261571471 0.503839072626492
0.361651721407883 0.531672473559876
0.367940481915182 0.4404678725064
0.364435810351153 0.482187248182422
0.36424997565296 0.498946672593936
0.367336235946929 0.445543005069125
0.361183581397974 0.541555732695812
0.364217835082093 0.497680738018053
0.372662835143224 0.359152234171721
0.364649977296475 0.484300204173368
0.364131539869161 0.498420296996963
0.366971608990474 0.451207474079768
0.362445228930254 0.52644993663163
0.366277850355135 0.459241417109033
0.364638613600624 0.490424139306711
0.365829302052837 0.467758689222394
0.363711105646516 0.502449383012979
0.36414788733528 0.490259899621192
0.363486350324759 0.510489938980459
0.364547933992267 0.49436297679996
0.363995590680796 0.501270055559665
0.361599981767418 0.534706700160141
0.360553681378751 0.548738116659307
0.367954061392481 0.434686083200911
0.363772741598764 0.495586131531725
0.366786659661841 0.462639504845169
0.363752414918767 0.502752902237361
0.364286215809355 0.49779122772081
0.370268185460254 0.397129777684946
0.366783236329773 0.454664893154819
0.365841005037063 0.476441962722329
0.362415789531191 0.517951190066394
0.366406073413996 0.464142476638872
0.36568647429929 0.467596578923623
0.361410860824595 0.532851640327511
0.363894837019432 0.508125262514515
0.364851537945814 0.481194812393406
0.366589584956673 0.461493509848135
0.364706112625122 0.48473331278318
0.367976177663567 0.430602320275243
0.364541318311547 0.490900143266611
0.364198458786498 0.493305156813483
0.370205046105441 0.404796713967954
0.370442333470317 0.396758805522944
0.370644266655533 0.395080591518687
0.36057249803603 0.548750866943308
0.366332487912915 0.467313678225227
0.368174453550579 0.432035346999573
0.36881036849614 0.421662758827801
0.370014129031363 0.406955399306001
0.363109957176277 0.511039783786649
0.366866576707467 0.449671620766734
0.363169389464859 0.51034587591274
0.364889092700717 0.48614259302269
0.363599691896802 0.500894019726088
0.369118276532045 0.416973379592933
0.367240609596447 0.447247692499595
0.363171306175791 0.511584408275289
0.36419977922054 0.495291495465406
0.363526295214629 0.502836168501847
0.367335234328623 0.451148078664851
0.366070159936558 0.467015772954385
0.366269073020156 0.466519892620359
0.364417040041517 0.488110138342814
0.36213786499723 0.519972765417498
0.365838022890472 0.475045824666419
0.365635523551075 0.470876062341653
0.365667082820834 0.469516567622569
0.368136873917811 0.433343876575008
0.364270180571681 0.491490296233754
0.361110889299482 0.544759899474835
0.362741866177659 0.517486954673375
0.36773965392245 0.442088843043777
0.365520192143651 0.475576496259909
0.361530618599082 0.534109980764063
0.367110241373166 0.45554890450324
0.368978298511914 0.422310498407862
0.364983682370539 0.485110976833895
0.370918086174347 0.390284902040556
0.366433740781116 0.457934870375097
0.365583311600188 0.47234309280104
0.370119465191424 0.397699691864645
0.369186273304452 0.420767770346732
0.363758802929815 0.500581153947042
0.365936663671884 0.468144407828762
0.369826478814613 0.402616613011415
0.36102808427299 0.542975056010818
0.364419652622522 0.487363861652913
0.362193296238546 0.531596786133126
0.368649849467691 0.430226846616896
0.368660764643452 0.42268220801345
0.364928642610607 0.478259797060571
0.362427117977339 0.521972601130182
0.361895450303469 0.524693410614939
0.366625104530032 0.455019033348461
0.369997311624597 0.404827112618616
0.364995847288738 0.483684714902859
0.364253496029134 0.49444689959288
0.360501589887734 0.551043674492634
0.364006162894613 0.493674281064287
0.363939296497155 0.496321729805404
0.372356863834586 0.369098425953163
0.361772939406907 0.532665013428552
0.361913058373683 0.533513960652173
0.366601754957644 0.456315976842619
0.36325589771369 0.508293522900006
0.361696803381816 0.532079325621241
0.366473561511997 0.456978598693947
0.362061626325884 0.530011013174592
0.368535577331204 0.43179018270422
0.363775288331848 0.501244198581343
0.369237125053062 0.417968793510691
0.367199269123929 0.452831740179352
0.363892617788682 0.500284734662167
0.364951685104579 0.488118203755212
0.361369032080362 0.537923060361535
0.36475353502361 0.485553255712574
0.362893135127026 0.514153183309595
0.364585912853622 0.487862793115818
0.364001541488444 0.498042226547976
0.360909808363873 0.548380224636821
0.363817809860001 0.499570934631101
0.368554474526057 0.429249131968868
0.368258818588623 0.428037992726925
0.36690099265304 0.451462993512788
0.363099493217477 0.50729970305959
0.366305201180792 0.453184621815324
0.361704071034422 0.535942141069771
0.366364952990102 0.466037833051253
0.367341216768203 0.445341210437487
0.36370185530446 0.50721768318986
0.368065548870294 0.436351943022965
0.362754524062625 0.518450574940927
0.369065584578168 0.417851641815132
0.360913704347142 0.546825654865919
0.365175297238471 0.479710101968721
0.365826610615409 0.466721039893362
0.361706907947912 0.53374445258267
0.36297399226428 0.514043180352228
0.364949106123097 0.479797708471835
0.368343580723644 0.427464870513283
0.364773215088332 0.487519670290023
0.361451428583783 0.54004590654336
0.367397115897726 0.444593510347637
0.363441206258619 0.504626121136459
0.363386904798441 0.506534059861883
0.365682786739483 0.476280949595754
0.363524441952213 0.508362920559429
0.36523788985985 0.478129332907224
0.370653413941077 0.395116507878402
0.365123700020029 0.476196005265812
0.364855107260881 0.483448261228051
0.366077001908233 0.462749235214198
0.368447200838483 0.429065542904708
0.364014738955264 0.499200705129578
0.364447678525189 0.48452507599011
0.368069426730872 0.436418423274865
0.367683061553621 0.444145522135303
0.366233259305684 0.469187816686775
0.367114096563403 0.454874663743688
0.364610425112823 0.493364400980056
0.366137140574004 0.466504511479363
0.367674406395076 0.438423568375551
0.363919366204744 0.500574388800928
0.368212058417325 0.431389959999086
0.360976649965144 0.540679392968757
0.36613885676805 0.466913662960897
0.363965158385289 0.498711656579917
0.364998044051633 0.484867075568512
0.361179624722865 0.538329784157506
0.362961193716009 0.511227454267519
0.365210853514306 0.484846034109168
0.368851047712159 0.42704248243883
0.371369165704022 0.386508710407722
0.36510795502084 0.476810385126333
0.362710871073473 0.523111171071359
0.363810896085484 0.498621870103848
0.36698640743597 0.459152763687339
0.362350548569943 0.521871821170515
0.364782298741281 0.482162846869459
0.368377293300583 0.430371879248556
0.366919620579033 0.454811674211327
0.369175651523947 0.41484751941077
0.364324905968409 0.493159718024283
0.362975067111115 0.514376384006448
0.366275700891786 0.470682667851449
0.366885846536159 0.455035182687239
0.359974255287493 0.556066685252627
0.3696803232323 0.406372985373514
0.371092986349977 0.38901959033482
0.365415035883979 0.469543939501482
0.364680135950309 0.486368846703364
0.364125144989488 0.489811330287544
0.36676763031009 0.453114410016314
0.363273978477258 0.50865615470356
0.372499744282838 0.369472570239856
0.366436056172411 0.460041104411948
0.369240370289496 0.42061424749656
0.365448545318205 0.473620606313738
0.368196207686941 0.432055028215871
0.364860784151771 0.4890622645716
0.370405313861426 0.399925224467631
0.365671486063263 0.467561656352743
0.368515174134717 0.429639757366729
0.36240850163638 0.521599721150497
0.367448886945045 0.441763685738286
0.368394176446683 0.427076501813802
0.367798465030513 0.437499254095176
0.367016110080845 0.448641056380332
0.366675655500846 0.453407540998488
0.36625599220587 0.461302849768448
0.362322699755944 0.525778720608809
0.366917523701527 0.452332260406131
0.364441077860324 0.485853542703897
0.368396509200395 0.430327176288403
0.369156039611222 0.418729910809292
0.360814887043562 0.54998631095092
0.366859498266445 0.453916622400176
0.366025391736114 0.467089003794448
0.366084597494528 0.461644591176965
0.365583310647022 0.470573053058472
0.363296301411087 0.509507963277706
0.364308959184431 0.491288371539432
0.361899602741896 0.535130906782414
0.362545272204395 0.523012585230908
0.369443887680547 0.410005267403885
0.362015064006584 0.524570908009224
0.363958428664744 0.498607012176865
0.361978653470201 0.530219745577779
0.368142110489349 0.431972017628822
0.363548962962678 0.507889826282154
0.365549738935763 0.468731411576848
0.365127536434517 0.479553898201681
0.360534271231171 0.550508535941393
0.366134197783827 0.464819850026984
0.364161007672673 0.495069261655498
0.367183132466162 0.447921277311049
0.367731527137198 0.443934846919258
0.365416928353706 0.476130382308979
0.360611598400169 0.553457570458598
0.369671416000569 0.413294466523486
0.364341790731635 0.493877112098039
0.366961450910067 0.455389643876657
0.363169558163539 0.509933253031207
0.362982618577848 0.517917543607894
0.366765798210417 0.448701432832139
0.364989079360537 0.483042842433381
0.362546686658268 0.523135930694589
0.363299829597865 0.505622524790398
0.364499381375715 0.487503671475649
0.367859482380728 0.436145409320428
0.369462698514668 0.411659598060157
0.367878650665137 0.433109998100876
0.365699280605872 0.470703185775975
0.366302812802447 0.460853192037969
0.365980037595649 0.465261356224064
0.362566348102904 0.523792374216909
0.363582294038795 0.510233522763158
0.369209576043025 0.418610428898975
0.361795988651402 0.530016405043595
0.360404959146397 0.553530327444321
0.361422712702801 0.53509588674823
0.360035170018232 0.556201949207811
0.368293040758875 0.429730039199226
0.364257213567212 0.495270739526278
0.361754219001425 0.536618875750661
0.363419597822363 0.50679362469879
0.364832275225289 0.482082117350029
0.362455944410017 0.517381877847614
0.367454091724506 0.446604624483454
0.360744546114265 0.548972244937956
0.36498472023845 0.480770874945552
0.365652666272011 0.469749401277212
0.360950457995338 0.548289233252832
0.362582610307233 0.522145114460896
0.359681053819546 0.561892879012566
0.366153219337799 0.462570003970802
0.364559543628063 0.485329197387344
0.370810856345763 0.391260687873164
0.367040742216533 0.448070095829662
0.366397908570704 0.462593769572407
0.361770797409307 0.530789202320456
0.369679052332848 0.404712684974532
0.363140606999375 0.509946101181429
0.365923764680171 0.469762229034274
0.362468631135117 0.517700281658184
0.362797882860881 0.513002279680073
0.360717683456963 0.548064177608938
0.366153929652601 0.46371911801719
0.361698718801108 0.533378615064547
0.365441747309236 0.475515113211407
0.362760123410347 0.513057092355497
0.366794939574778 0.455587218735162
0.364232654396802 0.495941959709813
0.368270922252398 0.43390150703591
0.367100419678741 0.451068686663614
0.368814454688663 0.417982033731428
0.366587097889229 0.459641492730778
0.365170986284349 0.483145687329728
0.365970473110347 0.466638791767809
0.363319591886904 0.510363933694546
0.363330286382788 0.502221702501814
0.367937663124047 0.437609199067627
0.363026875630736 0.515368770818741
0.367407600827175 0.445142499104201
0.362708568730977 0.517151755042949
0.368448048795705 0.428251597099879
0.363872759340347 0.498494874870548
0.36381199990033 0.496831360953296
0.36380956992291 0.499956916291958
0.365078144313863 0.483067864150044
0.365701875496917 0.467700427923098
0.365175074511479 0.47416766870594
0.367172068978982 0.449634315814237
0.36265041958616 0.519113886112677
0.364680402349625 0.487392282923685
0.365094330160285 0.479961826586409
0.367940066284582 0.435305053685486
0.366758093217705 0.461549485699785
0.358499785820725 0.581015763824033
0.368599519930976 0.426071938091001
0.367612079940926 0.442497004742715
0.362631224342208 0.512977774891803
0.361272989496157 0.538114772165122
0.362660045165289 0.516986870520294
0.365168963877676 0.476891225862089
0.363145434232445 0.511628239398011
0.363395964903751 0.507394818756882
0.364618926268958 0.485825087416183
0.364684289467087 0.48511633231158
0.361610506147876 0.538914156202342
0.362738660701528 0.513334012227337
0.368690974869534 0.431009582922638
0.365657778981241 0.472464704893807
0.365195440959837 0.479446070790474
0.36588731528885 0.468609424206553
0.361901760599181 0.527067196743037
0.367642704341991 0.437959100949904
0.364052903257341 0.497355237554789
0.365295524069116 0.470181047879797
0.362005034762695 0.530392614309813
0.362177921813274 0.52734900391437
0.361739475564524 0.532409341070706
0.365375323934387 0.47424505798457
0.36480934874208 0.487894205794918
0.361776534077011 0.532024414664673
0.36676297051247 0.44995073799312
0.366031249191631 0.463674147395891
0.369506073553074 0.409085873778654
0.364224227682746 0.493670769770912
0.365460987146007 0.473283479325825
0.36942128640072 0.4143585562249
0.364452107403123 0.487798744098559
0.366068154114368 0.465193294388413
0.368410647069046 0.430885344410619
0.3659183603461 0.467136383881771
0.365637637165352 0.470586682393149
0.363718024542005 0.497556707492065
0.362180291816091 0.52538682301414
0.367849642079965 0.436638191111892
0.367245076112464 0.445607810951288
0.365648619970169 0.468245880423133
0.365012155330179 0.479400811857629
0.364875079969259 0.483328685428597
0.367595359055798 0.439567232549538
0.361819738621173 0.533618435833086
0.366614670886656 0.458100383326787
0.365766695267751 0.472760736591341
0.366739104377214 0.457579979462275
0.362710756665377 0.519287211718727
0.363949492230192 0.49445577314805
0.362925550766726 0.511578579666852
0.363850504277904 0.496738927300882
0.367109780925939 0.448691768281604
0.367733060477971 0.441878230907085
0.368469130907993 0.426002201082428
0.363531953357143 0.500886447773458
0.362053307525131 0.522795108093593
0.367329214060348 0.450556680213021
0.365612905413433 0.471154692101172
0.36503372757222 0.482525950617157
0.368905796983192 0.417589311745352
0.366822761500555 0.456888718144866
0.365472228753676 0.473754718701463
0.365337390811092 0.481938877641248
0.365480833328292 0.474009687486344
0.362398298841915 0.522358509597456
0.359351491553718 0.57062329230849
0.365759422501067 0.468274425229187
0.364633139179599 0.482989947162905
0.360561968114185 0.552401707162918
0.367185545407141 0.446923835868864
0.364280347271961 0.493002252762584
0.363665124790825 0.501638710231265
0.36520814615206 0.476134225551489
0.366909984185741 0.453262124229525
0.361715358891164 0.531642692691484
0.366229210159663 0.458727856241807
0.363056257773669 0.513728539665208
0.368294456298511 0.431478315422168
0.3666632671909 0.457829133641111
0.365107850415355 0.482786695684101
0.369105263226644 0.418533450911098
0.362642487776722 0.51910791326675
0.366300348364176 0.463178887933499
0.364199228750199 0.499385117095117
0.367323708495486 0.44510098696317
0.371703691143637 0.375989660672843
0.365681264178536 0.47315316392825
0.365946207536011 0.466286341543175
0.36996337229322 0.404076286870241
0.365670918100057 0.474839921274168
0.359158453573293 0.574065559582919
0.366176051607582 0.464598158107901
0.359969898861565 0.557141841277229
0.365328892293627 0.478106723816057
0.365863649554909 0.468873639646113
0.362691768286135 0.514881377465444
0.363689848450402 0.502512255792069
0.36454748476728 0.487936454517181
0.369070658495236 0.418246273613441
0.369018209698167 0.419397984298882
0.365067095352886 0.480762516344029
0.364828908701987 0.482748650859557
0.362125213332178 0.525915866456633
0.361776194379123 0.532865695466441
0.367496441978132 0.443681186642776
0.365584336832803 0.474036404240696
0.362911137538122 0.512135858573081
0.361016697686124 0.54284623510422
0.367805449166952 0.443508558271205
0.367485323172213 0.44731813848977
0.365272572340885 0.475824674771496
0.362009793276145 0.527288886969748
0.366795498533759 0.456254796924692
0.36628242427048 0.464392938965337
0.368656237967186 0.423374083664294
0.363086965952093 0.513426499961696
0.367445248321595 0.446190037330064
0.365574216221448 0.470999630575622
0.36475840195829 0.481577187365238
0.364174949798547 0.49194646280781
0.36345283063175 0.510068928627705
0.366017596709222 0.463859485593204
0.368235153559398 0.429275316958219
0.366959250092639 0.447452389469221
0.36407819984923 0.49930244987552
0.362927620663396 0.51583725587908
0.365423634001832 0.476962608162164
0.367287791991723 0.449524480693853
0.36804088064122 0.4308577992552
0.367610624696184 0.441424290416964
0.367389424822927 0.444194735527354
0.367531335695985 0.442770384754249
0.359561567296087 0.563291922342342
0.358334881468008 0.584134802946838
0.367427651274555 0.444897575483575
0.365655756595113 0.471009506556507
0.365489005183115 0.473266565986042
0.36717491947018 0.449476636803273
0.366813538651182 0.454932781442516
0.365929852446279 0.467136925937979
0.363268838666628 0.509981911045601
0.361763862836717 0.52765604658769
0.362447555267916 0.520896669724396
0.366212598225462 0.462046427746857
0.364341192826661 0.491142365846731
0.367397783947294 0.443551483063203
0.364885456118642 0.48753528303259
0.367138205093237 0.448350932214259
0.361034856764184 0.545664845212886
0.365474399231412 0.475919783988008
0.364442782042289 0.492211564728783
0.365995735953924 0.461479657924872
0.367940034019221 0.441196731333635
0.366805205107238 0.458628744592051
0.363833132702204 0.497471776959445
0.363356826585232 0.506692623553182
0.366400269496228 0.461028206282838
0.363257091199142 0.510661044444972
0.366033091487724 0.463094199228213
0.365062947140578 0.48188608224513
0.364091667063299 0.492377223196394
0.364279795951878 0.491429492952941
0.364875488168099 0.483078703630368
0.36820470044852 0.428735022547476
0.362118475198461 0.525304123058959
0.365682166798426 0.465514801746054
0.366102244045129 0.467300919567056
0.366478123667172 0.457809542860965
0.365809324846312 0.465547495925562
0.367063777972445 0.453762797725345
0.358506333484836 0.582786463966502
0.363945160040501 0.498803300661991
0.363409550314571 0.507669464817631
0.3665787914819 0.456039989983457
0.365751977873469 0.472696708716074
0.366447070758893 0.456814506824411
0.364437202784719 0.496486658064637
0.365334546956766 0.478983578688014
0.36338017185347 0.506992217355934
0.369131852164757 0.419240014409726
0.365531303151403 0.471242676415596
0.365438552271936 0.476847432726569
0.366075691109315 0.465011285351077
0.362554726259891 0.520582335756509
0.369447571423375 0.412425137508712
0.360250594936954 0.558654305521966
0.364308572010989 0.496946048927323
0.36772250781562 0.439316733146756
0.366733905098762 0.450603645172301
0.359929668218555 0.562475788381854
0.365612389700202 0.470978725850744
0.365762896931421 0.470090009836398
0.366704320249767 0.457517185380541
0.364975128021866 0.483940666801695
0.363836252901879 0.494636705677776
0.365054660843722 0.482454752695558
0.363577241658313 0.503244589122019
0.361371020426139 0.539437762055664
0.362376688077119 0.519562748945683
0.361068280403131 0.54664635512326
0.361707470027251 0.533716193140918
0.36682561603987 0.457660633579082
0.365229645932468 0.477596803395132
0.362328653953075 0.525267708240971
0.364368088440454 0.489254343407101
0.366450948561595 0.45824988415204
0.36263422546732 0.520712947981631
0.361651630437854 0.534125600711167
0.364749324223334 0.480871681085372
0.364711700980818 0.488439267876183
0.365156314467898 0.477061811260584
0.36849126293605 0.429244810416432
0.362737961625291 0.518351430997191
0.368860462171889 0.417875481066144
0.365083949954988 0.47980216061927
0.367742283339358 0.437401683891327
0.363009575571353 0.515114523155747
0.368002182151912 0.434374291317713
0.368122289125477 0.434851589594949
0.358162889477398 0.585698764767624
0.367262701617084 0.447405817013195
0.365173915637631 0.48004724402791
0.366704503268792 0.45833273851728
0.365550939240338 0.471590868473059
0.366844673381464 0.450185312636621
0.366303547491623 0.464613020930091
0.365320385984848 0.469282379605997
0.365518564073252 0.475812100457146
0.363788409362754 0.500797521450571
0.367867295990579 0.435597187105502
0.364660308673121 0.483515490789528
0.367473398715409 0.444444334274113
0.364637211418099 0.488435982659227
0.363575979709068 0.5022408061476
0.367030814988055 0.449258663130667
0.366320093720051 0.463074738236517
0.363226895990062 0.505504151332037
0.363415073148468 0.507920028738093
0.367563589591835 0.444731877929042
0.365111165726646 0.478072834250291
0.364105548435124 0.493851629566302
0.365632221366672 0.472496352404901
0.36512549727818 0.48303226820898
0.365896785468333 0.470440190420039
0.365036601127192 0.477798949813062
0.365806688092111 0.474576120457909
0.364231941246768 0.491288820653306
0.36682904659991 0.453895522881354
0.362106743478098 0.526904805338517
0.367232889412649 0.44706463763619
0.358503544421827 0.581883599951986
0.361141828567523 0.538119397327744
0.366495704312781 0.453195605470938
0.363228579043603 0.509356177718957
0.366926343492961 0.453754953650994
0.362952899177425 0.516181909144914
0.363314254466613 0.503216089834648
0.365123428241135 0.473232399008957
0.364218047069 0.498623010655483
0.364588279873007 0.48979032599113
0.366199376029642 0.46270355617781
0.363449172112455 0.506114212973281
0.36625945835082 0.462262310656114
0.361511875523238 0.533439870326255
0.37139528551206 0.380674687645204
0.362951792796423 0.514227597087418
0.368848740091953 0.423583370205977
0.366800100248018 0.460004031595458
0.365253040310769 0.476901636943537
0.365643906629123 0.476891679743356
0.364918093343413 0.482645981127384
0.363915393565625 0.501801713629399
0.367512287859977 0.445071846011416
0.365627196864467 0.473703826908263
0.362882875094608 0.51486493309421
0.365848086400196 0.466266391777643
0.366970376393592 0.454157310506047
0.363902805149746 0.502068206616461
0.367571696937459 0.444601245093961
0.36928605927819 0.418323742141641
0.366111644635167 0.46468097058041
0.366229712227495 0.464581988819481
0.366641563615448 0.459592432329107
0.365831727407555 0.46577683858533
0.364256884079517 0.491102596954364
0.368521598135284 0.431021837915658
0.365269818967227 0.477440798452802
0.363361754120337 0.508303864503347
0.364836783893687 0.485949747660246
0.36234630727018 0.525885773904397
0.367984458699481 0.438350307439145
0.368642992335222 0.425578700065102
0.364806488724981 0.486421325579962
0.366689535927844 0.458037462267321
0.371560676452607 0.379854949416678
0.361435927577102 0.534383909813616
0.369002705439408 0.422652593070019
0.368724092482693 0.430902098525948
0.364845477876226 0.485867098465577
0.363309370400477 0.505754336315543
0.364352764539798 0.494830178923253
0.365852263797408 0.467842307641985
0.368166456970528 0.434875686253194
0.366942308626721 0.451229096750028
0.366939389054426 0.454460536135151
0.366199925578653 0.464289432443688
0.369525975362105 0.411958879129826
0.364156702193561 0.494891885966668
0.369847968990416 0.410124533679026
0.366621278389667 0.457810386094219
0.367507369652683 0.441259783491159
0.364360641658147 0.492456531010702
0.366565617717062 0.459620701288951
0.365456844663028 0.475634870450256
0.364277603770083 0.495333787585939
0.364633652139099 0.490227090888185
0.361985378347376 0.529133697677859
0.364893702736095 0.482411600621361
0.362191773173262 0.524911124021589
0.366074823797058 0.465601747684317
0.362547283182738 0.524408245107911
0.366482230471059 0.466569776991356
0.36407243834788 0.495467963049913
0.372303815928061 0.368327726054713
0.362313132821058 0.524663190006643
0.364612728177988 0.486325033115853
0.367458772911066 0.443119404450585
0.364651239879247 0.486011160956548
0.366786300361667 0.454634812885234
0.368890277440435 0.424501706224759
0.364265166304743 0.495550267601824
0.361330376289455 0.536382993260322
0.363035839831793 0.511834361892897
0.363158352453471 0.511561245763883
0.361173722561983 0.538988203379364
0.366882983079609 0.452421254696727
0.366514105087146 0.461325462841129
0.363649450512205 0.503377654202045
0.365014551786227 0.483246231457028
0.363659807623622 0.504562061935852
0.364521000048378 0.493081372475559
0.36445527653982 0.486882507237484
0.366618332619218 0.461053005488978
0.361074687033235 0.5383464188361
0.364764628255184 0.480990672168985
0.363190653085828 0.513026964985344
0.365096135129206 0.483451386149486
0.368621204533218 0.425393424104653
0.368404495106309 0.429766932876424
0.36247355225692 0.522280813198017
0.367294022965407 0.448673109974169
0.360584598089815 0.550699776421022
0.362351865768635 0.52554764880515
0.364381622742503 0.491539775126063
0.363533701993852 0.507081530957885
0.36396375137298 0.496325322532539
0.363054915661401 0.511275290245653
0.365395843640974 0.47269420975994
0.365968783122328 0.468528085863821
0.368086925875564 0.437608300718259
0.361077749397118 0.544520093020997
0.36750809506385 0.445481815114678
0.3672941459743 0.446988945984014
0.366800808353536 0.453559114723337
0.361173175887809 0.537551212851105
0.362552597408741 0.51910796061666
0.364510302953674 0.488949765883681
0.366200980338624 0.463574859989667
0.365463500112633 0.470426650686795
0.363384257011826 0.50211542760591
0.362332613728914 0.520795136579946
0.362445689210136 0.519161265228365
0.367587068875187 0.446125885996269
0.365687454140074 0.474106035205574
0.367803881667353 0.443009806522875
0.36465693830762 0.486791081439045
0.362296042012997 0.525566682697802
0.367614961400453 0.439081541441217
0.365128687084043 0.481309186659243
0.368303414763225 0.431345147712669
0.361648462265699 0.529222888594913
0.361725058983014 0.530459335402359
0.366577800399767 0.460831991812547
0.364557858178967 0.490826361361658
0.367365144838716 0.447656609134827
0.367281087458507 0.448630297425576
0.368599223057489 0.429829992811214
0.365473809718041 0.476659298793969
0.365540023538242 0.481119966132497
0.363421924792668 0.506603857600769
0.363838580429363 0.500696327394764
0.365546181310823 0.477370253580695
0.368140742603371 0.431662369865185
0.365178355479519 0.479565428614978
0.363219897813807 0.510062482993092
0.367595839654491 0.44014575483042
0.36662512193666 0.45424821203239
0.362507665707957 0.522909955618212
0.36137657990884 0.542424671718947
0.363737497333103 0.500549851478024
0.366111028902431 0.465452025026725
0.364351257547965 0.494894973703193
0.361348619726264 0.538345472202352
0.36566406770841 0.471212712542314
0.362998847643846 0.512451352494221
0.366899561596297 0.450887722622457
0.372019226155755 0.375318767034819
0.362886356102051 0.513067423042041
0.36500026548026 0.481452837265409
0.367227720708489 0.449950171718862
0.361903569992129 0.53116418216524
0.364006719352311 0.494722054020733
0.365017316436341 0.48692746523556
0.364136322981229 0.49413351213172
0.36362940244045 0.505489318981435
0.366419050418807 0.462750149529685
0.361122607907472 0.544403044246168
0.36299602487586 0.509512366026763
0.363644892483938 0.503515318425915
0.36468274668154 0.485675400655675
0.363684305921814 0.503329336192757
0.362972478609777 0.51350608737582
0.364936712995578 0.482886516964947
0.369094547156579 0.422876285426297
0.3690710971739 0.4164618971527
0.366145854590049 0.466034270286371
0.359099866846985 0.575686117121294
0.368012811581054 0.436682776981274
0.367427991681724 0.445946065813178
0.363189405307456 0.509926252070652
0.367682057984783 0.434677787493405
0.367696046388209 0.442012114438917
0.366761274482875 0.452926032870159
0.363604947202474 0.506938729369581
0.367234725768528 0.446483241484137
0.367132202478524 0.44635505801031
0.363078741164309 0.511577346408888
0.361693122669665 0.534994342160858
0.369859718071603 0.407217386902025
0.366667343100055 0.45944734213502
0.362608021079913 0.520630627108355
0.362633325449815 0.513409914946436
0.365605714943233 0.47159930140068
0.366618553922839 0.454398618967935
0.369757643214631 0.409945919780362
0.36382488914247 0.502099555764703
0.365300591635201 0.477824907820402
0.36188752209859 0.528303618662984
0.365105364289254 0.482459525881771
0.365517709931284 0.473530411277273
0.364704486230452 0.488006366951245
0.362486001602297 0.521466990113854
0.362319754239649 0.527133702975624
0.366210242241765 0.464377811373919
0.362519816062219 0.522142072401156
0.362756128514105 0.518385367723784
0.368496746234084 0.429500092729901
0.364022457518226 0.501810488873568
0.367812476501417 0.440056363049514
0.365526748880894 0.468662663473143
0.368068000502056 0.433028813705783
0.360636574933472 0.55040622046283
0.364910549390848 0.488912181693519
0.370334905939146 0.397269924643102
0.364784327670005 0.482812087494923
0.366252609425125 0.453696762821193
0.361331652515717 0.53989348693634
0.36595362482626 0.469036297485846
0.365572816389332 0.468634696463989
0.363806135278382 0.503989384747776
0.364498716807944 0.491218436831341
0.364033928386941 0.492627231658304
0.36219878832855 0.527044000951898
0.365712160621591 0.473986699903046
0.365644775350376 0.472291199271766
0.361677007381257 0.532557677524331
0.36451841657984 0.487951925324025
0.369919635840504 0.40541424276383
0.365934001989713 0.462823382390412
0.369157993375041 0.41118700303148
0.36732109241499 0.445794737034159
0.365012398869196 0.486222166963629
0.365067908317502 0.480617401533021
0.36907684666177 0.420764340837371
0.368355124009239 0.428473912446898
0.367494678481185 0.443767609335646
0.361187894267528 0.533819012666979
0.363927721276439 0.500877138179123
0.363333648022059 0.51019776830167
0.363233764780771 0.510785171274075
0.362265737540463 0.529727958957839
0.363558185996176 0.501353031216225
0.365714090269766 0.465989962548143
0.365612103877497 0.467197724145028
0.360335175541181 0.555159115514236
0.365141900420907 0.479825064457821
0.364394658219779 0.49449886246076
0.363924510792532 0.498056279039443
0.362661798496037 0.517607710319974
0.367205961355894 0.447533676884302
0.363808750196702 0.503982805124205
0.369309418590007 0.41568838017169
0.367148633878125 0.44900277384842
0.365985050800876 0.465504266312909
0.366179765708617 0.462456265431015
0.365918334682812 0.468150491288388
0.362003348716128 0.523895374653493
0.36547517645233 0.471959267560501
0.364306541181923 0.494731670607412
0.361598312936129 0.536457134342503
0.361521027833347 0.534500457396021
0.36682799158504 0.452602559955219
0.366579080564538 0.451247459665748
0.364363115966632 0.494823288965354
0.367517179439335 0.440577640147816
0.367074241303381 0.450454313534329
0.367901783874891 0.444451655398811
0.362493699313503 0.518377307381553
0.359894674570839 0.567402515311104
0.368785941005161 0.418870505649458
0.36343970152406 0.508621032582483
0.367977275318106 0.43255663816669
0.366670044184763 0.462783699318178
0.366740048110834 0.45785745730108
0.369995099177141 0.405888041210825
0.370140048455967 0.40263800031189
0.369120380807265 0.415551999031008
0.361814509596348 0.531327266716471
0.365803256417462 0.476497279046256
0.363548362812768 0.507173954034108
0.368625889953995 0.428010346138184
0.365224877192562 0.479008465335514
0.367196044675424 0.450230610417872
0.367215657036179 0.448675817923509
0.362946312210263 0.517523397162697
0.365715676815541 0.476822396744276
0.359400099098685 0.570419006307591
0.363359697786514 0.509530869413425
0.365615608930767 0.471066927516657
0.363242757872112 0.506888097343295
0.365951801219657 0.466556364329133
0.364799149172549 0.479973645027287
0.365149137638048 0.482138926609867
0.368758516410816 0.428507182298974
0.364901827954549 0.47870035277486
0.361715525368303 0.533083249973706
0.368629296884969 0.42135731174196
0.368859072579721 0.421306510481451
0.36457149686123 0.489423604944151
0.366420145478974 0.463583624774396
0.363074241668266 0.508111811132252
0.366208782630687 0.46391383356774
0.361204623315479 0.538324783341675
0.36296806908023 0.514709678175649
0.36928168419928 0.414221196893422
0.364070980517459 0.501384049993061
0.363290284482568 0.509871355516132
0.363120571687099 0.510824092401813
0.365698172571298 0.470987002992253
0.364952210602832 0.48517211690015
0.36595475808197 0.467939052630489
0.367478092633556 0.44731058713453
0.360582346584215 0.547850643466238
0.367372665923322 0.445401087490933
0.367403329335773 0.449427182565261
0.366784547222059 0.45632656182342
0.368866759986928 0.421945657122988
0.365506758716707 0.473549419091957
0.36532341552722 0.473333748626828
0.366222396887912 0.466195630526275
0.3660267975834 0.465095342384992
0.360473058206573 0.547221392848353
0.364577363500456 0.488969384308524
0.361935937706176 0.527118466502098
0.36407637827501 0.498108052766056
0.361283112335556 0.541410546330672
0.367326700955055 0.446979792176551
0.365959605976966 0.467696509779393
0.370359663171034 0.404107188000629
0.364248192536245 0.494005417513399
0.36647100023043 0.463401829492493
0.364413798887564 0.48981780165296
0.365871270354281 0.467047600946274
0.361211293153865 0.539637462160112
0.363641163206515 0.503788507677571
0.368518366202486 0.429526513128818
0.36434623372033 0.493211939768917
0.364037495272706 0.497346755189453
0.366023056044667 0.469124677276351
0.364862805120444 0.480756088054004
0.364261411914067 0.494574780846813
0.366622445795587 0.456900575066845
0.367194165541606 0.448735093304291
0.368967141311825 0.425237066225608
0.371791013521853 0.378160575773034
0.363063467843596 0.508993290518388
0.364201235165396 0.494589882543771
0.362344775058712 0.520123581410383
0.368181743718561 0.430142878459771
0.364968246744558 0.477048097059476
0.364175123338232 0.497553322707493
0.363413229197025 0.503453498828381
0.364663774561029 0.48613588352684
0.364827201300514 0.484867705628474
0.364401767472999 0.488103921977076
0.365149405125426 0.474407637879848
0.362916340205234 0.514671353672563
0.366700773692126 0.452176755429643
0.365744294817251 0.464318071656574
0.366308738918981 0.461889697036378
0.361717935779589 0.53284241231949
0.363815971313339 0.498685627815355
0.368191048684884 0.434590951677834
0.369619390554388 0.412197134671249
0.366919913290161 0.44964012519674
0.367673525781198 0.441587040838547
0.364196788910419 0.493380445862895
0.366492116519599 0.461078265947705
0.368830338895414 0.42577702023982
0.363650544120692 0.503076012777155
0.367388747506391 0.450112470931469
0.363593992958076 0.500111251603525
0.363639854836099 0.499545826837448
0.366785370050253 0.456459044557531
0.36907039142555 0.422095356052354
0.369115575042596 0.419528113763785
0.364829369282633 0.485067788944723
0.36076414450197 0.5445491118088
0.367188759975376 0.445355869814831
0.363895167138464 0.497628644785838
0.360823522178667 0.547288035981971
0.367545294926465 0.442671276527466
0.363384762995189 0.505476441603649
0.36489549343232 0.485409708461179
0.365513719381044 0.468729540905588
0.370051615201024 0.406737955492475
0.364271970497955 0.494224392481596
0.363358917516966 0.506022229671536
0.366958080183811 0.450058011371547
0.364250821237681 0.492963854846565
0.366856926130368 0.454862035972445
0.368832251724342 0.420625072696417
0.367395926936521 0.443346514193519
0.365026650367995 0.479283137395096
0.366924291394884 0.450651822776988
0.367568766186213 0.445539737135976
0.363241910785871 0.510218312498544
0.36466900780575 0.489115592878425
0.363418415569548 0.509047846657867
0.368623491526332 0.42759430705346
0.363667679713659 0.505722459848094
0.362909549152671 0.517230780888101
0.370143145883723 0.405493363515091
0.366138282788191 0.467795490650357
0.362305445887953 0.520244758017112
0.363667637818775 0.503189409258019
0.368937707094278 0.421916329359214
0.364504495532861 0.488263062193739
0.367602967544205 0.443579147025083
0.36561755150953 0.473222289452446
0.364351163830149 0.489465007083338
0.364073549598427 0.497245534592717
0.36418336670854 0.498478693251142
0.367493444849177 0.442068374907667
0.367301381665237 0.452608129788102
0.368810959078779 0.424295097191652
0.368560298945244 0.426403659245045
0.367361833676421 0.447202074081432
0.363269635046358 0.506408413440199
0.362745423589278 0.520886699696054
0.364424955251006 0.494311599253374
0.364720050435401 0.485853040213757
0.365347547478245 0.478926743340864
0.363402815038247 0.504917760969363
0.36732995403356 0.44646713100991
0.365210543061931 0.478769126586428
0.365781329375221 0.472965879496082
0.359823898470118 0.559022963251547
0.365446458148215 0.470947636719732
0.361842437623078 0.533947354159569
0.367145509953464 0.448766283700137
0.367587182799039 0.44401312308592
0.36929772779337 0.416560463298648
0.363775914032349 0.498875001450642
0.367263562259162 0.441004472825384
0.35881681256535 0.583651500802819
0.365053671755649 0.484783639377671
0.368921479100271 0.42049665309412
0.361879457330386 0.530754522118642
0.364411675522644 0.492190003700608
0.365831188810372 0.470138567513026
0.363314458410516 0.510035730518983
0.364557344324844 0.487380322415068
0.363979418867474 0.492953934967599
0.366972462600861 0.449375362441873
0.359061540325436 0.57151108995839
0.367072330522648 0.452832327925258
0.364978719913226 0.490563588745472
0.366605097660426 0.453500864818607
0.367930070247881 0.436613930052631
0.363897599360138 0.498614214739947
0.368872272061403 0.425826769403665
0.368618523715658 0.430457015089584
0.366365720334997 0.460785222686973
0.366778467811087 0.455340462261235
0.366491032024515 0.460776442079705
0.365743982387152 0.469701476144768
0.366123183543122 0.459744043945658
0.367568989708669 0.442275803255695
0.367396162388717 0.446156413807075
0.366304261592116 0.467533521731773
0.361051712216925 0.54033309183784
0.362946456931755 0.521686198117446
0.362722129669533 0.516532396865078
0.366309548986569 0.458480812462623
0.361881535983225 0.53257863432986
0.363444753555046 0.513411006929924
0.364623082680145 0.486851221220866
0.364498920498026 0.493270391006732
0.364429721432164 0.489858949140402
0.366402374813499 0.463581683260844
0.360047318362375 0.560254607573674
0.366356109189563 0.465554824980187
0.363656017856794 0.504002575977824
0.364070534189661 0.501525612328645
0.365403324682317 0.476423878697635
0.36376060246025 0.502888668040406
0.366739035942089 0.453416145706665
0.364199876040795 0.491328633567696
0.362239643348629 0.529717951148641
0.363417447513566 0.50775252344838
0.364092175417967 0.492726717978888
0.367632813021098 0.442113249678525
0.363287803519725 0.507701127329384
0.36759736104713 0.445054557353247
0.366383539149618 0.462797200198126
0.36337232517259 0.509611431726557
0.366973946170889 0.451485866592434
0.368274136000537 0.433000081153469
0.363263557703506 0.511947261527694
0.364196539719627 0.496316377511315
0.363634720166331 0.50687963293103
0.365207715520083 0.481490782187683
0.367705081474931 0.441487189212481
0.362236448194229 0.521631105831551
0.364142496583941 0.495838335515541
0.36784844244017 0.435760635839667
0.366595618001448 0.454317792700175
0.365238858401491 0.477536584396004
0.364634142709477 0.48954051911941
0.367014530233036 0.452013123793119
0.363539417492147 0.503013426462285
0.367037392005004 0.450349810463601
0.365215213874251 0.466298264298871
0.366477982221783 0.463233848414446
0.361715217185559 0.533056784964686
0.362034632295643 0.525558687542044
0.368659411869376 0.420224188508368
0.364685235470982 0.487690464256365
0.366210612406821 0.466151230479039
0.363926626656683 0.49815990311261
0.359459854058551 0.570976379619021
0.363422701387941 0.508941478553131
0.368762801709108 0.419417473453833
0.36015943536954 0.559877025942412
0.365672515310742 0.472292333018169
0.365166398783311 0.480294109884658
0.363865347717254 0.498561016240485
0.365436156953457 0.478947556993305
0.362609108339485 0.516484143289577
0.365384612085648 0.477112361057344
0.360666366578923 0.546202898935979
0.364607291320838 0.489665965867108
0.366702503262058 0.458468407821892
0.36193653973917 0.52868929646541
0.361826660896856 0.536723470133652
0.366601402073283 0.454798808017094
0.367354888594764 0.44040224079351
0.361437834174015 0.534451839258076
0.363308807112443 0.514438346611247
0.367231176218504 0.44599486925516
0.365222824728042 0.483223749188525
0.362843872088249 0.509094714049901
0.366732095384989 0.45354716141203
0.366283492913632 0.461040471719935
0.368317855991182 0.42809909925601
0.367199440926784 0.44797712304789
0.369859755667708 0.410619080050432
0.368676364944871 0.425038928511692
0.367252487709181 0.444713076001943
0.366446025806317 0.454950990386552
0.362688009842508 0.519379094759727
0.368091797782829 0.430271994303533
0.367171547729087 0.452128329215575
0.365056778403186 0.482652620236752
0.364516412668619 0.491375242197116
0.365585523939338 0.472063482617624
0.367621959361743 0.444720609265269
0.361695972099547 0.530297707412206
0.367044938895759 0.451936674916688
0.365647537482087 0.474140222679912
0.366597113260328 0.458580914836139
0.366329950476322 0.45784662606494
0.362270225481074 0.524837345282268
0.366155786373849 0.465924353715479
0.362037522735046 0.527012997144514
0.364940073116486 0.484543078681646
0.371479121815649 0.381321686490915
0.366019107718665 0.465814121898821
0.362496207782032 0.524043876175386
0.366482820829958 0.460436059573066
0.364118860399007 0.493212691213597
0.365734582804931 0.47419656259047
0.368732671836777 0.424973139248661
0.361737793302839 0.536132365687396
0.360692523129167 0.546418918500276
0.362945786560693 0.512865453036262
0.366871416426023 0.454543051342725
0.366051760873225 0.464642806596613
0.362356008028603 0.524220634714036
0.361472839547664 0.530893123737374
0.363820316960625 0.50372867764824
0.36850194271106 0.435567372733381
0.365031260672099 0.477015232168837
0.365734158717967 0.469759986329245
0.371261444293145 0.386109877042295
0.365341619374495 0.476478133105626
0.369767397375935 0.404429662906185
0.364097876482663 0.495017814249986
0.363046884329879 0.513713124676786
0.368938468017544 0.418920562628247
0.366977728110921 0.450141761936387
0.364670897668251 0.49085989890681
0.364847131423211 0.485907407656776
0.364651717062505 0.487790063291479
0.364783085557218 0.482610392552131
0.364868021866542 0.48536398586146
0.362033664777453 0.525234306066481
0.363231712150607 0.507764981414997
0.363442941535974 0.509367632063601
0.363907129968391 0.498668515699911
0.36068434562642 0.544649788580157
0.364924310743072 0.484826290591186
0.361348731009566 0.538662957591128
0.362204562943468 0.528074143879067
0.364219116213825 0.49804687499294
0.366947952868912 0.451865718016006
0.361941128002523 0.52743033971557
0.364369607756424 0.494591836597873
0.365021707479675 0.479104633839046
0.361033479729073 0.543698450422781
0.363998758046515 0.49520011755058
0.365888295993483 0.466312021161409
0.36626536120139 0.456543486701956
0.368304378113269 0.430430086705824
0.3599499298447 0.567860510990287
0.365344714028377 0.480141174593508
0.365836644973489 0.46775341809532
0.364221913949839 0.493809406820201
0.364458380447978 0.483070275907983
0.366663143526114 0.456002374614798
0.369868481678373 0.414059814755492
0.364260142481604 0.491707474521441
0.368604890150731 0.424981398431501
0.364904857407195 0.485764032690408
0.370919615432239 0.393055456010707
0.364617277730004 0.484796210494462
0.36644266490311 0.460380833370477
0.367098489983172 0.450970219360382
0.362617222631314 0.520271974828476
0.366764469001706 0.458808734600779
0.368264865376601 0.432942640585283
0.365907792947635 0.467268978478999
0.364350174972477 0.490009396484865
0.367100710908495 0.451147189238547
0.362690042223765 0.519532439453694
0.363809757053267 0.501700029784724
0.357709324659347 0.597996850433436
0.363190858397772 0.511537632511729
0.359408794185447 0.569248196940552
0.361905177556847 0.527077408092677
0.365286461775864 0.475120310686407
0.364848284027019 0.484792401781652
0.361513551103994 0.529841569603719
0.362901139459458 0.515920607234287
0.365866540511174 0.468598450329877
0.365561437387517 0.469277957770452
0.369374007414303 0.413391800688451
0.367664344630388 0.441892223420637
0.364747191972454 0.489102238148215
0.367385752834267 0.449882824038653
0.364735878370544 0.485118653966726
0.36611438999391 0.468075117379931
0.36905483373629 0.415362273767318
0.366319815447838 0.461632876431773
0.365424914183094 0.474655748420093
0.362451174400545 0.518540825826974
0.364662598762274 0.486078954226837
0.365279478086956 0.47616701862513
0.366292094719373 0.462567173597705
0.367251558791299 0.447305044332854
0.364502927117902 0.490132752947481
0.366074917622319 0.467927074175784
0.367657278238529 0.438996138474688
0.363942071875782 0.500004780799589
0.365430295278573 0.474969506511863
0.366280468331487 0.457957758836292
0.368739689072436 0.423519903298974
0.362505464161804 0.519208563507206
0.366571943273436 0.453348456639398
0.365385891881902 0.47892075120717
0.367143529628186 0.443872580911251
0.366650017656229 0.460336275586505
0.361492022427017 0.538798930155496
0.367354138712608 0.449215343816466
0.367604639973677 0.449193957158468
0.365373839952182 0.474170090098369
0.363099871606267 0.513534927942377
0.365263044913895 0.475962698430094
0.366948410345324 0.449794996470625
0.365068289942272 0.483128160994913
0.364068800103835 0.496230669626496
0.361642259505364 0.530492719857841
0.365984436670241 0.461031610445307
0.36574036948509 0.468309640815514
0.36270457625376 0.516262546284768
0.364759787409999 0.487251257984081
0.367103043656154 0.449556543718499
0.366847683158721 0.455446327043112
0.365367347313675 0.479336741902476
0.36669458854298 0.457051446268789
0.366616495291138 0.456244638375879
0.37370219571578 0.344736427621219
0.36426713699496 0.490370092166229
0.367104672788559 0.450328504736967
0.365446257933722 0.473195078572443
0.36582449142815 0.472621522068546
0.367762335293259 0.44228727761131
0.368048837945892 0.438297987778138
0.36674904519567 0.45495156334923
0.368011415463333 0.437400595537518
0.361892509878105 0.531735837377166
0.365367055450516 0.473089023659693
0.364949924472407 0.483590260414638
0.364513663231371 0.488856654507828
0.366893921137601 0.448724326220674
0.364152141200085 0.494522535407677
0.36427862475437 0.498683390301595
0.367868525236527 0.435905648852774
0.365931032458214 0.465217722372731
0.36372680570101 0.502962683507717
0.363312278818478 0.506631979191971
0.366088656254423 0.463211932363799
0.368516514069595 0.429630387190965
0.362848245217141 0.512853617176267
0.365948008323256 0.464853941294904
0.362216208233784 0.529155136181342
0.371546930822772 0.3838110617192
0.364935135434998 0.481436862587364
0.362660273296645 0.522181188289846
0.361347852291612 0.538071271013445
0.362150820066216 0.526245222782186
0.36886354583059 0.424008430423819
0.365704037826984 0.470294505077013
0.362764135544731 0.511296301746836
0.366084493169126 0.469554736404412
0.366777557482939 0.455921205709793
0.365809301705388 0.472881112786377
0.36413400707493 0.499673770161885
0.364766714619332 0.483943025865792
0.367242833856359 0.448300329186546
0.366253132863496 0.465208698993255
0.367282052321497 0.445313916015405
0.364244693614389 0.495752564761408
0.36914036655248 0.420988549831913
0.364929796557429 0.48064081603287
0.365541243021707 0.473885698380637
0.363570693529252 0.509067214300863
0.3674929632297 0.444736469589179
0.364628844201731 0.490448146216445
0.364768853442739 0.484941641501566
0.365042214091753 0.482112284691086
0.363204652323959 0.512358862016222
0.365377157077132 0.474809421375316
0.367423777880451 0.440336909567367
0.366707022168788 0.455003527317598
0.365962220314076 0.470849758709031
0.364975543258795 0.488025120865147
0.369396910092702 0.414545614446359
0.359851669204678 0.559250458237449
0.367764961878943 0.444129096643746
0.364884672846768 0.4820425243698
0.373172805176873 0.354735829790135
0.36147479365327 0.538395424991375
0.364690066948456 0.491870924023739
0.363662356434135 0.49967916321867
0.365116512518939 0.47917026775792
0.365540935869964 0.474124648482934
0.366345758949202 0.460186869424302
0.362761977402711 0.51519686748003
0.366888786040872 0.454003670082146
0.357110294892038 0.607332354066703
0.35974012445808 0.565136553167981
0.367773918958633 0.438448125395824
0.363539873026728 0.505381516145742
0.363939635969626 0.502063480857756
0.367098141427032 0.450197858454074
0.366086024108847 0.468433980173712
0.360884502840824 0.546022033300886
0.363938678097424 0.49931276439476
0.359127611368723 0.574769769326267
0.36348423391816 0.504454530400231
0.367979086520009 0.438656147693896
0.367286884068079 0.449425245231507
0.363000338732877 0.515729679046665
0.366511177730859 0.46038618481653
0.367295610026025 0.446688178067427
0.364105188451067 0.49834206454051
0.362148832780894 0.530421823983685
0.363784800493314 0.50539071842601
0.364177917125831 0.494221033030106
0.365095316667594 0.482873157378543
0.362458708609198 0.519677563174269
0.367312836541497 0.445756899780801
0.367600305966335 0.440078282801145
0.368664879393479 0.427686983459188
0.365791228734704 0.46955867807636
0.366248149373313 0.45766256310311
0.368043731397972 0.436048207986921
0.364410265975805 0.49130795331611
0.366657651585869 0.460632236342288
0.364559933849764 0.492929151023568
0.364683199301617 0.489912917832235
0.364094468624791 0.49607522214641
0.365427969029211 0.474290313199652
0.364990927212924 0.480554834143723
0.363854847512363 0.504365423072662
0.367618450241853 0.440590814976062
0.368596277982006 0.424993725698365
0.365754878188118 0.470979999276452
0.364253174769714 0.492886104152317
0.368924071060837 0.421463255859011
0.367464131711191 0.442155523227574
0.364194911102664 0.492038297667814
0.368567824280844 0.428631775663854
0.365793093989055 0.470088783220127
0.368929323384027 0.423192998524639
0.36359429326265 0.503666925660999
0.361361885253649 0.540119957936385
0.364831255623915 0.48652720164729
0.368541196972193 0.428981176753062
0.363556080215468 0.502663219133594
0.361299835320787 0.54045799327121
0.367364713699936 0.442211757170975
0.365220958396973 0.476040767196242
0.365312840207589 0.482530370545855
0.367490988152948 0.439113155979687
0.370379357205484 0.396690416057479
0.367284313563993 0.447656235819073
0.365162252865806 0.481732969018669
0.363079426010813 0.510915085954989
0.36529702934044 0.477732621439342
0.37115537662746 0.387879446368424
0.361175560101045 0.544277359465816
