0.413131281280514 2.25326768251156
0.41271406749495 2.25657378930422
0.414479575675544 2.23186092275257
0.409015473618556 2.30785661811584
0.409824023543807 2.29900663142341
0.414052908567728 2.23983562183814
0.417100831351981 2.19855583526339
0.413807452852578 2.24074014340125
0.414557630748184 2.22690474720924
0.413569841114695 2.24418962286724
0.412790773363456 2.25619473279925
0.414978050548375 2.22399397983572
0.412326529384703 2.26304136978622
0.410937910546516 2.28175786585655
0.416446864015968 2.20010527573456
0.410833774121941 2.28661859943689
0.412287904145061 2.26267151057986
0.409940419997896 2.29272943690511
0.414012058478397 2.23913877677054
0.410797758647132 2.28732424153439
0.417037921745338 2.19639832883473
0.415577716771718 2.21567017817304
0.413797773441462 2.23653839028576
0.415739845200234 2.21548212472719
0.412265266082349 2.26085227631277
0.415904245610902 2.2052302036471
0.4111995343285 2.27841714044978
0.413906873198026 2.24063502476208
0.417232598423642 2.19543641311249
0.41494799341817 2.2295869820895
0.413555927514255 2.24586987837314
0.412385631629424 2.26325586179592
0.415995133609744 2.21304813505688
0.412139886465181 2.26987038940127
0.411196334751699 2.28395016198311
0.411988731620039 2.2669487011691
0.41557558025265 2.21765743960091
0.410191167989919 2.29335719139283
0.416524377833875 2.20016981547207
0.411556696285435 2.27248500263392
0.411366656464761 2.27989236174768
0.412707635117642 2.25915907762373
0.412718993324866 2.26125769728912
0.416742266959817 2.20240299887113
0.412150929811855 2.26521667060026
0.412089367254635 2.26058247404633
0.41382007600624 2.24425822946673
0.414007555194714 2.2371655888365
0.418534623804766 2.18037451144553
0.412497706918618 2.26076379301789
0.413251271959921 2.2480565077289
0.414193075071816 2.23957777910342
0.411215564331606 2.27957368724026
0.414662770768871 2.2316217871175
0.412511413748888 2.25565142977699
0.418461701980647 2.17466896539794
0.41309272663438 2.2555770520061
0.42047365075298 2.15311396423784
0.411906344258164 2.26675983628531
0.412680279090001 2.25453198348965
0.411059332342949 2.28182022076915
0.414144297878038 2.23459083395889
0.411513193355565 2.27325867106209
0.411910820076722 2.2707482773629
0.415668126963054 2.21709268457738
0.413946939506537 2.24270203013418
0.416266146261598 2.20375634180914
0.413780186818687 2.24176663729646
0.412706413288933 2.25609100069137
0.411179285283808 2.28385394488572
0.412735792094405 2.25619701679677
0.415103678206381 2.22394853717169
0.413980971779579 2.23489188279679
0.415134782856171 2.22162385191159
0.413219685796147 2.24867894351458
0.416390809831239 2.20414266896673
0.415060902457116 2.22318800714444
0.41352412389897 2.24879378226581
0.416407510709899 2.20359823631053
0.419321436512548 2.16259982469357
0.414447262526309 2.23259259528596
0.414789949253712 2.23215163800052
0.412247775598038 2.26294675210524
0.415542469803556 2.21229686097135
0.410487767635172 2.28499417786049
0.414181552476897 2.2368937943893
0.412613493885705 2.26163338131487
0.413371967059916 2.24499343549018
0.410488105095325 2.289509657193
0.415316424271801 2.22175660910829
0.416664239814482 2.20407042865287
0.41132559846656 2.27563766231648
0.41645098418413 2.20854874716046
0.412845201823547 2.25778287620107
0.409996094096287 2.29531790219161
0.415522599076715 2.22136104243743
0.41163321473672 2.27268998391425
0.411540345970522 2.27475479170252
0.414886265942407 2.22677723463934
0.411122936153139 2.28056209259783
0.412205397499762 2.26318953353011
0.415346080236354 2.22159788708499
0.414339147710752 2.23445121878076
0.41558459879801 2.21889999987952
0.413405644360941 2.24566313192045
0.414473518331429 2.23010150637199
0.412018233674452 2.26638214764422
0.413104159284941 2.24813908988
0.413105476157588 2.2555853986659
0.41318174584282 2.25177633198314
0.412285875118821 2.26473423414676
0.413540031387831 2.24586916788545
0.412637336856698 2.26137435032975
0.415308257179774 2.21957156372539
0.412833099257443 2.25386144971169
0.416207880405912 2.2065656206343
0.417965079682309 2.18406299338327
0.414523017045294 2.23286498741422
0.418205714547477 2.18266476920733
0.410502765677658 2.29006490197026
0.413885056806528 2.23919914200615
0.409436057841264 2.30759594453639
0.410454017327743 2.29065443481327
0.413348887226045 2.25085176057343
0.411655497582095 2.26985577190224
0.413569420285758 2.24409307041322
0.41285846720949 2.25401076946777
0.409918335154275 2.29662341758562
0.411339644323143 2.27538011605714
0.41256138365591 2.25642322327936
0.411268047814005 2.2787642813432
0.414848172906939 2.22645451829343
0.416100261665932 2.21069787670779
0.415264130998318 2.2187600119549
0.414918835140079 2.22706907709728
0.414877730136191 2.22522968907332
0.414323819653125 2.23555428685233
0.413328079831465 2.24726566150279
0.41281741729568 2.25251401658218
0.40669313151535 2.34249608382907
0.418092525711937 2.18508532788462
0.415592542968161 2.21906056103193
0.413714548327405 2.2408093492985
0.411725344834116 2.27001359884818
0.415394233688964 2.22386779528374
0.408178352221371 2.31961326753946
0.413306470390502 2.24802996906087
0.40936575355709 2.30047060035404
0.416341347297208 2.20836359053939
0.415639452022095 2.21653425135003
0.407722331596925 2.32465574433454
0.417795537625657 2.19267432229347
0.413955290974568 2.24692372015993
0.410330207823484 2.29175933251303
0.415473095615279 2.22032549219391
0.414463640838418 2.23491635208844
0.412476284212929 2.25803721672652
0.413198214947156 2.24957074893854
0.411761507363249 2.26870557610688
0.411831709509979 2.27287795232975
0.412101504411597 2.26090455834841
0.418472466112966 2.17951010045395
0.414640173645749 2.23226146634308
0.412456611332147 2.26330809277
0.414646831333752 2.22890508660123
0.412473400571364 2.25734592988384
0.4136783185338 2.24558408846522
0.413092162334949 2.25726220355112
0.412614805676754 2.25989396517848
0.414569552951497 2.23040019643908
0.413043981935004 2.25094124720464
0.413539767358042 2.24339669826475
0.412753929127559 2.25466081824694
0.411941428180524 2.26820920013687
0.415238242491544 2.21939635464434
0.411874808160186 2.26910860489495
0.414416149992397 2.2352511842013
0.411189432427856 2.28102663911772
0.415485643114804 2.22177634838675
0.416273234777856 2.20603760032719
0.412529992934636 2.25731133817151
0.411000392594191 2.28077283528337
0.417316033055184 2.19192072408837
0.414141228772262 2.23573672041667
0.413709012173029 2.24329908365355
0.413981627114304 2.23213346959217
0.417509640734156 2.18974999550251
0.418896102716479 2.17066047691797
0.406971571256526 2.33904210072423
0.416775819336724 2.19961167223728
0.41065569698661 2.28973701580012
0.414499002780586 2.23065801961444
0.413145430437162 2.24507829895296
0.409597830164774 2.29880298513737
0.410068119890727 2.29236026754339
0.411459107637153 2.27404781678798
0.415011263098562 2.22810726184488
0.415469192895554 2.22072559445018
0.416190401244135 2.20725621525336
0.41340000356098 2.24826958473607
0.415665668433651 2.21998548366298
0.415349554282766 2.22137308133892
0.409486962177759 2.30206524244055
0.415218123589725 2.22555990937177
0.411863527843462 2.26840909671014
0.411248599290857 2.27670308139481
0.411471961848162 2.27249056545178
0.4148195368008 2.22672658902616
0.415199925860431 2.22154651427527
0.417156270545243 2.19774880803068
0.41192777852756 2.26811957830022
0.412820184895059 2.25403188421454
0.415995309479797 2.21397987898063
0.412570249652318 2.26432226226506
0.413702523087146 2.24419410731251
0.413249557732136 2.24896919217104
0.412314459168905 2.26368044826099
0.409476947014212 2.30374840689494
0.413010154722638 2.24970227912747
0.412288034382537 2.26325839111701
0.410620294835496 2.28974162569821
0.41506745763425 2.22432202819652
0.416772932470679 2.19782663918763
0.415771295824475 2.2115310404307
0.416549770796258 2.20395228404179
0.416938663304323 2.19689174947761
0.414329079978175 2.23433583686783
0.413214232116905 2.25154741449234
0.414842843354435 2.22626738241081
0.411238707142795 2.27226420292778
0.412977545762684 2.24895243928834
0.414435695019794 2.23280153957023
0.41135848450651 2.27583243661423
0.409555236785645 2.29884585869549
0.418871457408306 2.16691980725601
0.414898794972823 2.22784720003545
0.413329495830155 2.24734924513107
0.413905681795985 2.24101325377863
0.414772829650822 2.22885623156914
0.416130201354245 2.21074542187718
0.415059734088608 2.22062323366437
0.412255174958002 2.26174608575071
0.416992822868329 2.19725945354391
0.41300593627196 2.25368056860578
0.410793226234284 2.28162488916515
0.408677559689598 2.31341223454116
0.411675976093103 2.26970008389165
0.41632347831116 2.2051250199113
0.410999828632213 2.28359107677284
0.412671081045667 2.25861132494574
0.411117190780131 2.28051348466147
0.409306098672778 2.30228125775186
0.410412085708968 2.28320873556814
0.411453664711772 2.27096903574497
0.413817793704951 2.2407393629171
0.41388610279276 2.24012635244683
0.414909609294578 2.22621252025182
0.415373107955459 2.21672691898078
0.414457149774151 2.23203137241728
0.412943504367584 2.24997126561773
0.414077108985321 2.23723711010678
0.416791344966518 2.19987830204722
0.413996470774629 2.24151852998955
0.409931593659151 2.29633265368009
0.413250093041716 2.24920067514965
0.411697212676855 2.2702409663999
0.415578369814731 2.2184527459362
0.41270486237055 2.2577620694502
0.413576674587281 2.24699018669239
0.412696769274782 2.25837700187295
0.409378354270993 2.30236095844543
0.413210700242861 2.24879038566282
0.413131884009353 2.24809792258183
0.412994057735389 2.25427940426862
0.412339222214375 2.26324459374941
0.416691690429542 2.20012848248995
0.415558553654704 2.21844562701696
0.410311794846059 2.28562461217964
0.416550724136041 2.20232902628874
0.412929807298518 2.25323362272906
0.417279992276069 2.18763120033149
0.411345019760285 2.27021745097806
0.411499732539285 2.27528673042034
0.409718182411 2.30308601143699
0.415154831557107 2.22247929893279
0.412993496427722 2.25073363081491
0.410588751402188 2.28685483953674
0.41504528932695 2.22305548174967
0.41035098457509 2.28901061788592
0.411675670054779 2.27109487002478
0.41211612030093 2.26874534430826
0.415422930178409 2.21702719630928
0.413872863739041 2.24195955026364
0.411001723850536 2.27943974156541
0.413181791009466 2.24909786563077
0.41016131369401 2.29324352636901
0.410948430383705 2.27897506411396
0.417027040473534 2.19637908508673
0.416318708539572 2.20773796450234
0.410752708675325 2.2838133437192
0.414631342820283 2.22999827075292
0.413599324484168 2.24437455980907
0.410153461578363 2.29447164458824
0.411543706227093 2.27259256596201
0.415623054069687 2.21443954012113
0.411196753253826 2.27710083580165
0.413422450657935 2.25162548589751
0.411980204687553 2.26801277256594
0.412277561629821 2.26332731415561
0.4121918297147 2.26157697003646
0.414366786914889 2.23676193553787
0.414846757397681 2.22937039487511
0.412127107513719 2.26695899098068
0.408686022365912 2.31321829741664
0.417927195691198 2.18094902357678
0.415184538540486 2.22566562075349
0.410810883177454 2.2843761225514
0.412087874783138 2.2615042833032
0.408185976962914 2.32505676570454
0.414807304483187 2.22916718533296
0.411583016535534 2.27316156200288
0.41067433180968 2.28384440885028
0.415268102533659 2.22315645518956
0.409860938727152 2.2953660889505
0.411485954784076 2.27689283466456
0.414741747504508 2.22902913580109
0.40806729136751 2.32009467849887
0.415025576031732 2.22837776325043
0.411581715586154 2.26706796140956
0.414795508924131 2.23043070853281
0.409577055199914 2.30306958808863
0.415723117679279 2.21326649325329
0.415337551133535 2.22464039574859
0.414083896484366 2.23836765593252
0.411751272620064 2.2722759062355
0.41476315283242 2.22543245989901
0.415208554849209 2.22256689408584
0.414939349946539 2.22751695083101
0.412938544322857 2.25044033571109
0.414638795428219 2.23464928849127
0.412351176756261 2.26280938398563
0.415738725348791 2.21443554142423
0.417295917391493 2.19647809280177
0.414543567690488 2.23132705828112
0.413781759057539 2.24051069713679
0.412400446647298 2.26184462338478
0.411747014486713 2.27241604984425
0.414843999848539 2.22602727072478
0.4180769387143 2.18122410730895
0.413174432385632 2.25117300782624
0.408155918928164 2.32194344023156
0.412162036554691 2.26500243871251
0.41687772231494 2.19932493518328
0.412904478457566 2.25422776659214
0.415815640865506 2.21091140974935
0.416806631072576 2.20253576486408
0.409349811857428 2.3055664894601
0.413071328189918 2.25248247676995
0.412570479777839 2.25718453958576
0.410423427147948 2.29067685556215
0.409128987801854 2.3094407430615
0.415205490003062 2.22823909421987
0.412105742674092 2.26671185215791
0.415237431831093 2.21891710066828
0.406001316619289 2.35175387907536
0.412629509710245 2.25704475028193
0.410621686653978 2.28415821886347
0.41601111762692 2.21054887964762
0.416946549132667 2.20085825191646
0.412104871888136 2.26743328539528
0.414646255891225 2.22975633931638
0.418181516620588 2.18054723181755
0.409821237543937 2.29666503102221
0.412162444722708 2.26463745114564
0.411382640068267 2.27497355543655
0.415380999476039 2.21833801144823
0.412057348518628 2.26622127881876
0.416125853925644 2.20847707788218
0.413934648244397 2.23971676232416
0.417940900675046 2.18677165079133
0.417410479963846 2.18844519161798
0.414144206041387 2.23539921696892
0.413930784825312 2.24267740480189
0.411855653515318 2.26864059102779
0.413776372108985 2.24290074763574
0.411969847519987 2.26989660714767
0.412542522392581 2.25796758574321
0.415231801232839 2.22185482996884
0.40985018095052 2.29648920286402
0.416031346401173 2.2110228684902
0.413285031238722 2.24798925973868
0.411193083972793 2.2730865457406
0.410533559580763 2.28334069252767
0.408334804079992 2.31953365285382
0.411718303290504 2.27251950147792
0.413604961282126 2.2408398701
0.4154908272826 2.22058568278162
0.416802763011801 2.20145209392409
0.414075581047632 2.23734134460982
0.410271060411859 2.289395352081
0.414619836688039 2.22985625696912
0.413177011225545 2.25093646290231
0.406695982813548 2.33842363352691
0.416368700012166 2.20403898551692
0.414682537525479 2.22890130229729
0.410761949872109 2.27924860725683
0.413349697109645 2.24406757115656
0.412899654703131 2.25571127303262
0.413489450100942 2.24383515527875
0.412052331104457 2.26549932366433
0.410973095067206 2.28421429332945
0.41637890137231 2.20841647408678
0.411805189483058 2.26607397558411
0.41052871421628 2.28824391242017
0.413566532260608 2.2435128717043
0.41599141440978 2.20543771218372
0.416703419177419 2.20044346853853
0.416634033452853 2.20308390545036
0.412154590052829 2.26289773050817
0.414975972994347 2.22274073374769
0.411798560707418 2.26388785309012
0.413506304156924 2.2449889812472
0.412756636497103 2.2546433308633
0.411918866318653 2.26463900075123
0.415903931275055 2.20898511044882
0.411036077789737 2.27915541264186
0.414257518179902 2.23849331428595
0.418809682383015 2.1720225375217
0.416956011462089 2.19518724151695
0.414505123903276 2.23593741484035
0.414502951627913 2.23582364126578
0.41335587776932 2.24758992558907
0.41291018369379 2.2544899343309
0.413789774219299 2.24519214527807
0.413577786677761 2.24024172023572
0.412208116081366 2.26647945807038
0.412043053141543 2.26784553944889
0.413358478977226 2.24477561412051
0.414179001697811 2.23519696361802
0.412593553897696 2.25819388424887
0.412852457468367 2.25432894020591
0.414043045862273 2.23720722930218
0.413790421579547 2.23927479909021
0.411946128694449 2.2667207066208
0.412409606902693 2.26468696510489
0.414329237269893 2.23426424852192
0.414303915344469 2.23073683315009
0.412415483846406 2.25773377046244
0.415960624761337 2.2146017934143
0.416161033202489 2.21308856815047
0.41243546542215 2.25615808654774
0.415965141211817 2.20775653601646
0.409876819595497 2.297945037757
0.416870003899063 2.19514396646704
0.414245522857744 2.23874421193588
0.41566650477062 2.2125711691381
0.412576884341773 2.26094254991914
0.417248001707508 2.19374089266379
0.413567567950945 2.24246925605922
0.412957575242622 2.25485132547866
0.414048565673621 2.23915714185634
0.412726898845412 2.25734276340902
0.410707977897667 2.28365417261356
0.410352351002921 2.29042117886781
0.411320675311022 2.27825941473295
0.412270414047999 2.26432773912936
0.409001827790301 2.30784265269801
0.413767298339872 2.24625532923145
0.416438373107691 2.20933764939344
0.415270426109416 2.21836763322915
0.419633032942257 2.16151296638228
0.412302871497363 2.26236370597442
0.409294219071635 2.30349763569136
0.415122662656873 2.22480888341249
0.41352193159983 2.24511811767072
0.408250521512183 2.32330454590907
0.414822741167308 2.22680876811616
0.411747872422342 2.2688929454643
0.410865372782057 2.2855512927082
0.413692641427793 2.24229410343697
0.412201703899287 2.26563349598175
0.414244828634805 2.23345329034305
0.413116336569924 2.25288124531865
0.41248964554016 2.26029535391221
0.413166197606719 2.24819753434032
0.413401325749906 2.2453011320013
0.413760802960795 2.2435997421381
0.414664484306018 2.22455746376182
0.417807842810508 2.18205316378878
0.411333283971145 2.2745229275116
0.412132119812907 2.26410684981335
0.415517109630394 2.21926806197565
0.414452474386568 2.23419454271227
0.409998504820621 2.29365503454622
0.411306263215676 2.276974651055
0.41260402945297 2.25844269433208
0.415245168980991 2.21855590992049
0.414539669835684 2.23378873145657
0.41586097730494 2.21661773243481
0.414878931197917 2.2284475571859
0.412995719309236 2.25242924582986
0.412948086941401 2.25412954875664
0.413803342813205 2.24020576632078
0.411684952688871 2.27375965984025
0.411656623873011 2.27512757969036
0.412788325875546 2.2539138804992
0.412177442670872 2.26413657857384
0.415546758467074 2.22178691759838
0.412713697795645 2.25600313797634
0.415078373582318 2.22836727150146
0.414091374984457 2.23783733518256
0.413669122264825 2.24589112786323
0.412396018646663 2.26337162267181
0.413422318305542 2.24520651576581
0.411622794598794 2.26819405268886
0.41752189979591 2.18732454840252
0.413165320408628 2.25300201321173
0.410466607872275 2.28714791803441
0.411490096909553 2.27195122857189
0.411474310132986 2.2755716284076
0.414086146075319 2.23835482584754
0.414821302203053 2.22857729281785
0.414216034718628 2.2343339330887
0.413214884974071 2.25167947300589
0.412111542720463 2.26267828082304
0.411339384724581 2.27365964537942
0.41595339076905 2.20942131905451
0.41404974742526 2.23861011939696
0.413011093365046 2.25365697010359
0.410057782757121 2.29613200634259
0.414921249851999 2.22225970766826
0.410199612063157 2.29192214604819
0.415552969930419 2.22058004666967
0.415820420568013 2.2122657106512
0.414194963545132 2.23959158273858
0.413574053217376 2.24667127318421
0.414726830419572 2.22843560793233
0.414713691971013 2.22830171633157
0.417975337002573 2.18513039334955
0.414247255136136 2.23768462368067
0.412779403820122 2.25516396633604
0.415888279781975 2.21098400088592
0.41412180558199 2.23641841736733
0.410311487485056 2.28545297621206
0.408736670712339 2.31522232737628
0.412901059598634 2.25474294781605
0.411318383369767 2.27838042451079
0.413347285989752 2.25171727569106
0.410031216266568 2.29683426584569
0.414127209167832 2.23877327860816
0.41128487383562 2.28117300633243
0.415224256312219 2.22241796465552
0.409990601652535 2.29337308576123
0.41597791767249 2.21320531562456
0.414561985567853 2.23269834226163
0.413580753084109 2.24146102911302
0.41250798383989 2.26177874196668
0.415237677398456 2.22253763236801
0.415240412636466 2.22285573056099
0.411517077167661 2.27360414911857
0.411728007841975 2.27241973582966
0.412737338828137 2.25615976745677
0.411969557184251 2.26769560933096
0.412482786519222 2.26149110729398
0.411791012123937 2.26787592911919
0.416057422782598 2.20807677646851
0.412119447813618 2.26596035112513
0.412993334183442 2.25175572718218
0.412727633521135 2.25620920135909
0.413321099860346 2.25048436014072
0.411896053733282 2.26415717665535
0.413170298449611 2.24830246021352
0.411587732539636 2.27492752129487
0.411865739697254 2.26905282664943
0.413142459185068 2.24983480488805
0.414655117678774 2.22762906767999
0.416075353364382 2.20904812604681
0.416384243089155 2.20440507648602
0.414212024260403 2.23478484690014
0.417664134812962 2.18514558766533
0.413771049523827 2.24658886341685
0.40997888932356 2.29729131970862
0.413684465631516 2.23881568238682
0.414661764668124 2.23201861232123
0.41363016765004 2.24581405945784
0.412180565339941 2.26364866914825
0.416721870553984 2.19910065056288
0.412092044079949 2.26511780740466
0.413091673050484 2.25010407122774
0.413438233688908 2.24775870776444
0.412844029075578 2.25618926309007
0.412981969145508 2.25329144563562
0.411367022073597 2.27711523350185
0.410106597966082 2.2926851965613
0.41350805452371 2.2424317152375
0.410633795105613 2.28922557480995
0.414881355757798 2.22715970366116
0.411189556190348 2.27916233947462
0.413745228484144 2.24305161653308
0.411366531290247 2.27306557436395
0.413279776017488 2.24988594554446
0.410268220876844 2.28968925243272
0.415601633804619 2.21958661994157
0.413995013336909 2.23667257526814
0.416928857389645 2.19692026360107
0.412945139327186 2.25478206687736
0.413513863213293 2.24632678637748
0.417792256957141 2.19216629875895
0.416105924622684 2.2103169732153
0.415933104383017 2.21155927478725
0.415678539956735 2.21542537764508
0.412125116001632 2.26636689144338
0.413588249333522 2.24132757601258
0.412482707749827 2.25782381813776
0.414167370044639 2.23890174785884
0.412149233043786 2.26268160649993
0.412506008520617 2.26393723066544
0.418655359116305 2.17812928587694
0.410960152240026 2.2815780831076
0.414698228584865 2.23083195743702
0.415730397341149 2.21554393876248
0.413517665938981 2.24536358181033
0.412258550832465 2.2639260920805
0.417952205768834 2.18486605996032
0.413021415459313 2.25124436109169
0.418074984923701 2.18027153139123
0.410059617317273 2.29027937536028
0.414615140709636 2.23020750950154
0.415435099305252 2.21709280040327
0.415959271422974 2.21055013078558
0.414339216752856 2.23416920743796
0.411537159279962 2.27298029414856
0.414358829709016 2.23986957185817
0.411082741959379 2.27892203553516
0.412013768974398 2.26473036170804
0.417091402144363 2.19967176532078
0.411668622981037 2.27336795256104
0.414097950562163 2.23740939334441
0.416293292724978 2.20561564569896
0.411841797182313 2.26576799593183
0.416341726902715 2.20750061894927
0.412216391430312 2.26919753808029
0.411136436299541 2.28407159406678
0.416604088247738 2.20176427594789
0.415344601187869 2.21993486315294
0.413770271322513 2.24312663403744
0.412705346090532 2.25824586751612
0.4146991152682 2.23071089696682
0.414511234814999 2.22927741307229
0.412214434010658 2.26190744975972
0.416443909769848 2.2050246601358
0.41529439860498 2.211687681451
0.407529914327895 2.32497276614061
0.412892382240361 2.25281786836167
0.412141233001013 2.26683800365338
0.417132510899399 2.19440212255007
0.414947322727019 2.22291691579295
0.413577588120606 2.2490577940985
0.413578502921424 2.24906967604911
0.414966354287749 2.22725327448789
0.415803714779184 2.21240295602861
0.41718265483506 2.19395841925531
0.408364068048903 2.31410679721318
0.417022724986422 2.20246820496926
0.410428574413865 2.29033462631838
0.413674149898962 2.24269933546864
0.409749703185133 2.30016797364385
0.413168699155624 2.24825932073214
0.410226704414131 2.2891420776986
0.414524591729357 2.23453443822352
0.413904828104614 2.24576023504469
0.411433940557219 2.27214527286761
0.415188271664102 2.22056304738005
0.412636315858908 2.25983396228531
0.412824279509722 2.25570001444137
0.407405996569182 2.33402178834001
0.414071101711129 2.23799011656055
0.414188335870121 2.23839324484605
0.41606193775708 2.21061991211776
0.41370037343617 2.23958603781456
0.413718688642264 2.23844500514135
0.412049910833678 2.26503152506584
0.414817718468433 2.22427363300956
0.415308315550099 2.22215543449203
0.413285188276125 2.24866481782114
0.410787969454907 2.28191260711507
0.409142909606359 2.30679186705131
0.41397064010346 2.24172391906969
0.415802186156907 2.21598813155627
0.411025650595693 2.28206339001274
0.412225667383213 2.26443495706416
0.410665418939962 2.28612795235412
0.41482822987859 2.22873882834018
0.413536816395711 2.24480488447139
0.410139930330063 2.2960732689475
0.413063275940499 2.25534473830111
0.411834771896929 2.27172700944733
0.412805859291448 2.25503516143871
0.412959845433286 2.24865527087294
0.414570614202623 2.22981512229626
0.411346427266598 2.27731013116993
0.417116249240539 2.19670613031987
0.414349482118516 2.23703361236943
0.412259848685936 2.26283138258656
0.413255786556125 2.24701863908546
0.410524863290662 2.2900156315225
0.411552626502895 2.27019850193152
0.416045055300528 2.21216817910342
0.410995649465354 2.27920872863827
0.414893909218009 2.22754715801531
0.412647903138375 2.25912378943695
0.41465485994383 2.22649683401556
0.413614818166163 2.2424921485174
0.418488218669576 2.17613309623775
0.41105313790508 2.27709460681477
0.41300314018462 2.25380679948355
0.411710509402672 2.2715509375316
0.414252811502666 2.23865098996688
0.410070069787024 2.29263070830767
0.413658067816298 2.24455584514683
0.412957942881334 2.25148540475413
0.40875865953842 2.31012491342731
0.411632080419501 2.27143779372527
0.410744835478675 2.29000604460389
0.415774040859122 2.21379627618437
0.416151851527714 2.21285083925137
0.412759183767038 2.25962343225748
0.413149267043976 2.25056280488222
0.417963946696187 2.18432497585657
0.412016633455286 2.2701162085825
0.414906591714598 2.22745748975173
0.414459543543236 2.22828558977735
0.412125890515838 2.26033385818939
0.414642938093059 2.22773262652169
0.416031241674474 2.21119614460694
0.415174684914452 2.22207034806426
0.412648437506514 2.26058804475488
0.411450096619603 2.27515381722053
0.414467916575744 2.23019244412275
0.410808886986049 2.2831125392168
0.409459137835607 2.30402365981628
0.413239586571198 2.24944391524673
0.418299255199745 2.18021266035776
0.412832629255995 2.25463392404029
0.416255655210254 2.20579496024421
0.415719097487009 2.21034847252181
0.412619660039543 2.25953715810103
0.414493089021117 2.23140629970196
0.412510238286723 2.25531083126703
0.409223695683717 2.30511627018972
0.412558327661551 2.2630761864984
0.4142048952685 2.23885853558345
0.413966474429958 2.23460462763472
0.414489614480314 2.23235711699997
0.418176061860574 2.18328834273227
0.416576825194574 2.20296029780202
0.40861898677201 2.31231714842573
0.408318124392571 2.32083777140037
0.414083882986429 2.23951336323347
0.41478083422252 2.22939467515496
0.411678342920919 2.27242061710679
0.411570380532877 2.27564504804215
0.41165100147289 2.27063009339182
0.414192284597573 2.23354003545534
0.415264794607308 2.22202164555814
0.414630571275426 2.23119921358818
0.410327622332213 2.29171393218578
0.415936474935129 2.21065216472258
0.412800147875927 2.25636992934482
0.412155425182842 2.26672361448032
0.410173006106933 2.29472355090608
0.412012236948303 2.26812098405924
0.412184196959017 2.26479308941579
0.411664319106011 2.27421775980804
0.411368692400241 2.27342058871243
0.416314705027931 2.20650855812225
0.413929174282864 2.23912272742411
0.415807387664932 2.21414551188219
0.415258362840522 2.21983057339632
0.418481647770421 2.17393029849401
0.410181966075899 2.28971989037191
0.416365063407633 2.20750068061168
0.415550881293152 2.21867557393833
0.414603633458079 2.22847261529192
0.415471200712084 2.21904637040896
0.408104638722898 2.32439430401855
0.416199411910366 2.20627112398534
0.410596546203787 2.2892882639915
0.41157326022604 2.27243288655507
0.414285106180755 2.23794352884028
0.414207569025463 2.23861079508056
0.411993107831386 2.27041014632184
0.412169922886946 2.26613296605452
0.41110628016016 2.27898796368371
0.417348409383356 2.18689926039901
0.412215731853027 2.26208242794653
0.415200650962803 2.22603957628365
0.411138793763577 2.27525358959106
0.40920833051445 2.30682811908479
0.413087770063089 2.25232969008513
0.4118056749812 2.26807248497161
0.411783040961176 2.27149334911406
0.412686707702747 2.25486463250002
0.411874809307244 2.26830600180039
0.411627381041846 2.27323222417501
0.40812074615734 2.32033514951426
0.411079331641155 2.27950304836786
0.409401108601843 2.30651731105771
0.411732334033261 2.27140178805141
0.415545599004618 2.21865361745754
0.418190368993459 2.17982048304807
0.411723382553334 2.27085095058027
0.411428581609627 2.27271130446496
0.410732863930971 2.28299753195308
0.41373387933668 2.23828528991777
0.409344515076597 2.3036574934747
0.416195304965501 2.21198378321672
0.414138758305795 2.23980985770028
0.415448560785625 2.21654243626566
0.411096904177808 2.27928838774564
0.411663945744036 2.26927277595021
0.4134323451843 2.24499336695305
0.415720842596304 2.21692549175012
0.415682139320035 2.21576312774965
0.413138828859662 2.2556255520946
0.410785441403841 2.28598057770423
0.416221242041881 2.20941526230321
0.414759872020863 2.22764664354651
0.411434516917185 2.27452271233332
0.41360208990273 2.24989799581343
0.413859048462819 2.23997750478292
0.413296363246939 2.24713120229021
0.408487808874856 2.31895407216434
0.414790977840604 2.22704486959996
0.417234295143422 2.19415321331619
0.408423184245997 2.31519229446338
0.415463892193432 2.22100459834284
0.413798900471061 2.24327721743199
0.41578670245731 2.21402043023767
0.41364348644462 2.2428981344666
0.415210756314703 2.22048767270324
0.412470100623216 2.26363451956751
0.410983003298273 2.27828414925395
0.415603515723627 2.21269937387835
0.414228118939482 2.23572031760294
0.414250243809683 2.2364310303976
0.411662173818902 2.27574069838295
0.417125764648857 2.19272834029799
0.413427280020541 2.24632006882403
0.410898887667872 2.28442223763264
0.410516746600513 2.28845164860089
0.412413264502402 2.26237633180294
0.415974214574525 2.21076783148672
0.411608243013539 2.27220013186309
0.415581876769908 2.21523904944813
0.413212924154173 2.24917918539761
0.413048442593637 2.2538627386362
0.412167652008057 2.26436797052496
0.414985567720919 2.22277070828069
0.41677265275366 2.20073506141194
0.416194565222714 2.20511495795726
0.410824866772858 2.28410572737263
0.416951211012544 2.20146858357445
0.419337460528452 2.16367630970711
0.416485774012599 2.20509949517193
0.410760566109831 2.28880103854828
0.41583034250835 2.21067728431403
0.418437090071425 2.17320671122117
0.415805005612878 2.21253494288604
0.417519132470824 2.18786083344846
0.414641526785785 2.22672238739387
0.409102760249169 2.30681248319378
0.41422845963775 2.23942863334115
0.415674410088951 2.21506783909315
0.415475489949328 2.2202881539053
0.410866220854613 2.28418275486801
0.412040299304464 2.26579905210342
0.412092254097409 2.26791169109507
0.418762704887844 2.17010576154084
0.411814138555971 2.26843471821845
0.412769543308853 2.25240744779083
0.41308557616687 2.25310484690859
0.414509084654936 2.23416764668255
0.415546581194366 2.2136723160076
0.409769400121701 2.30126413395489
0.409459757687657 2.30191041452134
0.413404754563483 2.2475573640146
0.412517785079843 2.26332330146025
0.413439812946285 2.24581586171044
0.412866777234949 2.25223517176849
0.410064074519292 2.29623488027622
0.414595218745423 2.23089210257787
0.41254988668546 2.26030067291702
0.412990635778403 2.25466934359143
0.413617990170884 2.24692716671568
0.410715758878882 2.28159188005959
0.419520580925592 2.16338256711063
0.41547687926529 2.21904649973092
0.411774595852575 2.26880076999609
0.414004764305234 2.24031576166678
0.411942939974542 2.26794253742043
0.411431861932108 2.27881527540035
0.409561735196658 2.295567051618
0.411195387496047 2.27477079321724
0.41353407356163 2.24596308015597
0.413056198325749 2.25101653802991
0.417318415537495 2.18971477722602
0.412721801851475 2.25594879761688
0.411486575151106 2.2750976989666
0.413862069235016 2.24046476543659
0.413488614597287 2.24536567440034
0.412035748628826 2.2663819012097
0.416616942051389 2.20212787176377
0.411996661746273 2.2690687956695
0.412780314017326 2.26004762033684
0.41567335658406 2.21522258091232
0.408022948996791 2.32535817011559
0.413664218289933 2.24682873243364
0.411222231683207 2.27598903864934
0.413431848369669 2.24402856970609
0.411864780679931 2.26728655691473
0.412719115522417 2.26043810735168
0.410743288704346 2.28465511558415
0.41740473227908 2.18939374277574
0.419840113716089 2.15157613728613
0.412871236549154 2.2530071179355
0.412279483905447 2.26579564883919
0.416854203791736 2.19941302635132
0.415842994714873 2.21070914580193
0.411274834861274 2.27389031453374
0.414364164019365 2.23333563157062
0.412686283777359 2.25746634234934
0.412846542642013 2.25742749053375
0.414709894677629 2.22804396441421
0.417541973184707 2.19025547885512
0.413986184579392 2.23697316263579
0.415811520309286 2.21337819596425
0.412904347155133 2.2563674315589
0.412321666786191 2.26059552936152
0.413872887352819 2.24080274284899
0.410873306103493 2.2885675174479
0.413094061369909 2.25299179983187
0.412236160725689 2.26537558615422
0.412816356508592 2.25378868916748
0.414335831648931 2.23631067486614
0.410034132094649 2.29570522961667
0.417495930015111 2.19027039748251
0.414497982233937 2.22759985663665
0.417583511355532 2.18525110567992
0.41421624346197 2.23646895725425
0.413194257874351 2.24657102054521
0.410281266262156 2.29332865231493
0.415952397477934 2.21179415449228
0.415602370256347 2.21898620243683
0.419198712756075 2.1655036399978
0.413328565417774 2.24605296490064
0.411636297104983 2.27112253214184
0.411576209434352 2.27225770982959
0.416191497869529 2.20503906605195
0.412821415649026 2.25448247717679
0.411159536956447 2.28101744713918
0.4125159578438 2.25860917863035
0.414416011898249 2.23451952840321
0.417181550902136 2.19449985302377
0.415030999224597 2.23045959017655
0.417817007232715 2.18356097292994
0.410900299823636 2.28036474314496
0.416603627482285 2.20259437081805
0.414737661846691 2.23193799153516
0.417642083932709 2.19353667900988
0.415567231593004 2.21978555329439
0.415165009737286 2.22359560694976
0.41522611250276 2.22372533772272
0.411971411214439 2.26752405202501
0.41346420373955 2.24525979728319
0.412669677616784 2.2575711717659
0.416376242960823 2.20019340878622
0.40828057210823 2.31988409164108
0.414379449196074 2.23434819457903
0.414269583303513 2.23961855353127
0.416968151305775 2.19740523677588
0.416186657391934 2.210483532613
0.413360525662237 2.24315919334808
0.415436835593867 2.21960518090805
0.413146323648642 2.25187539747174
0.412213370653102 2.26254875036817
0.412002484913676 2.26947121570792
0.412244479286968 2.26170862565272
0.414241114952828 2.23584864668743
0.415227802722082 2.21811477502468
0.414451703709603 2.23573979684501
0.410365390524205 2.28922936779017
0.416733571601321 2.20385981010025
0.414728983193877 2.23187685010747
0.416519567650455 2.2024185760089
0.412988215486732 2.25037022204243
0.418092275843363 2.18221952852024
0.410941754038971 2.27727581330449
0.414580558328114 2.23284200897687
0.406323196118809 2.34716963837878
0.413944049466203 2.24571238622648
0.411269307115676 2.27688368818223
0.412444382358939 2.26315242528413
0.411628561677489 2.27246240040895
0.414086036841798 2.23774401884768
0.413782393001307 2.23859795400039
0.415326516345142 2.2231891391162
0.411802684556095 2.26437233844117
0.415013728143153 2.22431747574758
0.410945219566803 2.28054604198289
0.417351165533785 2.19155720376862
0.411482011015942 2.27487017149378
0.412445561710096 2.25723547082679
0.412239041303763 2.26334395523648
0.411489305145375 2.27203781160638
0.411433989332918 2.27530420759334
0.41727979132241 2.19187903079992
0.413586045728312 2.24437018738287
0.412517560511012 2.25999153664795
0.411040538741506 2.28375677309569
0.41348280070236 2.24603321706731
0.414145906246816 2.23125817490496
0.412020037499317 2.2674845914564
0.416740682536837 2.20237839125261
0.410399775667439 2.28987205578416
0.414049842674143 2.23887602604033
0.417498635124885 2.18948114738418
0.415685778057974 2.21521207615019
0.412042292567148 2.26576293365131
0.414300682280595 2.23823104636743
0.414638665101483 2.23110294964416
0.415320234466778 2.22159757136191
0.412480365142529 2.26234025533812
0.408724013516636 2.3153778790746
0.410717054281533 2.28515118907718
0.412810809127411 2.25705878658013
0.413274055314526 2.24724885104415
0.409004684191617 2.30639107178773
0.412092258123505 2.26308335780096
0.410972980065348 2.28257141476449
0.413978496770565 2.23753891357867
0.411827800759394 2.26789616588173
0.413908115385131 2.2391532638991
0.412793709708784 2.25400320268987
0.417202986250361 2.19281327699037
0.411549722728392 2.2729615858935
0.416616002640908 2.2031323672969
0.408940520791698 2.31014608544485
0.413633767095106 2.24476430293269
0.413739237200587 2.23973537384411
0.411511943722494 2.26768142548568
0.408745383858491 2.31399771028588
0.410717576694537 2.2836061548187
0.413184452918495 2.24955267009124
0.414163737692103 2.23891973169594
0.410341500839529 2.28858974744009
0.413796038817887 2.243626745258
0.416008977045478 2.21291281086686
0.414060270060276 2.23936132740609
0.413104150672724 2.25388336203423
0.41298623203021 2.2534949700541
0.415364192142836 2.21862249337364
0.411249367756092 2.27697577255939
0.413144346701826 2.24708683751832
0.412251291296294 2.26186041193237
0.413119311247313 2.25068998965623
0.413787163964376 2.24511745633589
0.414756994749702 2.22715929804618
0.412833956931635 2.25896185907251
0.409440583138987 2.30265451673471
0.413236222285366 2.25128636604966
0.411939644444418 2.2692067868588
0.408613361313072 2.31732204937055
0.410062366394352 2.2938037537495
0.411797598605829 2.26731796428403
0.412966242155767 2.25101258397076
0.413689390613779 2.24238471453285
0.415773613105859 2.21785392243059
0.413862142532768 2.23970116349684
0.416023294367191 2.21405214735287
0.413298432814282 2.24705835784104
0.414807151729644 2.22987797092729
0.411801678678789 2.27467941411993
0.415211978860316 2.21949899536794
0.416453054898228 2.20569451050122
0.411883129259392 2.26958974674138
0.413377502712427 2.24230560057844
0.415336365619817 2.21760799737567
0.414466328086704 2.23584324961014
0.414821869398115 2.22787009891662
0.412812786431641 2.25283070964987
0.409890735130635 2.29608182009294
0.415703581131229 2.21600162449661
0.412836036254438 2.25669177235917
0.416909101907999 2.19647174959685
0.410173927874257 2.2885658137907
0.411265189366575 2.27801756969471
0.41637094221859 2.20563510992373
0.409793227333834 2.2973392445578
0.414560054286532 2.23151691962385
0.415373653474758 2.21814087657057
0.411156699027158 2.2824862568437
0.408251485224304 2.31636368455689
0.413522416976083 2.24440094126569
0.41287974012329 2.25286044069967
0.412911491147899 2.25358514441402
0.413795175477892 2.24120788197313
0.412464226923286 2.25820314662334
0.411376138927528 2.27851556879353
0.415003505104674 2.22383710196696
0.412007907144171 2.26906417728667
0.411573242964344 2.27082661702926
0.411389695174137 2.27510018547893
0.415997522072821 2.2109320338421
0.409602746725151 2.29765414301909
0.412762193931077 2.25922053382847
0.411877838639833 2.26281597520975
0.415428509995004 2.21966741723591
0.410668898528449 2.2808597320999
0.412501592162942 2.25985515367492
0.411637766685079 2.26994492439957
0.411432224692736 2.27669470247099
0.411834674988251 2.26946243097044
0.414555172340889 2.23064204334764
0.410851511592611 2.28277943940822
0.418641800296526 2.17597225835924
0.409887082546537 2.30189962068313
0.411764640539066 2.26518071876348
0.414671894541528 2.22997019324524
0.41815932203518 2.18194627960202
0.411643182007463 2.27142643890831
0.411167139674063 2.2790551252005
0.414474502491043 2.23332613163325
0.412283028162918 2.26347904530667
0.415609404004858 2.21668580949536
0.410781232613041 2.28427129108377
0.408331768323789 2.31980425890182
0.41807584323515 2.18141398313957
0.415244173784987 2.21943338139202
0.417591513020378 2.18647546235285
0.413898769176888 2.24002406546177
0.412633616666624 2.25566960565279
0.411455929619858 2.27719746295426
0.407993156385491 2.32223634657851
0.419132827829546 2.17166916497395
0.410394460550206 2.28850661977201
0.407777010361589 2.33017446434395
0.412991477727998 2.25385089414172
0.414543687951821 2.23040897249052
0.411887520376988 2.27053718429076
0.412204761028337 2.26440732145674
0.411238188647182 2.27513393377317
0.408642021742981 2.31362402768872
0.412283131740065 2.26327481799525
0.414117225991981 2.23654208236121
0.413321653773443 2.24845796512739
0.41129446606725 2.27794505792369
0.415180970609176 2.22192529272747
0.414333324035103 2.23683719973971
0.412922894593712 2.2557953807789
0.410298327858446 2.28863866599968
0.412144820183107 2.26467242508441
0.416307461434033 2.21089593526887
0.415524533457652 2.21731123338985
0.414512340523959 2.23037803864656
0.413881743321734 2.24178523722744
0.414789768083553 2.22522521974618
0.411710060322571 2.269746842085
0.416093719003994 2.21460681132792
0.409146656501473 2.30917657894244
0.408840540459388 2.3107105649559
0.412594446409239 2.25634310677537
0.413248139869018 2.25287253916753
0.417036341622716 2.1967646100737
0.416940116884278 2.19626604912257
0.416515285224239 2.20637518445432
0.414983953861882 2.22699198332325
0.409355870330853 2.30011196101423
0.413311441070243 2.24759348495301
0.418191580088456 2.1826990377292
0.41259046161434 2.25735916377024
0.413626946857011 2.24354691948954
0.413681923864226 2.24509124907246
0.414634871062142 2.22885294121409
0.413001497780242 2.25483499502717
0.416291441813456 2.20564335975924
0.408502894445919 2.31674522614261
0.410305027637072 2.29253070926515
0.414150711065545 2.23803102275853
0.411998605017136 2.26450699449005
0.413685644732992 2.24149658761681
0.413836386674524 2.24114274308055
0.411107493225364 2.27710131867771
0.415077307466665 2.22349058684215
0.412963685413121 2.24894306000172
0.410585741074473 2.2845886106748
0.413753775459667 2.24380514484766
0.416418417854761 2.20619912799561
0.416544525848276 2.20106633917101
0.414533549340006 2.23173367005195
0.415305189400101 2.22669504465422
0.412263352926275 2.26435681463133
0.412976839389726 2.25164350141213
0.409073427768739 2.30888743513241
0.410756540933544 2.28485739916413
0.412407503133854 2.26085974733431
0.406853497954394 2.33585694807843
0.414069240482511 2.23301055618597
0.417582942177678 2.19043774551768
0.408363201229044 2.3163563392446
0.413584446795937 2.24672939643152
0.414154088211206 2.23571121653286
0.411001964752771 2.28294578399512
0.414282326308968 2.23408285818981
0.408617364117421 2.31076049379759
0.413518789999428 2.24290107569144
0.415289697260227 2.2160392574437
0.411045238966156 2.27546911040436
0.412072073847841 2.27014613301317
0.412518406256116 2.25709265637903
0.41194463619271 2.26944486366911
0.412026677562359 2.26839266332689
0.4114428178281 2.27273982461522
0.415718446493765 2.21760797057013
0.412811552865135 2.25236121307695
0.408370871491985 2.32350962509339
0.415401083614288 2.21888718418333
0.417405698998203 2.19072344018123
0.412262219677472 2.26116065067135
0.41083928804231 2.28277712986079
0.413912239348073 2.23743422165082
0.411143652019755 2.27883046132852
0.409613912131081 2.30335041524975
0.410913431744016 2.28160320361919
0.409388562167073 2.30525139956766
0.410595691832196 2.28501047588741
0.414174291130177 2.23576002609459
0.415063536789572 2.22683168325388
0.41432325419163 2.23364696098897
0.412160887125208 2.26624182161707
0.414169042857476 2.23705179878241
0.412490480719295 2.25901971372991
0.411816407547071 2.27202012854875
0.41729994686926 2.19011876261767
0.411938087883952 2.270022933326
0.414630396392013 2.23149370057283
0.412650797439557 2.26126043887401
0.414604777082235 2.23154858078273
0.412248315240765 2.26156611778563
0.409509226386041 2.30497089689267
0.411268129013619 2.28049133416241
0.416347178205615 2.20744387687964
0.414053930090506 2.23774884358718
0.415277079460057 2.22137544509397
0.410825976419757 2.28413709075067
0.413216260722089 2.24960150493459
0.409144759775627 2.30585724195102
0.413036302951447 2.25035705244824
0.414166488854397 2.22886373196606
0.413752227915599 2.24152995983212
0.417868139178082 2.18427635301823
0.415149616847139 2.22309130313519
0.412576824120722 2.26138248661868
0.412346185704048 2.26008351157499
0.416340466663799 2.21049557141037
0.415057416644894 2.22214849600116
0.409885848657164 2.29545337674749
0.412153588366233 2.26518003386616
0.412487936912327 2.26208771794865
0.4129325433852 2.25504728458074
0.412598001428586 2.25871419478016
0.40634543982992 2.3440796918537
0.413291974454308 2.24691963052376
0.416343280062455 2.20722605629465
0.410864998068724 2.28606771586143
0.414312006611115 2.23786380422517
0.413143995485615 2.25406970014569
0.410408357313965 2.29133283273982
0.419044676165697 2.16955788849503
0.407598326662061 2.32756992485668
0.415375026677929 2.22106040382372
0.410391626436676 2.29089761397463
0.415587056370423 2.21538299469071
0.412756427482408 2.25529499724147
0.415724924632543 2.21613829390252
0.413009211841179 2.25305287870475
0.413293119705585 2.24912714275196
0.416455748072137 2.20917383609394
0.409666058220066 2.30195917017316
0.410178087259019 2.29097705912592
0.41357135253999 2.2466273266074
0.417745507418191 2.18869594355082
0.411279347704233 2.27654240186533
0.413245861794403 2.25341597469704
0.414123881449831 2.23843724106516
0.414606200268212 2.22982240035461
0.412563666608307 2.2626967649603
0.416572966519064 2.20130513855014
0.408905499833175 2.30818231905606
0.412753435253795 2.26016113546236
0.413217698340742 2.24580991421277
0.410817550062472 2.27990030100131
0.415309259046088 2.21880332772896
0.416440004288603 2.20357137242832
0.41210867963335 2.2696058952825
0.410822090275135 2.28533225909404
0.415551827421447 2.21975379646163
0.416030208221062 2.21627631191649
0.414760884760631 2.22959317200292
0.411768830827034 2.26542121053066
0.410840842292477 2.28271743298785
0.412254778417829 2.26280412841675
0.414644114422205 2.22741430477075
0.411608837070947 2.27214347236626
0.414839148532999 2.22449738586322
0.415387495999858 2.21972792236711
0.413855233817347 2.23931687858998
0.415300256131386 2.22132747265386
0.416952603670474 2.19837946556166
0.415070769070636 2.22673020140383
0.41298631931778 2.25454349142257
0.412312806873033 2.26129008138202
0.415869462848462 2.21336351823681
0.414318619911474 2.23192401697952
0.413488577007197 2.244330959251
0.415013239037839 2.22187194065433
0.415148047688192 2.22279216620567
0.415279166362799 2.21892211789855
0.415446723395052 2.21929592282101
0.411215881357334 2.2803600434326
0.413355221952683 2.24536874829858
0.415561283570264 2.21421946047881
0.419052246653961 2.16726616419526
0.411177052674111 2.28093426013591
0.413381201336375 2.24885413836101
0.415146598074913 2.2255237658202
0.411786186994319 2.26866471971875
0.411329273868693 2.27897329915211
0.410549274941431 2.28797052106026
0.409037402802544 2.30756927370943
0.409993348181281 2.29528735347068
0.413863572088081 2.24143817121057
0.412598501488171 2.2545827145107
0.416514533060176 2.20315635152212
0.411050260603797 2.27936307094774
0.409755168551418 2.29861335512042
0.409758998755952 2.29616858208751
0.416938850632784 2.2006367327241
0.414942899530606 2.2278129347994
0.41502642821398 2.22512345540561
0.411608610526651 2.27420474695816
0.414505063843604 2.22817416411856
0.415361085263503 2.21976755720057
0.413921291327866 2.24252468384598
0.411026620800466 2.27925836301356
0.413759052409993 2.24067589286575
0.40877230311104 2.31033293919907
0.419898839905182 2.15508955602857
0.414058244953667 2.23954427383443
0.411488463388144 2.27637900661363
0.411670174728655 2.271072007046
0.413507658550816 2.24409599427387
0.413467448019343 2.25044394449397
0.414650276581816 2.23261015345247
0.414315082334839 2.23619848183014
0.416127871788525 2.21115265579607
0.413673339857411 2.24481306320423
0.414495392901329 2.23161897270985
0.41514767601585 2.22180967575848
0.41720113666608 2.19305490474502
0.411247415517074 2.27939560449541
0.415331754272631 2.21598527313933
0.416799524002333 2.19996992471444
0.412711598350585 2.25444123863974
0.415810225298661 2.21414591830834
0.413958349621523 2.24062715696883
0.411774926445507 2.27111268158925
0.413760613878958 2.24286108433682
0.409665995575663 2.29951678963834
0.416657133457387 2.19887112262161
0.412590498157659 2.26104716949449
0.415045263124265 2.22445696981247
0.409675004579061 2.30154413833215
0.411660852646036 2.27196321978331
0.415341866197615 2.22316393265443
0.409724888596438 2.29883208763016
0.413786608974915 2.23990211911049
0.415698782221877 2.21693798115111
0.413345759755084 2.24871025704971
0.412875045306735 2.25739380408223
0.414369640002163 2.23504964179558
0.412448434342401 2.25917499078484
0.415512671491504 2.21600465887586
0.409705304824628 2.30026977866033
0.408627451330195 2.30948479378311
0.412581778029807 2.25743905308722
0.41557073806329 2.21671278713136
0.41369092820285 2.24274149619619
0.410296716654769 2.28961869037876
0.415909324498075 2.21545394938137
0.412285517285838 2.26165736816009
0.40899886164445 2.31210636410143
0.412624876080925 2.25668897990802
0.411731517568796 2.26901259239086
0.411078685635094 2.28022467989627
0.413880328406689 2.24470652759661
0.414178629051272 2.23891473985495
0.41951184893445 2.16144773671496
0.413652963875808 2.24045816862273
0.41648004386278 2.20560239525165
0.411061996796897 2.27702850757343
0.412600202499401 2.25954242928869
0.413316974167894 2.245930096867
0.413997710624322 2.23987799596144
0.414769152138428 2.22824794721386
0.416376379163376 2.2045609122151
0.408774097987125 2.31403430578079
0.409679857031953 2.30052115146382
0.414948143306596 2.22573661278578
0.412000859508057 2.26558658351773
0.414169276259487 2.23901503241439
0.410627003523458 2.28882430768929
0.408488389348615 2.31617362785065
0.414449842957568 2.23417158538451
0.411113723574664 2.2770151297469
0.410779834806647 2.2797401464121
0.410978459034887 2.28414048075613
0.412006824768193 2.26350910085235
0.417067868262334 2.19843728217853
0.4104087490998 2.28883498748321
0.414343458194143 2.23533868132603
0.41653216369736 2.2036950569893
0.410822687390266 2.28480405022352
0.413660172070477 2.24103247001897
0.41059107542461 2.28618511071887
0.416530109423677 2.20548281075935
0.412766954641906 2.26002164111448
0.408070377959341 2.31895918327145
0.412764983454916 2.25471057851546
0.412227260467909 2.26426211226948
0.417350524701521 2.18845747720763
0.411874806737747 2.26675855208344
0.412452201117595 2.26553132055901
0.408667966566783 2.31398195821683
0.410488277261794 2.28484418615332
0.418117675249438 2.17913363223529
0.413130592568077 2.24901928800988
0.419385476693118 2.16305630966549
0.411404637379185 2.27458280213424
0.411141713382218 2.27815144941869
0.41226875587689 2.2585257814764
0.41325607098606 2.24741681479941
0.413226726681868 2.2467586811037
0.41345607386261 2.24878955047464
0.411983935640028 2.2687594479872
0.412653916536174 2.25788453114307
0.412515869387484 2.26336812836088
0.413735124705328 2.24074592680477
0.410993130669616 2.28218450164057
0.41278347959259 2.25608255051174
0.412651922838664 2.26195496472568
0.41410181670608 2.2373474885717
0.410124954991173 2.28936626203286
0.409758919559649 2.29594623027562
0.419412363454799 2.16573511507619
0.41773050454245 2.18894335413826
0.411417387170912 2.27416286756548
0.419329411453829 2.1668561808186
0.414392522154636 2.23796394662169
0.413377529383804 2.24928821355809
0.412939047579561 2.255529382609
0.412846529243932 2.25143316262802
0.40974565380697 2.29458784966487
0.406735902052562 2.33765127955742
0.410200025733964 2.28857946302985
0.411362201847778 2.27924980106995
0.412535804617746 2.25512971490873
0.413273917946753 2.24460335229104
0.417204740928939 2.19603808532143
0.407757934807312 2.32306251919237
0.414271245896043 2.23323144768957
0.413640731955173 2.24307467739675
0.412168230836688 2.26357168955747
0.414247362800125 2.23521245266755
0.415930291784597 2.21350381873956
0.411398048805016 2.27964830412976
0.412236382219518 2.25896891089635
0.41461272974677 2.2333500473935
0.414950046715388 2.22668536697111
0.411924676332404 2.268517112934
0.413155407363665 2.24773567120052
0.414358203214561 2.23343577057032
0.409153788762407 2.30455053806935
0.416777640177339 2.19801893657284
0.41017821164794 2.29100222219816
0.413656144550214 2.24360926865414
0.415636760151507 2.21555235940618
0.413598172779918 2.24428215610364
0.417660811446413 2.18850675179325
0.414472745562631 2.23104871933926
