0.402735589433698 1.56348107132508
0.400332864887712 1.59231254101342
0.402706613141843 1.56133393166069
0.401799505667895 1.57299093916897
0.398376486727743 1.61983081697413
0.396939746231718 1.63826820884086
0.40244861426847 1.56779085466659
0.396219618797774 1.64519954100763
0.397485938711911 1.62546053371963
0.405002567310636 1.53115156197512
0.40066488306397 1.58864901131347
0.403177244114377 1.55432077089887
0.395360392602487 1.65797534502564
0.399059814765445 1.60926651533945
0.397230425125428 1.62834653589549
0.401356338315234 1.58271181692784
0.403426512622147 1.55224860049555
0.398671530259099 1.61148963680816
0.402674853113713 1.56249276067423
0.402441694853411 1.56878031269142
0.396123640220287 1.64709171208056
0.403925664169834 1.54461258799274
0.399904843440615 1.59313638287013
0.397631399311079 1.62845254877531
0.397809181339823 1.62321563785909
0.394453472505304 1.66212525608342
0.401948039263045 1.57203193033695
0.399939018432879 1.59807260502801
0.4050144640897 1.53319376622387
0.404440816606659 1.54287422427211
0.398876181669795 1.61222337514243
0.397435251753706 1.63199085079775
0.399939641366799 1.59952848301841
0.40608430170537 1.52263448843678
0.400682233170949 1.59375340317881
0.403040929127161 1.55734382465057
0.400105732644571 1.59617581665389
0.402028340093208 1.57182059252725
0.395771647895524 1.6484118460626
0.401521258383291 1.5766455540685
0.402672196186936 1.56625441279469
0.404621443397023 1.5389360867
0.399876678585123 1.60278886316993
0.395362326471262 1.65880459000166
0.400360211596147 1.59270858959509
0.401267390674759 1.57563545117123
0.400325658729944 1.59538806473629
0.403220525653508 1.55343535625889
0.400176328403563 1.59904488072361
0.39764917651443 1.62831462530028
0.40560758621292 1.52271713130525
0.404714116725005 1.53882688464757
0.393059890763095 1.68888708767926
0.397022559025248 1.63745848666057
0.399099070133598 1.60472652589604
0.399949365485484 1.59554168092739
0.407059778640707 1.50898032516227
0.403728411577786 1.55263839068999
0.398057986205478 1.62085746707542
0.398420149375031 1.6147414358191
0.402293631270974 1.5689064575199
0.400252254673965 1.59136878390458
0.402306961908959 1.56660404672957
0.401280992190862 1.58284374783401
0.402449257746482 1.56641320762969
0.3992147351052 1.61001071153128
0.403076218137814 1.5534313808831
0.401125014596195 1.58206810040793
0.398352838421977 1.61746819158896
0.402877971197249 1.5648868673832
0.398557896056253 1.6153130659356
0.398380989859598 1.61830442716933
0.393946511867812 1.67144760722995
0.400132162005159 1.59375099254572
0.400807501774581 1.58530831412865
0.399721530761171 1.59910929534228
0.401928009454938 1.57090969591335
0.402487384062903 1.56765028402252
0.398607471564537 1.61328055127944
0.403746586620519 1.54609090906377
0.402352511634416 1.56620051490885
0.400785074476777 1.590750742125
0.400036177096157 1.5960424651603
0.400042185934159 1.59140319728279
0.396275334911827 1.64254722471103
0.401245620195725 1.58116698355656
0.399527053926975 1.6063131335747
0.398879132647294 1.60887042348411
0.403635534654503 1.55122288416168
0.399406541388681 1.60574576724119
0.40160086139543 1.57826372903389
0.399986032394988 1.59656852027016
0.401053212038067 1.58683329592307
0.402594102872081 1.56583440465475
0.400920083494671 1.58549806480557
0.399788948075923 1.60315139177215
0.396468812962361 1.64354882268742
0.396900086947227 1.6386738448047
0.404597633139679 1.53730461130446
0.39637828452189 1.64548647428651
0.398074567208578 1.62120282278481
0.397685944526277 1.62835535850603
0.405660290800393 1.52354747042177
0.40465521255724 1.53836066683284
0.401005444195074 1.58231378109678
0.399995109108319 1.59480306904272
0.400158342956622 1.59467182820221
0.401799196019851 1.57034794234853
0.404334094622626 1.5445828203945
0.400597029577836 1.5905275324137
0.395800509894718 1.653327297084
0.402328089484436 1.56714054758782
0.399422544280095 1.6077410505579
0.401135007416665 1.58104534228394
0.402314631246085 1.56551650924317
0.399559709822566 1.60106944985822
0.398314453952393 1.61917888137173
0.399305987784146 1.60710706991383
0.403390828939233 1.55506632394478
0.403415521847142 1.55481685908603
0.39809340556217 1.62037843081063
0.399442974651421 1.60900696452319
0.407418628336847 1.50268378949226
0.399609496319352 1.60472660268107
0.399203998830965 1.60556974885428
0.404319158861673 1.53993215185079
0.397567347202185 1.6277080681192
0.397825313901681 1.62596172742598
0.407551394266389 1.4981058089975
0.399951931658484 1.59505848837543
0.403132090741883 1.55786801862512
0.399875010935873 1.59788731638733
0.403542891747992 1.55182003650818
0.398631885378245 1.61221570524221
0.403181562727811 1.55642595196196
0.402759132063263 1.55959809087919
0.398652714290332 1.61552683320075
0.401266776748036 1.57944156393179
0.400016486204778 1.59387256195514
0.401743085781296 1.57593728297594
0.40052054295816 1.59319697676288
0.397548878353357 1.6309741863795
0.402609282554852 1.56095426803912
0.404310864734315 1.54026537486898
0.402440397652217 1.5693648134466
0.402548622786302 1.56333690485216
0.404021449929139 1.54407538436658
0.402952418491548 1.55558945394997
0.397948405717674 1.62553096478064
0.404155605465754 1.54328632397862
0.398853591924228 1.61012312261772
0.404853304654714 1.54017934170169
0.404088621304819 1.55086476622765
0.400040553149882 1.59800389414344
0.400356484425537 1.59412300549139
0.400424909386535 1.59371645781506
0.402434093155678 1.56319465879994
0.397554204464881 1.62818465128852
0.402361733535781 1.56482515375967
0.398345061314606 1.62201251671439
0.397540591776922 1.62454276440469
0.400841808141986 1.58874427035217
0.39955333947893 1.60486693383347
0.399766237415085 1.60270731765376
0.399585328992206 1.6013047265529
0.401331630625493 1.57682092302911
0.400187451533744 1.59654448185103
0.400431187292699 1.59676976670161
0.399737941170928 1.60188516822594
0.401185445528589 1.58092200157736
0.396587194996824 1.64002306979961
0.403328468762083 1.55174881212452
0.404163842879079 1.54117602142703
0.405703292369308 1.5233176656815
0.399685883451302 1.5987858371
0.402057284468727 1.57068138938972
0.399928513730269 1.59986127783178
0.403440713048481 1.55497903138716
0.400051149445498 1.59962792670616
0.398829352688962 1.61092921793869
0.397603871346492 1.62601123651651
0.399903245562325 1.5981934859948
0.405028135619705 1.53074367989316
0.397970532093545 1.62211565202435
0.400891153893219 1.58560821666656
0.399047445338854 1.60247483146532
0.400618620656551 1.58856692359147
0.398402784058422 1.6176294830907
0.393668578566637 1.68130331402733
0.399091161941794 1.60810520481449
0.404194258158593 1.54642393635617
0.402796695095934 1.55925792934447
0.399120193888017 1.60279997917434
0.400439864134559 1.58977054974569
0.401328520584001 1.57833426024522
0.399610549786677 1.60167525025179
0.404637629512488 1.53975696078402
0.402617573280678 1.56503919567965
0.402811050785379 1.55925949973913
0.403705464312599 1.54965540043677
0.401694864004373 1.57897910742506
0.405710559685308 1.52384534381973
0.400626952804955 1.58899193876474
0.400183362828622 1.59797788719858
0.400060775314034 1.59580521915954
0.400058065214799 1.59558995903623
0.401921092301481 1.57032087094713
0.405168985205127 1.5289322200694
0.40269828420766 1.56117033503829
0.404441028339873 1.54185351111046
0.400095829355165 1.59597105664681
0.403013569042507 1.55643006053875
0.396046419040735 1.65103265428151
0.400894724953458 1.59053340710351
0.40443089823262 1.54038070287522
0.39505983191189 1.6607362362401
0.396749475185795 1.64038579239231
0.400847843604199 1.58762501601202
0.395028862984231 1.65864592958286
0.398577219173336 1.61587565306572
0.397753950876061 1.62966174814906
0.40779627293158 1.49578390062969
0.397014695988623 1.63331659211809
0.402448060217332 1.56245150649756
0.39893453260042 1.61127038391293
0.395544984826098 1.65376430691072
0.398308291967668 1.61888803512846
0.401303510153267 1.58154774830533
0.398156021999478 1.61997020543425
0.402619188241721 1.55789024984117
0.401141375539575 1.57799645526907
0.399441246222263 1.60411239496087
0.402330724023416 1.56669838173926
0.396580729958736 1.63941379232935
0.39851145814669 1.61223956628832
0.398429834313985 1.61867501317914
0.39875074377081 1.61224059454369
0.400317571371954 1.59349182607641
0.396439887340404 1.64384136356958
0.402785104944199 1.562126716082
0.401729902115704 1.57099112434692
0.394814033228681 1.6628716491967
0.399184014783975 1.6075244811309
0.402307231087375 1.56777092490429
0.404475585371854 1.53680016919123
0.401609357228992 1.57626708442776
0.400635680223264 1.58707595183489
0.400783305681601 1.58534272925556
0.399889400920481 1.60106947578169
0.39883301973433 1.61319871127587
0.404626424657738 1.53810987022987
0.39825788014409 1.61757574259437
0.398004311801727 1.61733917767424
0.398578623380338 1.61205281864622
0.402012544735168 1.57003050603482
0.403866652948875 1.5462378619253
0.404278028765345 1.54122744369388
0.395589012233351 1.65128668637241
0.397703663575352 1.62624042237575
0.402156803758252 1.56530540430332
0.403489991077435 1.5509297336281
0.402499216376558 1.56424806884968
0.401715707993645 1.57702434963718
0.40477271539468 1.53553019601301
0.397656471443722 1.62718840176584
0.402124828010586 1.56850406036392
0.401025115951721 1.58501787863046
0.402329477783566 1.56738197736013
0.401712838450473 1.5766959571852
0.400507870091071 1.59153307365923
0.403668664986476 1.5482635344897
0.401451598150909 1.57691310314086
0.405112101822445 1.52761272984548
0.402729173350233 1.56270421511479
0.393159336360019 1.68697525366491
0.401139293965624 1.58083539572219
0.399244656285041 1.60790996358284
0.401270043107489 1.57587165850037
0.400106638630648 1.59449776531695
0.4010520477382 1.58263222724544
0.39874193375095 1.60788134327072
0.399366152070102 1.59965040966563
0.402580689855631 1.5648186296128
0.405950670344363 1.52385097124221
0.401292347580866 1.57973259430959
0.404222008299135 1.53985728082335
0.403060122973007 1.5574874513974
0.404890420517806 1.53203890998789
0.400410982875131 1.59080649521971
0.399386703437676 1.60466083487463
0.406210205207034 1.5195687765688
0.399334895848981 1.603549138094
0.404245837026579 1.54289380955088
0.403908736430714 1.54486273769732
0.401549161176909 1.57557235952527
0.398377499994776 1.61876998576799
0.401639137010075 1.57320030386767
0.398948722418968 1.61019785173243
0.402617424125946 1.56393714462069
0.403346683334862 1.55305732622797
0.402010851177751 1.57060601078718
0.405538746892721 1.52473794546728
0.404693493847121 1.53774251158617
0.399343733051967 1.60488499478126
0.393805791050934 1.67562697217898
0.402598788882649 1.56224034957024
0.398047231330694 1.6267554952364
0.400781435610405 1.58764329556446
0.403658064012831 1.54972999846644
0.398671950590629 1.61170277361017
0.399412781661949 1.60737224750764
0.403309994681763 1.5560116659559
0.399245155966002 1.60855064136467
0.400830458116772 1.58633760013647
0.399550522909865 1.59956742530106
0.39976940681381 1.6030193633597
0.400664101073382 1.58923303836888
0.399806401365973 1.59550468029973
0.399443543107645 1.60906660259453
0.402758927755507 1.56244841011985
0.399416299723097 1.60500019730476
0.402364010524291 1.56479512676096
0.3970723054315 1.63678402700832
0.403197826739385 1.55410960591901
0.400605807550309 1.59185249139957
0.402432645734835 1.56568031147561
0.401372998473333 1.57760095919472
0.398726710114629 1.61703537465249
0.399262483408283 1.60111948789827
0.399116899870304 1.61083414553817
0.403049649702013 1.5596722562054
0.40075891329541 1.58543873643093
0.404328790835986 1.5447877261963
0.402142875613125 1.569632658244
0.399645585493453 1.60342682691747
0.396678922237105 1.6373262653064
0.403108356707301 1.55693601099522
0.404749812800294 1.53676314465417
0.403474040133427 1.54857448637535
0.401777575469087 1.57822885568149
0.404052313826835 1.54508299143585
0.397897609870661 1.62398522824766
0.402739104616607 1.56463431194118
0.402846059003675 1.55986161612492
0.398634578310613 1.61324823005449
0.398435171792348 1.61782826807921
0.397162066680191 1.63580677188842
0.402877324095562 1.55838626519743
0.39816982997556 1.61981631423735
0.402534436166355 1.56464560133579
0.397402709088874 1.63217265908702
0.402120451531446 1.56975844820542
0.401651238560009 1.57588526658339
0.403353321342322 1.55332275031137
0.402270896660113 1.56475002506626
0.402512465510333 1.56685967104894
0.403232539082361 1.55662031900113
0.398653721993631 1.61499987265846
0.401799688415364 1.57189516264773
0.396933353771266 1.63861377858291
0.39994393067972 1.60016136568032
0.396135263002965 1.65301796260563
0.398650034178797 1.61577336719682
0.400953355855416 1.58182589266387
0.403970596175807 1.54658378782082
0.403091557626262 1.55576128283484
0.398001177286575 1.62110281515807
0.404380448060735 1.53962328884556
0.404212520807622 1.54497951952807
0.40038484443258 1.59391013693842
0.401745519640034 1.5740464658852
0.400403762079748 1.59150380068145
0.40209777943241 1.56915034777244
0.398150562678599 1.62104657760427
0.398002791463705 1.6224596497714
0.397179795738574 1.63227332653002
0.40085926035081 1.58593996025965
0.401240434636092 1.57996833847259
0.398605116700913 1.61490284855982
0.400197937958358 1.59695926223117
0.401439257932015 1.57534137946133
0.402937568801406 1.55722200088698
0.399579687780187 1.60503302124855
0.400940085987734 1.58452439159327
0.401252618800632 1.58144632076941
0.401269028467323 1.58297027453927
0.399043733003477 1.60809427903923
0.398814861701118 1.6123897928083
0.402126514044667 1.56899418827295
0.406759863040128 1.50939263257994
0.402172395688954 1.56777100589092
0.397615140646413 1.62312194602136
0.406347106500999 1.510615252595
0.400759868407789 1.58860701441741
0.396794315112578 1.64029893162213
0.398152408162641 1.61744170330802
0.398970010884761 1.61262601995092
0.398805295234279 1.61394687639465
0.399193380577766 1.60687279359553
0.401789690668495 1.57218983247234
0.401805240228207 1.57301038816213
0.403047076747237 1.55779943844476
0.403236463447021 1.5526213744339
0.400695926599924 1.58601822027756
0.398942650356635 1.6101376509743
0.402493829808341 1.55984739314581
0.39463240190027 1.66291298227916
0.399672556990374 1.60254419702878
0.399002711218637 1.60773901391397
0.399035797381908 1.6088700016077
0.401558309396957 1.57964372850506
0.401703267260758 1.57728764433271
0.398194979241422 1.61705288717182
0.405283470768152 1.52913239460057
0.402135995041342 1.56774186080113
0.399988514452633 1.59151574544562
0.399417367073593 1.60368721200889
0.402064236963209 1.57087735913719
0.396951019615448 1.63485725411752
0.397457081344207 1.62747640671259
0.397568375544223 1.62300581359667
0.401362093126829 1.57839767867297
0.394738455318615 1.66376090954694
0.398335874203066 1.61536885895947
0.399816741407784 1.59599300170862
0.40305875943692 1.55608485304857
0.405899551853813 1.52323319327616
0.399876757260669 1.59859579327051
0.400132061959795 1.59271447557016
0.400612014391651 1.59282153915702
0.403608201074587 1.55372355930798
0.398894209285628 1.61095004857819
0.397170924854229 1.63404989878027
0.401177499459493 1.58477930685931
0.399085189721848 1.60438251623883
0.399897940269957 1.60071245017131
0.400613930559327 1.59049279626145
0.399781022719014 1.59675263494798
0.396938231524261 1.63551886749914
0.400267150850489 1.59310805278833
0.400637956411375 1.58802677805551
0.401939898934068 1.5706218217275
0.401225435204636 1.57849100172459
0.400647141668319 1.58767671448424
0.403031640693222 1.56093506025538
0.402845977604547 1.55982558127486
0.398179567306674 1.61673845150664
0.395366824728028 1.65398416187547
0.402037409837796 1.57329703210669
0.402157561146275 1.5729747825619
0.397825307152636 1.62075624673058
0.400074600875658 1.59226869065402
0.401239343434312 1.58231488080715
0.402839293338672 1.5563225021505
0.401265398785338 1.58355541173694
0.402848799370735 1.55684806217075
0.400709333969746 1.58977653921352
0.399406400236596 1.60470251354317
0.399518298863928 1.60077003421898
0.40069128307895 1.58924137639804
0.404365192497993 1.54100236044299
0.402991299613835 1.55864023922025
0.401833629365636 1.57194138156825
0.401927919426134 1.57247770900275
0.400506759081275 1.59222298135172
0.402003670600595 1.57210295534686
0.396533555230095 1.64125412204714
0.404717734570876 1.53949701026781
0.397288048890826 1.63637291640345
0.400103322013643 1.59280324494212
0.403930607034249 1.54682821582442
0.399651154125521 1.60122122237106
0.399181153695897 1.60659669469752
0.399069277038554 1.61047303520798
0.400352578655568 1.59186975282653
0.398170960143139 1.62478332377502
0.402204581638387 1.56759369873649
0.401794385206952 1.57219682670508
0.403435342373954 1.55506143813229
0.396458822017994 1.64203780150801
0.397934245890717 1.62534505726304
0.40067835276557 1.58606382886757
0.400551040891134 1.59133115280834
0.400096874332265 1.5959369593873
0.396121614248681 1.64506222303564
0.403095599287159 1.5547468424983
0.401760614948637 1.57530522962916
0.397954685504328 1.61856647615057
0.402141232821372 1.56538618660667
0.395162557156042 1.65829962637347
0.402006024950028 1.57001892611087
0.402830820161777 1.56151141339116
0.40376615874721 1.54944086670267
0.398651626587491 1.61343390416892
0.400781833376355 1.5872043041765
0.402170238445396 1.56874333525032
0.400105855828562 1.59260355758741
0.402033069945671 1.57276193729593
0.398214462750348 1.62357529971557
0.398829236071982 1.61381592403058
0.402141502251636 1.56857074477088
0.401309949431313 1.58037952631716
0.400739260274988 1.58587983015618
0.398401347292796 1.62016844694806
0.39928368951443 1.60962873252651
0.402213300874899 1.56630316597324
0.401541555971255 1.57666128584627
0.40427969829332 1.54549643670044
0.397231489862958 1.63207008508994
0.403330190063089 1.5578971952351
0.399418385018241 1.60462438893933
0.402914801615945 1.56126759352456
0.40441214618399 1.54155140077667
0.402937492433378 1.55699048966946
0.403760059293057 1.54427091556641
0.397809185788 1.62293707772721
0.399555657145568 1.60504195607712
0.399192959697312 1.60640644173739
0.400357668886059 1.59036793116758
0.398555683830683 1.61706477533749
0.4011984186924 1.58190100945564
0.399445358221033 1.6051696452849
0.401894810906994 1.57073485846646
0.40090984084644 1.58680458262693
0.399140621781403 1.60559988854395
0.399492184026192 1.60125761732468
0.400313734170503 1.59060783809173
0.403885433733292 1.54673210746967
0.402190838017631 1.56934047564241
0.402155489465518 1.57105817656208
0.400880179067267 1.5817691329801
0.400203274916919 1.59430933264241
0.399204309614042 1.61039898656137
0.397388840074441 1.62959574729328
0.402012998019138 1.57398103863297
0.399894283329242 1.60001850614262
0.401282050658323 1.57987790577361
0.401484739806141 1.57692154866009
0.399928876291715 1.59932500162825
0.400549269451778 1.59187349652574
0.399335989179693 1.60478037783285
0.404716510071589 1.53398972789542
0.402909102299328 1.55827244503274
0.400228048569031 1.58922609635215
0.400071735475821 1.59879996428384
0.400434613679387 1.5917135594707
0.40127546653481 1.58233117355644
0.399982076305039 1.60068361662619
0.399405907985646 1.60711300521179
0.397926139568806 1.62542388323918
0.397650116794665 1.63169564664771
0.400107901356577 1.59601633684206
0.398961919594391 1.60900205883445
0.401650924749869 1.57718883490273
0.401370080817987 1.5806216336469
0.399755872085599 1.59688240152296
0.400293238821916 1.59506774401714
0.402311498250549 1.56766886432799
0.400732341772078 1.58853148481947
0.402247033751219 1.56775098833388
0.399344732321845 1.60717915491605
0.400744509327413 1.58685896614526
0.398718242907631 1.61400088362298
0.399870479522779 1.59994839760055
0.399726794705123 1.59868169258559
0.401174301474987 1.57952347086684
0.405411591730429 1.52732278033506
0.396654453050319 1.63924357678708
0.400424693429894 1.59093660676136
0.397692203720605 1.62891885273856
0.398877848939871 1.60755733890707
0.399662383975391 1.59916567574769
0.399765056287439 1.60224097669891
0.401919147863488 1.57230515114671
0.400125587770084 1.594265822046
0.40312777804516 1.55413889499234
0.402143787270304 1.56809067062001
0.401996962122604 1.56968636957243
0.400650485115317 1.58730206615623
0.400784304353387 1.584060980217
0.399619959331272 1.60614617745714
0.402393965186186 1.56802664999591
0.400553465988082 1.58535269468896
0.398761285462075 1.61521261292638
0.400727365705059 1.58908972705722
0.403116607596159 1.55576242445618
0.401252135729552 1.57880008815587
0.408059288838871 1.49171663949685
0.400064803505847 1.59461595910534
0.402472609844487 1.5657025358432
0.399473176387318 1.60485324140126
0.397974168146953 1.62340126491827
0.399859678717913 1.60017680461854
0.40481159819411 1.53386837328063
0.398296786630939 1.61581326146915
0.399568081554229 1.60577420643949
0.402758977978647 1.56150741480626
0.400699442740499 1.58881559925761
0.40160507099652 1.57656989399376
0.40316677388592 1.55322699489574
0.397877518070068 1.62539079979466
0.398005706272668 1.62164968659518
0.401433920822275 1.58109127379338
0.402638975243344 1.56033422342591
0.39683966671089 1.6368301015246
0.402091377336908 1.57079835905149
0.394609347573624 1.66756694790926
0.39787579014245 1.63036416685199
0.398998691779598 1.61062855744534
0.401301855198418 1.57955932961683
0.396843568181854 1.63781352097667
0.402493946819901 1.56574506484645
0.397194285869375 1.63017365033784
0.402098349238665 1.56744302123188
0.401428164904272 1.58055264430813
0.397361358380925 1.62924014030451
0.401141186433014 1.58608307628953
0.404491516736481 1.54241039597605
0.399428854640003 1.60461448319751
0.401580323076535 1.57790912873874
0.402267512065791 1.56808975431375
0.393597671771388 1.67985459041045
0.397579956984875 1.62906563089997
0.398993968810703 1.61091695040998
0.403169370753593 1.55442117962243
0.406450356946205 1.51121920649275
0.40103858344302 1.57997818314907
0.400928206900508 1.58469353166392
0.400184090494466 1.59272387574056
0.400653978522411 1.58736561389289
0.402473016156626 1.5646941459044
0.404822376138073 1.53396223423719
0.401683041568435 1.58073170087075
0.400943286912742 1.58400493517682
0.399495703962907 1.60164846982233
0.405941904351766 1.52332045766368
0.398152976248914 1.62278882931967
0.399075281915647 1.60875309493106
0.400152602838407 1.5936016383118
0.403175092330752 1.55251193616829
0.402420975622999 1.56656640253734
0.402080932339434 1.5750312511002
0.402239233791232 1.57284239195865
0.399564246602994 1.60172374064481
0.399154639472555 1.60764798406062
0.402133874533347 1.57010951981747
0.397595283638279 1.62938016507623
0.3988506859201 1.61331591936637
0.396686631269122 1.63755682755158
0.405159839607388 1.52798621131171
0.404846678755627 1.5340217645007
0.402208805134054 1.559325817374
0.399913033848152 1.59405597424951
0.39962980144066 1.60021470315176
0.395804606817155 1.65336243283099
0.40148687865243 1.57672420552153
0.403223831330322 1.55227417333309
0.403276322891055 1.55837891098516
0.40474603249543 1.53930441061937
0.403671886775021 1.55087156582867
0.401333933642188 1.57820876503368
0.404771715370407 1.53425542754505
0.401064363106189 1.57982063505804
0.40187263231341 1.57798747217057
0.401646389964511 1.57707965502342
0.401134500367451 1.58141588198383
0.399856403768056 1.60070851923902
0.399985244420724 1.59492397150253
0.395826783769799 1.64886034682125
0.40516234094725 1.53258636325365
0.403732781427717 1.55366466087207
0.40066919620688 1.58574925294318
0.400044326441869 1.59457719679008
0.395102880781577 1.66239163550778
0.400380250744062 1.5923257239825
0.400248990946221 1.59675456925538
0.404098803083772 1.54365163096137
0.397814350240767 1.62733208757082
0.401168350615526 1.58211172810046
0.400726267257158 1.58407036298534
0.399128025187551 1.60398999121825
0.403192008707305 1.55438349540149
0.407080173218553 1.50169660002894
0.398832413942515 1.61347213613202
0.40030793145255 1.59267502072359
0.400071487488269 1.59426761629971
0.400013201702639 1.59691944714959
0.40186010389639 1.57502039630107
0.405327363571576 1.52972243436188
0.400261590063857 1.59510623689048
0.405512698169016 1.52599899006303
0.399177106479813 1.6083003911177
0.398675834111095 1.6153943955693
0.404072059792512 1.54338467990665
0.395888201453866 1.65358646120889
0.40440931737231 1.54281226815494
0.400085659362574 1.59830590728419
0.400851354137509 1.58531703059576
0.399978526093145 1.59256811206015
0.401944368997856 1.57048771888416
0.401926602953125 1.57321436736023
0.401199492074047 1.58245872255741
0.404212938206 1.54500150288297
0.397751278494578 1.62579597127079
0.40115488330261 1.57967901538755
0.402620327524203 1.56540299829907
0.402013502548315 1.5679975577226
0.397420626828887 1.63209850643107
0.405564451990674 1.52302219166055
0.398663649201146 1.61531419490657
0.399494372246678 1.60478360910093
0.399701955692352 1.59760118951669
0.399430945098136 1.60256136049616
0.403120292254204 1.55608152927497
0.399936346080125 1.59495594409396
0.401924113566986 1.57283747719626
0.39938389821071 1.605613104525
0.404714736078522 1.53871498971324
0.399818859919906 1.59824424122515
0.400725909611928 1.58829087155984
0.400089342120442 1.59383813628638
0.398654840991994 1.61261294115774
0.404761273520984 1.53453324484254
0.399578043050768 1.60787091922531
0.397330663356947 1.63121942409734
0.402949934120686 1.56229759455049
0.401031481191339 1.58674257640059
0.399564149903897 1.60234276065244
0.403795080237461 1.54814188610656
0.40260166553879 1.56647721454292
0.399571773395027 1.60356579404667
0.396405408417426 1.63954646762197
0.401340455290213 1.57492954036697
0.399597034360576 1.5999857641943
0.406535952856357 1.51245008125356
0.399789079952207 1.59916550724062
0.400253779413026 1.59631706177259
0.39739644816051 1.6314166539139
0.405614801765019 1.52174854338503
0.402639934254513 1.56232069075715
0.40087953198146 1.5871940794464
0.399404928977486 1.60455025941421
0.404740861250904 1.53641148180423
0.396157186863271 1.64631600744171
0.400449414632064 1.58942542461904
0.399551081139507 1.59827775749405
0.399759585804594 1.60135772775272
0.398087759221808 1.62113508966184
0.39950570332357 1.59911763319481
0.402071673090902 1.56960527614836
0.396117247968061 1.6512886859688
0.403751551718125 1.5508071433549
0.401878468810204 1.56787216907111
0.398791513218486 1.6128323295113
0.402389789888273 1.56829261949586
0.396224275408586 1.6459169953749
0.401073152205414 1.5814048700685
0.40161427720072 1.57855244935418
0.399808854531009 1.6010566557577
0.402164828888796 1.57004153663021
0.398521775057941 1.61724009777541
0.399460918786002 1.60667972279675
0.400722609132488 1.5865075147093
0.402260501452468 1.56488790910433
0.403061577479611 1.5577801477751
0.400676696195683 1.58910594262194
0.395593741465501 1.65571628450414
0.402744924338904 1.55997506822693
0.398686405443929 1.61465716187685
0.401083327766714 1.5848141128844
0.398609959606075 1.61735238157311
0.404584150227327 1.5387126586046
0.398388052270207 1.61838600574533
0.405693762541379 1.52549016588854
0.400155986054684 1.59278074592273
0.393429722712121 1.68215557983572
0.400081642871574 1.59506621229874
0.402939967282748 1.55904953373823
0.401024442483137 1.58206467734384
0.399654728056542 1.59892073225291
0.398964399255758 1.60804000489271
0.400412468513998 1.59301180239786
0.401247727022399 1.58197657309342
0.397513125530456 1.62723873568027
0.398105073292247 1.62212091398546
0.40049216024565 1.59368404782614
0.399891247870614 1.59636333680021
0.398625177562554 1.61759341120326
0.401239598205608 1.58048126108125
0.399342617904185 1.60831007301385
0.403034756595316 1.5599305798512
0.40305421508965 1.56058117774772
0.400242162542973 1.59538709590516
0.402114489873682 1.56915630438494
0.405360168014704 1.52204190649014
0.396417131251074 1.64183003211225
0.40377646294153 1.55145898037719
0.403057066650348 1.55373489130585
0.403012085330733 1.55881376481684
0.397837421351989 1.6256682191315
0.406573549397613 1.51003186733411
0.408746613685007 1.48478219785963
0.395463778088499 1.6535895622488
0.401740158792548 1.57404068297474
0.400977443108439 1.58539029112466
0.397007334981543 1.63531836710941
0.394552707445568 1.66760195313982
0.404870800418941 1.53694358230631
0.403060036258971 1.55796100006762
0.400067139242337 1.59725099477392
0.405011940858992 1.5310286357346
0.401181336534152 1.58171752358437
0.399535207722454 1.60097838850305
0.400907869551358 1.58369886668699
0.403265879474011 1.5502539019894
0.396926892866263 1.63670767910466
0.403696576295478 1.5523467857804
0.403015866452266 1.56041464649845
0.400447954116994 1.58895544665998
0.396853201495383 1.6377212233655
0.403147406268635 1.55383626992502
0.401257448777355 1.57878869639694
0.399011135908494 1.6116541205522
0.398580943448071 1.61560480484025
0.398161004132487 1.62531361410765
0.399360850647623 1.60738207497269
0.403355558887079 1.55462641567426
0.404644734935951 1.53583406913372
0.404929717734434 1.53264451814841
0.400989386743934 1.58927484894003
0.397590414104206 1.62733440082913
0.400252678026717 1.59205928060477
0.398566833785397 1.6186329964288
0.401078296985107 1.58204788140533
0.403306379707268 1.55417389774577
0.401071055864286 1.58157154751511
0.402824965453805 1.56252310269088
0.408128862678518 1.4926968089693
0.403503807158929 1.55131259093911
0.402259995994681 1.56655278591154
0.399044425881596 1.60782295544231
0.401893644047454 1.57551964451445
0.399533940056613 1.60035401414389
0.40202658449016 1.56680018361376
0.395445764222982 1.65608015768459
0.400790960546187 1.58757368251346
0.400474560939391 1.59480896316593
0.401935960099294 1.56916186989571
0.397857241282325 1.62417676730025
0.401148829462476 1.58415494284762
0.401670816918969 1.57611347949134
0.403335003528102 1.55481286686691
0.397962181310173 1.62276130650767
0.396773475266216 1.63879234226406
0.402746614525793 1.55959294390136
0.39759651448895 1.6274376542343
0.394977656771084 1.66380129617724
0.395811330183707 1.65124347679138
0.399708529531936 1.59835005464662
0.403378249391913 1.55339629507239
0.402421815125378 1.56228203200118
0.398513687239243 1.61712299787646
0.404546145208242 1.54132326099345
0.398286699194541 1.61832087757042
0.401646403326888 1.5762734155381
0.403860426451125 1.55125741285594
0.404703228787263 1.5331058580282
0.405072406820425 1.52719475124709
0.400823723776111 1.58499095542524
0.39474186202378 1.66327537995348
0.397827254816364 1.62198672226809
0.402130323024711 1.56885402292563
0.400858372119771 1.58929340884291
0.398212525045809 1.61963266747662
0.401537910656348 1.57875554367472
0.402666084295389 1.56377833695457
0.399016320519079 1.60925409439346
0.404588140248144 1.53953718705212
0.40028202863342 1.59085216369544
0.395506172738125 1.65441152817037
0.394710268892875 1.66213112907017
0.39860048990522 1.61645917902116
0.404011774987503 1.54695591118298
0.40069549891739 1.58428317957955
0.400745602351036 1.59044471389522
0.398634160218264 1.61439003781753
0.400675274571171 1.5884257769657
0.399880562209778 1.60206191981472
0.407559407917621 1.49773153202902
0.401180321923386 1.57915885289583
0.404073795692622 1.5462830410062
0.402322670663091 1.56694045296589
0.403515051388903 1.55229841909347
0.406723722939966 1.51109604332039
0.402957685841125 1.5610117046863
0.400397758035026 1.58873479753305
0.398294030613039 1.62040502869285
0.39823448382025 1.62051927431167
0.401790908257271 1.57251301899805
0.39706908614297 1.63639448982051
0.405731343754317 1.52271370284698
0.40059471797174 1.59310138928907
0.400408160154675 1.58658401309167
0.394410383625849 1.66643928999032
0.402479521566718 1.56519735134506
0.400660816280332 1.58727976611067
0.401488641897392 1.57466546717224
0.397241118850235 1.63201238759342
0.403411540398635 1.55365224122665
0.402544014988803 1.5634483215364
0.403175562459009 1.55493216906296
0.398480972884935 1.61671999647528
0.40278028748486 1.56041732847403
0.40224856877691 1.56980874420793
0.398087405404689 1.62571177304377
0.402038581806414 1.57001112014173
0.397942219330113 1.62670436556571
0.405749348813909 1.52522808968502
0.401632178586461 1.57408136007263
0.401793131351537 1.57087930685949
0.403461919366196 1.55054827349771
0.401733654345629 1.57786539755692
0.40363579975509 1.54996885849855
0.398712589986573 1.61163460944071
0.404639575792481 1.53082024303248
0.40183986800201 1.571378644986
0.398864851600401 1.61445305887947
0.39733248160369 1.63181489021661
0.397431680880359 1.62785430971607
0.401914482122276 1.56912241632045
0.400049447317764 1.5957405931468
0.401287471011883 1.58037200934326
0.396528655743437 1.64435964774423
0.404865678931035 1.53267137480502
0.401001734564148 1.58453411288333
0.401825176655219 1.57110794245856
0.400299352100234 1.59270510421637
0.399466994750335 1.60593462466511
0.398790249139701 1.61097505691705
0.399296337476486 1.60613906133051
0.399904613533552 1.60398258420189
0.399194723705439 1.60876236175063
0.398523790597187 1.61789795588432
0.39994311842773 1.59606444194263
0.40398412756805 1.5470611147952
0.39849526350011 1.61793083015338
0.397825025460318 1.62521950758149
0.401485979812774 1.57334371375924
0.395385904273774 1.65326852070766
0.39571673627444 1.6531013354878
0.395508940057215 1.6518373229941
0.398361693863455 1.62068499528737
0.402305272895086 1.56699781471184
0.402743064914433 1.56352182054666
0.400778151238862 1.58583700933057
0.396913243914694 1.63489296745636
0.40068789267624 1.58722839979637
0.399192326997834 1.60695703084497
0.400953718909658 1.58126749148658
0.402819560511566 1.55938898690567
0.403951191554767 1.5479483685858
0.396889836427178 1.63637356718724
0.398618652936833 1.61616716458198
0.403772956810143 1.54773211057044
0.399712446214498 1.60631280133513
0.404309100993211 1.53877199897165
0.401119741831912 1.58064953803146
0.402625533989783 1.56270392012335
0.399604017593565 1.60520531936735
0.398706584572552 1.61885467696252
0.402874003112463 1.56213475891927
0.39642789351959 1.64419234519119
0.404480808210601 1.54043174326355
0.393193251327416 1.68571227173233
0.405197966614443 1.52821641721161
0.396044504183664 1.64840327430019
0.402355285885701 1.56085865644366
0.401349725155445 1.58056503008918
0.401701086747766 1.57543399334303
0.399253776260327 1.61087916793455
0.401861177698641 1.57255558216804
0.401086012066966 1.58472190378222
0.40410384308187 1.53901329318919
0.396280560432059 1.64591708831746
0.407153213386893 1.50489544316046
0.398597190721451 1.6139185109601
0.397827988781051 1.62773667932364
0.399269656976657 1.60477830347361
0.40130176927499 1.58024957795435
0.400399636947395 1.5881392799617
0.401019765223071 1.58661382828117
0.402016302477666 1.57032987167422
0.402240538524963 1.57067723654611
0.402147955771334 1.57195634298788
0.400156473358252 1.59352657063855
0.400645773271498 1.58594335255514
0.402580114352211 1.56364107525375
0.399420306098145 1.60032974599781
0.396680755842736 1.64197164071772
0.40196822534792 1.57252891199141
0.401563314646945 1.5823468672224
0.399809318269898 1.59930622656338
0.401650668141105 1.57790732625757
0.403130143327544 1.55664640373514
0.399626787056089 1.60176481118707
0.398306776593953 1.61566762125464
0.395984774791477 1.651712694468
0.398922235411291 1.60593625705829
0.3983778506515 1.61749241982648
0.398556314668652 1.61476281778679
0.396507399591373 1.64164270349942
0.401164634276152 1.58257161605308
0.397793048349769 1.62235044406298
0.402512829779537 1.56411990037159
0.405008561033452 1.52998210847538
0.405223472564136 1.52957014867856
0.40240118828416 1.56438779395519
0.400738122161363 1.5869856416808
0.403764440120204 1.54836583981806
0.396634705650576 1.64410470472509
0.398626300436143 1.61465593934292
0.400286472445649 1.58772261476621
0.40024530488397 1.59462948814548
0.405743839457428 1.52378717583314
0.403923874923531 1.54663011387455
0.398417514413469 1.61810199234609
0.399052017136661 1.60856274345409
0.400246023979916 1.59346432632452
0.402104460543037 1.56909174538956
0.40076180667216 1.5903288387165
0.400297323398019 1.5940696438447
0.399889205543017 1.59935716111748
0.403576795167181 1.55252546792065
0.400695219478277 1.5906757438344
0.400544008106792 1.59030406677973
0.40193141982885 1.57329114953825
0.404121137495481 1.54155725947243
0.397382067669564 1.62888218108043
0.400853275103128 1.58344768726263
0.400041872983156 1.5977729463777
0.395552416486858 1.65309926239694
0.399610278158824 1.60070974005036
0.398080603612015 1.62083269597947
0.402438694441663 1.56351714830592
0.400687027756377 1.58653262885459
0.397503488828281 1.62925123056395
0.402766768129307 1.56153842948978
0.404863444845727 1.53437282605585
0.404495620258112 1.53916663494396
0.398498326277444 1.61369234242312
0.397081288485204 1.62915070723591
0.403023616674438 1.55937311218561
0.396371946116953 1.64303242552104
0.399722462659293 1.59978667831235
0.40002555736167 1.59874646342478
0.399933325605001 1.59649458457091
0.39846499846805 1.61863093099747
0.396527430084679 1.64395058720807
0.398806337203536 1.61362679159945
0.399869120010443 1.60095596837211
0.398888314535633 1.61176303780397
0.403271788614269 1.5530966310204
0.39847344409496 1.61647590585957
0.398571376876136 1.6118496412273
0.398038709316493 1.62099008979018
0.399741763575087 1.59975658291449
0.399478428831327 1.60676576289324
0.401077358682006 1.58170595635127
0.4042549751935 1.54524037313106
0.405728735759499 1.52259526166625
0.397911321361838 1.62570950158014
0.39830923977587 1.62038244000124
0.400911024012404 1.58825826988097
0.399213460677132 1.60714593197445
0.400780541515795 1.58452864713736
0.401935392753471 1.56950268275426
0.39820267012461 1.6194198632229
0.405466475403074 1.52932353213041
0.402362683499457 1.56507301260947
0.39551794011667 1.65836321204087
0.403112427078391 1.5548375563693
0.401875862180689 1.57462695081045
0.403900534489783 1.55109819584591
0.397266950935426 1.62998231567158
0.40517091742367 1.53058157567838
0.406444795475295 1.51424041186671
0.399920479250398 1.59283524846902
0.402689863524899 1.55932617769662
0.400217340179481 1.5973626532593
0.396981385821034 1.63653222617435
0.399180111119968 1.60500145441389
0.400800197041715 1.586387008462
0.401446686200096 1.57887919841848
0.400569483901857 1.59096926038607
0.399537644625741 1.60105010674325
0.398955675337785 1.60692741582577
0.397613168736009 1.62887966293343
0.402416068259944 1.5652234509765
0.405590754536663 1.52399684493717
0.402354557996959 1.56665166055388
0.40295539183011 1.55687869209308
0.399032873235206 1.61324731766612
0.398311067272111 1.61628855345131
0.400386524166214 1.5907150360096
0.399548481116703 1.60114708322836
0.39964616972059 1.60100424265366
0.397477313767082 1.62913953169771
0.396173172537202 1.64461260049456
0.39909934613186 1.61151983681096
0.40039917749492 1.59063427666702
0.399835615324887 1.60130696807263
0.404433955586827 1.53740989585617
0.398872376753813 1.61136455649287
0.400642371583593 1.58836284747848
0.399514907172256 1.60077427793315
0.402595787636603 1.56607887402983
0.397474883512465 1.6242581954406
0.400493703209683 1.59110493571303
0.398882914596594 1.60709409125989
0.403480656125584 1.55168513362704
0.39637450717849 1.64221658590697
0.399598844318593 1.60401859827758
0.398991339506814 1.61034039221933
0.400204468939918 1.59372336273329
0.401458539782032 1.57789644880832
0.397477256771054 1.63133838668362
0.402239505189878 1.57321840002076
0.399762766644262 1.59527005551569
0.401236586331874 1.58121156232049
0.405187045649609 1.53037720269412
0.400949068085253 1.58421654293713
0.39609323386611 1.64832010632276
0.397995449559718 1.62392440101331
0.405217038127408 1.52967725767805
0.406342679483745 1.51460571326511
0.400047070831437 1.59675626762984
0.398153003074838 1.62273271019004
0.398277886783812 1.61857396059337
0.400101411091859 1.59348926747939
0.400000486280065 1.59455712980966
0.402485339085198 1.56426296609153
0.403722043700128 1.54626982241841
0.398572924253589 1.6181744444305
0.40411783953897 1.54298368844835
0.405475879211525 1.52979001778626
0.401297177813136 1.5793780602737
0.397347851702582 1.63573519948794
0.400190708783319 1.59524804563569
0.401900884863257 1.57127242395137
0.401616550376112 1.57798525866417
0.402895877405733 1.55968423070353
0.397232472096705 1.63067597547748
0.404178094708403 1.54259763638104
0.400977085600476 1.58459371590953
0.401603048406026 1.57533082952579
0.405955078110534 1.51954916740121
0.400619274135764 1.5901040275594
0.399510757126339 1.60272239784499
0.399693076958983 1.60333550060307
0.40244685438476 1.56686163298689
0.402353940398738 1.56448514222531
0.39989877056451 1.59810424107326
0.399733113136924 1.60432711481977
0.403346420690245 1.55302590512423
0.404563618570671 1.53620874361468
0.401312167953732 1.58100048226247
0.399062322003435 1.60648418936496
0.401079845939124 1.58179585717179
0.404175937878929 1.5472611169635
0.401845407859018 1.57541761144418
0.39902073632703 1.60951033075719
0.396683753915746 1.63792170496866
0.400298775443108 1.59635124341877
0.400138845568531 1.59522384071949
0.399424785682278 1.60273780319024
0.402903552064873 1.56152936664551
0.403017481223974 1.5593766574192
0.394109331197175 1.67010012964207
0.399529879194696 1.60211283983262
0.402409433933473 1.5676561863067
0.400509814255455 1.58911292849512
0.402327339215124 1.56608137238482
0.401221145550996 1.58269845671082
0.398846858580376 1.6106975715919
0.401113642076887 1.58433687013965
0.40047319780046 1.58942088624533
0.402858874970458 1.5609082657207
0.401626306957117 1.57778860233249
0.392314954470686 1.69796172178027
0.399794553733531 1.59735431519903
0.39896125110585 1.60866658261393
0.400165249653017 1.59467074845311
0.400070771301146 1.59390790782707
0.402595056692511 1.56272460492669
0.40110197434225 1.57830874715906
0.400621010228313 1.58699311644036
0.402509881925565 1.56566243091635
0.402699805260578 1.56273005393281
0.402658080298501 1.56000682488121
0.404731453244918 1.53559361325441
0.40447347088045 1.54446027584174
0.399952823721639 1.59869230477811
0.402604324137041 1.56154060653302
0.399492500481173 1.60476453571816
0.398781417179394 1.61342722370601
0.401576933177591 1.57614188872572
0.401916133358752 1.56945343280458
0.40703760719969 1.50061628576293
0.400961070226804 1.58578205651479
0.402385618398981 1.56479554105014
0.397585620879797 1.63022003977335
0.401386653748053 1.57783321780532
0.399644122915426 1.6036758558188
0.403812847316668 1.54643871047273
0.399362137423706 1.60213845973372
0.403457847271395 1.54931524561052
0.399141858142062 1.60332290643477
0.401882598396976 1.56796276161376
0.402508620363635 1.5684812804191
0.39895487534249 1.60810102839079
0.401276047292234 1.58209918857342
0.401144217956234 1.58389344304826
0.404249190349108 1.53989635688427
0.397464321264981 1.63236830320045
0.398419899993882 1.6144277359936
0.400500813165928 1.5962928127514
0.397960904441728 1.62288869449846
0.400359393977908 1.59149652393024
0.401772004262246 1.57194413018183
0.398604024782231 1.61487020311628
0.396493045803077 1.63989189322623
0.400267524274605 1.59352685906635
0.399648629225952 1.6046451033263
0.401333715046554 1.57922574949576
0.40179906890552 1.57551127706551
0.4031087351269 1.55518769302902
0.397113197050601 1.63371850695376
0.400823345340702 1.58881276199406
0.397783598773683 1.62495186634615
0.401806701758321 1.57503139692295
0.395597415722278 1.65459272646773
0.400802265308496 1.5855394228524
0.399008965726778 1.61234525776396
0.407700850807059 1.49404110836612
0.397669881740166 1.62946097756724
0.401085313154117 1.58408393106248
0.40635067282137 1.51773505477064
0.40050154361607 1.5913833660308
0.401855886153272 1.57107066453502
0.398787855623362 1.61598889567855
0.401627404922325 1.57911533592888
0.397358641489052 1.63239799284424
0.402790243239596 1.56019377365511
0.40048167280205 1.59083547628894
0.402548086851668 1.56470375055963
0.402114993830873 1.56914437277755
0.401609759966625 1.57527042343803
0.401532279125509 1.57505655156483
0.396966014719393 1.62887742568001
0.395757687950934 1.65121585642808
0.400856631397521 1.58504095678888
0.396732881020287 1.63953882469445
0.399423059747228 1.60690891634674
0.400514788960725 1.58840744271523
0.407131148273648 1.50817853067427
0.400376541213503 1.59004104726848
0.399433059290058 1.60348740048973
0.393859520754875 1.67722127763839
0.403056436341119 1.55917151373466
0.405490307484693 1.52670742429999
0.395947892633641 1.64979940286851
0.400220253908506 1.59258646661383
0.401404769986856 1.57685722859945
0.403692917310914 1.5497859342161
0.397671366062608 1.63049515881332
0.399859081441259 1.60188819094034
0.402303469386727 1.57006375955099
0.401910597612601 1.57431830985976
0.405085633727485 1.53164966126178
0.399745058994901 1.59967491104141
0.399781453091306 1.60098451041073
0.403003093300412 1.55947433482236
0.399394240312656 1.60340448159093
0.397792037162858 1.62466397829514
0.397500136047392 1.63060446216749
0.39663580795018 1.64094211947118
0.401607690969182 1.57634091295603
0.40536916811314 1.53138752505628
0.394593924627174 1.66972545830266
0.396842202932003 1.63680225817144
0.404358362843439 1.54187260375949
0.40304203272281 1.55921696599146
0.399957421387506 1.59715796145347
0.398445065858983 1.62093728635964
0.401467427435266 1.57900944384313
0.401788488870824 1.5730091870493
0.4061748758105 1.52025712917414
0.396562945125859 1.6398705739608
0.400835584054585 1.58436091841693
0.405357591870562 1.53096581601165
0.398975781860237 1.6063458800275
0.400011874369362 1.59348439966147
0.405069692680025 1.52917440389475
0.399861981386987 1.59737876686642
0.40219079979663 1.57258011737588
0.3985286013781 1.61807018079605
0.398795107096664 1.6149222919151
0.397587463941642 1.63367884233048
0.39928234753735 1.60743773501918
0.398536685008084 1.61148987061774
0.397458134417537 1.62972132660728
0.398247524608363 1.61924230796336
0.400527957252652 1.58758828216504
0.39879246124428 1.61248066800343
0.401663003188328 1.57262916871672
0.40220950098932 1.56831627007662
0.39718279245475 1.63196110389912
0.404111862077697 1.54394402734086
0.401513999629163 1.57777036860546
0.402328118433359 1.56925342883976
0.396190401078732 1.64789379737845
0.401184021789862 1.58038080990868
0.402728078097854 1.56188756223786
0.39903910321188 1.60691752310618
0.400837586022329 1.58432870987955
0.402442976962811 1.56228926313106
0.400500907843867 1.59025245316321
0.398114490251987 1.61933105736548
0.4017741283641 1.5743325342251
0.400451488707818 1.59353258756892
0.399722225289523 1.59805588106919
0.399951737960886 1.59467354640583
0.396889317008103 1.63612491243874
0.400168796767616 1.59727129594297
0.400828930472734 1.58734417661648
0.400476900545966 1.59317213003591
0.398895285869391 1.61019172694401
0.401177900244163 1.58427784364739
0.399792674252044 1.60052154156695
0.395179294489761 1.65908488605275
0.400769437846701 1.5873988280094
0.402725656097812 1.56202894247093
0.402688348367017 1.55822486878844
0.40225742378458 1.56683224569544
0.401447563003814 1.57742534896513
0.399187710200317 1.60797365340412
0.399827302051809 1.59735833606045
0.403847796672295 1.54941627336654
0.402305190942411 1.56885165770137
0.396436695500648 1.64370170380102
0.400676414815177 1.58997594319521
0.402094301537141 1.5660744103156
0.402893743678717 1.55909545663267
0.404350126350216 1.54274156839982
0.397757762750981 1.62498285561676
0.401821982755781 1.57166533519359
0.395408598685064 1.65522117686409
0.400687662738786 1.58636550085842
0.401551081571315 1.57810191253175
0.402408990938861 1.5679428025694
0.396063904899701 1.64774837491588
0.403606421187737 1.54837144042807
0.401719123372793 1.57847068426042
0.397990553274866 1.62566616331067
0.400085865122227 1.59736215222702
0.401855181875399 1.57458246102008
0.400117027605605 1.59665819288054
0.402748267523752 1.56076931773237
0.397860186527984 1.62362785417593
0.401702870177251 1.57352019806512
0.403398138109847 1.5547584669319
0.399809276176058 1.59514684485488
0.401636307229063 1.575687955073
0.402222630755459 1.56567218027677
0.399866341078866 1.59906036448917
0.400128466774492 1.59629947490278
0.402402751391078 1.56678411694475
0.399465394006342 1.60440945333939
0.399018702438074 1.60982775768319
0.400318449225767 1.58983877209058
0.403516729357797 1.55355670696558
0.399493794027558 1.60356924050097
0.404967122207828 1.534560389415
0.400068513629356 1.59644390171978
0.400336241412589 1.59534126898145
0.402682032244021 1.56234733986392
0.39997321109006 1.59531667716086
0.404325032003879 1.5422782461217
0.403362823878635 1.55382032203567
0.401010131805648 1.58643758893886
0.404504450400505 1.5395462439644
0.399131990193964 1.6068541691631
0.396343206054406 1.64264736358767
0.397558736253723 1.6300760255831
0.398319597477548 1.61459415057263
0.398594623604716 1.61396085760886
0.40178466846658 1.57337254627955
0.400145558519814 1.59450768671624
0.400331711781438 1.59169865697065
0.400851145018858 1.58883187041235
0.395202225200294 1.65813498526611
0.401875170403961 1.57587344581041
0.39871835270994 1.61219987314221
0.397279310805024 1.6307975510714
0.406879825357225 1.50802603695281
0.399942653888491 1.6016006415674
0.397663162140531 1.62966560851336
0.403515007184067 1.55054273130255
0.397670981758063 1.62398140576118
0.401108663369049 1.58365917325525
0.396732468815632 1.63664327922929
0.400640726594154 1.58964572659839
0.401719548578786 1.57210604672611
0.40092083310232 1.58578435234066
0.400385553616197 1.59193659051416
0.40091972122692 1.58372446572287
0.39909419413421 1.61086348140975
0.397579478825271 1.6296962651433
0.403996263102159 1.54495339896595
0.397027840982542 1.63438750094668
0.403026809264073 1.5599058733823
0.398850645522138 1.61461044005921
0.399409083234556 1.60499914224875
0.393685325104295 1.68046368007166
0.399592607499896 1.60013720872575
0.397469555545406 1.62588768854559
0.399813209979908 1.60233095792578
0.400271837927993 1.59028159768091
0.403406034461432 1.55477851393787
0.399868943933029 1.59846571871177
0.400928097924801 1.58597927826465
0.40207683796152 1.56993014566187
0.399293350910586 1.60762171256873
0.403167087042614 1.55317724596132
0.398935852136959 1.61050799576972
0.398525743828064 1.61779811027225
0.40330116008845 1.55774572970882
0.397899683434119 1.6216956007427
0.401912099093659 1.57065802089081
0.402183119494115 1.56912400688115
0.398199494887142 1.6166711028966
0.406884521471544 1.50567890996919
0.400611404866176 1.59378736505818
0.398854833486339 1.6125159159262
0.399383376460238 1.60202346975575
0.402649491843767 1.56011393420744
0.400379215526106 1.58998587818819
0.399051551805784 1.6084018591848
0.400395168484873 1.59124783997766
0.39794197835525 1.6230703698675
0.401088856058599 1.57837837851305
0.399569517415871 1.60066630042962
0.403484484982449 1.54874480185121
0.403222410979095 1.55718704266146
0.400379109338666 1.59364339944293
0.405859224534055 1.52091152980017
0.395559570524188 1.65823691682251
0.399606793001891 1.60019240334289
0.399308473281971 1.60717805858645
0.402266337226484 1.56760426289354
0.403548233596128 1.55483821877008
0.402198111317702 1.56816465088323
0.400681855044671 1.58461253072311
0.400006801525943 1.59479904919183
0.401805463455013 1.57554525361021
0.404605640636318 1.53893303180867
0.395999291863017 1.64818279240793
0.402654197549688 1.56449662914174
0.400222251132055 1.59832597556952
0.395238060148201 1.66041870028972
0.398397397897665 1.619467963697
0.399480221689635 1.60019959827267
0.401211689339709 1.57763703134122
0.398979429078241 1.6077544473493
0.398686549493146 1.61079154852608
0.40458268094609 1.54074848914322
0.399238492863121 1.60274899753078
0.398470285014671 1.61250029352764
0.401529874792917 1.57869796882495
0.401163045413279 1.57904815800186
0.40058640092294 1.58742832697653
0.400357270729308 1.59141009081437
0.402288940019016 1.56628963230593
0.399828360121824 1.598875634515
0.400937161075944 1.58614253322888
0.401860485846425 1.57700707827792
0.401352190049541 1.5749314221276
0.401614412831738 1.57873780050101
0.402954663062999 1.5594496580095
0.404907166881351 1.53374089789041
0.401055335755617 1.580320669837
0.399789181849477 1.59914972582446
0.402827088368347 1.55831521875188
0.40536830991299 1.52496038988568
0.396478322869875 1.64155670916025
0.404402198969169 1.53955056863882
0.400211279412419 1.5935950781456
0.398323455336632 1.61847292547812
0.398061827928673 1.62266867062696
0.402741661970018 1.56001064860623
