0.534255196429307 2.87452179486678
0.537295568313532 2.81868009459903
0.551942667910582 2.56207637693486
0.536418914489459 2.83366030850994
0.536948490056503 2.82686876764512
0.528501186450818 2.97448237566426
0.534956335970938 2.86247169723148
0.541485527164811 2.74472877317329
0.540028687843765 2.76698347736882
0.536800352241261 2.82706490061324
0.538042745188908 2.80630317010891
0.54497206125137 2.68325304728545
0.51565890921932 3.1984946155268
0.535416805482626 2.85217971072228
0.536068159140703 2.8359958840354
0.542911883891326 2.72417010955168
0.535844448742895 2.84457333081375
0.536379496331215 2.83235068638755
0.535049870709276 2.85861499133729
0.535326690484437 2.85700217851134
0.541204938847983 2.75048534520479
0.531875537207069 2.91270578640279
0.539986308292058 2.76683272944153
0.538155699186205 2.80483031184077
0.537382336632295 2.81538276872098
0.536294186661176 2.82943897882805
0.525247272629307 3.03058054990702
0.532457209387813 2.90412556727553
0.536815574483 2.8288258348387
0.533917102622775 2.88192216549312
0.533526908532469 2.88575282740684
0.543099067579668 2.71923509314083
0.53179090210099 2.91716298565305
0.537877036869473 2.81336365818371
0.52855878182434 2.97766873019943
0.537325575631129 2.81856087600823
0.542804395481482 2.72325145749073
0.536928881024974 2.82660053175569
0.537637126573795 2.80955476484759
0.535054512767887 2.85765377707606
0.536765165029253 2.83241883201103
0.542362741085297 2.73236633343659
0.532376849943867 2.90938200345386
0.537596306748404 2.81547735497217
0.534751801598353 2.86404957495167
0.535697686283962 2.84227956699032
0.540265974149775 2.76974289689104
0.542141739483118 2.73248027695488
0.539405142435918 2.78642966085217
0.538339788477596 2.80139500900244
0.543985596136938 2.70041741266258
0.537029537410254 2.82682302702536
0.530454226862425 2.94041768494871
0.52811941230796 2.98135201553404
0.546948925165682 2.64596821074216
0.548302445511116 2.62443007569905
0.542404787545837 2.7334207557504
0.536533021984016 2.83665942105767
0.528009470307325 2.98031287547227
0.532538868202632 2.8994007054103
0.534141056052825 2.87606660381887
0.544738812240815 2.68641597930139
0.534710749402202 2.86392729423747
0.538544961481515 2.79969982277248
0.5390604833719 2.78949580454403
0.526774244120281 3.0061759891765
0.535871853520098 2.8404125566048
0.546030501292701 2.66591199804454
0.536821779147113 2.82628899024979
0.535821370070494 2.85026206534914
0.541140861132741 2.75133110670713
0.529877391097367 2.94923288777795
0.543822572935227 2.70045528195685
0.533098150577914 2.89117563729585
0.543893391097913 2.7023273069948
0.537405110385304 2.81543254090082
0.534937227560603 2.8592950234889
0.534186610280203 2.87632265415028
0.536346905860507 2.83382284918405
0.526820428573822 3.00034575096403
0.541771502879826 2.74033821578987
0.543085024515633 2.72187758972791
0.536644873390004 2.82998020678335
0.525489325986455 3.02080053825148
0.540795378791679 2.75472725613345
0.527001065682275 2.99972593418925
0.533028654893057 2.89712840677581
0.546213229800911 2.66000080238715
0.527703236979843 2.98858122383792
0.538439211331101 2.80004498192784
0.538163275085917 2.80619608851238
0.545622028686295 2.67267591591879
0.541851393831774 2.74296246135959
0.542248354395372 2.73488318799252
0.540384974187704 2.76543707647273
0.539036442729612 2.7920120625703
0.535697207846569 2.84786067524933
0.53682112880234 2.82865040774878
0.538116933073962 2.80478133267405
0.518851316020377 3.14348512842766
0.526042238042005 3.01536031111644
0.533979773729486 2.8784792285355
0.532782796397764 2.89840662523858
0.531413725140562 2.92370377574646
0.53532968164605 2.85218677030906
0.539225945033461 2.78304918697924
0.534825890029754 2.86188838798594
0.541478925927881 2.74255133048468
0.539454692159851 2.78514045586679
0.535417028211555 2.853190000151
0.531142167927809 2.92861249076277
0.529407482348154 2.95740095161313
0.536401542617426 2.83783832044726
0.530081884719622 2.94390881862958
0.526197187596808 3.01198473237888
0.54255070781263 2.72547832642536
0.531940893602717 2.91304609117426
0.532974637345806 2.89582139421489
0.541535280910719 2.7469416761994
0.536483978082931 2.83544822760573
0.531047904618625 2.92699407239828
0.538421874069056 2.80416717197497
0.524646277809363 3.04280575362412
0.549228238823426 2.61294599537928
0.541421563021957 2.7449631139906
0.531012280945839 2.92810203588045
0.537836990865596 2.8087900050196
0.533618771182775 2.8842311952419
0.534272781217939 2.871225922145
0.529087632417542 2.96022935981296
0.53939909847287 2.78390319277442
0.530700046815925 2.93363033292215
0.531437965070825 2.92259933450853
0.534052604545737 2.87315459082814
0.543252662113049 2.71550541634244
0.53171136575066 2.91529463026037
0.533579705874579 2.88507207092155
0.537945401899976 2.80657038295575
0.536486842210295 2.83039051157877
0.535145431748488 2.85826238630376
0.541153581687272 2.75445974916314
0.539911213112195 2.77526557977822
0.528324723489849 2.97415161160541
0.53021401739666 2.9424497868147
0.532696025792848 2.90382222505169
0.531994816312693 2.91138059368445
0.535242664348939 2.85444502269949
0.5352702037486 2.85164434176268
0.533768607382385 2.882685966263
0.528078996657438 2.98066988583439
0.544970535315109 2.68288023066856
0.537874397976725 2.81526548789606
0.542525133407765 2.73460159776179
0.526956797355586 3.0017501285664
0.536321523499829 2.83800992670282
0.524875611272349 3.03870302361012
0.538610276961935 2.79378381662989
0.530491862618325 2.9376142789052
0.534505727709282 2.86631722472522
0.5298123489035 2.95367712716808
0.531488620301241 2.91613779048265
0.546587017715272 2.65896419564658
0.524678506255384 3.04209568759684
0.546804607427965 2.65516815474991
0.534156002806639 2.87294658338738
0.537674575717888 2.80949708151005
0.535602388794718 2.85056683941225
0.533869023914904 2.88471349473309
0.537122627732626 2.82362293237169
0.523159658660909 3.06599998516191
0.537847639754035 2.80817865417458
0.538444166359031 2.79708615193575
0.544179238014551 2.69681351734778
0.545300316320009 2.67930513884208
0.539461080701944 2.77881503317385
0.544286739084787 2.69727530766189
0.523192053574859 3.06798596575684
0.533112180091468 2.8948843782594
0.542173915038851 2.73665552272256
0.538440695881609 2.79769479846419
0.535552193832847 2.8474535095094
0.534417003249537 2.86932213817919
0.534195319894508 2.87241832613357
0.530927397624083 2.92936256062656
0.534391704878871 2.87001546511881
0.531091707500185 2.92090592921551
0.531260193837275 2.92419911900848
0.534867759816518 2.86127430216163
0.532348923865289 2.90771363566212
0.528745651250324 2.96831687664963
0.531427387993328 2.92597396311546
0.540358847026777 2.76414223596627
0.550859571735063 2.57573435158034
0.533510230672528 2.88387114925263
0.532242565276503 2.90617182881575
0.528965742304306 2.96454917338768
0.537138629608194 2.82488351973238
0.539553858141293 2.78156773217529
0.525162056733401 3.03042342707501
0.542129843552005 2.73529129764596
0.551064860754091 2.58205803341243
0.537672651275668 2.81367709250757
0.543222126681238 2.7154621329732
0.536753072950456 2.83201269380078
0.532255365741491 2.90703617613
0.536378387707772 2.83461783111742
0.538731597441449 2.79222250779934
0.536922367003906 2.82489853089355
0.533095726972695 2.89168535394714
0.550197924925411 2.59566822370298
0.533726841805513 2.88173356012768
0.541100565191145 2.75077391391791
0.546842098224053 2.65460421689858
0.530296535796394 2.94673105334173
0.539284301354658 2.78513922144711
0.532202567464138 2.907810015876
0.541833807472697 2.7407018542236
0.538481111041823 2.79993747994582
0.534366870128432 2.8671898774736
0.53885234984649 2.79211618046813
0.528979930358377 2.96818685249504
0.530227726910601 2.94296294939385
0.53133377381282 2.92063062852332
0.5340436581949 2.87341006426183
0.554189507186788 2.52381127668078
0.515824268065725 3.1940131236825
0.542950251545584 2.71973421403088
0.540318358549174 2.76744164522272
0.53342909791414 2.88577611070563
0.537373188244639 2.8128160311184
0.535854672107352 2.84016155832957
0.539431455615463 2.78143716622332
0.538884031155045 2.79123084014358
0.535903833228464 2.84119010378806
0.531992527372489 2.90777504088109
0.538244067349699 2.8035379907283
0.544723462546162 2.68814996222672
0.531947269306781 2.91339095906141
0.539072051337959 2.78847117573402
0.535305467965251 2.85497540225692
0.548033888291088 2.62764254238122
0.523817123195494 3.05357274444086
0.53398260722984 2.87718037305223
0.542548429161897 2.72790904808825
0.542700238076578 2.72226382504674
0.557182848543248 2.47085266282685
0.533795876868609 2.8785895333333
0.533549718817685 2.88338045617346
0.522513613046073 3.08050371711451
0.540043760331078 2.77206044079138
0.54194681675363 2.73914966718745
0.539887778679451 2.77179651444457
0.529226510002473 2.95480765571278
0.537465057135201 2.81270777379817
0.532755156597487 2.89773193999973
0.542539810539768 2.72686022243609
0.538551699332736 2.79676193399603
0.534152904211965 2.87106077029202
0.533604659739958 2.88319477449925
0.550948237830117 2.57622088128851
0.533097306007936 2.89205172975459
0.537013826040095 2.82345823126503
0.541501096386084 2.74779593847482
0.528376364534241 2.97589427028146
0.528650014298271 2.9701147473687
0.531880590915809 2.91319794779541
0.547347333039945 2.64440171456279
0.533428190833883 2.88729980797604
0.537432032095264 2.81848274089955
0.532938161774452 2.89654505432251
0.536722241646134 2.82814912230684
0.542168298300279 2.73259590105704
0.537985022293814 2.80393231445948
0.532638214288593 2.90179585667043
0.528477843652543 2.97446627118287
0.531449262891535 2.9203067687231
0.528284702152045 2.97769195565025
0.527778730510851 2.98097469681765
0.542761361597368 2.72201446893315
0.529244629818861 2.95954519781771
0.539028881706467 2.78328411613431
0.54218440894429 2.72795211722837
0.538432417858658 2.80054818114018
0.54146322034325 2.75027544899129
0.528612123665273 2.97083847560719
0.536283995453181 2.83463736975672
0.532491492613239 2.90348932079471
0.540133940656314 2.76798821739831
0.532764377214619 2.89763131946106
0.531916388988346 2.912974297258
0.521669765690399 3.0962452274954
0.539599789164191 2.77657837119617
0.533734672698384 2.88242099072251
0.537648310973332 2.8115837881739
0.538673291489961 2.79368538700394
0.534077701830272 2.87596774303436
0.525303387751148 3.02650360379391
0.535422212497984 2.8513774423561
0.540235967065871 2.76847291133233
0.535993674948468 2.84139646742635
0.546573251674507 2.65619928517709
0.542081734365818 2.73508177487612
0.525247579226809 3.03197093107729
0.540744958815872 2.75831550705665
0.537662999580234 2.8108890722422
0.536624340032049 2.82991508272914
0.524268816302124 3.05179919124
0.533656465795076 2.88354759807793
0.532791753419237 2.89805251783636
0.544273612595759 2.69432721336106
0.531979077370625 2.91484346858975
0.531970862504863 2.91428713416862
0.537918006250152 2.8099007665966
0.535785314277782 2.84558991162403
0.530043021721676 2.94268305754679
0.53923970595131 2.78800258658335
0.545759363343806 2.67168353048473
0.533316587892159 2.88488112849743
0.537559129307866 2.81929677576655
0.534340010858645 2.87220128634471
0.531574623346975 2.91943741378755
0.527637375738063 2.98659169510904
0.53832275645339 2.80279464035862
0.542818180711391 2.72113686240994
0.533550887964315 2.88713940323291
0.532728406167246 2.89954124672251
0.529698321540278 2.95050225018325
0.538280506955656 2.80534503771234
0.538394731284119 2.79434820861696
0.528073648191009 2.98282834605332
0.532661610737726 2.90249283944007
0.532202455830284 2.90654050169039
0.53782790178273 2.81361820322783
0.527401545643542 2.99294729586753
0.530315052730577 2.94318411142406
0.538691329774625 2.79188991737848
0.537550298793171 2.81494842967588
0.527510908316814 2.99194174904055
0.533070060699006 2.88982959387698
0.530456715292302 2.94300818688277
0.527499861928436 2.9915073637949
0.543509503506941 2.70982267975121
0.536360590430522 2.8389762889144
0.53493152529632 2.86030642371774
0.538538760533966 2.79590914099352
0.531744304264375 2.91640909109031
0.544020488039231 2.7031835303535
0.536678094270634 2.82864083918918
0.531399483562243 2.92143563425488
0.532893722248685 2.8968284423401
0.538530208801819 2.79889377447371
0.537999934221991 2.80701639070231
0.544015437571409 2.70169728020137
0.536288916506691 2.83662297000811
0.531357575184383 2.92031661220474
0.530298136238654 2.94411739846046
0.532102069669892 2.91172017776018
0.525344799180731 3.02901308843192
0.534542766283003 2.86548913998934
0.539039765832802 2.79032342832442
0.531071225983421 2.93047917007043
0.537220813110517 2.82604533575698
0.534125886532244 2.87592430369151
0.52984933422644 2.94661804051078
0.537930337504682 2.80906622761591
0.540812618020178 2.7565410226843
0.533578706376345 2.8822854045754
0.53989178716792 2.77318793475036
0.53689307897088 2.82893650184552
0.536792277070691 2.82987992383636
0.540268367954087 2.76662704131843
0.529003316426534 2.96406593312816
0.538188266885067 2.80271461316663
0.525596760541991 3.0240283122421
0.533929448671626 2.87740279868375
0.53187446427024 2.9125578693209
0.524091317066524 3.05045047360586
0.542628472623374 2.72486211498207
0.53419912812509 2.87303669566959
0.539975872506247 2.77477611408569
0.545691137463501 2.6691570769666
0.522933265663526 3.06903015937764
0.533325775375369 2.89110596583111
0.535298763563036 2.85352055142196
0.534844656199128 2.8626257361198
0.531523552022817 2.92255842544756
0.542219400267584 2.73141335286195
0.550729217307848 2.58390317673633
0.535391851549362 2.85210505595653
0.541392210528706 2.74773474690987
0.53438716271838 2.86886633536089
0.5285963422414 2.9664434084907
0.544840855293747 2.68291304019779
0.535867684828231 2.84557643380345
0.530593938743184 2.93804759687173
0.543542726870429 2.70601326153412
0.538205750266824 2.80540087984376
0.526741670321504 3.00522651715958
0.542803458420382 2.72194367314345
0.529227888872178 2.95890232772933
0.527385778050051 2.99203525770554
0.535067291699385 2.8585012876704
0.528489374932057 2.97087052282169
0.53703692319435 2.82154825438796
0.537111180192859 2.82147545530855
0.534109257157718 2.87005438229374
0.530764566479746 2.92955656953722
0.537629978077519 2.81451750274338
0.531582736355643 2.91677686210556
0.526845252715778 3.00152514356982
0.535935598959975 2.84575704501787
0.53597717410211 2.84450271311548
0.530771673627124 2.92993240861852
0.536951022719694 2.82590157362845
0.540584801125148 2.7599945684619
0.527634994358139 2.98241481392248
0.523936742176318 3.05215616653634
0.532080159438194 2.91114116287784
0.534354160395737 2.8688319078273
0.546018260147289 2.66363468206141
0.540832194761762 2.75154951627174
0.542487243785058 2.72736613263331
0.537737396180568 2.80971827244935
0.527113603576121 2.99396022850912
0.523115198602267 3.06336635162666
0.521837938356132 3.08850752027759
0.534201230795271 2.87600481214994
0.539065566342648 2.78823973137379
0.537401315294365 2.81478123836143
0.526672982527458 3.00888687421726
0.542633198618527 2.72914266705928
0.528937624903108 2.96494482783928
0.531325262638794 2.92388604471691
0.525541412796504 3.02815380535753
0.535450474863845 2.84689292507957
0.534017694257131 2.87883648132045
0.5425770645391 2.72817397132239
0.53819753069755 2.80012826999209
0.540607028104028 2.75975254490524
0.539972290141194 2.77185340663629
0.525224539232474 3.02957209868538
0.534992237511412 2.85837747582818
0.542758696821927 2.72076551747572
0.536188632294199 2.83760065438038
0.537131399131993 2.82544694136034
0.538257814917501 2.80213344694592
0.531484171783603 2.91692249931411
0.522962700398826 3.06698057031934
0.535878007860626 2.84659708819852
0.539779538038124 2.77978806894331
0.536129768361029 2.83507105863651
0.536383556183213 2.83121955601897
0.530139323158693 2.94586721254594
0.527313777130562 2.99025080560838
0.537155688669984 2.8246623149237
0.536898782264358 2.8229975890502
0.537536917910015 2.81669396507088
0.533404409707395 2.88679413576408
0.530017812590019 2.94375899163897
0.532318142652182 2.907448989329
0.543248979761633 2.71548209551235
0.5210878363536 3.1036083888235
0.537142422576681 2.82055292260807
0.55101567476601 2.579385849051
0.52831909550588 2.97814705550338
0.54296802575354 2.72087657177532
0.533991711751859 2.87605838384739
0.5341731107234 2.87736000034487
0.544983843284328 2.68862633901603
0.53017114892297 2.94093658783767
0.535608147212725 2.84952533476256
0.537051416401459 2.8231686969226
0.52168116354859 3.09138355095318
0.539467977265532 2.78234085467025
0.535206707215301 2.85514644563604
0.531121048313716 2.93120164323527
0.531621174495311 2.91782262380734
0.529770023532621 2.94944241829288
0.536688017208183 2.83221544520067
0.53168219879175 2.91616030658938
0.538292288731647 2.80313770069116
0.537181344093163 2.81887971535172
0.54317718358252 2.71766252489143
0.535528738845568 2.8500935924109
0.524749306437403 3.03628814963289
0.535491033060337 2.84865382208526
0.541890512241961 2.73954923729308
0.532940837284443 2.89018445979233
0.531168294399578 2.9226774182313
0.538068286648968 2.80386146632322
0.535074548833243 2.85690156809158
0.540962309226983 2.75622994268179
0.529984395744182 2.94849668787352
0.540245682685951 2.76641783333455
0.527964567294622 2.98303352437875
0.538335734255736 2.80082232226922
0.542252705693947 2.72923341346686
0.53574733077012 2.84833830272457
0.526318648975094 3.01458287285199
0.535158105205257 2.85813674509961
0.541182636485933 2.75037255766826
0.544307418539956 2.69673164259987
0.531591169271582 2.91734081356761
0.528012262520207 2.98414059502648
0.532905021608788 2.89938536131459
0.530640799722748 2.93370251384029
0.528834821489427 2.96706613202386
0.528945295037777 2.96940332154616
0.542378461660188 2.72915026014759
0.545453148662902 2.6803998697454
0.529004710856972 2.96439527999256
0.532228463207146 2.9100316769316
0.535219167329536 2.85733613799046
0.534766066606449 2.86162465872999
0.539375673510315 2.77879902384062
0.529594130087569 2.95160066294257
0.540660644010144 2.76238536971305
0.533617138169425 2.88237908994843
0.535287906761329 2.85217323549951
0.53188005711336 2.91514191442509
0.539016674038336 2.78952146468232
0.531795145269976 2.91634005236279
0.544919148882381 2.68419095902618
0.530298846615315 2.94327518024716
0.530852994576084 2.92939483895761
0.541134746816317 2.74952226636515
0.540473750390723 2.76113445663028
0.533256315672254 2.89010348762235
0.527021534335492 2.99987347826615
0.534213742679732 2.87518454900314
0.536790706995109 2.82421252732402
0.528353079902089 2.97587640919955
0.539342456130856 2.78624244445994
0.546624648908346 2.65433151731495
0.531854337631923 2.91750423292644
0.541653186569099 2.74458628413072
0.52867301861423 2.96961479957582
0.532809012668413 2.8967678761772
0.542958310367401 2.72123504078539
0.530897289600924 2.93318969454184
0.524317894845581 3.04579426396955
0.539795306688726 2.77347272642661
0.528449418880408 2.97315178195057
0.544418252956894 2.68960692868963
0.543339617372588 2.7160398941658
0.533477889874442 2.88632724561949
0.531865315813128 2.91603731080016
0.545320297603025 2.68206336650171
0.526643977597195 3.00799895945795
0.532578363330597 2.90301847349964
0.536997446164216 2.82853101079943
0.53943187350156 2.78207391870807
0.533621011896171 2.881682879515
0.533150241756585 2.89320134901203
0.526881565526157 3.00290963717956
0.525014078344257 3.03091604834894
0.533100346934979 2.8943473344889
0.526540432638454 3.0082626218553
0.533178620785106 2.89219228515322
0.528544662837063 2.97231079894817
0.533808419840139 2.88173343078162
0.524540260825207 3.04205596210021
0.541144265464603 2.75193343545081
0.533825557381327 2.88098064961696
0.528941619691099 2.96353750700282
0.530501159280305 2.9358731872093
0.538716341732693 2.79477796772219
0.543491764033921 2.70901355703634
0.539089659798229 2.787246668066
0.528677677255436 2.97197312467741
0.534796707276602 2.85872274821932
0.529425923507396 2.95468090647701
0.544640977724393 2.69279414981448
0.542027761580946 2.73644885742528
0.529114342210334 2.9611685306976
0.543243919072531 2.71257668490107
0.534420545677311 2.86820315916231
0.555094882590665 2.50599922875593
0.548485082301486 2.62184932825836
0.538957266109294 2.78703132610766
0.528002487456161 2.98591649168027
0.542688833009939 2.72681153395341
0.533660226769188 2.87842369617178
0.516379579246206 3.18727745801652
0.528767267569729 2.97017629495038
0.532079975283481 2.90972795242062
0.536372163155431 2.83331310912978
0.540703221972522 2.75900856611363
0.542300519836656 2.72991156107158
0.527493769938207 2.9915622051721
0.541293428782723 2.75014298990041
0.541105721099022 2.75259058804727
0.536343257887109 2.83704618888788
0.530933128322198 2.92983974094759
0.537610608914687 2.81016468629346
0.545900571326736 2.67164435495062
0.534866820691906 2.8619193619517
0.53459518135978 2.86737757405364
0.532869630106115 2.8968609503872
0.542444942345268 2.72651278251203
0.533774678432806 2.88178763101715
0.53200560581243 2.91033304985089
0.538581602760382 2.7992849857552
0.528125333346199 2.97707212082178
0.536961866095826 2.82379174775006
0.528993706658307 2.96523766765846
0.520993481900871 3.10500344178559
0.537969509434206 2.81321984789404
0.535936805714529 2.8435449211937
0.534002216183968 2.87643483422083
0.535591070587703 2.84885501748939
0.541895039707522 2.73977237623085
0.527183616252656 2.99271620565884
0.533448718341938 2.88404512961438
0.541024596650931 2.75580849454773
0.536682173205884 2.82779130787811
0.537163016552781 2.82554629892418
0.533272048980245 2.89356127616323
0.539699375382153 2.77735562144934
0.535587244224056 2.85032131620174
0.545988438378549 2.66733911305961
0.524983790928957 3.03440184682926
0.54044717849674 2.76462466196937
0.535515345523342 2.85119016382819
0.534323405745383 2.86984768715722
0.532527572740993 2.90049162335215
0.537145698344966 2.81821230394492
0.543660949020873 2.70748685144078
0.531384500938554 2.92057144762766
0.540779398173384 2.75687932760262
0.537371033417688 2.81760806384822
0.537728834601313 2.81123928726953
0.536431261409137 2.83954358091221
0.5270779146803 2.9973489222848
0.53623434879674 2.83579685902687
0.529497152941157 2.95922964851164
0.537263613793235 2.82144422529316
0.52780080451367 2.98505139241459
0.535184794927764 2.85454261292745
0.535941229422027 2.83954341879766
0.543728636622951 2.70760080320698
0.529324142165113 2.96382233794095
0.536580014069236 2.83646705552591
0.532449439120792 2.90288733518358
0.531430189769833 2.92146224588647
0.541075683482592 2.753753601699
0.541232172369189 2.7514139018838
0.535098433086217 2.85888610033131
0.531427891371995 2.91909286795704
0.530369697362748 2.9383130839789
0.531002760752103 2.92932156114117
0.534911602597897 2.85171832849673
0.528825618151073 2.96304669092627
0.535044223801519 2.85681542548347
0.528756445874014 2.97040457052272
0.541151906567745 2.75059195295033
0.522132586615039 3.08162386042256
0.529601783134046 2.95791745157341
0.531193830546495 2.92997358041204
0.534752058560737 2.8654251201129
0.536482729736232 2.83159501623965
0.538291738636352 2.80109920578999
0.53506519915347 2.85491066562666
0.544273534388666 2.7023016460571
0.52257665922813 3.07830487624174
0.540514491516363 2.76188518092134
0.52274513931575 3.07568855292312
0.535774865256363 2.84351258935098
0.531597114413996 2.91634232045906
0.527952635236198 2.98538185483166
0.537779236904997 2.8156670344029
0.526159247543743 3.01138182265714
0.529136101003225 2.96022589473819
0.535273702140085 2.85639054312032
0.541145961950064 2.7519142605033
0.534827457143893 2.86517601373169
0.539422161732068 2.7817482100687
0.54418436783232 2.70032422493863
0.545062111776057 2.68320227858499
0.536278086312684 2.83347949087324
0.533864451546561 2.87460539398324
0.533206085818388 2.8894774004646
0.533403225267452 2.8839090576287
0.535012317943104 2.86035578517744
0.550215118494929 2.59254026341063
0.529375312097784 2.95595785463238
0.535643982406362 2.84799226769182
0.539281035124338 2.78633070651009
0.52955788316214 2.9566202447646
0.548671341189366 2.62134058575298
0.53847687092888 2.79916873382161
0.534569797935514 2.86756837381985
0.529730957733604 2.95273713570113
0.523571787558114 3.05866193454056
0.537049622463905 2.82668058425834
0.542064361374691 2.73877380458655
0.53012808364613 2.94740683836946
0.535843680164084 2.84368230624025
0.543372528554963 2.70792964557749
0.537958177790086 2.80612058338686
0.530937911060638 2.93163779873622
0.528740410027302 2.96986877677239
0.536891411315909 2.82892136970501
0.543983521479462 2.70149084589423
0.535630262060244 2.84560922788934
0.532247167305417 2.91009386893177
0.532640769440596 2.89774075454292
0.529059736094491 2.96457864060869
0.532518961489451 2.90107166523631
0.544112497768392 2.70073096432508
0.535859212468011 2.84574634690173
0.54196482386905 2.73402270415041
0.539348786142044 2.78134475391117
0.541681878227136 2.74217921039645
0.530858469215991 2.9288440521206
0.539668878909324 2.77830499300986
0.533940620445252 2.87840726871981
0.536919391284109 2.82861048908047
0.533694124024599 2.88094898188582
0.531369450541696 2.92343337584096
0.533649798075367 2.88101343471729
0.530731562058827 2.932219376948
0.537685408073297 2.81163041402495
0.536303964672752 2.84179407702287
0.535248640785502 2.85443057593159
0.542457159851083 2.73240857020919
0.530337288836701 2.94396972204469
0.530007047922594 2.94637464015676
0.523214495229489 3.0661333740104
0.544799819889181 2.69103704147906
0.530207766884607 2.94415407283804
0.534443390272305 2.86492049116596
0.533271866028017 2.88502268820887
0.532532066072533 2.900126521565
0.540306774236805 2.76672535530064
0.530386670972886 2.93940030316228
0.532687507863817 2.90233496604767
0.535445387189542 2.85221810597623
0.542378441551839 2.72778841241517
0.54494330682797 2.68469448359118
0.540463917370664 2.76506630848928
0.535142711410446 2.85642595462658
0.54281237160466 2.72353626615733
0.529305549837441 2.95843188233915
0.535791461549788 2.84366463326517
0.534188573102125 2.86916617506128
0.533175472222675 2.89265679269178
0.539526796792907 2.77928050595174
0.540255562526851 2.76308685816948
0.528741797632088 2.96837643612603
0.527907118668641 2.98737082269808
0.528549595921126 2.97481435701699
0.532173557376625 2.90414274046766
0.534683994863423 2.86502262330555
0.538879933245086 2.79380674671236
0.531546757114706 2.91943913547723
0.541924461972666 2.73622869567566
0.543270329014819 2.71705609594118
0.542793879839703 2.72452370979721
0.536712335148788 2.83046074834385
0.533449620387939 2.88731539310889
0.537662769141302 2.81524760106734
0.548063000252557 2.62948661454578
0.534654592252087 2.86260372948361
0.533550996786459 2.8853370122347
0.535433904522576 2.8525972351365
0.540900870888653 2.75730935374131
0.53551524358088 2.84883217927268
0.537414144858486 2.8176334838076
0.537824535244031 2.81168152736562
0.541811208484639 2.74203518602782
0.542802531798589 2.7240365576818
0.53002136394567 2.94688124584787
0.532876615598657 2.89895655232685
0.537019319317262 2.82173615130498
0.532994067036096 2.89420448783979
0.53872304623807 2.79307633974343
0.53672792714911 2.82935466058052
0.539493884401392 2.77898957473285
0.540377965388865 2.76239498930452
0.542634933604876 2.7230925883824
0.547834349583844 2.6358998575801
0.529363370239459 2.95906692025951
0.539800143994351 2.77313970609839
0.528902457637557 2.96655726092034
0.534163578542764 2.87698970465825
0.542201723504549 2.73098932954613
0.537228767732568 2.82305772165749
0.527229436178028 2.99494747165189
0.533744257995415 2.88389314399881
0.535835130552728 2.8471897086571
0.533772741976501 2.88409385000892
0.540224650526493 2.76929262438269
0.535131825106638 2.85648423331462
0.538174864448503 2.79844549977574
0.534918955862597 2.85910269244993
0.524657788422635 3.04376023640018
0.54355735780066 2.70589715366999
0.527383933540228 2.99371312266217
0.527349776021004 2.99371890094018
0.52464956828754 3.03894680948136
0.537712564252558 2.81322676846425
0.533228630746046 2.88807154973261
0.535611178977303 2.84839246205051
0.537554110464992 2.81564454062426
0.524747490075193 3.03822137166023
0.534583988143901 2.86644656956373
0.532274372141706 2.91041159311241
0.53808863252201 2.80607029401941
0.535174762595515 2.85725041555945
0.539179151268734 2.78543978812828
0.528941863860019 2.96559153556653
0.539473414051756 2.77893522595867
0.536775379186042 2.82675802708495
0.529316367953204 2.95438580305387
0.538094423256414 2.80485884842212
0.541386171343456 2.75069999392636
0.532297168638493 2.90926231175818
0.554591408799928 2.51423275916118
0.53426997388675 2.87196257814688
0.524955461130448 3.03269307770807
0.534269404043364 2.87004375507376
0.528915895648122 2.96751579749058
0.545934418825886 2.66795235901327
0.537858202009314 2.81355940856292
0.526315922317979 3.01369274056726
0.54216643954618 2.7350575818663
0.538469134248317 2.79782543438693
0.543693568800808 2.70659588431465
0.540869970062138 2.76175230785841
0.548172068062827 2.62749855483679
0.536308150874895 2.83489663784765
0.533835405121579 2.88254156433823
0.532163651347637 2.90785760408043
0.535971074560608 2.84227508272901
0.535102235551453 2.85573526392696
0.524588165908997 3.0439063216628
0.546997364696828 2.6506429298368
0.544496780242688 2.6927865950019
0.538619960035957 2.79493981395517
0.525197870974581 3.02942850519274
0.52990827563163 2.95170057962335
0.529473530548637 2.95344076513895
0.528714971723628 2.96537273235633
0.54020439590775 2.7681754669792
0.533072599813934 2.89370896002911
0.525228907322725 3.03439936064774
0.53902827871666 2.78613001197801
0.535610719002974 2.84800405930587
0.551097200386847 2.57940680715743
0.528525069851753 2.97349892105095
0.532240985357123 2.90872847371451
0.542415851173179 2.72872990741188
0.52764982965726 2.98755641136092
0.530571971463665 2.93513200642064
0.533022750674274 2.89301985448609
0.531143368703465 2.9283666116653
0.531019407135039 2.92884478909113
0.533896349910991 2.87620001633651
0.537427826110857 2.81705477585467
0.546690874527307 2.65135523844071
0.540777696137985 2.7589340051445
0.540443929132712 2.76741880366662
0.532492131545052 2.90223790772429
0.529716206088265 2.95246923660483
0.527453711423827 2.9957484371702
0.537086459556676 2.81979559207185
0.541321570020801 2.74472156812381
0.531377354329509 2.92136843354808
0.53662016491626 2.82882640179738
0.541111912837393 2.74893614277432
0.527460914331096 2.99073295721369
0.537759098781276 2.81435627983688
0.53958090951017 2.77840545295038
0.528012073938324 2.98357386316158
0.537340626847059 2.81987800198515
0.543684128509624 2.70683562605554
0.540282472278716 2.7690570399771
0.53338110690589 2.88512545355395
0.529649471066166 2.95197725975677
0.540245754444895 2.76360662066942
0.53285114131998 2.89810073392876
0.529900305894857 2.95064816072968
0.539943750589654 2.76888037236778
0.526668900873291 3.00822376205224
0.52474776271252 3.03839086764706
0.517332978626436 3.16897580667877
0.541543201510562 2.74812252400916
0.531294930458126 2.92275984800131
0.535534362509511 2.84726986403564
0.536276141638013 2.83914601040122
0.537832212241103 2.80987543885528
0.529310898507381 2.95998974870613
0.532733463529879 2.90043917844067
0.53707735679751 2.82526032324809
0.535069585767128 2.85498819361135
0.532294075965938 2.90793843981086
0.544146980771038 2.6997302463358
0.544161798927735 2.69761673046899
0.53079760982204 2.93408136417139
0.539691935979243 2.77729837464677
0.527117686946515 3.00114028973063
0.54385687964327 2.6989748883414
0.528111628379284 2.97666193913403
0.528239526036856 2.97818463244153
0.531254927079815 2.92374278171546
0.537238018334248 2.81699591744492
0.536897689063344 2.82516847538779
0.535335111148995 2.85436137500586
0.539380127817604 2.78195868541265
0.528763047553782 2.96780465191773
0.526094555869123 3.0152955940549
0.53375912878532 2.88052190422209
0.53502121742166 2.86097059524957
0.532611311665244 2.90482335006419
0.525457852235305 3.0259457357844
0.539824982160685 2.77794564611933
0.533284892410775 2.89244819662154
0.535803886532609 2.84339127770596
0.549716291485909 2.59884234394967
0.538289811779373 2.80020687414588
0.540457803364563 2.76702541961856
0.534185261865483 2.87348885763691
0.53458959071159 2.86436794363017
0.532619710240245 2.89530167198946
0.533991752664566 2.8751831562979
0.529204807097464 2.96368318826758
0.526180422374737 3.01382756682372
0.525278814463612 3.02693549431765
0.537954687651495 2.80444723318228
0.536919874941259 2.82509642864962
0.535576380944866 2.84915564480155
0.540720452965198 2.76116107132847
0.53567354479757 2.84638977642278
0.534303264490954 2.87177888681841
0.526904213665647 2.99874795269645
0.535009209583349 2.85855564630339
0.527658781450714 2.98982361309145
0.538690403933815 2.79311673098325
0.530031852643199 2.9461919314989
0.524208322605283 3.05402110496259
0.535085930776127 2.85915554683908
0.526850537579571 3.00368290289551
0.540689091612147 2.7580147502928
0.525881658224418 3.02093787201392
0.541173604148716 2.7525571572647
0.53300086677567 2.89442137739136
0.535514079158894 2.84604810500516
0.542260398744893 2.72836226764742
0.54320160466801 2.71598611317348
0.541596174253458 2.74045484017961
0.527006225131666 3.00176702889012
0.545516848882067 2.67515534174635
0.539222729897504 2.78761206996849
0.525224083757132 3.02936822936942
0.538339224245815 2.79864412108899
0.535339445822344 2.85252928534769
0.532973596828182 2.89441223506424
0.543102513811608 2.71410878659432
0.530918517801757 2.9298520709503
0.535396379403016 2.85464917726337
0.536047774277033 2.84004468981369
0.536748640674979 2.82987388095169
0.527034658556345 2.9987433412126
0.529521208874857 2.96086669109243
0.532850737844547 2.89455340058003
0.538704455689305 2.79274610389538
0.542583173373604 2.72640591588742
0.533907657138932 2.88136301828194
0.532755870322244 2.90374190714754
0.540915305364862 2.75801670390805
0.533539843392594 2.88552191334307
0.532821186111201 2.89906378724236
0.53792191658929 2.80832903850227
0.539688227248918 2.77590433648257
0.536344143036863 2.83582471453499
0.535621600564522 2.84289450009947
0.537609136670471 2.81482148696586
0.530518801721863 2.93846297190101
0.524005829339677 3.05604086368597
0.530795293801208 2.93274113278072
0.529776826906371 2.95265629565105
0.532659277312449 2.89549878522521
0.535554908744222 2.85025071232673
0.537887154394457 2.80953639883407
0.5435056742061 2.70888061253524
0.529553387277029 2.95726385046448
0.53239970040749 2.90295991790387
0.541771845901879 2.74085981221777
0.540936423513063 2.75183154894171
0.530783421787569 2.93600033151169
0.535041090046365 2.85812049465652
0.529902473712673 2.9511594102614
0.532276295031947 2.90982170124066
0.54449161695498 2.69168270220577
0.527549656884254 2.98704105532337
0.52938875027936 2.95763569380875
0.533678618107804 2.87818383177013
0.536621709852049 2.83249757469779
0.533954240719375 2.87876269871316
0.535855248795886 2.84996725953646
0.534517665958913 2.8676821913222
0.525129877033372 3.03441221791658
0.544988681557587 2.6845055040074
0.537206953042648 2.82030136043808
0.531666607629897 2.91426531117793
0.537402902418611 2.81966155967926
0.542029027037038 2.73097980818382
0.522060150662357 3.08525765778712
0.526604305101043 3.00519949002983
0.548725389982066 2.6182259430932
0.525186591694981 3.03198145286261
0.545954446498276 2.66423318465296
0.534488106971765 2.86793729084782
0.535942827917614 2.84079159338356
0.533951729483478 2.87819708876701
0.532169258491676 2.90728001635875
0.543339993811271 2.71286083521697
0.539972340831751 2.77266916237989
0.534058652557518 2.87910906690961
0.525014959609817 3.03399683168641
0.524625289759649 3.03524202383202
0.535367275401763 2.85379188546813
0.548776877662277 2.61945580574607
0.528687095232476 2.97064193692841
0.545700509319662 2.67232307524795
0.528997289899938 2.96354617131334
0.530109640752147 2.94442650008971
0.529525584971945 2.95458586826759
0.54174784712129 2.74443538824492
0.52907950605809 2.9638919629745
0.547910941114918 2.63420090210599
0.535753335406907 2.84808288473902
0.526342092236188 3.01365602011763
0.538056554397767 2.80630794394379
0.539307336166906 2.78527791595412
0.531942070120138 2.91074515970335
0.535291996082524 2.85224014940393
0.530685618478445 2.93246981561095
0.536428043234671 2.83561036112095
0.541932127158155 2.73619597159752
0.52568668435917 3.02092446371648
0.535473963677582 2.84983820849277
0.531123784778084 2.92526478781859
0.527977437959797 2.98051963440738
0.53558568717237 2.8488534314607
0.528999829774045 2.9647748446719
0.529912829373391 2.94914814031669
0.541782542315806 2.74104846889327
0.54293782207322 2.71736370097261
0.538339190624742 2.79481611079449
0.535616877779546 2.85009591884198
0.534848941397987 2.86088291950542
0.533554361015783 2.88370649833519
0.533116132958899 2.89428654181891
0.539129466917715 2.78571302844399
0.536161898337254 2.84056364922326
0.540769028733797 2.76010438585835
0.522538984086244 3.07837636333828
0.541065177168159 2.75553015865924
0.542665332310249 2.72543573300583
0.544534303959606 2.69104153376724
0.537180624813506 2.82070588921897
0.533370912992651 2.88405492148428
0.534023676769809 2.87484871052455
0.539254260114188 2.78408526144426
0.531061096968339 2.93143364896466
0.527871549268751 2.9827002499571
0.542049896000513 2.73943314671338
0.539763275577592 2.7759895983276
0.525816731678223 3.02164630971562
0.537657782892382 2.81435728743607
0.533997326048121 2.87998488047585
0.535332484979704 2.85361629521872
0.52328531585113 3.06209795337832
0.530286394188133 2.93980497408091
0.532750327384649 2.8977149739319
0.527283275312106 2.99793448607976
0.535081060210134 2.85652774347923
0.532525047364648 2.90576568718736
0.535951862915643 2.84090787331136
0.547918692000543 2.63512852756749
0.527549070231719 2.99463154965875
0.536428242353622 2.8318516361228
0.524838799628883 3.03796491787624
0.532009906388322 2.91251354400838
0.534811410986438 2.85758491176625
0.533431690501943 2.88390331707994
0.533135714813397 2.89530405153357
0.547503653282127 2.64050789032691
0.545486938603865 2.67285594982428
0.544822482075461 2.68685957703052
0.529248931413574 2.96065170794029
0.544028328619606 2.70246268972442
0.539296313821545 2.78215419865586
0.534539040928388 2.86355055190046
0.536347202558857 2.83652667325843
0.542503886717673 2.72749271939172
0.542383242155606 2.72990013565925
0.530046345313185 2.94628923451492
0.535047228021284 2.85680949436909
0.531699423940312 2.92084336837011
0.540873924935371 2.75360181503409
0.531438289989083 2.92016186614334
0.535483707962971 2.84906268263569
0.531254115319336 2.92440893422164
0.543384332523542 2.71158605076225
0.534120990850954 2.8725713050573
0.532918088880638 2.89848809948574
0.531439207345579 2.92050050623993
0.526709412342738 3.00660655545994
0.531137360602718 2.92497971014848
0.542311237128283 2.73088769282414
0.53042350493658 2.93891060380756
0.537093177371974 2.8202635303593
0.53672660406166 2.83185243406191
0.535315661688585 2.84832955418855
0.537995765652284 2.80752138184335
0.533359761371221 2.88354186659401
0.536901595558742 2.82565825849546
0.544541908095796 2.69050318587599
0.533070659287222 2.89486841633594
0.535394889488556 2.85266235588651
0.52353819115364 3.05946020703858
0.528198380072782 2.97815506507621
0.547211974315486 2.64691389837813
0.531588619814771 2.92453446552005
0.539215396945579 2.78064365467466
0.533917990836732 2.87850631677703
0.540703280996848 2.76015044122006
0.527522432312288 2.98949184397406
0.538641768313677 2.79611879886696
0.53740999467276 2.81803499725416
0.534105111600205 2.87531351452248
0.536998774846912 2.82439644851299
0.530606051181339 2.93655670944198
0.523884890421548 3.05577515061306
0.532192483506496 2.90745939186147
0.530138039663393 2.94236539419375
0.53740696022094 2.81456086890748
0.534572130660224 2.86638413433169
0.528549587586782 2.96990856938671
0.528587473856661 2.97454872498472
0.530654295259916 2.93479641905048
0.534406525124154 2.87354641564723
0.540264935461735 2.76619701037834
0.535361473324098 2.85700533394807
0.538010241687272 2.80733773866777
0.531437098085328 2.92064406299242
0.546757969400617 2.65539521108657
0.528257923623236 2.97749335250863
0.532854989103227 2.89455911642139
0.532072488544589 2.91039676353883
0.530970285181059 2.930235997316
0.540931634475961 2.75461195557046
0.530172999998274 2.94362963407517
0.522303654185292 3.08258925229518
0.529251823829136 2.95932857882453
0.531728016777593 2.9190149682807
0.529819052027782 2.95161051377349
0.532371763505461 2.90324517867403
0.538125446654793 2.80425113324174
0.532481600418952 2.90730306640572
0.541691510208479 2.74158934706001
0.535998015066229 2.8402007441566
0.535113566471092 2.85838118991424
0.527421603760166 2.98915919975751
0.533783420857 2.87934635741564
0.542901539022405 2.72554573319309
0.544017696681456 2.70385635121524
0.535497687873976 2.85047496319552
0.541525990175363 2.74258013590262
0.54014966334315 2.77234805723032
0.527624569283715 2.98847070904392
0.533007851605521 2.89229740929082
0.52115705190732 3.10379510146792
0.529249080665633 2.96161668137173
0.538905739297824 2.78731934250866
0.539401297403064 2.78129820949887
0.526630345330463 3.00778678178177
0.546346645630778 2.65934905351685
0.536356455548644 2.83472989495388
0.526559291562557 3.0086002654025
0.538344467226687 2.79942927443589
0.53353369738264 2.88655671224053
0.539775753960438 2.77408197408781
0.544157342273392 2.70006180143918
0.542585160603982 2.72862015513998
0.538882198372017 2.79249347020948
0.538344963306221 2.79838953852931
0.533578847915168 2.88224025469955
0.534199510918688 2.87305250016155
0.52783748773255 2.98248113761576
0.529890553034956 2.94834326848282
0.538949303051314 2.7858166351253
0.53253054977557 2.9004896067793
0.528834951944059 2.96846595296295
0.541162176555568 2.75230575029834
0.525693602983067 3.01976127033734
0.534792036262529 2.86302428612176
0.529092731182264 2.96854547146646
0.531846134843238 2.91555093823554
0.53787859679362 2.80725197626007
0.544176328368051 2.6996916840323
0.543452851750681 2.71161246313302
0.537281241347494 2.8191426684911
0.537619472579177 2.81090297347468
0.539286391998898 2.77926370244737
0.540652375166694 2.7616984219722
0.52831955531095 2.97484255328459
0.533913821619802 2.88019750915096
0.522120200437551 3.08368266129264
0.528081022072937 2.98243440227837
0.539728207830726 2.77534005311779
0.525514516974753 3.02241546133257
0.525718970399232 3.01908554935195
0.530314897280558 2.93634849730323
0.529127865873939 2.95737667648638
0.534551398200874 2.87147915281664
0.530196753547441 2.94094068982824
0.53119181085984 2.92757797618073
0.541007026759905 2.75600539185348
0.53287688762916 2.89451000484419
0.537752537128434 2.81334963828884
0.534654873103809 2.86225450101531
0.535275547798392 2.85996749889264
0.541454410885157 2.74550274780294
0.541408262474512 2.74614887948816
0.524951192344195 3.03314666784213
0.530385584494828 2.93965755529732
0.541295914344287 2.7463138817992
0.53124435593111 2.92493955627872
0.533245342495855 2.89295985161102
0.54044497167055 2.76343340489128
0.537785931595256 2.81242429109092
0.530965763718403 2.92861403045297
0.531028775453983 2.92806173783043
0.534337764680242 2.87337953145892
0.53197999949742 2.91138156821093
0.537249779932133 2.82149846350571
0.533816792011989 2.88014540433837
0.549545292028512 2.60359204203524
0.533008371879209 2.89673995695088
0.540178814824469 2.76570133854206
0.543354204164112 2.7149586507355
0.543645021075196 2.70906564307872
0.531659761239278 2.92097369750244
0.540399417595182 2.76572767839376
0.525162697559317 3.02969660179189
0.532473432704871 2.90670355715693
0.525729359060227 3.02503715683567
0.531430450903947 2.92304767895472
0.540544831359824 2.76159484570479
0.532609349115261 2.9013926560003
0.540417055327995 2.76510008222251
0.539761509451554 2.77554910963503
0.534612643300035 2.86519483539395
0.530848252302901 2.9297630576106
0.537028685742592 2.81606427050138
0.53330984068613 2.88788751618645
0.535223025386455 2.85450239543943
0.542496158257276 2.72799677278679
0.525230556204426 3.03293997248907
0.529918759590922 2.94631914657922
0.540427635449487 2.76811928722225
0.528143146607499 2.97742507937371
0.536101453285066 2.83936115125098
0.530086085318766 2.94575059974587
0.533466895036655 2.8879884936421
0.549580054502894 2.60512913269787
0.544495022931696 2.69303552757199
0.534193304532881 2.871662464906
0.530978229722971 2.92792069658529
0.529663974289944 2.95347952758893
0.533376051499557 2.8909688343218
0.539500566235872 2.78353829726235
0.534427729757842 2.8724236208612
0.537221358886801 2.82244652046986
0.54096666472792 2.75557271761466
0.533656111914674 2.88209780733211
0.535711028167646 2.84797073996335
0.523568719622181 3.06102499027265
0.531700339486 2.91551752226677
0.530458589238684 2.93776394554357
0.53205897306001 2.91181714794808
0.522789222987862 3.07336154446215
0.535981527478889 2.84239142779389
0.532801187118504 2.90202611155614
0.530366731782988 2.94294423467496
0.535945987085874 2.84153144642664
0.544645730175375 2.69190434943768
0.545075282739254 2.6846052466558
0.534684859437329 2.86448879648965
0.527835000709031 2.9886009623407
0.533724522682775 2.88299662730219
0.539293005515759 2.78341136734739
0.535282824503285 2.85805562820142
0.532823079922426 2.89554422938826
0.536570499288415 2.83001808582341
0.539242139716879 2.7887356086839
0.53318179855598 2.88696851339493
0.541483750726534 2.74237208860875
0.532441134074411 2.9021496639167
0.541958651728247 2.7360549143738
0.539508063703534 2.78438436620249
0.53657134640142 2.83358505510196
0.529507331184146 2.95776570581923
0.543555607789364 2.71471206305425
0.530477791698563 2.93941535593726
0.537578057191385 2.80953986871496
0.536691333497082 2.82925739378531
0.544424013404904 2.69382359004488
0.532215302054319 2.90545241347497
0.535365546531633 2.8527665663931
0.541301012822647 2.74606972131883
0.537578553252811 2.81412173363467
0.540240855760368 2.76600529783157
0.530426725835091 2.93986837790181
0.539879471196036 2.77413980779653
0.542452602608851 2.7313118323387
0.529477778948304 2.95749138607757
0.533618421320567 2.88234571561275
0.542134806528706 2.73482367850119
0.540748214633768 2.75600187380688
0.539852093971765 2.77263764640347
0.536039231146613 2.83812316548341
0.539415249669088 2.78179149030691
0.533328079506937 2.88638676146712
0.539221904026816 2.7854767104851
0.527545663850823 2.99232931228368
0.544835033353427 2.68447166114879
0.539020125800743 2.78580348107058
0.538112406265725 2.80349202843774
0.535960050773494 2.84493936135219
0.531462609560466 2.92230943318511
0.542355664086886 2.73272302587561
0.53391601073251 2.87711948438414
0.545272955561794 2.68183377702003
0.544096857243588 2.70100520796897
0.541662329442494 2.74179940348482
0.536642871998985 2.83074562737077
0.538578603457129 2.79713977841975
0.530383793600358 2.93646315189412
0.533993716198863 2.87619316978088
0.533305336344347 2.88838557448953
0.52785107640018 2.98480987781728
0.52822723630023 2.9760892829339
0.536665728418116 2.83214109749371
0.547297565391027 2.64597890490871
0.529965189018147 2.94777741773938
0.540596383780884 2.76293716892448
0.535666081385599 2.84389056797204
0.539371859663122 2.78236773568333
0.530454994963339 2.9410526725548
0.53140587251802 2.92114902259743
0.530710702224795 2.93276653651747
0.539321130116465 2.78201529863025
0.538288094796033 2.79993104786246
0.523652739122909 3.05931174118437
0.540331341053123 2.76840132384823
0.536513605277218 2.83247721893975
0.53512088423972 2.8554410370188
0.541225047886721 2.75395951040172
0.542517731229 2.73024911660812
0.53952184688818 2.78172351357308
0.531802428443245 2.91679003946776
0.537941557378932 2.80902870183481
0.526266119920672 3.0115651216986
0.536959854963589 2.8236672159245
0.529888680311523 2.94727507596038
0.538407192104017 2.80147523762476
0.540959064610237 2.75066030517394
0.536901135540204 2.82589242820666
0.535394338515876 2.84992975156965
0.535369643182141 2.85327110010481
0.531956547893958 2.91345569162708
0.52763625765948 2.98907511909255
0.53073342819167 2.93445137356494
0.53099500148109 2.92966927645653
0.529022517432384 2.96073336292811
0.539656260824613 2.78009936985941
0.541832929502799 2.73959152269466
0.541071290592606 2.75512898384106
0.537052199646429 2.82397074212689
0.538878590152216 2.79396891747505
0.534156411900026 2.87432669845921
0.530838168716158 2.9301867835997
0.529484286026421 2.95755504413902
0.530801084099011 2.93334855544951
0.541799450443312 2.74277857873347
0.539317775034575 2.78468130893265
0.534333198777941 2.86942186213214
0.54264406362544 2.72328865768814
0.539243244107231 2.78645412610781
0.528680324217938 2.96575676749466
0.541452032668339 2.74478029525737
0.523506506150182 3.05995582261789
0.533032093316088 2.8932858931054
0.539152645828251 2.78578458070083
0.528778180188052 2.97117190966918
0.523269954466565 3.06326294106737
0.538778484954337 2.79653137615003
0.524870954230697 3.03503785506335
0.527240600921365 2.99335781066129
0.52804396990097 2.98138421852535
0.530706519684607 2.93832655194247
0.525344134206952 3.03079857098634
0.545377615663975 2.67677432409361
0.534577772656281 2.86343849404502
0.525775006290685 3.02179378251377
0.536817988719883 2.82439602082342
0.529084640058879 2.96381150796409
0.530020546590043 2.94383664932574
0.531887875756985 2.91452564688622
0.534781970935553 2.86285656728354
0.536389968930027 2.83378644698083
0.530884785432391 2.93356418087525
0.540897635532003 2.7571669269028
0.539609519712516 2.77844016332713
0.545026781506262 2.68258204402941
0.538747594564233 2.79621450221013
0.539082487879249 2.79046630613665
0.528638415097889 2.97081613827465
0.532438542270026 2.90532702939101
0.53629321231732 2.8344681204168
0.526722548218469 3.0003019083372
0.532626372008267 2.9037190843389
0.537775350472564 2.80743963965101
0.539811013797829 2.77712617859452
0.533723303099789 2.88147587934761
0.536325001693017 2.83718972477284
0.543730986302418 2.70618515498344
0.529784938230803 2.95219306602948
0.531033190519251 2.92607503272952
0.533493884164293 2.88530928068969
0.533330986143839 2.89022930959558
0.539814236289498 2.77876601462648
0.528533072381574 2.96995378795293
0.537897780844907 2.80695229904533
0.531231504573781 2.92587867465596
0.525006261347515 3.03042235731299
0.532895469797207 2.8941540422246
0.543091403041075 2.7223041833087
0.533110363996548 2.89311446982017
0.548479664746926 2.62026366970202
0.535529229127075 2.84756446393961
0.531511756613592 2.91837556407101
0.544035330819788 2.69993014465144
0.535857099522329 2.84369873580548
0.540214306622034 2.76710971046495
0.538829117775887 2.78781956934777
0.535339212172985 2.85121420748551
0.541221297339934 2.7471368593437
0.538051703155475 2.80782087635346
0.542681847466553 2.72638447261818
0.530552220053422 2.93708703442581
0.542231574210789 2.73611170042658
0.535765101379723 2.84396473217604
0.537665056300445 2.81386760291133
0.54077282771787 2.75811642193894
0.535194036888491 2.86002525747948
0.521904572004296 3.08823392282866
0.532458950574684 2.9002360625278
0.537785224017288 2.8083436617993
0.536166993585353 2.84076554485908
0.537929508845143 2.80965373921731
0.530956237605224 2.92924971237121
0.529675765578101 2.95444920810235
0.537608359033616 2.81769466114178
0.550757189049179 2.58489841876136
0.527590321344081 2.99073478933599
0.530289709174644 2.93816629863003
0.544734100594479 2.68515195102383
0.533897985882812 2.87632321650498
0.526199615556219 3.00991438166607
0.541326846371724 2.75200243817692
0.527325112250463 2.98951194706651
0.541993419355697 2.73243005944968
0.540422512747836 2.76606227165312
0.54159132705707 2.74090611621662
0.533280370969636 2.88739465054251
0.536565194260173 2.83080182163508
0.540601634849735 2.76022135293605
0.541215559732086 2.74998724825055
0.536848723992388 2.82811397698
0.526607827488632 3.01022283359982
0.532160042219624 2.90427656870981
0.53063484862918 2.93859843763554
0.541347100444006 2.74904023573339
0.535754093443816 2.84672682661575
0.530201548692843 2.94023934182503
0.539782610942315 2.77485731542416
0.517052019676591 3.17159342081305
0.549625656764384 2.60111421449307
0.536553425154062 2.83097486480976
0.539813847082962 2.77500528848415
0.519680813666541 3.12686303472432
0.532941631275158 2.89485106090214
0.539542433099591 2.78026755166146
0.535145480731218 2.85539172500171
