0.412399122672457 2.74266882110804
0.408348872667324 2.85574334878924
0.400595116369733 3.0683648208038
0.393330213800042 3.28759304829478
0.429673727023507 2.28323927658293
0.427771341928942 2.29359322088427
0.414320555275677 2.67734012578665
0.386086909102455 3.48439649497975
0.396441358403066 3.18862455713889
0.412547570180453 2.73250929943313
0.42755086881071 2.33079392339102
0.419887743256157 2.50713020700023
0.420706160090108 2.50107372861818
0.417770110512312 2.56462386717156
0.415845855801401 2.61781433967814
0.410923320208807 2.78118973109846
0.41788680461952 2.57001586959252
0.395615646513042 3.21780666510663
0.406607333293583 2.90561720061372
0.41094384434755 2.78221456518052
0.426168025407377 2.34314783855843
0.412425651376103 2.73034924700247
0.404509572614376 2.97016562308184
0.42304778287398 2.43702806476315
0.418793677822306 2.56294680433802
0.444485652671572 1.81154548888131
0.407949958162051 2.85150595464411
0.441576254761019 1.90807284361692
0.411019749498193 2.77677053664086
0.410520086925959 2.79964253392151
0.409644806331632 2.8179204644805
0.420192581519159 2.5085151304923
0.436754045991401 2.03245417091201
0.416997847151146 2.59799765882031
0.414804660193473 2.67972808685842
0.411801477903768 2.75814861524692
0.43669549661626 2.04171122435383
0.377689948557829 3.70607386190818
0.404000470569311 2.9706583349288
0.397549334125147 3.18321777599582
0.423544044928347 2.4140268895601
0.433925598147764 2.11655297332433
0.413368272286997 2.71194250021735
0.429013368365781 2.25488473199989
0.410319339245785 2.79622638839027
0.438679059138995 2.00787189602427
0.439436354075061 1.96545920157012
0.432840798216127 2.1397468598824
0.398124213992745 3.16311176629628
0.433389111360281 2.14682025379997
0.432303196973014 2.1719241966252
0.437400005612184 2.03636883337297
0.424628464697833 2.39719887170466
0.415644531222368 2.64305684666541
0.437787303932598 1.99643355882018
0.417470686956738 2.60327789479646
0.408750056555961 2.87215227063135
0.391527384428218 3.33729274630251
0.434668986728274 2.09090996314643
0.428575802959202 2.26474019493332
0.418604576218951 2.55697381361757
0.405364871223259 2.95575613418138
0.41162516904671 2.73904839197202
0.445500407393183 1.78592965553688
0.421549518561607 2.48365108629786
0.410165633382875 2.78997971541234
0.413900668795745 2.71737822558031
0.416232921274936 2.61794157489822
0.424472731849538 2.37499048956803
0.414493362793763 2.67869849268909
0.404442090789392 2.93644355946232
0.431978634806714 2.16453732221914
0.40922262156941 2.83279288159737
0.376857419751008 3.77218473984465
0.407069904732001 2.89706796845214
0.408832887929658 2.81446770294243
0.399733783075295 3.07493976880571
0.428682574396075 2.28301169136206
0.420788711470789 2.49182856690317
0.403569389282441 2.98001857237314
0.398243705317389 3.13092079337065
0.406061723201873 2.91952888971715
0.434422157082953 2.11017868865245
0.437964682733095 2.00019080528182
0.411443282658146 2.76584381008369
0.409967777255648 2.80291042475473
0.433018697039082 2.15744418578701
0.419891902035469 2.54235798122033
0.41864341155671 2.565770176955
0.415939059268161 2.6366776847468
0.417414362626865 2.58555776554688
0.401918532054191 3.05120304749941
0.414766550995448 2.68241000671772
0.407397740499901 2.89884084522815
0.417293379978974 2.58844434719731
0.426406355507745 2.35822549283599
0.424868765341159 2.38693153736054
0.422779160798345 2.44727134923742
0.433927326097351 2.11742662945879
0.405186248433568 2.93690602242835
0.407418097971496 2.88191223794711
0.414675706276815 2.67422911799258
0.40281958349582 2.97904412294754
0.435158526031703 2.09550276662228
0.415468255261821 2.63060201275495
0.420210630047488 2.49235875376521
0.408532399175558 2.85736151892313
0.410334851401729 2.77695748497164
0.45467668487073 1.56214905727672
0.432607595134834 2.15324084447581
0.426994576253291 2.32166064372695
0.415129376428226 2.65871900661851
0.440650707769081 1.92140972342523
0.422954253023695 2.43045686267789
0.409875429495314 2.80180139686763
0.405872507829613 2.93597273821279
0.403197275385047 2.99473760297334
0.382955925480121 3.57886619153617
0.389585704912342 3.38098492031244
0.404034063281161 2.98631414936713
0.423373673920172 2.40741883114637
0.433069833865957 2.17170852669062
0.413940839508912 2.71255324553983
0.415356191587221 2.65721770204314
0.422054130489501 2.45113661018866
0.409991297851568 2.82046827990894
0.434725003875279 2.11154902349311
0.391255539963401 3.3494389462974
0.420601776590357 2.48621264665011
0.418115172045922 2.55475088261614
0.443452475849568 1.86157453259845
0.401070393842345 3.06052970576917
0.411121600426017 2.76485422846233
0.428082555723275 2.27084859789508
0.424828512127002 2.38120100396205
0.405162438084226 2.9475143362995
0.422862917452276 2.44219633313626
0.441311968154574 1.91339014694301
0.412602361744752 2.73447064988716
0.405019794991258 2.94691965285179
0.413947169339417 2.69832132153168
0.448731944901037 1.68145276383729
0.423701060341133 2.41873032367466
0.420597268022937 2.52208610809779
0.427914072947066 2.29279902236608
0.428662589476435 2.25680038215295
0.421477494949512 2.47025050794764
0.421153742686072 2.47993882535554
0.432449546370945 2.15556203466417
0.442643111626793 1.85819193767395
0.428766000656395 2.27199811881448
0.412203278334148 2.75379778390802
0.426153960985984 2.36741371181924
0.412027754576257 2.735521802831
0.431500366439327 2.21769628113279
0.411473096715939 2.75552785869321
0.414649901957372 2.66450516984478
0.402714581603146 3.01570838930589
0.395442134421172 3.19586685095016
0.435212147970425 2.09190015363002
0.414422420671043 2.66523066782659
0.391382536945974 3.32935345661965
0.433194970282031 2.14739302862457
0.405468227502889 2.94339808223789
0.400102425567993 3.10329641641238
0.423782604781555 2.40387486707308
0.417726355024823 2.59057990883131
0.404463834012568 2.95752680379544
0.423933484454127 2.41626994756368
0.411907307490804 2.76305718495731
0.425742919107956 2.36663639216115
0.412516113953174 2.73634025999603
0.436238257700425 2.03847429891374
0.424894453970909 2.40675194095438
0.420418492489246 2.5109349068361
0.42111070461297 2.46723542808863
0.423477501790575 2.40953073383255
0.383640952465394 3.5801896606051
0.396496635011664 3.21082325822732
0.405706339115035 2.93628170068175
0.410524570097066 2.79708651355797
0.428217490233032 2.26632591652104
0.405359797310015 2.93526953327539
0.426807727160333 2.33465293646487
0.439237661001796 1.96383544453011
0.41308601414906 2.68922105594888
0.410509281954039 2.79188134497972
0.386816114137642 3.46770986098299
0.430989200017417 2.19335291401166
0.408949438513213 2.82840429310101
0.386575085142449 3.49736914213446
0.430708121011389 2.2289491787712
0.429901485910941 2.23058154196583
0.399786632162757 3.12231358970344
0.423909421165037 2.40403878861258
0.41516273105102 2.65423567957421
0.401201668852312 3.05163296300624
0.417692853643187 2.57678914886715
0.423363314835746 2.41455031943973
0.416342738864817 2.62047575854688
0.427234514134063 2.30185115056009
0.415161517654126 2.6708108147868
0.425169162630975 2.35599275382867
0.393515267140611 3.28261904706897
0.416720646452255 2.62778809160433
0.395734772101475 3.22883911954677
0.432261677634421 2.13201593509812
0.414907052042011 2.65766631728036
0.436677258995689 2.05874695010195
0.423162579124343 2.43978678118208
0.431757717637697 2.18667929986185
0.406710187577037 2.91674750384782
0.420685577861021 2.52466102326439
0.407754016753377 2.86039041234045
0.40619661662541 2.92726674633727
0.431330330845664 2.19868598259667
0.439163821104033 1.98539738441881
0.416222514735374 2.63303722214729
0.414736443875221 2.7002608589424
0.409903614562292 2.79685795816613
0.404676950424716 2.96663509940966
0.408295462025195 2.82939464250095
0.411760821727945 2.77255839284978
0.424378562660574 2.38208863731662
0.417661458028469 2.60119866042739
0.418161940505987 2.56399103871808
0.410518146291046 2.79013419629071
0.442150735305336 1.90361669504204
0.434821648364441 2.07883338084295
0.377373217788497 3.75138376034852
0.409252427536046 2.83485438940204
0.451339317237179 1.61564853830695
0.417177706459149 2.56280469718549
0.408793613958095 2.83120089750821
0.426690377991755 2.3244016172943
0.404247958820008 2.99105182030881
0.416411821928395 2.61235617959818
0.404481490791176 2.9750971180843
0.427991126906741 2.28617045359374
0.427822481327886 2.31671177063739
0.382196822007321 3.58362942584139
0.388952502529367 3.38859520614919
0.434943557071916 2.07916507829762
0.407856002913776 2.88845441339546
0.41220741548934 2.74342535668464
0.402683138362896 3.00742350933398
0.440809867479499 1.95989537806083
0.429883004707899 2.23619775193822
0.411851370387285 2.74196511083849
0.417002365556505 2.57913609462442
0.410967540795898 2.78580914586169
0.411612616307695 2.75441591615474
0.419036829613771 2.53826016913842
0.428451555587891 2.26797383605091
0.432346781197075 2.17563466222943
0.407991464831345 2.87065217432888
0.437118022115261 2.02078257550795
0.412028559018036 2.77634539553856
0.454195684769438 1.57795071437445
0.421452380602505 2.49757421725359
0.367551516678175 4.02157707221494
0.43624853675864 2.05564225339136
0.427135822635267 2.31531843366453
0.407868626551628 2.89435966722124
0.399077843129237 3.1357443876615
0.414246849531279 2.66309478324573
0.418079272256071 2.56351820271585
0.396380300111212 3.20113925230959
0.422093004737973 2.47730946648772
0.421110014705835 2.48086934990483
0.413540892941974 2.6958934788909
0.406850838741734 2.89268603576715
0.415008069800328 2.6138498830309
0.43880758258794 1.96855883160158
0.410198113587647 2.80878994119953
0.424574194758544 2.37274583976543
0.420041910851889 2.53337546391167
0.417834685995411 2.58064393397007
0.427914967838938 2.26459062926805
0.405653453868591 2.94688185630584
0.413741033977433 2.70514076589996
0.412503586406384 2.74112183838936
0.412054665314843 2.73486182718581
0.423152391773835 2.4470638361215
0.436475213268143 2.06871666822799
0.411331081199475 2.78174273579525
0.425512351000884 2.36825557450635
0.417661733434294 2.57929217471149
0.404948391607716 2.91983469859394
0.412126861999728 2.73725034886271
0.442063274701032 1.89652483907723
0.426746702245203 2.3165305729513
0.446970692131163 1.7726595930085
0.422290567618183 2.46123770348345
0.406696396465511 2.90611627786467
0.434284127405839 2.12106645998794
0.40191410930623 3.02757023456099
0.412685388091694 2.72456556664843
0.441633235293003 1.89641754287166
0.416280045225704 2.63170739216849
0.401859280106474 3.04626301510896
0.410340180457084 2.79008599903199
0.400784090052769 3.07332690479504
0.414826579741107 2.69023946861237
0.402659244962422 3.0277335636654
0.411427495012755 2.76593279267554
0.426331552594187 2.33299588053793
0.395082208677912 3.22069123867036
0.392651449381504 3.30543128104994
0.393490097881472 3.2647660286713
0.431525393539774 2.22015931435849
0.442908289429911 1.88697979411152
0.411523209160028 2.76148878444834
0.43117862507539 2.18976160675428
0.407782998908601 2.86645989769076
0.409915794929647 2.82077339617941
0.405052869402568 2.92680476723071
0.427281094273043 2.2894736662018
0.423053698258211 2.45570399681622
0.426360336116482 2.32809198394275
0.430241661269983 2.2514307550242
0.422629654973299 2.45171549270179
0.414966357619369 2.66188719332853
0.436940836397178 2.03121024596806
0.428596671902103 2.2944310143756
0.395921611931758 3.18334191361501
0.378000706478481 3.71440413620439
0.410706426002179 2.79245571510261
0.440172253076537 1.92145942155506
0.422624249320188 2.44595956191792
0.424339634923387 2.3888608456152
0.402935437344817 2.99274227878934
0.410916750340334 2.76617669871619
0.398221791144196 3.14513662378706
0.436222023823493 2.06811235728921
0.426280436723117 2.32222770897007
0.406804936792864 2.90308135556051
0.408344076921892 2.85391518523078
0.409069682690216 2.84471467143776
0.432917986349694 2.18081433280775
0.426479684514196 2.35000363452735
0.398016486088781 3.11890658129673
0.399200884738335 3.12367819828376
0.439812701169047 1.94221663645249
0.397538309687565 3.15111471491555
0.381356162097469 3.62862866299114
0.406836886035562 2.91081279432522
0.399574512641161 3.10633210985846
0.431459766869856 2.21121124813328
0.409525256863193 2.81243342393193
0.399845111029515 3.08108576634357
0.424019393703891 2.40359391153174
0.436901048154412 2.04166837851338
0.411529141380094 2.76730083672563
0.410854793489585 2.75281101610711
0.422001605066887 2.46591790730694
0.455305592591094 1.51922032021041
0.411721535176122 2.75796945538913
0.448840412201908 1.69148263503254
0.404753919300127 2.96293108910482
0.427131346895541 2.33441423149487
0.444629414132957 1.82710220179996
0.447541601154368 1.73876142183478
0.417275952142 2.60814312120295
0.413687411964337 2.68653012745255
0.421488494048974 2.47626684828999
0.409303845357087 2.80393828227718
0.401387925942075 3.05976181285775
0.419749930730717 2.52281839699112
0.417702610438098 2.59766438301875
0.411079124402006 2.78372708190084
0.431560460313819 2.18169572004111
0.396099521389887 3.21135675553211
0.443488250079278 1.84073649988857
0.429342606524755 2.27678627891135
0.405032262040112 2.96982922399936
0.427692768746842 2.31918740514845
0.407708465419227 2.87514002251621
0.410871197128841 2.77763570697146
0.43438199026198 2.09914368883828
0.430628428383574 2.22971437343735
0.409395240464989 2.82148595028504
0.412256699014748 2.76353377753418
0.445713946001969 1.76132365465175
0.417117209294334 2.57383718761272
0.413286525399039 2.72952086813513
0.414778777268312 2.66570801817886
0.434188277771629 2.09212300191857
0.444193384232632 1.83085359360106
0.41861342351403 2.57017718368142
0.393621294000157 3.26560140787111
0.404015758565935 2.95959947424576
0.416918469248093 2.6031463741757
0.413225633982033 2.73577839295347
0.405451620650986 2.94620496243544
0.39049957572257 3.35908495029209
0.435588191904948 2.09473929341338
0.404188686402876 2.94102737423865
0.414514865745231 2.67316717475965
0.432744902743378 2.16245819950312
0.424270783115842 2.3992290507699
0.435670717160527 2.03629954591251
0.411776094140274 2.73426077494224
0.409751225457241 2.78278382429847
0.414615142863404 2.70245625712378
0.401701667151182 3.02223663580986
0.412453936715275 2.7419532780238
0.415741465334689 2.62686076333177
0.406195833857094 2.90046733189599
0.423613693906763 2.43963640740362
0.437732109448859 2.01996208750383
0.410028711493297 2.80821343170348
0.432860143643796 2.14923744708351
0.423944527251783 2.41604321659308
0.441815548298437 1.90562844636047
0.410813708182619 2.75751112092264
0.391781270001179 3.35143507970719
0.409561908745807 2.8038520655441
0.408015778323671 2.87464157464017
0.411592572546634 2.72308381587299
0.418716527251998 2.54588652369709
0.398994274619501 3.11502917514065
0.435295538967471 2.08647091975591
0.43373813456626 2.11909372688783
0.421816516930696 2.46998680782412
0.416638376435299 2.5981882618742
0.394517588472662 3.25877033010183
0.436468384616697 2.0603745628613
0.404512998299927 2.95206722971663
0.424477316319447 2.38220766534051
0.422371943593364 2.45805434954695
0.422842473546664 2.4460635542972
0.401276740373461 3.05472774301154
0.421817700770401 2.47793490650437
0.429040810478077 2.2613293991649
0.420502178120522 2.49518068631781
0.425442508666257 2.37220752419217
0.414820470194555 2.68691303744274
0.422020048595958 2.44818117625629
0.430329148738118 2.24959775752001
0.418561186294643 2.58364709796525
0.432995073524055 2.14508842972448
0.411704236443317 2.74053447797955
0.427598376712003 2.31074846447028
0.419847516420542 2.51743619542199
0.422583420728017 2.45484219271584
0.409465803945977 2.81582412551086
0.414204170915246 2.65305130145008
0.39685805083565 3.17429283918219
0.410024584233011 2.80980717338671
0.414347172579154 2.69689050358761
0.422424301393835 2.47523313413777
0.403076186147134 3.00204079055692
0.429081407458319 2.23861942668853
0.404745856122036 2.95578840400428
0.425527548244027 2.33523828549658
0.412798522705376 2.75021593508531
0.427481690386016 2.29830600481253
0.432555277464031 2.18492640008052
0.407047478882717 2.89227431190206
0.429144305609369 2.24322407612316
0.420682788705739 2.50381309001052
0.412590972223678 2.72977817730605
0.404366485450734 2.94454140733793
0.42378687870319 2.4079224731884
0.414795528103562 2.65947133839643
0.421314784896108 2.46539302594901
0.387249405173578 3.44738177196806
0.424032090368985 2.42448454663425
0.407695829090183 2.86175860054322
0.416127980633753 2.63537735515416
0.419077857478822 2.54183906485205
0.430530037686266 2.21581208643115
0.411016561306529 2.79694154998686
0.436412154071522 2.04891236116263
0.408827918708339 2.84384269480926
0.393914441353066 3.27028627115171
0.440644932293253 1.95005563070012
0.413515532357721 2.71702156420569
0.428215310771967 2.29370767095082
0.42263644093756 2.45897040529202
0.396994889617026 3.17768604857862
0.416867711470366 2.5976696393006
0.392836680520026 3.27971647435631
0.429143373951489 2.23990898650049
0.423550786456975 2.43364714828323
0.435462400358878 2.06209982812458
0.421198013946758 2.48341466716494
0.434869764145088 2.07687831699128
0.414778727029162 2.66568729162427
0.433580446894804 2.12707962560869
0.407208187037779 2.86763367148669
0.443485740907083 1.87080566716638
0.4187700614915 2.52762539743286
0.422525702368965 2.42723382142732
0.427224774299858 2.30340770182788
0.421671801949853 2.45295067281393
0.413337996916135 2.72646584722628
0.412490238536643 2.74415103386299
0.405211517596167 2.9424847946735
0.408062320500142 2.86668186955195
0.416474963174187 2.61017583031503
0.423456979462977 2.39451441082621
0.411464727532886 2.75811294559789
0.41596946236112 2.63558531124898
0.404777858468715 2.93355795214713
0.416426758867293 2.60224008808893
0.424558634052618 2.37100176507191
0.42668728738196 2.33467632181899
0.449571477506226 1.7171042759051
0.402026968569742 2.99864025849696
0.412241391242926 2.71306205041261
0.416854531464069 2.62475005031673
0.410961390044247 2.7445776153039
0.43186911779215 2.18169481736904
0.4090065071396 2.81306006186608
0.409631182811423 2.81880064501596
0.438675229354389 1.99003667775104
0.399253686563408 3.10717853409699
0.423474459562631 2.45169008846853
0.396840606165158 3.17583689440532
0.402893331782691 3.0136842130324
0.40270475529713 3.02247260245018
0.412302992553345 2.72355923590928
0.407982771143932 2.8511608779107
0.424995977222864 2.38405790598633
0.414914697905019 2.63116137153405
0.421055686796276 2.48112542404471
0.423081124226742 2.4437448940006
0.411561328340889 2.76018015575404
0.422201510512882 2.43920189825802
0.411679467479799 2.75189807427357
0.428773224945931 2.27859366104832
0.428489103441738 2.2754250593368
0.418313787368297 2.5726697412594
0.391208099124543 3.30268693919163
0.419323027964086 2.54439531666015
0.407742800839241 2.87556701723838
0.410433672425082 2.79669604816641
0.415315661975125 2.62833595598581
0.424419655919583 2.38225294570908
0.428948385088651 2.24906093836087
0.406665870595233 2.89188852927329
0.402713789254589 3.00492592579497
0.40977670614635 2.83711672093688
0.431143905569739 2.21097859401206
0.414781906766034 2.67201743455929
0.413446300508679 2.71716196403783
0.406532334089796 2.90805834286413
0.408368997957915 2.81119638140558
0.430117627208202 2.23848189639844
0.416931568921527 2.63232620313843
0.424054706104697 2.39585253073611
0.428346975134256 2.29960844921845
0.436160995162106 2.03605684716677
0.405905976570502 2.93107162021252
0.42487819038677 2.38803476192714
0.4041727563438 2.97615701779377
0.408794193269237 2.8181987251337
0.417154362893936 2.61232867950125
0.421077832859122 2.50482574060024
0.398115949685825 3.13946247470549
0.434222755123998 2.11539912110105
0.434680450242397 2.10664763843518
0.388387121920143 3.40809209621364
0.428377730549299 2.27403891108545
0.442031910361733 1.87924297776754
0.427049949351074 2.29300228636393
0.392765912863735 3.2660358617493
0.408809954112322 2.84924545103187
0.435247719061896 2.07003311867642
0.418897400965239 2.53932283830283
0.383535995334074 3.57929255207595
0.419553957631533 2.53768139327104
0.422707030841872 2.41242470704692
0.427983360539952 2.29486513480586
0.40459883622239 2.93857613690118
0.432254754940366 2.18946280025978
0.399916957435229 3.09948261992132
0.424846742168443 2.35050175986692
0.409985764500505 2.79080323397565
0.404030757947338 2.99586226525961
0.415291173163425 2.6457310034748
0.39418881989588 3.27219162806849
0.425484107164989 2.38611851258251
0.403574589357029 3.00107560870525
0.412059913232656 2.71677887430112
0.411746707277686 2.75240756232638
0.420105662154534 2.50271698058952
0.434669352296966 2.11296929824653
0.427928192865521 2.30288051331835
0.406039386757769 2.91889107020812
0.42991203025605 2.25427103115009
0.439201893676087 1.96471313010261
0.403565895347763 2.98556979712004
0.424299470001706 2.4048383421857
0.423648292448543 2.40314942776512
0.400302640177052 3.09294894982583
0.391010602607484 3.34174540717706
0.410278318344127 2.79399133957309
0.412649508752995 2.72828332686613
0.429075022573533 2.24218560681483
0.41501846131222 2.68339262448718
0.420078088769789 2.50217394974919
0.42759263362388 2.31410784621855
0.439695456563659 1.94960033005231
0.426604831450263 2.3289145266152
0.390849915860708 3.35822070817859
0.403605537244161 2.99254241530098
0.39405364272415 3.24661143970076
0.422274948714373 2.44883956469499
0.411257646557273 2.77978726632524
0.430965833299048 2.21300466992294
0.423001982138835 2.44037829865582
0.421233873101207 2.4793209123878
0.432477807052671 2.17201148057721
0.412491191364043 2.75164443834322
0.401402314023346 3.06718881673417
0.42038031151386 2.52919082099916
0.421328760215325 2.46325482189487
0.424025715380919 2.43670526800907
0.410743960614213 2.80316533667171
0.408952663916889 2.84477747468907
0.382255333412885 3.5984476274624
0.38626394509886 3.49170505426683
0.421397766072456 2.47264560417848
0.420993266930801 2.45211524986263
0.427942710350873 2.29531678492688
0.416783761869189 2.61817717478888
0.440164164273154 1.93592271021691
0.435230017625381 2.08131900225318
0.415678519912593 2.63051135269191
0.427929665976589 2.30724664101168
0.39426321505645 3.25739243486351
0.429186961927257 2.25653524932596
0.408217514335541 2.85779634963013
0.449434511997466 1.6778110259437
0.422161575565553 2.46008430603294
0.387466096132561 3.45293897953503
0.431684706977318 2.16593301073338
0.414920391493375 2.66296089699629
0.42896825841796 2.26151378096113
0.447210540775537 1.74641900997928
0.411349000495511 2.75657135302606
0.410206126006374 2.79340778484587
0.404877780302269 2.95256189688965
0.404495327277602 2.97736570744614
0.443221786191965 1.86803734581912
0.400369700368002 3.06952188489764
0.405989071276547 2.91380865986757
0.435659758008117 2.05057652562898
0.418609550411807 2.54905112548339
0.418765856902191 2.5636742034989
0.409631952047806 2.82153427244508
0.407110023779852 2.89518669849066
0.404778509148997 2.96304252216808
0.403569282930823 3.01751528166588
0.416927142231613 2.62541546053225
0.388972132430745 3.39250571752761
0.42640037862021 2.32963630553105
0.386476248529791 3.46078946279967
0.429217886474668 2.27521248345927
0.445489333127995 1.79270770376006
0.402672827043485 3.02610245617042
0.425547158412734 2.3684466756213
0.410335799064429 2.79086005216278
0.390515144486108 3.36092071108601
0.441682436163193 1.91138344336702
0.414608594699341 2.66654741696037
0.39952604309594 3.11663295357242
0.404070535227293 3.00190295299466
0.424716119369946 2.38976545733829
0.430192369786039 2.21883364861398
0.435706906389434 2.04816177420512
0.436010369462216 2.0634298260001
0.443281177822539 1.85363875500506
0.396600331501672 3.1934211008033
0.40881521372511 2.8483512540212
0.4049057302002 2.93292983550593
0.411743197506874 2.73678287538389
0.412966800734315 2.6946735295504
0.418168774838445 2.58123662251172
0.403610573200129 2.98415538498312
0.430323485823511 2.2354667104081
0.42426297528998 2.39997263970884
0.429122267508851 2.238027629122
0.418734402741822 2.53549684559816
0.419802944592876 2.54983860071377
0.404251606477392 2.96211120767669
0.436770395178894 2.03599645733243
0.401177266444108 3.06879357260323
0.430574867122811 2.21452932390548
0.428047186661872 2.28713684023139
0.423020495953397 2.46356520613442
0.427056499462316 2.32525693251067
0.398475854139225 3.15159095712527
0.417491317106873 2.60097325840768
0.427619716600708 2.31451513728142
0.417569519880261 2.57635228336241
0.396602948389056 3.18592195587735
0.39087246990749 3.37302042744397
0.430969425751707 2.20289360021782
0.40946199088748 2.84998499743602
0.403690979791228 2.99301605868698
0.411149787224397 2.77289278781268
0.418505882654459 2.56706140926774
0.430771722862632 2.198667320174
0.428776543140456 2.27374421943779
0.421247594928425 2.5129612019203
0.397056911353149 3.17067131801587
0.424225011872245 2.40615456780061
0.411436772919765 2.75914422689038
0.392154808682607 3.31140212866793
0.425472742427452 2.3620278997615
0.421352920958873 2.47818659813621
0.415967244249882 2.62152672467847
0.42078909788169 2.4995841739976
0.414427600040722 2.65693596345211
0.384431221075125 3.53072666895843
0.436632619969716 2.03940615202071
0.421020902321444 2.50723375364504
0.43020067241378 2.22185251933501
0.438660853743839 1.96903800618736
0.430559906566435 2.21791809812494
0.411987629197638 2.76448009991253
0.426870326737239 2.34333271847461
0.430143336398808 2.19637168878265
0.436680229967681 2.04051670522316
0.415907118410892 2.62674153484009
0.456675809297863 1.45929152760919
0.437414153945506 2.02441432401675
0.398592410736121 3.13949110242087
0.409469880209199 2.82346931245951
0.40828356331864 2.82999775764879
0.421209623362167 2.48255904233772
0.409648622272952 2.82407514255051
0.418623224739065 2.58874566253009
0.403911499207561 2.99178711040781
0.407439220149572 2.86384692444917
0.414715993771784 2.67583255297538
0.407227973692638 2.88474997051917
0.410934030779406 2.75783195529487
0.404247944190335 2.93800083411064
0.40703830910287 2.87415399814412
0.41097146845714 2.7748699839044
0.41390358154221 2.66949846838299
0.408157053997836 2.86261811150107
0.412734642758004 2.73306859781859
0.423241527600443 2.42942307729617
0.399434600666851 3.09622659142557
0.433363006172683 2.15721169891262
0.43094951999037 2.19240479065906
0.401026182166231 3.08024773969302
0.391856232918429 3.33838959265411
0.418788402315372 2.58507971648123
0.418636124724511 2.5390895803242
0.4010226716232 3.08605420429886
0.417665705486692 2.60657749838774
0.40642217742559 2.88220523392252
0.383712532632065 3.54534398966112
0.421529594579481 2.48105954995393
0.446131677639803 1.78611267767633
0.435528364528629 2.0567413363289
0.421721814352465 2.47553942489124
0.41677823965652 2.62353674691792
0.430460647676825 2.20911872754649
0.396777208163071 3.18524688803207
0.395842132250743 3.20145747108017
0.41840744013135 2.57364751941633
0.42314427321657 2.43015515774591
0.411594428278812 2.76514075696758
0.417283004366019 2.60876611538365
0.415213609766319 2.69248503015167
0.435122121608831 2.10009354969734
0.425084026546372 2.36718665237692
0.372735428603408 3.88423027193446
0.428751623797171 2.26081635215875
0.421086282107435 2.46655984159415
0.397190779289035 3.16189245183313
0.417318634687344 2.59316434832844
0.419452609700553 2.50672959562248
0.402132922737088 3.02927942662188
0.403373445021668 2.99335662908166
0.395047425883094 3.24013428750681
0.431761266948859 2.16889940956328
0.424257560846193 2.38432134608059
0.414318774664804 2.65438115328348
0.396512118163343 3.19841484871054
0.382464415929258 3.58469727705151
0.39714895307838 3.16910009699825
0.403769503075901 3.00036519396598
0.412626660008731 2.73628699786878
0.396826208286409 3.16315279699388
0.394101575185441 3.26711038284631
0.432975062617814 2.14728746596016
0.413021253018448 2.74117566147358
0.419800926860455 2.5460737080403
0.434440652157907 2.11102462920272
0.439268386778859 1.96213209909959
0.414972775301167 2.66190317972214
0.413101424326544 2.70314525426351
0.421940033051586 2.4533890227954
0.429602218586486 2.25909434764918
0.421109818685552 2.48645128879707
0.408292868390076 2.86740193198434
0.433652352183425 2.14025012113434
0.437049095848593 2.02006233077972
0.409224513354533 2.84517361292447
0.42654202686011 2.32564585647526
0.39973008236941 3.07250662402484
0.386151225521217 3.48822861543552
0.425668277104722 2.35160761100159
0.432996208262848 2.15403082429152
0.414412160992818 2.68926617256329
0.417787692431042 2.54493650461365
0.432662552148201 2.1613699165862
0.435370731791004 2.10631393875465
0.420745027259506 2.51581821767007
0.427521317101794 2.28222168102094
0.408203137986079 2.86077921652858
0.42472194281594 2.3741961800177
0.420751256780554 2.50804059255263
0.399678660762986 3.10147196191331
0.438201063589047 2.00601669727328
0.398520305282425 3.13803129355271
0.422590955046187 2.47822205259189
0.403942393216427 2.96109646638243
0.419053803042033 2.53938919418246
0.398720226875985 3.12404282986255
0.40276693573601 3.00880401161466
0.439343618796839 1.95710077517085
0.407407335318922 2.89080032527543
0.425069556598963 2.39361706791338
0.403446824657285 3.01501100347851
0.435619038420461 2.06909433751081
0.441230719112775 1.91805963594951
0.397511069089984 3.1573125335436
0.440927104684399 1.93264862313669
0.415007823950976 2.66022317185814
0.429720348023076 2.21212500206858
0.431316752418238 2.17432681043835
0.421715761592435 2.46577965396565
0.407892236973163 2.86807013024332
0.431886674444431 2.1944966062734
0.405622001432167 2.95338262646781
0.394954180061548 3.21583878897848
0.407028443523181 2.91959208894821
0.419462123903448 2.5100975315769
0.406188329022559 2.89456252020639
0.398134183941217 3.15554155012262
0.42574070634891 2.35948824864644
0.437482515090625 2.03607084834436
0.414725057790225 2.67642709987883
0.428413809986273 2.29626271887998
0.416480037632913 2.61721577512881
0.445037662542721 1.79120115808346
0.41674849164842 2.6237444652637
0.429184607913784 2.24134933552228
0.415581754681381 2.63562683379044
0.412059334848932 2.73575403532222
0.415012932991886 2.64310457887922
0.426298246073554 2.32022967035633
0.411857868041624 2.75134292460589
0.431803223714993 2.17033389116711
0.41345981567085 2.70015222571465
0.416763741489575 2.60888457852318
0.434039454523147 2.12958814934496
0.414030146646368 2.68327923246591
0.405040231256197 2.95980984515252
0.403786032629801 2.97216472154577
0.411238899388155 2.75666203501832
0.393264192648921 3.27747973914013
0.434262680672184 2.10684073673901
0.41458341026508 2.66857282245227
0.412943674876485 2.69269871316348
0.398594352393602 3.12290880476771
0.416633861569416 2.63544814722975
0.39760292902927 3.15413159170641
0.406665426266239 2.91379361567871
0.43984807407667 1.95137224948087
0.433282608187733 2.10148986735389
0.413205652725166 2.72227848892497
0.408256466226746 2.85268699842689
0.40620122884099 2.91952055284482
0.41297400340967 2.72414183466593
0.421415438098589 2.46114137951608
0.40730368376772 2.87539360030649
0.432875069279331 2.17151461418585
0.428968708967026 2.29084669374374
0.443072778382208 1.86161250804699
0.418682425075382 2.548027879027
0.420289267607662 2.53500460281129
0.390203744876173 3.38480182481981
0.437007109289663 2.05896400382001
0.422360614516676 2.4628305844607
0.436440935831461 2.03747925748099
0.413227411248421 2.70855158116112
0.413145241604383 2.72375404444886
0.411622829519898 2.76224124563992
0.410145675490298 2.83950087024602
0.404492357564969 2.95834715208482
0.420943562464315 2.52939299921019
0.404950056885046 2.95121362174556
0.443925409838306 1.8222507608118
0.428425301295103 2.2873468492701
0.415045207837201 2.66955244857238
0.439401265908347 1.96437250408733
0.425629283448703 2.35383553513742
0.42845354944393 2.23748052921887
0.415088386069324 2.62610683570325
0.391087046649817 3.36545761623945
0.412411147818215 2.7230108588866
0.42049402822427 2.47951779659871
0.407821408097354 2.87380429800456
0.41241362313523 2.74759205833785
0.433603780283767 2.0937807098419
0.448404195873827 1.72554435255541
0.425821140356266 2.36996960963506
0.421732124849861 2.47370769225899
0.41866039930747 2.55362474393763
0.433439138813461 2.14240781730455
0.446999881621891 1.774353325391
0.427040671571632 2.32797135840715
0.416197671277267 2.62206141130659
0.420364535883933 2.49235971467108
0.40833009106 2.84985952837946
0.423354417176425 2.43861337826131
0.44770523681434 1.72209869068376
0.444392865392678 1.84525410325998
0.43821133145225 2.00094939454169
0.423577406044864 2.41696536036108
0.424689597800219 2.38769394741254
0.426998776127293 2.33888848599611
0.393050080320563 3.30980384452963
0.40203297784021 3.07474902421461
0.416836638558443 2.61866330549775
0.389418526784028 3.38113210406346
0.410078493736385 2.81918788496311
0.43315691311227 2.12858318025168
0.42246751455561 2.42323275039618
0.407497557807489 2.88216476445395
0.429697584778632 2.24080175188968
0.405725449236122 2.91972902158723
0.433958958659535 2.12268083373776
0.421416200474297 2.49097824742161
0.40568103624395 2.94278947151723
0.417680787512572 2.58712708215802
0.388760926798169 3.39445954748824
0.411881355293189 2.75787647496399
0.423326567374067 2.45279491744182
0.401279642452724 3.07141428403336
0.416185688382359 2.62957623782002
0.407226058746268 2.86927486131543
0.415336315332539 2.67833246008679
0.423316363253571 2.40467888103417
0.412505623455268 2.72450805815035
0.423747470195709 2.40572403521016
0.422485079201941 2.46309430962422
0.399617945595452 3.11096054809181
0.421131423527185 2.49041039847402
0.418463329439246 2.5646990952422
0.387727469137635 3.44515334591707
0.392779212915811 3.30815222919336
0.409333820232664 2.80699655828925
0.435345133565665 2.0987271896701
0.437692604224495 2.02512756746858
0.440689357086484 1.92498043300194
0.409572651880526 2.81092292861361
0.415877928961271 2.63486449913364
0.429415411592802 2.23489116582349
0.428555588106412 2.30173855007944
0.403231337981395 2.99188133828853
0.427004238517468 2.31859569052182
0.426793148526833 2.34781791213068
0.41951444052602 2.53854021517443
0.410942129979254 2.78760226484016
0.415727076267214 2.63526311122657
0.419506412034232 2.54930781034215
0.398706229167479 3.13667723287157
0.415247790387102 2.66302805263538
0.407982334233262 2.8728870389272
0.425832494764681 2.35770006079353
0.407502934496864 2.85685894391816
0.431272712656517 2.18763323125098
0.414531828056365 2.66231126983574
0.418158095706108 2.60170680277859
0.424734644135107 2.39169047160382
0.400184325177369 3.07724973586675
0.396647733173332 3.21626026559466
0.436778158202988 2.02207294131862
0.412983418042816 2.72065984219851
0.420270411154334 2.50431606127518
0.393266349304598 3.29719931638049
0.414087625442325 2.70283210763312
0.416143767247584 2.62018641379815
0.415221272436029 2.65755022703228
0.429213712090409 2.25395737537991
0.426503008573887 2.32481318279776
0.381292268413916 3.63409290338621
0.407641352166908 2.89464201825737
0.427800119567387 2.30380922867731
0.418728038969804 2.56675957652603
0.41962121308516 2.53666202069576
0.408140570348505 2.87236913376368
0.409387180762025 2.83807974032045
0.426715437801752 2.32523569571084
0.408987343741506 2.83783563183299
0.420819553356577 2.46958752508618
0.411615081626487 2.75081173379467
0.401168935272503 3.05584261547144
0.413374191836857 2.71500153010348
0.418940238631118 2.55931090147678
0.402850068741796 3.01529870043195
0.413524034008282 2.69337348203089
0.421710886667383 2.47090550985978
0.408010741558784 2.86549594842567
0.420044338125282 2.5225462619542
0.396981729517373 3.18894121704668
0.46161679405655 1.32326225563891
0.415960043340316 2.63668590544042
0.431453164085153 2.1699044140042
0.404783701824989 2.93541598967265
0.426776868739479 2.35017435630262
0.428157290832409 2.27953342209999
0.448293543059919 1.72241203305166
0.39751023587526 3.16904763314746
0.426714794790727 2.31429005246611
0.442163846012765 1.89132419821414
0.403753903099314 2.98951218435732
0.42827845891386 2.28232712070702
0.43098747864685 2.20152357782733
0.419568204222019 2.54305517382081
0.413616036215443 2.6981065753334
0.422413736913991 2.45222143203342
0.415248489780542 2.65401975905334
0.410999963021284 2.77310112575836
0.456175660929509 1.46814090994347
0.403862922493974 2.96281992743498
0.402288511373461 3.01118969298082
0.404277225156915 2.97119115322627
0.430659952087189 2.21374260420012
0.431732977564179 2.18892874954667
0.424208958436499 2.40738917088889
0.414418924775537 2.68221933622182
0.424436903818652 2.36511653106998
0.424487821672928 2.39176832838723
0.421223170607369 2.47823751525226
0.41503893407916 2.66587477775566
0.410721214877177 2.76540858940377
0.423186345816329 2.44705751345647
0.391669584108489 3.33705885399668
0.406315526527078 2.92395244709674
0.430222564321231 2.22329309442209
0.40455087707583 2.96638630372781
0.40338892997321 2.96910249594443
0.429341114648052 2.23816070802333
0.415119609038978 2.65211790642404
0.41579353428602 2.64259338010595
0.399876064728845 3.10179583011353
0.410977488604696 2.79330320842957
0.425027473124283 2.36220591524479
0.420651214634398 2.49534415757069
0.41937359598447 2.54746884584371
0.408648025686743 2.86470268328185
0.373110804934691 3.85703266389783
0.420880927611501 2.47916831371863
0.410284104543836 2.80502333070339
0.422590186477765 2.44293367773035
0.403915698669873 2.99219387505417
0.434742618478404 2.08471053749193
0.400204470370576 3.06484961813475
0.435322585759693 2.07427024564301
0.416990891413091 2.6045413130816
0.416130850473721 2.62536420242801
0.441794911830916 1.88146273988608
0.401518773412511 3.04928065134799
0.433141927968411 2.13390127663478
0.43557362206598 2.06817987487072
0.400537215939634 3.07153404225191
0.391828460615628 3.31511456137736
0.439808660061898 1.94044981680021
0.426654746811512 2.32380401729278
0.404767937887238 2.95469485695808
0.39816240237915 3.10645496390366
0.431886651315882 2.1988501300661
0.421100217612774 2.50101027945392
0.399526014279892 3.08459631284196
0.432486953966266 2.13754496784922
0.402060219310434 3.02963225908526
0.381441039767396 3.61454449036572
0.391020779953035 3.33961271316746
0.419169620042591 2.54482735216043
0.423290719130333 2.43345561564788
0.430257975265937 2.23992618232618
0.410653235596297 2.793076360649
0.398627327063814 3.11233872677852
0.446617375009703 1.75866284524813
0.399144928352842 3.12633472433668
0.406594555728708 2.91243624788418
0.408663635078571 2.8898360063214
0.439580502071784 1.96433234291254
0.396678444310669 3.22474115178396
0.413517468196505 2.68235059388404
0.412829266899618 2.71132762733002
0.411091863893663 2.74642397365957
0.433159940591661 2.17021042919996
0.402621136631256 3.01044980823489
0.394738442437835 3.25135883749853
0.414849351392932 2.69701963453751
0.381602417153342 3.58880192648247
0.407207089235559 2.88083031705152
0.428092342861889 2.26626270079317
0.417388414132556 2.60442675210046
0.420529089757074 2.49073653965876
0.415642018992284 2.62691941525618
0.407778341114872 2.87131453130369
0.413494648932374 2.67545479457973
0.421376744525009 2.48540351869583
0.425765127324302 2.34965420829648
0.399704117881216 3.11738995586808
0.404711856295224 2.96710356837853
0.400018266779723 3.104063171908
0.415336414628419 2.65180628329326
0.399924091803396 3.10079089313478
0.436336218888278 2.06050331205047
0.406860119303238 2.91643782964742
0.394819097198074 3.24018468720584
0.424971160689942 2.37890529051037
0.429598601289645 2.2439465544471
0.407170243171933 2.86262122936334
0.433409083003366 2.13039996221808
0.418576557394273 2.56109802404706
0.399768230705639 3.08667188845175
0.410745912867584 2.7633672474647
0.409107847541261 2.82732411674826
0.390538974139084 3.32661185010119
0.42546734846345 2.3850200507286
0.403043960672509 2.99233753992972
0.395668762028302 3.21479852233296
0.409901220876668 2.79149974361063
0.408845863832327 2.84771559793215
0.395276036557038 3.21652423675854
0.404771834166518 2.97669600920916
0.413535775359059 2.70577547633277
0.425400442218317 2.35129233181292
0.405497968881783 2.9312468814604
0.405636324702817 2.9604981032914
0.416204994193601 2.63104389704797
0.430907930258631 2.219117338459
0.406548213367756 2.89161173098911
0.446323141503833 1.76641002312256
0.424844417452754 2.38054207955335
0.412318462269714 2.72002192185289
0.410432942696823 2.74558833161144
0.410087201601354 2.81012667501862
0.399533064080683 3.10322155707669
0.430722179824403 2.18954517497196
0.412804010576476 2.74030022011472
0.434250721460352 2.13860159441619
0.446165722099077 1.77218357046039
0.426465326491508 2.3050567231684
0.393543464348735 3.28943718355269
0.421506821429033 2.47430048639615
0.427049880461973 2.3096701314692
0.395305192205907 3.20256362898017
0.418686807480918 2.57009243532048
0.422328984430874 2.45946496410598
0.428939848139573 2.25668969427234
0.401524895414931 3.06786867444619
0.399972752147065 3.10153874318749
0.423300559606097 2.44442041824504
0.422661441344859 2.44417159456248
0.448802627604011 1.69775551645635
0.429503055458324 2.2515051213405
0.412830638552986 2.71272030124249
0.403202507618471 3.01669941017399
0.391453302006508 3.35861957077335
0.410433058321289 2.80004151954942
0.381786082082776 3.62993131126594
0.439155773989039 1.95704749089581
0.404104833274833 2.95202145946523
0.406010421094592 2.91471161870616
0.436338016033887 2.07478048722444
0.394141061463643 3.23882054808491
0.403186294355478 2.9850403385904
0.397736061605781 3.15286959084469
0.409970341465081 2.80125122970655
0.40395562004583 2.99462411674857
0.403478410083554 3.00903789265912
0.44360334806413 1.83574168845778
0.425939517920546 2.35636530864337
0.4261026519148 2.35883753208718
0.411981283291763 2.75571489778234
0.423442891508382 2.38332252297896
0.387879682366614 3.42291914120271
0.432897993905124 2.14556273179601
0.403090775704284 2.99180871353151
0.416503187455493 2.62129181621452
0.455319522298585 1.49353377548167
0.408282782813919 2.87064328063987
0.425201070513589 2.40068337801522
0.432249843514379 2.15091246189758
0.417075298814429 2.61730992935105
0.409095426548463 2.86933610283866
0.41419248807485 2.679090192311
0.41961950298757 2.51984137376628
0.429398705204666 2.2534318446798
0.446320743136646 1.74807343738534
0.419880460926997 2.51848179759428
0.416542959086646 2.62254136952114
0.396085672912775 3.20096131641875
0.402297563980332 3.02977678942934
0.419946098220298 2.52847144289941
0.392720999946336 3.30481854237722
0.438146521913253 1.99866828499177
0.40964973799077 2.76919094629915
0.414055348183018 2.66892829299653
0.416913397240559 2.58604157993168
0.398685906748362 3.14996871633478
0.415513390439226 2.62609863786882
0.417272244149046 2.60023402141627
0.428420370707217 2.27000200774343
0.419920290258557 2.51754371234259
0.418484173489784 2.57074269203064
0.407208898455499 2.89463313791401
0.389229027064454 3.43748893960049
0.410362573396277 2.79667485507707
0.42270044002994 2.41937932132617
0.415932946431337 2.63046788887512
0.408664750497943 2.83893177794392
0.411034921073373 2.79279782539302
0.387785615811111 3.44144019290306
0.416939744287228 2.59732712876343
0.420929374782083 2.48745910191638
0.413285960744325 2.71913988602199
0.423372756779238 2.41723651571137
0.419085717713204 2.56497462850145
0.420686192248886 2.50632998416044
0.422295238112292 2.42221516624522
0.428654567498592 2.25913493524619
0.420802282220978 2.4916439538058
0.445738464468902 1.76706156484696
0.396853753423166 3.17466603156027
0.413276518095779 2.71079341932118
0.426708987596467 2.33711222602327
0.437721687980632 2.00410467919658
0.41759381371814 2.58214004184986
0.440325602817782 1.94255684741406
0.416639149058997 2.63796570858017
0.418504246149275 2.54959826337169
0.415568616292472 2.64750302734148
0.408803815731403 2.84795399886096
0.428887646955186 2.26981687892126
0.412978978908427 2.71764633324239
0.422232207482376 2.46759011069463
0.410605579563414 2.77991542667428
0.409511488355709 2.84198950841989
0.412686053256082 2.71562593730772
0.399309896488392 3.11487291894347
0.433142402068226 2.16817722185958
0.417161858021438 2.60485512296703
0.424439095004232 2.39722735573809
0.405557948620685 2.93083638850454
0.418138149617448 2.55609003514835
0.403841553180923 2.97371791111608
0.406211993012483 2.92662297437837
0.42814944225415 2.27360573611722
0.42031392471435 2.52582993578281
0.397741516443881 3.16337668847935
0.402801933172559 3.02023659845307
0.428162052400944 2.28458141725942
0.424231309480923 2.39951300086821
0.414782127642491 2.65251956326356
0.416560006232456 2.61107352553026
0.407168985073803 2.9086400909969
0.416610373264139 2.60306731158943
0.421315582186241 2.48594915062465
0.418132344499606 2.57443850994273
0.39884046791104 3.14213751664223
0.405761196814584 2.94170313475448
0.413012535065103 2.71730930252445
0.431171184648272 2.20439601383502
0.454004797338807 1.54906578839005
0.437640262612763 2.0103767204941
0.403603067994924 2.98735901716362
0.442242730620055 1.88007415533471
0.434442474371713 2.11816937791931
0.409721707618648 2.83300313585541
0.401666118004432 3.0580242674616
0.41909994133294 2.56224075613179
0.407043933446376 2.85816821913013
0.419531153145771 2.53839049042971
0.419094686482468 2.54399332649887
0.401715506552282 3.05455134839605
0.415971615196532 2.62012036968573
0.409471872680054 2.82681102511116
0.38957460752203 3.39498770795542
0.411816415982085 2.73943484914332
0.409000955922181 2.8300481174992
0.400659171827386 3.0789136119201
0.423022785788927 2.423046321302
0.408604476235343 2.86920479458047
0.391353929643237 3.31444896251464
0.428941458701713 2.27063599773154
0.40665432820321 2.90147380205233
0.422938193920392 2.4458897323134
0.419669157395997 2.54124127700905
0.415152491373743 2.64050630176131
0.407155039629214 2.90512214301506
0.430857221898593 2.20843703462929
0.416373244451724 2.6173498843982
0.43049135790202 2.21753215599271
0.400628319727633 3.07207311418292
0.411825518230488 2.74522678743159
0.404527246391771 2.94921197536689
0.400736772637351 3.04926662540928
0.423364145986691 2.43522644818811
0.444388585060259 1.83577696693854
0.407001662875923 2.8988928053335
0.42970669501006 2.24398740118448
0.410864046798345 2.76512176286018
0.433706159193017 2.11082937820046
0.398170595076644 3.14750119961664
0.436232357033948 2.01685105509505
0.416783427771171 2.60461759014051
0.423614549903708 2.40359371735113
0.414562244246349 2.69015759890174
0.403042034285356 3.01438527370221
0.421330301622649 2.47775391841378
0.427156650749575 2.3044500925863
0.428316761970364 2.27368950362531
0.427723718984752 2.3322345294755
0.396009148369518 3.20554606177942
0.421736608220641 2.4724554127325
0.415046423882875 2.62246742119598
0.412733612327808 2.71307745725017
0.394908090663181 3.21970013454844
0.428378991164385 2.28788304685265
0.396543512892681 3.18335527124987
0.405235422078034 2.92487775338601
0.411486915429202 2.77886854804001
0.419908799734828 2.53465501644902
0.413614194902388 2.69578727118647
0.398610505271556 3.1173493605878
0.411941080015451 2.79882376531518
0.433754785312693 2.1395813613351
0.412917558727317 2.70219367597334
0.411839491817469 2.73603784004457
0.415255918695553 2.62941501509635
0.409233744079528 2.82222108037909
0.436178846240534 2.05229501382704
0.397922783302329 3.13609735012834
0.412219525793847 2.76547254912731
0.4226624839856 2.46413462580342
0.443970950606629 1.82681950565644
0.411577311926124 2.76552740973494
0.429649344914757 2.22414134219417
0.411635305639896 2.75000136497816
0.432880883449176 2.1822187511143
0.434226323133856 2.09928962080138
0.409170489999531 2.84851606956065
0.400205093772077 3.10627387093519
0.416418862623613 2.61547090568229
0.39772335620701 3.15596601798946
0.405090480185671 2.93865070671876
0.398206511242219 3.12839281747939
0.411622903633877 2.76802909630366
0.426627918128911 2.33418475000976
0.451101934491072 1.62053924085411
0.401801232630985 3.01887949405682
0.431747378396149 2.19563037765155
0.420126477551511 2.53146792106734
0.408025437527965 2.86896941362139
0.430717484412338 2.20725553459766
0.409260195050426 2.8357248341618
0.418671964626076 2.56883281557579
0.407428677913537 2.88157782731293
0.41890043601027 2.55286185952359
0.438705461102243 1.99256043096929
0.411015238140521 2.76815267855255
0.433144613502372 2.15522794214695
0.411254191361589 2.78021633752618
0.406232707242672 2.90980562198035
0.427647682317957 2.30389127591328
0.429018638677471 2.26877827927348
0.403689829314698 2.97011684738836
0.444645273223644 1.8183464807123
0.419642695808692 2.51455412134779
0.403692116684697 2.97074552242389
0.412125791709679 2.76884339823397
0.416480322699155 2.63955174496777
0.432035211561029 2.15565297352381
0.391520440638045 3.32416584288713
0.421742775236206 2.45802818920022
0.412410507843664 2.7431953007821
0.404074076905794 2.97105794968777
0.388945919292901 3.39226910424027
0.441866686261497 1.89423010583529
0.423144099513016 2.4114648205611
0.409460885365678 2.82738220238523
0.419178401011968 2.54870270585489
0.435605699860215 2.07777767050987
0.40570833594511 2.9307252858928
0.419481495298207 2.5623681740736
0.414350709879127 2.67525207178141
0.406098092526603 2.94896028483391
0.425204281584734 2.37486070905425
0.410003859851696 2.80741134746632
0.446076046679518 1.77800061855978
0.420410305324486 2.49974829303321
0.409982278333188 2.81477589658266
0.422903246639443 2.43950541965282
0.424192538159199 2.38675384567311
0.409168774880128 2.81491688531239
0.435859529876625 2.06539235497884
0.394174657518459 3.26008169946251
0.404873073211263 2.94920157316584
0.419469998985012 2.5543263976706
0.413815351224992 2.69824499128735
0.412388947169116 2.72173394310955
0.413023753485446 2.7416265313212
0.440126954185439 1.95490591744811
0.412321861584179 2.72016622944187
0.370135185039886 3.94654040422212
0.421987526085878 2.47150884653362
0.405085199856926 2.91930009922274
0.419653230727329 2.52582690393596
0.430338658861856 2.21108363755203
0.400671291128133 3.08346689130942
0.421916062249225 2.4492691195693
0.413173039958031 2.69806953053067
0.383189304738972 3.59629064862671
0.436588706848084 2.05207168545576
0.42798500683907 2.29672345328404
0.409791066498534 2.79893523920209
0.403064704822183 3.00601813062972
0.392727994812229 3.31631908008838
0.389838370894551 3.39017799914485
0.440109003895143 1.96110270568781
0.396298693871156 3.18941505938631
0.421326520033331 2.47694594582667
0.399875011717079 3.0786563153944
0.418651336392008 2.56966911180465
0.429491634845928 2.26476760584173
0.411571062953152 2.76482544341638
0.416404121763736 2.64779078368951
0.399349078664771 3.09837570790445
0.432469623067685 2.15673160985496
0.426587249811195 2.31835726677207
0.42106827752626 2.48736657797076
0.417754337751149 2.58586514769842
0.392413955341913 3.29719769986304
0.410944258908081 2.77357275336635
0.408208567253318 2.85873941539963
0.443589314985333 1.87396684408195
0.415190759004499 2.68563945061617
0.396436056181298 3.19719672167095
0.423987915900158 2.43101432920501
0.406361084452012 2.91868881274295
0.407463495818381 2.90098227736943
0.39173395532527 3.3317051698733
0.423088614223572 2.41907920373934
0.41330371100955 2.7275075506925
0.407531538011169 2.90301590297704
0.427389998850244 2.29482417256358
0.369044219072843 3.97355650210327
0.407265788786463 2.88229259500696
0.392796249703849 3.27811056026313
0.419834590894028 2.52548181254143
0.408546912886847 2.85745231598092
0.413457088376279 2.70860829243245
0.404781163681798 2.93352385383487
0.416121106439688 2.63660986753227
0.446234966930681 1.75349928456108
0.438790319030715 1.95554270862616
0.42712940143283 2.29344919876136
0.415074107642269 2.63977058875181
0.407648490456621 2.87034595161349
0.428695521421757 2.2915674052442
0.429349873689434 2.26084110721798
0.412320537922271 2.7237812258638
0.406826907283938 2.89683524981081
0.429913625138569 2.25054709051721
0.432373097935804 2.14056083624548
0.420013650040639 2.51247546540033
0.428427545757122 2.26313537639701
0.399014640176579 3.11611191681162
0.411451571924601 2.76733609390638
0.427751524165798 2.29751283741587
0.431113233256186 2.21377440703029
0.401853172055889 3.04284903076065
0.407584942828371 2.87264208829318
0.420134018135335 2.5254299327996
0.41575779648341 2.65042653369105
0.399444957225901 3.09903894299958
0.412759003169984 2.7095492072301
0.425694464333245 2.321366267077
0.420766273630147 2.50102869117436
0.42179964518805 2.4767483600498
0.414343256149474 2.64998377606513
