0.386886277297252 0.775272627343996
0.389669110020437 0.725430403930992
0.384283660096739 0.815700904421716
0.381433244948994 0.863655045286731
0.399991339047158 0.554735237366995
0.390209844869439 0.718882211740631
0.374429298004791 0.985687366462333
0.378958989191739 0.904919991463021
0.38540269394405 0.791986959620362
0.382344536465021 0.848059684577247
0.380560569458388 0.879723047383194
0.390305385311869 0.713399221471413
0.366746444807134 1.11265931920579
0.385900693279028 0.789436636553426
0.39212562290985 0.678295393947101
0.395538317450777 0.631738925379459
0.379865750293327 0.890515347060907
0.387836026966016 0.752972564269707
0.382835391945828 0.841175267192048
0.364694741159956 1.15101229672878
0.385704096719811 0.792208873978132
0.376112544494589 0.952093798345907
0.394083294736904 0.644792599827179
0.383359507782383 0.832925110321158
0.402048240699285 0.514634046581633
0.371998136784771 1.01385673862482
0.381456354069684 0.864641875370266
0.396664998923108 0.608559105487193
0.390661875670623 0.711362368472028
0.386037540993926 0.791863644039436
0.385284446356348 0.800610643225137
0.376573896999849 0.948440996374695
0.377263407597284 0.936946874987182
0.381797082311929 0.864769011062812
0.388501723990692 0.75317860753195
0.38748592056528 0.762459724405968
0.384729857793218 0.809895766711046
0.383688216101054 0.828074797300619
0.379005154945579 0.900333676772357
0.396472294000806 0.610663690340225
0.3781653406973 0.924783877686816
0.389972532878326 0.723622272896117
0.38193807952162 0.861476752786629
0.380711864759811 0.878688403579627
0.376838800810976 0.942349199069401
0.397382199066536 0.589653083316839
0.388803266270064 0.743977307443606
0.381192769789964 0.866223661253289
0.36986879935445 1.06498091801938
0.380566803783469 0.880097972261044
0.379869075635782 0.888999837603421
0.385125095356112 0.80685729970394
0.38349244426051 0.83213511196273
0.379320460682079 0.90233689580936
0.377132850097264 0.93150994314483
0.381852571143242 0.85454128450354
0.374769104272379 0.981768965407579
0.388369235605003 0.753417956037191
0.393905762010115 0.652747741278585
0.386803802654007 0.770319630029734
0.390630959911038 0.712031080946842
0.378925382819074 0.903419713352437
0.385924655904783 0.788382834183523
0.391196589923555 0.703555552411068
0.38341572388126 0.832733677284043
0.376659922513819 0.948635953427714
0.383634002089117 0.822637695564757
0.387349627775677 0.764423831294711
0.387819536084091 0.7556820972156
0.374840473651645 0.982672849601056
0.398033852240886 0.584633734093062
0.375037818739568 0.972486405505165
0.388268282867652 0.743725745356092
0.380368924709621 0.880194144573019
0.386479144037495 0.777942432716784
0.383887992307698 0.821163363259454
0.375506069101776 0.962657254734545
0.385843133103605 0.79439119851516
0.382333230669111 0.846763351293122
0.389189793689114 0.730844607195727
0.3816584004618 0.860310179977044
0.373515589358195 1.00304713297122
0.384480100752247 0.812572153003186
0.392240502325369 0.675903885296456
0.382096664700808 0.849515671650987
0.397316349899456 0.597676132789879
0.381051319468084 0.875306849030832
0.383422231155594 0.827290772578428
0.382459663551016 0.849286060836117
0.385075601809762 0.804777868442324
0.380339661804403 0.885727278700695
0.380366570449687 0.881598387486666
0.382316985111374 0.854337833318502
0.386037639775942 0.790496160838882
0.378798081614938 0.909541005517552
0.385943916783008 0.793407891942571
0.377107890314171 0.938014443856533
0.388212586745466 0.752343894392541
0.378591375085823 0.912331956839934
0.391253331275068 0.70106251902139
0.378070183149684 0.919943111040136
0.379596883033767 0.897214327365985
0.381367027137086 0.86583335416814
0.392358955920344 0.683387967771255
0.393725441153558 0.655491091126219
0.383452776171204 0.827340242968905
0.383735887129578 0.82540274661488
0.384744919165985 0.804363531908365
0.378870593072066 0.912801246610526
0.394749370803033 0.642341017433232
0.394150535248906 0.652945653038702
0.389495185647927 0.729486161283973
0.372530737397266 1.0187410441234
0.382529574605643 0.844324215213567
0.387222212731596 0.765367325816032
0.38065898739464 0.875395552730125
0.387449485572239 0.763522217394136
0.378316023778006 0.918408366334879
0.378059459978491 0.924189755133823
0.379508545282267 0.899761127681489
0.385810091993243 0.789071568709382
0.380136104311546 0.892646851421691
0.373611065182162 0.999103590721031
0.394266467010951 0.652173074815775
0.368279084980729 1.08354439363956
0.391865250211097 0.687838534511835
0.380225012731253 0.883637069606038
0.37317714004081 1.00426821996722
0.388776099330986 0.740246383227255
0.384753893259991 0.805304546843995
0.370225498476955 1.05526326444131
0.382610575374043 0.84384893720062
0.379744017545443 0.89420077485427
0.3812283732212 0.864399768640678
0.370281536624689 1.05330584076925
0.385812085780294 0.788740277755877
0.38497100486446 0.806407567334762
0.380354608099534 0.88132767886318
0.375642520487563 0.957851191152909
0.385010383328136 0.806476974435716
0.381214638989943 0.8722794109879
0.389645496379927 0.729134718770525
0.385224528019776 0.797867506755105
0.392142042714383 0.683401743193932
0.3704156321165 1.05541734649564
0.371316114179034 1.0341547877278
0.374681191788931 0.977216938995974
0.393875808309497 0.651038958473857
0.393466330873052 0.664584112400225
0.380121627223226 0.887002133765354
0.376422401005076 0.946384728881042
0.388135777583864 0.760137022186718
0.388318468086073 0.758149548026973
0.391623479542029 0.695244331088043
0.389586926307034 0.729494913802799
0.379604458392636 0.898367024633402
0.368447291015044 1.08011279070282
0.372190240440756 1.01905528035268
0.39216877127353 0.68175842878581
0.384646008813066 0.815227845558625
0.379087686106128 0.89812222157295
0.389710575789181 0.728746920929029
0.379110646249975 0.90641620097446
0.372707619351143 1.01477882712564
0.372643038356312 1.01099519207241
0.385616363120692 0.790361145662537
0.37579815620601 0.962223112673639
0.385413435130566 0.804640979756651
0.376342733335537 0.952179927523546
0.383122388379981 0.835253845033471
0.384114067614819 0.817318636338882
0.38652102569025 0.776264723252359
0.381587310402095 0.859693622622469
0.378246707712793 0.91887503457224
0.371299206544362 1.03184684155532
0.388792078069897 0.741389865160503
0.384187647621892 0.820824895984101
0.36997956724528 1.06086472735036
0.390250516269792 0.720399878709314
0.380988340712169 0.870271934849468
0.388270925144123 0.746637831827463
0.378843053511117 0.908124015513259
0.374032310169552 0.98772177192615
0.386162735483482 0.783185263178135
0.374386785865336 0.98346833640821
0.397538409727903 0.584226981576099
0.383142287836786 0.835159313086164
0.386663978496084 0.776458421059262
0.386503622619688 0.781802306549514
0.38482561440716 0.806322899078934
0.391025016573762 0.708443076362764
0.374601993746616 0.977568753988109
0.385977084473707 0.780435730677451
0.379644335250911 0.892640512176534
0.383405093544159 0.829274390782462
0.380368881085404 0.881998295511092
0.384309437358225 0.820255216069365
0.3841680585724 0.821267099915332
0.384319163538141 0.814311056844122
0.386444058273351 0.781483148815164
0.371390729645576 1.03885128980753
0.37818757055699 0.920711974290313
0.387543305423236 0.761719067987084
0.378810920162609 0.913213769221352
0.382410233212759 0.847335941170385
0.385655069570656 0.792421369427493
0.395473139124996 0.626073903586428
0.377798985761349 0.924560497327186
0.375894900259131 0.956742486194446
0.38010966667542 0.890223820097365
0.395865954420615 0.622024886877669
0.380885391086918 0.871960347402452
0.384941252475129 0.808942618133023
0.391931467235689 0.694966620119273
0.397265682015457 0.59945108175496
0.392471889710143 0.678302417855569
0.387860897324236 0.757861267460471
0.370875209839383 1.04437767022286
0.388326376924807 0.744571112242627
0.380361918537066 0.88283940462065
0.376675147033027 0.949266837501005
0.377280895060867 0.934737158029564
0.383220967830506 0.831054249140124
0.388546769798417 0.741272032004479
0.394049013992164 0.652937223966554
0.378954874489742 0.904705955574842
0.366619788691401 1.11361392136418
0.373464472114759 1.0005900136133
0.371530582228056 1.02981673269939
0.376643344076036 0.938210188683668
0.379673224648613 0.888394512162084
0.386527236655262 0.778534853443115
0.381458441628509 0.863923538897481
0.388078840505961 0.749943492053922
0.371727775796666 1.0222013701404
0.355802204028812 1.29753258285838
0.379837874813607 0.889804343711627
0.38054981558516 0.880066317116169
0.381650249407742 0.86154715355552
0.391071496127004 0.704180882697297
0.382464327372972 0.842451133155869
0.383887904942175 0.821268781221391
0.389993557436814 0.720206858093994
0.379598902084527 0.896345712661887
0.382141019371535 0.84970455793024
0.390454515880895 0.712990079616722
0.388809037751136 0.738055327266813
0.381244294191062 0.865623513049029
0.382088224635999 0.857112859944648
0.37853254459699 0.914864413777798
0.377000749600381 0.940813770907274
0.388656381879735 0.740092538697917
0.388122715365487 0.744130009141854
0.376537519495467 0.942116297371571
0.384604396368527 0.810120802223476
0.390637965431888 0.709103926606335
0.378409573885985 0.9152103663191
0.38225148753828 0.846549576152349
0.386796417955514 0.773389210754879
0.378388653049205 0.910765998470151
0.375507772077147 0.963124252634863
0.3814446440776 0.864116244399088
0.395294607948527 0.634400080963119
0.389146460471816 0.735365626492901
0.378878470464509 0.907120533516769
0.37921826647539 0.900507431506627
0.395454513115755 0.630454621516182
0.377692519532703 0.92820833248892
0.385220585167416 0.803465149436971
0.374499002425452 0.982763809952495
0.386754858757234 0.773438374106636
0.387175308327807 0.766443671788292
0.390021400609244 0.716034531444037
0.390916825058086 0.706687078037825
0.393079194427095 0.669742863946915
0.381156801018599 0.867393554392666
0.378969524611291 0.907394128931894
0.379590593473685 0.889318439384556
0.381130458409261 0.868219838321019
0.380462013932683 0.879804062672164
0.398703981909933 0.566668713074102
0.382815831286815 0.833690386425511
0.396212950635986 0.61764026570422
0.3922535144763 0.688265774423256
0.386389857107004 0.780396126886136
0.383908731371568 0.819850381847125
0.381648439279504 0.861294089604539
0.389718439956219 0.723205771712952
0.370313389622136 1.05038458053767
0.39398267637476 0.653069315395783
0.374540915852006 0.984895947117485
0.388919084084647 0.735758947711347
0.382489361617876 0.84829242650141
0.391254656837883 0.697527833599676
0.385777136457856 0.789667043832578
0.371508025041683 1.03253068937804
0.389176127423693 0.730848822607012
0.39235885299411 0.68006176395866
0.37675566201612 0.944445248546374
0.375645103190307 0.961223904782751
0.388971171402344 0.737528223821528
0.393978491607422 0.653175457154992
0.391567491611008 0.696351303863698
0.395637853851469 0.624536822307262
0.373983095283977 0.987210460823976
0.393874479430309 0.65398239852783
0.389337443982899 0.737414918527317
0.374015928812881 0.990321192008763
0.377135299548919 0.937165049795825
0.390420658751857 0.709855845984622
0.384657595239929 0.813993765430314
0.392523863368264 0.680818347387595
0.374017118522112 0.991748968689208
0.384183754415976 0.818534910523188
0.377087678030197 0.933026442894078
0.386493970136735 0.783455380121077
0.400514262733158 0.54475118727238
0.373519561361713 0.992300151757992
0.375785328504219 0.965970593818439
0.390195112896157 0.718964762131352
0.378902118349582 0.907804283375374
0.387655973402917 0.757814779669563
0.384684241960216 0.812283324526287
0.375045943587586 0.970198836559503
0.378749604847257 0.913267618637293
0.389047004001853 0.736696658223813
0.388745056062829 0.739337676974684
0.377916155962139 0.928408525096323
0.386639296104829 0.769576989993592
0.377014428558689 0.942019356598137
0.399487005933399 0.563943544535146
0.38626657769314 0.780904849143111
0.386942693730475 0.777376258482421
0.391189973542709 0.701132451717888
0.381390074927323 0.86782984150131
0.379834454791866 0.887399570013167
0.395868423498052 0.622144812437624
0.394468463683365 0.64711429110941
0.389961778572771 0.716686824529281
0.380535740710952 0.88564583859282
0.38486644160986 0.807816494732082
0.380677859191201 0.876693223388595
0.375849308651534 0.962899982433815
0.382413241882806 0.847862462226167
0.391915596953972 0.686035634846276
0.369876388069149 1.05961375935501
0.382669183877879 0.84628038142809
0.383581453980404 0.826764827635462
0.392381480664098 0.678924688205236
0.387187009478739 0.768477084304064
0.392386120941696 0.682016609664162
0.391983343476942 0.687506830436048
0.37574182644158 0.96074269620928
0.378191400109197 0.918845202100605
0.381884694130336 0.853340798409714
0.38769179162207 0.762601479453442
0.385936251146931 0.791023397064428
0.384639945860006 0.811216815887431
0.381712684837616 0.857566648877507
0.400296744066822 0.549479031817699
0.382757207213976 0.845491128669127
0.39230492938182 0.68932539164545
0.384983951887759 0.806504073611559
0.387310871039417 0.761752591581265
0.379310638030493 0.901872302276103
0.377968673797613 0.921421156675479
0.375582891089965 0.960348472679225
0.384367657238018 0.814606546544604
0.37832806748678 0.920437881139702
0.387694038414082 0.761878999829949
0.38843771937293 0.74635890990561
0.382343701843212 0.848787322806093
0.380716946686416 0.875843566933659
0.387962803633914 0.754502855702645
0.388552701498629 0.744133889120374
0.379900750504912 0.888484777629623
0.382129472098153 0.853086205939781
0.392566594354937 0.675918073708114
0.383743674750313 0.825537117180794
0.37883767621582 0.911670521421374
0.392706968092239 0.670947693951061
0.38184760312777 0.855220052937981
0.374221933215398 0.989355523472162
0.379530792843223 0.896197379343058
0.390384139180214 0.715054676007716
0.384862593846975 0.810044138780456
0.390835275911955 0.704536895052924
0.386190843880454 0.784293416711635
0.393436125609952 0.662015332696697
0.374401520148811 0.983330214803355
0.383692829341362 0.82505485410192
0.388586215552808 0.737535074363391
0.389633715727608 0.721330276144636
0.370886229033877 1.04396029403617
0.380211216027451 0.887104103110761
0.392420658291357 0.674750484351547
0.373842341799279 0.995134315849039
0.379450905568226 0.899783135910609
0.379860106209212 0.889987004501888
0.381101801738945 0.868113436375065
0.379531519639854 0.895699818646444
0.390024785128126 0.720625662909376
0.379553166143719 0.893013534654257
0.388187333213734 0.748365160003562
0.373773148631574 0.992455982790442
0.400989831897692 0.529304207630844
0.401719652522727 0.517862796995172
0.380976008790748 0.874074572497715
0.401737632433956 0.519869054016447
0.396534468451065 0.609708206685437
0.388043777364493 0.757279218410831
0.376447164034891 0.951698884640677
0.397529975123255 0.589081999150726
0.401475340612128 0.528393519357802
0.400130291143018 0.548060126520602
0.379676301258705 0.886597913407668
0.375386031469757 0.964867309901471
0.386630854192974 0.777954947523357
0.376399693469267 0.946637875194726
0.382019981841022 0.851088039982927
0.378900649926206 0.899604614233111
0.380525183483205 0.878485996725139
0.390663610368268 0.706944713604464
0.386701675179218 0.771346575327554
0.393914569590049 0.650043637056041
0.381273603175573 0.865663436410439
0.396464975596441 0.615646361272535
0.375405761920121 0.965931709719515
0.37802259918325 0.918358149414344
0.380063262741603 0.892755765732413
0.381745582227779 0.864132972061403
0.380939267970708 0.872224369342369
0.389508016088315 0.729145049458762
0.372040623143839 1.02665091810403
0.367094055978999 1.09964971414505
0.382482727378351 0.850195744212189
0.387740244647514 0.76048178586372
0.392742571670033 0.670044550807765
0.386303247774114 0.780822634988287
0.381594046367785 0.861204362412491
0.379448922527138 0.89710021931277
0.382733918794605 0.841095930951345
0.384107029155878 0.816049123630786
0.380536524357338 0.878643756257822
0.378181585118485 0.92372157326224
0.383321429433907 0.832377705330456
0.387746517927056 0.75301676888549
0.388794917547882 0.736325672082747
0.385028341881854 0.807675954500133
0.38922856720559 0.738700029290005
0.385827534155648 0.784296534164436
0.390792473055442 0.701940155707337
0.384202722262912 0.819824321011784
0.399950252641923 0.547993711407291
0.385560687740485 0.799181203474965
0.396223201365264 0.611482590320348
0.391262686617122 0.701931283942594
0.390940187686656 0.704512692817388
0.382754093613017 0.838949933728363
0.381386906195586 0.867072942642229
0.391080081351119 0.703268781486014
0.399846006119705 0.555343387341084
0.395701686521832 0.62286733682504
0.382277319365822 0.850823322815679
0.389336717181049 0.733826756652709
0.390318606473651 0.716508313381254
0.389481605540617 0.7280909232746
0.392779555912969 0.678856857503352
0.392297269705717 0.687369126989758
0.388213018951891 0.746595257015542
0.383507674889391 0.830931778449271
0.380457268441859 0.880488441755437
0.389102999072409 0.733906576392559
0.385130954996265 0.80411453944182
0.382151277160922 0.851853207125092
0.392329959601169 0.686453894339679
0.372680176298285 1.01073330448618
0.391089173945133 0.70000205743538
0.382751044660856 0.845945935949091
0.391041738059467 0.701581098021646
0.378789320946157 0.911058412480116
0.385590788350328 0.791806316210476
0.387696551864514 0.761133730231814
0.386805581073234 0.77444203518845
0.39770623544994 0.587471281120818
0.389491563186873 0.726394732236858
0.384068980988557 0.821888216924772
0.3898156403443 0.716779185534495
0.394501233209443 0.639476874338321
0.387455929893828 0.760950570217288
0.38139057535582 0.863992357129045
0.379353868644341 0.901259903388866
0.387451620316753 0.765258580503362
0.39004280392729 0.718299399814487
0.383810173247926 0.824973362458027
0.389568374830821 0.727705800229828
0.404866955072093 0.466050907880586
0.385038037182702 0.806838024364995
0.38456258173604 0.816412411397161
0.376958151689925 0.942034331350764
0.381382179414958 0.864568678057772
0.394636988609877 0.642758380516008
0.386586116457342 0.775882009563219
0.396840202444999 0.608548756385224
0.384583874259166 0.816005846511956
0.384834460352522 0.80472655055641
0.384663146401009 0.809749331309062
0.389008803386448 0.742695782798702
0.379207509394537 0.900485205132534
0.381516463360262 0.869004043813725
0.371228126583352 1.0363305972536
0.380228698388699 0.88773425562986
0.390895037779398 0.707786337595533
0.382022769347362 0.852063245657319
0.375760545775387 0.954843090381184
0.379149853000733 0.899483142658362
0.385186348882523 0.804209608722025
0.377303934780419 0.932570049810401
0.381002331253885 0.869065819103743
0.390926918932756 0.706475762133988
0.38700801305243 0.771430271090145
0.383645582886991 0.82870803156761
0.388888426398773 0.737044427750761
0.382488997166657 0.848903249052798
0.397610235402941 0.588808677778043
0.3750451434231 0.96890472591008
0.37664433484114 0.941899743130099
0.387084666010651 0.769624591456193
0.37799602208558 0.923415049000779
0.379206066029208 0.904536939650091
0.393433940153232 0.657448384673173
0.395390961450574 0.629548325841591
0.377407551144357 0.936390148328593
0.392660445841676 0.673814127058784
0.376727174712061 0.947857619444453
0.382585944041756 0.847331829821046
0.379975297474881 0.888451730276072
0.385576158126939 0.793695665898293
0.383063279658938 0.839048570463378
0.386895708329078 0.775405574464234
0.391271586401485 0.697704413538787
0.381830610974121 0.855645076724474
0.393802938209944 0.655091120863427
0.380082185035842 0.880660564029381
0.396785601313145 0.610025712290262
0.387921731697747 0.755816574778354
0.394571995446869 0.645829044971066
0.388633142155597 0.748030566298205
0.368875032294631 1.07918712059653
0.37941837794802 0.900342520101594
0.396321801855056 0.619594118654453
0.391002304276701 0.704006673876026
0.377408472830658 0.930156691361456
0.381365872042979 0.86788555883511
0.380296269585716 0.885465353954849
0.40313989636163 0.494869468135057
0.388354364393483 0.750540424009519
0.375393902734117 0.967127386887041
0.376752233286636 0.944580071105437
0.376000314216338 0.955951893372921
0.384341051597224 0.817896116483411
0.381116924755808 0.869082601612883
0.382503757873806 0.846935937350361
0.384208420955744 0.819595978305846
0.384823277993397 0.805126634726073
0.385945813550683 0.785604350505484
0.376369463222566 0.95055512539448
0.383575222370498 0.826726513986309
0.379135887768346 0.902373960973206
0.386550514779839 0.780969882986486
0.390165418589621 0.712081515903522
0.386134739039388 0.782509257833953
0.38965747077741 0.729063355789965
0.38727533368702 0.766459214054894
0.376922608410623 0.939058662038989
0.378959538112952 0.903067195537404
0.384680205364604 0.808534382286109
0.369795878705549 1.05866698525853
0.382424139118903 0.846130107665269
0.381815408229103 0.854608373886149
0.377964329708623 0.928450689364174
0.387214181685789 0.769942058024046
0.397494632449661 0.588252657700684
0.374554192172004 0.983041875123451
0.381034635712519 0.873351260294386
0.370595342022773 1.04589011709156
0.398307996700022 0.578025381580309
0.393936442581913 0.653461715076391
0.38945568636277 0.72741507499972
0.389169764082986 0.735660419756161
0.379744837812626 0.894233765554256
0.380032260104861 0.888125876048597
0.384126512617787 0.820905388689019
0.394374903127645 0.646104793134159
0.390021001312843 0.715359842275373
0.373238247391459 1.00652322756921
0.389856892676627 0.723361724525782
0.383337062508572 0.833531483826885
0.389673918157035 0.726280584336739
0.385824995726952 0.787244441599779
0.38893226905072 0.739424240385043
0.381570630399389 0.860449694609915
0.390473319675246 0.716072754704025
0.386064361549452 0.783538799810835
0.386648778238102 0.775073200812887
0.380965904430451 0.873841256665698
0.386760222586497 0.77556121196036
0.380891019445091 0.881374241137824
0.390014198720348 0.72117794486004
0.383533078789253 0.828573475408467
0.39792296118656 0.58662988565192
0.383750950549189 0.827084373646357
0.380472565790637 0.876213072834944
0.389792504689335 0.720684229020797
0.38974422935193 0.727584200733729
0.384683653444487 0.807042731915967
0.379341435077254 0.905006818812249
0.37724415998858 0.940114174551997
0.39284575307965 0.672527604957216
0.375650742649534 0.963734808255741
0.376784471371281 0.943501561276624
0.383385120086079 0.831082222109919
0.381327977508809 0.86717861065486
0.390910515905499 0.706094231621299
0.387084127574492 0.767538859535404
0.39197705852002 0.684741171535506
0.383147826213225 0.830841263325274
0.380555657040671 0.878853378952157
0.383338915705921 0.829755987390981
0.372057536567734 1.02074669971939
0.380479634804224 0.880383022106374
0.384307123397972 0.815772346641967
0.384029386683062 0.828379185662512
0.380680142797886 0.876120363853116
0.387238349992523 0.764103519003519
0.390258097661656 0.720983274686874
0.38280132598903 0.843993610182089
0.395431691336764 0.628793290632908
0.38146171641342 0.862192184062508
0.381587714991447 0.857571554699378
0.378203148511224 0.920376861400067
0.385529101478929 0.802509326299947
0.38013285282276 0.893078240698228
0.387772777623871 0.756654444352898
0.382348015311244 0.848648574205616
0.396266480834984 0.61606478063649
0.386961700606214 0.772978910211752
0.388945474894672 0.740012925257226
0.393547307524544 0.657296044365316
0.373274858092028 0.999295530418126
0.389636962626435 0.726495032513427
0.386281811122216 0.770785665773787
0.382281033350378 0.844574768021766
0.37508856566812 0.969012466126838
0.382815414091144 0.843738684403798
0.385605414261991 0.79298201813613
0.390731274391882 0.704309060456985
0.386896908706586 0.777987670985682
0.401494097938844 0.532515653266571
0.382584269124896 0.847423062470872
0.392673317796143 0.673364022082159
0.379589605135569 0.894493215452589
0.386970471173328 0.766761567184223
0.381101675715727 0.877287320644229
0.390677589390512 0.711053507913366
0.408488302219832 0.408158828669484
0.378240145292142 0.920797951349311
0.378155732870704 0.916607575420473
0.383545627365465 0.825800396773362
0.390046700078436 0.7233929048659
0.387597009510694 0.767833492882532
0.379471969029649 0.894085034351061
0.384121452723231 0.816807276791309
0.386019521297741 0.789833836542462
0.382077184491282 0.854167254545484
0.374924186725909 0.978175304130086
0.377844943005019 0.924965291683397
0.365432807095827 1.13632806979153
0.382165095646463 0.852658544544398
0.387547247425894 0.756734270314041
0.393151311217833 0.661374805476319
0.389369596752842 0.729487856530286
0.390421095319226 0.708872915771176
0.389806349601734 0.72540252786346
0.387542570723749 0.761163025253752
0.379477116619021 0.894883441440308
0.389859091222455 0.722889931801555
0.382471853702384 0.850002132286204
0.381181900975468 0.871447660077308
0.387404989591048 0.766031172362566
0.388125295860715 0.752927679259508
0.35813191524579 1.25723967781865
0.37939169256967 0.900401620265334
0.384148810528655 0.817985465631787
0.376055341242275 0.959379431209642
0.384826916261826 0.811562631842912
0.382114948034783 0.856295855717334
0.383253844121117 0.833121683878245
0.383298425737258 0.826943094324858
0.401516602034397 0.524920345941044
0.382656554386452 0.845538620840449
0.383267442770759 0.835021687025054
0.379353582671935 0.903474907148507
0.388850074610787 0.739096552647838
0.390763851855065 0.704455326826002
0.388472917562152 0.749400899914928
0.383712270641501 0.822259935479048
0.390350834506978 0.7165947982206
0.367773095316944 1.0920729764409
0.393216254161591 0.66757186426979
0.393510954115559 0.662940621069419
0.393589888239084 0.655387756121192
0.386494786585835 0.776747475792798
0.404564475310383 0.47485709159453
0.371030636581971 1.03547531123083
0.403173743871563 0.499793290533041
0.380024472981992 0.889007648795545
0.368008602834434 1.09437368021922
0.396673518856621 0.606493647817918
0.382264141971879 0.851681484356264
0.378667827053709 0.908202242638772
0.385408617128239 0.795201867522445
0.380479350343289 0.879720998148871
0.378477376534854 0.921653378538949
0.375305392504613 0.966977966561942
0.375907519309082 0.962366886275421
0.403047578802697 0.505018026763957
0.396103890559466 0.617253584568434
0.382643742169118 0.844896063234895
0.379050560201882 0.909313428499477
0.381627078967772 0.862544584421998
0.378625795877902 0.906011372606163
0.388393095020177 0.741072633293576
0.382966332238776 0.835581814766064
0.383969405314796 0.822359078465971
0.373603310962219 0.995418818965745
0.387376599258837 0.767883271562751
0.389747886966309 0.725406434470264
0.382954507343868 0.835912731047588
0.376163405198137 0.95252177303969
0.38787159277485 0.758411142396365
0.391811921794443 0.689730344622321
0.390487846634701 0.713691585296672
0.385568827712759 0.793858142070122
0.392026673617317 0.684025410352583
0.38835433593522 0.74197073072397
0.387654471612496 0.761566872583506
0.374406956184137 0.981686727320004
0.383762980131534 0.819404082427992
0.373187227181621 1.00263448440143
0.389980589324725 0.725959543400973
0.378617243035695 0.915280585274334
0.388016955274392 0.74729363035622
0.389583611011168 0.727291881847145
0.375750792737012 0.963269504691304
0.392020278811105 0.686137763536921
0.376480674493049 0.945533958229646
0.393451436430755 0.665698479115479
0.395014811596816 0.638143072896315
0.376084653882064 0.956095809876211
0.379635796846653 0.896094758236073
0.382519190090492 0.849560660350206
0.386823710295048 0.772151208755344
0.388746526568072 0.737717482309805
0.387185707292357 0.768538039448001
0.362852190861116 1.17824486036013
0.368560649267022 1.0830569374282
0.383374539610297 0.829904811230664
0.381442079308962 0.865075304678547
0.381971055981325 0.858005351770328
0.400734376767985 0.542922001174465
0.396319847450982 0.615738149743155
0.377556889582125 0.930354026005996
0.380562934542296 0.882349125512558
0.402246899097718 0.51125278499963
0.381044413257891 0.870553668440424
0.382154684459251 0.851270594778828
0.376273922418578 0.951706013852716
0.385311333337766 0.797037865931203
0.386076033106473 0.782908246501552
0.376925636622872 0.937047865705384
0.380445931357084 0.882780344846663
0.377528042677303 0.931844224406225
0.384597087860159 0.808542188684692
0.37930852780928 0.900993204815873
0.389468192126999 0.733564884454282
0.386421206676681 0.777925116518849
0.386249773374699 0.787185513949527
0.379785330175429 0.891748857535164
0.371929172201751 1.02814025359659
0.383360616973016 0.835253350019678
0.390551493814992 0.715592087730194
0.392066003507561 0.687589407899557
0.394876708022106 0.637903525784108
0.381460961232101 0.856723677556054
0.379670224401673 0.891705362168981
0.383941855152143 0.827187272251138
0.387945642667107 0.750047683253105
0.384778176233326 0.809454819700268
0.388070114999427 0.753729344635441
0.387221118789911 0.765037700690607
0.373495012051105 1.00006095023467
0.392804693575906 0.669987332227863
0.394001675443895 0.652561784405342
0.382599323814652 0.846514948013128
0.38856622100853 0.743745397811024
0.388856952817988 0.739353767717386
0.38194432225938 0.860586056327687
0.395089426606611 0.635838329831123
0.394607908129372 0.644337231114474
0.375352852968229 0.965683581129601
0.38832947782101 0.74855130015908
0.387246122530567 0.763745581770723
0.389761190419583 0.722342465875536
0.381025955807132 0.865623076626926
0.38387929292903 0.822951172663709
0.374223519218171 0.99036077502394
0.377251527071809 0.938570566422731
0.39022805147282 0.71350706961913
0.392550574881101 0.677296600408836
0.390493115906508 0.70913836196433
0.382457388981794 0.845000266545449
0.394765608373235 0.642488017005518
0.390998798570111 0.704007746099484
0.382068319853234 0.859811541670677
0.380333880686512 0.885627614263445
0.391455732005253 0.697637779576753
0.388462604789127 0.745217347111706
0.374645815574981 0.978303410732929
0.375151771881393 0.977265116408746
0.378221842994495 0.91713167804355
0.388127713393104 0.749717584613828
0.380475560887698 0.884821293419286
0.396688755061349 0.606549846742622
0.394539599737089 0.644270621027873
0.388502815596108 0.743604550371712
0.386922989246736 0.775103956697655
0.379519846146843 0.898534926718281
0.390469877524032 0.712193204370436
0.372662689322203 1.01057654013665
0.38411629399776 0.817275512345223
0.388454504980108 0.750615241227856
0.389371969240222 0.727174610567952
0.394094120097097 0.646291419045423
0.391989076257285 0.686845260056882
0.38884026327214 0.740995405401309
0.385301440630384 0.804863842603103
0.386832905887837 0.769818077156759
0.386454988224561 0.778906160382379
0.383811039265434 0.827307193732648
0.392470482864085 0.67984734451862
0.378513440787886 0.915059608851698
0.393526808422881 0.660029574282846
0.380203620520524 0.885005607321344
0.389939298072935 0.719134771923974
0.399945063090367 0.551951913446601
0.381132571263961 0.871404790168368
0.372624424467008 1.01255816420407
0.388111862806004 0.748858314118619
0.387239620219894 0.767204230170079
0.389768203383564 0.720062401608997
0.385185920420815 0.802514376829185
0.378701662074489 0.91511973577875
0.382823003756929 0.839762899873782
0.380054465118525 0.888731640229942
0.378089597176584 0.926830955309555
0.387407064747277 0.7603364781945
0.381599228057382 0.856487403133014
0.38639973098018 0.779116113368698
0.382558400247744 0.842592635650751
0.377509105772499 0.926177918929876
0.396249340543002 0.614576821669394
0.383492267062877 0.834577687538571
0.377797819475448 0.924797311281723
0.373392287103662 1.00223359857254
0.387123404140497 0.770640857212983
0.383733652528984 0.824891609933435
0.392022197205285 0.689228496119446
0.382481606614219 0.843596837143807
0.380886402618796 0.872154079399029
0.38348956560954 0.824934824961012
0.387340927134164 0.766862551630121
0.382485300050368 0.849682359816693
0.384001220503705 0.816396607680714
0.3980640170342 0.589130660076311
0.389171594736974 0.73394287982267
0.384676749420523 0.810272116218046
0.38559537815937 0.799157063601154
0.397377939621236 0.594817863431664
0.375688644324163 0.957858396610813
0.381072378547321 0.873692104779254
0.376590851203012 0.946045633842755
0.396279149394905 0.616103604103049
0.379654996652034 0.896438809399827
0.371785966674306 1.03014069842656
0.397109910706414 0.596544212146318
0.378088034479898 0.92253177885216
0.376314121799074 0.951314415428652
0.38302610826131 0.836001427413701
0.389244947940043 0.734756304226269
0.398744416781245 0.573514583349838
0.369561190893551 1.0692488234982
0.390483616699171 0.705192261290162
0.388989102938814 0.732968237894168
0.397124451294325 0.60119292066197
0.382636912721909 0.842691517404929
0.382279151109071 0.846261406022585
0.371517846173411 1.02994307719412
0.392240982633943 0.684104490802027
0.391480084681169 0.694693561592879
0.387559492160992 0.760510691224955
0.398540761051814 0.576664844649487
0.373173972720558 1.00285904882121
0.393595404037596 0.662637834265461
0.370216533287728 1.05834381820849
0.382625244917042 0.84384988180882
0.382521763534184 0.850149073548118
0.39191316495217 0.692234213404837
0.379337411948279 0.897473728308137
0.395612392886842 0.622156763528669
0.377697244689104 0.925345626001628
0.391504613913084 0.699661731291677
0.39812236001308 0.584061806786597
0.37841120313628 0.912539026071874
0.386627707148975 0.769122247785979
0.385182780109045 0.799083372600105
0.402762939846422 0.509132347278759
0.373211034031468 1.00304691629034
0.38073740435869 0.872893166252991
0.376986905573498 0.935250452940213
0.380193041618211 0.884468339190705
0.381586336969594 0.862222297421786
0.390182271815641 0.720395509991765
0.382275092776943 0.848904843736917
0.387762907339636 0.758866479487518
0.392747793928738 0.67137809530209
0.389768678179514 0.723784577568991
0.377381024287074 0.935427851817266
0.381674096962585 0.858060020922675
0.380099065175528 0.886978105469789
0.384418784083343 0.82211948052967
0.36836506921372 1.08633804729503
0.388041987244769 0.755512029806396
0.385586265687951 0.792451125116943
0.378888013505629 0.909852015019915
0.377197207599145 0.937554020770506
0.373385975592186 0.99984824128452
0.386826433138067 0.767779998205922
0.384974947939935 0.799912685288703
0.383851275170075 0.824500434789233
0.392514748720536 0.673153310758392
0.384231031265552 0.82046196570511
0.382444681533186 0.847397842499963
0.388219952285426 0.753198716286705
0.38613225645387 0.784105888713357
0.392663236518492 0.672599182617883
0.387750564898692 0.757109540457744
0.386596350795678 0.776987245245106
0.387446543031444 0.758768480206795
0.387451262206639 0.761819025031434
0.394869772176772 0.64178132896074
0.389312140318032 0.730475219896043
0.382674105664942 0.845208887460193
0.384830313438702 0.806996655235946
0.399738870346077 0.564055195732727
0.38270928586764 0.840204582880863
0.393776558223345 0.654409580791919
0.376235008719212 0.951742555962717
0.384375041593086 0.819102390825926
0.381809515155885 0.864977051116328
0.377208657248124 0.939144496521177
0.375080540446347 0.972283150025802
0.375774586710583 0.962020100815628
0.387508070344901 0.762369572427843
0.396423421189482 0.610659452215299
0.385990416571035 0.787682905744143
0.391742211785737 0.683486670557794
0.386033787519339 0.788482534502568
0.373641813494389 0.996321737802658
0.391878102793187 0.694441685047961
0.386142127348589 0.784833422946894
0.382945177881533 0.841639084189453
0.379736728951227 0.88673897198483
0.38216610172673 0.852908887364521
0.383338783381324 0.833691408365707
0.37025227453549 1.05080366066704
0.390680167111999 0.712208479365773
0.374988016020116 0.970786959788239
0.397055081815872 0.602100141082069
0.397521730000699 0.588723719043295
0.386160162882514 0.788905506348941
0.381638365391617 0.860289560956147
0.384389728070894 0.818615100750581
0.384033859578426 0.824604414251147
0.37381382740132 0.990700029821465
0.389181474746065 0.730612808096396
0.368959275693573 1.07468689445616
0.394627921173162 0.636782307682244
0.373075056766493 1.00732137013026
0.386401276089214 0.782578660892806
0.379789265776573 0.89993346363467
0.374713523058559 0.977221554193746
0.392825231458858 0.676133208819474
0.375988551696185 0.956666978183878
0.388104078858964 0.752098973238895
0.387230683973392 0.762542831737301
0.384995568990286 0.807973204075245
0.389267495300783 0.725938610480203
0.387373300096943 0.763793296687891
0.370961659274079 1.03923829058514
0.380127080767114 0.885287667984421
0.387236767457894 0.767912949739041
0.374200864274754 0.981649011533567
0.381322849598495 0.866019315719528
0.386897599907759 0.769996804431099
0.404348032475108 0.479788206860789
0.368576364382322 1.0789216986389
0.390091915040906 0.718051845720157
0.381987029731124 0.85549014484179
0.380506942518077 0.884636124481079
0.366989934674098 1.1071618571743
0.383997601586789 0.813958783268758
0.385208014775971 0.802116912485579
0.38875713666429 0.743361771656483
0.377010555052436 0.939897034251431
0.396672732664761 0.608815230739898
0.37530055733896 0.966647312324556
0.381829527047513 0.857499055433477
0.389265231112997 0.73199326765825
0.37363370009428 1.00007946753168
0.391391535609146 0.698203054762022
0.382966583412284 0.839904245816822
0.373544000899671 0.999915850073628
0.397036723806827 0.605786540296007
0.386805651293088 0.774553549183506
0.380449110689481 0.882969932379855
0.384741020772355 0.806399338065833
0.384015706411226 0.81803919414392
0.381982205842909 0.851958387113544
0.388203512991305 0.752364412530681
0.390972928369723 0.701663494826031
0.383049738788317 0.835633071351719
0.402040363037971 0.516277672486513
0.393372862536563 0.661184697058337
0.384228527488513 0.815492618235363
0.391439121185843 0.695844617673921
0.397516030353963 0.594699691558451
0.390832351059629 0.707207845809116
0.378927072255564 0.907516351845944
0.3826911976831 0.839522741349652
0.384657999342603 0.802374341481706
0.383544218608996 0.831248026618386
0.380466145480904 0.879182258504179
0.399931344949295 0.552054711247262
0.391100403979365 0.704577457041418
0.390042881620634 0.717942530917108
0.389283318006029 0.734647750853947
0.398251813789957 0.584052530655354
0.388648490987149 0.744594484177938
0.382888751649589 0.843050469551852
0.389821502418987 0.723665033281749
0.392303486382838 0.679836929786399
0.381457374547469 0.86373549756746
0.37768881287578 0.922437581938942
0.383431486925354 0.828932061552274
0.392225969324437 0.682145165419172
0.383592012710305 0.832289084908164
0.395862358771655 0.620007342437307
0.372918929184321 1.01250670793392
0.386993874613713 0.771098795723249
0.38392461145199 0.824616187901167
0.389409334174032 0.732330777685014
0.379074788055309 0.908449938011109
0.386687611292194 0.775875722528618
0.378464388749893 0.911288001048667
0.377777455439874 0.922981292406313
0.390740365114171 0.706607180193883
0.382849579063884 0.845283128781822
0.378051890283644 0.919983717146042
0.381076331769613 0.874656998373
0.389070467349076 0.733769424559714
0.36805047606447 1.09244455558161
0.394098380221286 0.657871708217274
0.373768669876058 0.989829658268706
0.389488380502162 0.730244924939976
0.383486935374231 0.831434352899419
0.395796200341085 0.61588200887227
0.376071574692806 0.951053113545135
0.376929985944651 0.94452391571205
0.37632898711425 0.950823981214323
0.393545208495709 0.657177434693512
0.379962666270627 0.88906895262122
0.38729974001673 0.766619253622523
0.384874896780211 0.808439211203662
0.3810037688763 0.869246806465168
0.377403007578932 0.92734417372336
0.377394074277586 0.933541268290996
0.38912401124613 0.734670772988403
0.386667363968088 0.776020611974785
0.381485258779932 0.863888154101259
0.391144446459544 0.698887807187994
0.388513672101018 0.750152012284707
0.381679787403912 0.856665906086676
0.37386601472241 0.990250775126034
0.378201538001658 0.916427788401715
0.386648555123407 0.775791243796155
0.373045246184771 1.00451235087472
0.383337192959342 0.82951508346456
0.374907533259567 0.978048466925479
0.399505060069521 0.558840502437414
0.378029916686486 0.924737751533125
0.386622314100868 0.774616471391607
0.394106183021814 0.650813607085116
0.383599603061101 0.82774736377445
0.391989133582696 0.683285463079205
0.393457875221218 0.665943040025307
0.384789775514823 0.800340075654643
0.386385087009554 0.781827783578924
0.400949015849355 0.530131523592546
0.387548723044907 0.761535677571301
0.385975217715423 0.785341932545487
0.376906258647266 0.942992058404398
0.391781436760352 0.690638603901699
0.387870450521044 0.755383364797739
0.386357677043571 0.781807376908436
0.38862216345798 0.745743167827291
0.383630919724209 0.834543966763044
0.381071206410406 0.864212416235442
0.38900331570758 0.73758808526614
0.401914713503668 0.521147933178439
0.376240901534189 0.951164159417574
0.379191006212478 0.90291935732246
0.386411350331932 0.781883546317401
0.376355406959059 0.950619791105402
0.399455515872374 0.561476556258934
0.369244208181332 1.06990304323928
0.398009636303563 0.587884296332583
0.375892598647144 0.956797213783265
0.382001510022925 0.852161313692679
0.388578441298752 0.74099626234976
0.38347755057052 0.829570833929043
0.382027835455032 0.851572759367951
0.382934808031101 0.842936895530828
0.384078726415952 0.819357899801467
0.371580665376873 1.03579875824268
0.393950683348932 0.652820094226512
0.375781380684866 0.965283615758358
0.383853424799599 0.824762806072866
0.383742456290762 0.824260340016129
0.388305739894913 0.751558414024422
0.363962055364342 1.15912106235895
0.386362481109447 0.778427055037628
0.399566482164693 0.559308626956116
0.386332808450556 0.78232971572929
0.393276126769351 0.664086725678484
0.385973321972024 0.787851594103769
0.386485414477204 0.781060513983192
0.39489575480889 0.637070873904568
0.371957423457074 1.02714635498022
0.371248115156923 1.03817278191878
0.387177994777129 0.765306069898817
0.385111428405202 0.802430080710926
0.376923350774855 0.945690246015782
0.375140742175747 0.969895745220767
0.384995427909441 0.802611867956822
0.385590126549697 0.796107571121002
0.37391227293806 0.987524218848689
0.381100974494868 0.868545305910682
0.384146938833035 0.825094170967719
0.393143710759438 0.670649206351568
0.382259389998869 0.850435949066151
0.384235640439114 0.814344633661017
0.38523090138478 0.8049622265244
0.400203732073233 0.5487037149514
0.386728216279491 0.773211480076081
0.37594203221226 0.959885248948539
0.380853308560503 0.876272650445733
0.377863794152743 0.919812425343278
0.387804990149818 0.75594472139391
0.388057670976001 0.75566793589376
0.382490368074078 0.844991358200854
0.3849486933993 0.804483882548828
0.389994228748969 0.722684822382614
0.389083073701022 0.734188652227992
0.385102336209956 0.805444906961776
0.388229993198121 0.748203157678832
0.382590879901991 0.846285914593429
0.394229778930857 0.65186181318808
0.382763894728263 0.843590435923291
0.383167234017289 0.832206924225757
0.390335141732949 0.712258542314938
0.377546905296308 0.929682019926213
0.391622359329649 0.690335802112193
0.390982771311393 0.703026413095908
0.379803127816829 0.886011740957102
0.377906861889909 0.921307909724271
0.374283939106287 0.986593806606464
0.382432690311356 0.848775596203102
0.384397381574122 0.8114811053148
0.401239786036517 0.531344212130908
0.377968707823447 0.930458762382474
0.385302627089275 0.800813902755907
0.392473773138656 0.676609115113448
0.378173418720482 0.920986643049553
0.375110335311501 0.97151073364161
0.399382952479873 0.562058634105377
0.38101177451587 0.867923624699417
0.38702705319232 0.763962304409186
0.396396039167452 0.614465709083959
0.38107353312798 0.868894899777273
0.393011958702515 0.672086813158633
0.39289421769433 0.670403235372643
0.386947077328071 0.774565952352101
0.378633099772532 0.910311613725632
0.385799902520075 0.786687908660854
0.382524555706358 0.842510139798108
0.387250747822909 0.760024955292418
0.386162286958839 0.778783910864626
0.373913371798055 0.996468722087348
0.378591529533859 0.909041012328613
0.387072062301071 0.772031134006254
0.381714518674658 0.862205762091517
0.383002503081078 0.835453301179754
0.387797188599035 0.760720278840528
0.403634701131728 0.486656175914188
0.393701235646331 0.665865913460849
0.368963645798607 1.07350722777332
0.383095132379694 0.835304796211404
0.390961155669469 0.701416247115454
0.385946629035575 0.788184378905426
0.392424205874499 0.6759857980913
0.387497556071174 0.762436098969998
0.387934057530447 0.759415850355053
0.393764020013248 0.656410494333008
0.369895221274218 1.06116932545866
0.381375465492379 0.863715301742629
0.387161298324058 0.767196465957554
0.384922186505602 0.809175213331581
0.401247964574804 0.529937044429819
0.371088108087697 1.04066201776071
0.381796308773482 0.858749271929058
0.375819952277046 0.957634249277493
0.390893256839811 0.708563377805662
0.384730130808875 0.80529074618579
0.376712198142142 0.946728742095786
0.377372366596552 0.934328977299651
0.37586461908824 0.962605309090241
0.375239589459492 0.96989833600414
0.394929180616142 0.634975363538505
0.378255219973018 0.922450128864762
0.388687612158579 0.746605955244472
0.380160087037328 0.887454339534683
0.387744567788109 0.757781522326201
0.376014355523452 0.955597890298728
0.3790891716921 0.905157792698197
0.374657601298966 0.978006017299171
0.38192985017908 0.854961365547891
0.394699181216145 0.638532048887139
0.401818322066725 0.511280419482953
0.395130857862015 0.632789387826493
0.384189765850496 0.81695294943708
0.37924558208089 0.901547200609006
0.372860809494322 1.01187739377496
0.384316728750585 0.8132362336068
0.3821724602955 0.857538872080617
0.379437712071265 0.895205252246976
0.396808645483133 0.604570464375233
0.37686048620588 0.942003379403518
0.379703925441356 0.896246040748947
0.390023563114714 0.721695548556657
0.375924705339247 0.957387119558577
0.373394885652232 0.997643224388568
0.382807685989605 0.838759135195461
0.388606034473684 0.744872719467116
0.387210192817565 0.771798948024251
0.385670540814881 0.797233649819078
0.378830953385103 0.912082998406361
0.373685281097209 0.99767095961219
0.385779451834754 0.792366955623513
0.371785876663385 1.02599413633731
0.402077233873468 0.518741843826959
0.387285975302373 0.768099955112377
0.392241303265714 0.680775452646279
0.369987006033303 1.05579725039191
0.384951489613514 0.806751889489661
0.376108929552118 0.954319469188223
0.389500804417891 0.728884381215661
0.380248858074408 0.890156960743111
0.370288061946346 1.05540571416999
0.395779165574886 0.621307832616611
0.368718198207928 1.08056429830922
0.374107831215842 0.990205254914927
0.382728931446882 0.842123275588568
0.382048018300059 0.859096653752783
0.379160027297823 0.904166255809313
0.385121342796528 0.801455286825167
0.366753515288283 1.11621786115851
0.377424828440532 0.929599210001475
0.390265586378217 0.713456934068606
0.379990353631117 0.893557363517392
0.389852146430076 0.717451483782159
0.381929212020102 0.851599185583248
0.386501806883964 0.776589926183071
0.395986165594447 0.617836493267789
0.390312934344246 0.720600508207111
0.386188737814589 0.787116688612943
0.384354885992747 0.818399485261748
0.387586614077537 0.767974486956478
0.368314737956851 1.08690063617188
0.388067037396859 0.746879541299465
0.381990869313845 0.854759812482115
0.391536242762517 0.693726087550823
0.384005115135527 0.817710219129738
0.387611883179891 0.760289965920996
0.377189212346262 0.932191082877624
0.376319502734772 0.950558477756075
0.3843240579861 0.813631230791066
0.375552174317346 0.963948258719179
0.38706540448706 0.770401462796902
0.385629386346054 0.797341586288635
0.388857946278922 0.741361434881745
0.384267963861917 0.815150835901329
0.381250105312124 0.86810940726192
0.368662006978433 1.0758713235979
0.387286895262657 0.763681773609704
0.380472110210664 0.876736296972956
0.37091592481069 1.04102002065373
0.38030260383852 0.880466099774648
0.366101001669544 1.1229577055802
0.378336441211178 0.91992922160573
0.386058540053497 0.783326685511724
0.385159374266367 0.798013421366134
0.382139302220376 0.850934089091037
0.399787235904813 0.558919767292904
0.386383890693587 0.782563641563509
0.390283849547432 0.718790520978382
0.393412966456776 0.661500459860411
0.385325873745525 0.802517056064509
0.385475502388614 0.797549095778699
0.383367717953088 0.83116428695729
0.373081238358781 1.00557211321526
0.397521443985498 0.594462030965547
0.379075751834647 0.898975975747899
0.386897569449467 0.771403404245577
0.395433431029121 0.628014243981743
0.392476983179846 0.679419275537832
0.391428995834222 0.693954198158837
0.378386978898612 0.918948124699611
0.387805456196405 0.759836501373479
0.387690533077689 0.759631040394119
0.390130836623714 0.720511897099103
0.372413910056977 1.01117044631946
0.39459092423292 0.642751416299689
0.394258764013191 0.651786126557339
0.379636653317237 0.893144036130964
0.395967810963419 0.617841245651279
0.379354867144494 0.897654527651883
0.393382473753892 0.661152428423008
0.388107311941111 0.754027942458946
0.389494872296132 0.731913235579875
0.388573734400458 0.743782667880389
0.386297399986361 0.78032898367638
0.38166651547439 0.865964994010246
0.380022929907501 0.89144553917201
0.373919460093106 0.99276225432968
0.383855180109959 0.826016965056972
0.395953079633744 0.621845428170175
0.381560654134709 0.861671074319186
0.386818726987721 0.772348201078815
0.380591468316987 0.876766401060234
0.369861031928644 1.06170199149836
0.392419996781247 0.673853852427259
0.38410618186304 0.819453523268856
0.397434099509916 0.592133464786978
0.384553061159763 0.812414659409857
0.386959556782985 0.772797709612917
0.378752096407026 0.910888759593957
0.373933624062822 0.991373307514766
0.37855511286523 0.912925515931297
0.375289802226641 0.963703196425484
0.379950846045175 0.892438633146676
0.386140445989235 0.78531870444395
0.382851842389507 0.843553208759687
0.388465917208154 0.746534770842593
0.378312872203617 0.920606223667358
0.383110491862453 0.83647905307841
0.401418803703747 0.525384187155943
0.372818755137203 1.01149239679549
0.380374098042582 0.883011726457963
0.383832085607862 0.827734062922037
0.383267387934803 0.83517870558819
0.392271422307252 0.680320993667834
0.372744035684154 1.00795215605389
0.387906307145569 0.75726365923891
0.391063142736076 0.696660976778585
0.385212844558969 0.799247373410526
0.386858892031839 0.772774810369789
0.381987876800268 0.854232970871601
0.383904577717895 0.821394972266947
0.383311310078546 0.83681087981663
0.379883142997969 0.888960955674301
0.375531111716152 0.968351738478911
0.384194988466557 0.816116332039974
0.389987667207538 0.718487607629929
0.381739309857467 0.86008289829375
0.385852486840767 0.795156244269424
0.366930933228473 1.11159713780495
0.378313978573076 0.915936263489824
0.386317099656553 0.777801867892806
0.389382355334487 0.732180117575743
0.374030346021189 0.98533094873445
0.380795814254458 0.876609963102395
0.386039980881155 0.783650175998666
0.392539614646876 0.678761046636511
0.372921301062789 1.00765045688215
0.388874174869782 0.737459542169582
0.377131027291234 0.939660591947913
0.374119319954678 0.989103873929655
0.383421211661478 0.830970463779771
0.38117574940917 0.86718197515761
0.389968525785007 0.723942600665203
0.383306434662584 0.836616300904263
0.383370339563908 0.832350106409032
0.385176927336556 0.803311814395149
0.381853739313516 0.854678877300322
0.391976579882161 0.681681450769305
0.390313708277687 0.719100736527729
0.384768673400838 0.804161556164398
0.381836711734114 0.860351775902585
0.389388663122998 0.730215897339469
0.384604874607162 0.812554229634778
0.389183262596159 0.733928384854216
0.376685045873401 0.946422630459051
0.387190891074327 0.764078315508983
0.386565284232157 0.777825390102239
0.386196132359196 0.786661977438753
0.377170255563314 0.94113351805066
0.379979197531574 0.885324633700601
0.386119719539484 0.783539487828436
0.380423701643648 0.882121605520452
0.390670695777924 0.704013930850304
0.38826515510203 0.747223565313701
0.375710240259154 0.967272418192343
0.380141725179938 0.88708605100847
0.391635505597494 0.688662336680758
0.39038029924766 0.710756541584058
0.37754839170549 0.927045760379443
0.401592209304692 0.524159369018167
0.393468447191687 0.661087460631877
0.363424539936349 1.1664605325694
0.390967569091274 0.698142666960315
0.388880964965702 0.736690151698713
0.38916159857926 0.730656156265473
0.387970003426451 0.757455440711136
0.374461117380266 0.983971680153479
0.38082986816566 0.874866250385239
0.388117895868276 0.75662589241647
0.379686602500184 0.891251040168503
0.375226107461424 0.970501054852013
0.391753985302095 0.691079927489585
0.383924896572122 0.827923040382289
0.386550172459498 0.778217164153147
0.383082620610905 0.831983755653133
0.389288491028686 0.72946577074415
0.387869188981201 0.759008107837351
0.366015024052699 1.12627068411665
0.384781141253864 0.807047066831017
0.387672219650053 0.762171796917477
0.382809336832661 0.847085256386119
0.38644636683996 0.782204743261636
0.384365755351302 0.817413612040892
0.375513202016269 0.959330547399032
0.383480501231951 0.825204952048231
0.39115397858508 0.697437830045886
0.383291526248035 0.828848372273141
0.386469017897663 0.784218083860006
0.387536491092358 0.756433470123485
0.394745532940756 0.634503493540908
0.373931344912604 0.992729146520947
0.380587656739435 0.874893400798894
0.395077439695818 0.632391125263382
0.386507042528932 0.777705015505078
0.378552613933595 0.91172883677675
0.390025996164291 0.719535913862117
0.387130982042996 0.770493106715902
0.383558283503382 0.834533990829875
0.39580489158264 0.616616364326923
0.37383888495484 0.996107389566026
0.379052790703068 0.905757787234893
0.396654101179608 0.609352317070588
0.383152375353756 0.831730992236487
0.3714834629474 1.03107940048353
0.389773939125184 0.721595208417023
0.389055358973221 0.73315519231041
0.386424230302078 0.778898048339338
0.400295196283756 0.546848326781028
0.381276762060678 0.866270058225755
0.389149031518991 0.734267435639517
0.379672965261131 0.894753610384499
0.398267613089814 0.579461244537521
