0.392748375503744 0.0285954972311896
0.37088355252538 0.399710783066325
0.390942973728775 0.0557566121227755
0.363785400895292 0.522344228687677
0.419865583490216 -0.437090331624818
0.379898353679005 0.24789895005067
0.400540119158373 -0.104571910755362
0.359641231939829 0.591510372165233
0.346269158391174 0.816937033360601
0.382588939383327 0.1978369572241
0.402603039666927 -0.143651209909679
0.368842158487154 0.433305533732877
0.403635825615584 -0.160432155739545
0.372930878383961 0.36472781175249
0.361039244814683 0.563076196667328
0.372688138906279 0.374455839714276
0.398210760031347 -0.0687699246338672
0.418723101514085 -0.424135026904717
0.412043819720093 -0.305013980604188
0.383934653064158 0.181265116130522
0.342424824133412 0.887503701208156
0.361322821288134 0.562508468230621
0.41105748854374 -0.29568699864091
0.38234246125817 0.204601142069918
0.371191959711357 0.39104865605198
0.393320338191858 0.00557116800158905
0.405397124393094 -0.191340662933525
0.355759465039961 0.659746683992387
0.376656256113436 0.303275432352944
0.395275793756843 -0.0126643897886961
0.350675034279609 0.748024973638286
0.366464092631159 0.478766562696926
0.38637886927727 0.136645625021797
0.353217410947746 0.710321150457048
0.377310329012509 0.297888314768134
0.364910640017832 0.502217704356225
0.402750105130644 -0.145447144751447
0.407046592931588 -0.218228721172122
0.358101545279916 0.614666824220366
0.367659967467268 0.45446437697781
0.367190556996575 0.46959168410531
0.390812334459224 0.0611523142830255
0.378702736990977 0.272010507205511
0.398736370618741 -0.0751743634047805
0.352840243816826 0.710691788743346
0.371818493834684 0.377333234109475
0.413052551907236 -0.320154969670498
0.389429882753113 0.0802102231675746
0.384273680819711 0.177004670301946
0.409634574199412 -0.263111282466901
0.364850292544462 0.50219111851247
0.365418105376901 0.498453491983936
0.369409821251998 0.427971561945517
0.38699339198291 0.126632942352592
0.373333970349233 0.352399940666558
0.392364061519883 0.0292236977950419
0.369489305149356 0.429895638514346
0.392937293547215 0.0277178717661402
0.396356763107867 -0.03889451662478
0.381468124571728 0.214905796560697
0.404878620685877 -0.180163931299424
0.402103014131949 -0.138414847320854
0.396260185812124 -0.0355398238340999
0.359179171020935 0.604434864959646
0.392492526851633 0.0319180892734056
0.377227413422628 0.295353429598846
0.387077545086346 0.117481067957766
0.398858839274072 -0.0800075075208905
0.397400478959645 -0.0557509538781665
0.384039839567168 0.181835023668023
0.389318448584277 0.0834742947751271
0.355950413649354 0.657112761646548
0.360348513322536 0.575190775291408
0.37046703370581 0.405476900671948
0.391462038385908 0.045688008002043
0.374676007384912 0.333525788668866
0.379742861314065 0.246710093080963
0.379466832288242 0.257397120469494
0.3778212300598 0.277936221042636
0.383637729314254 0.178787492796286
0.386961861716425 0.123955566018536
0.398859557351076 -0.073683093401757
0.361172641309605 0.565943620156458
0.376240689294765 0.301592936466157
0.404007228077861 -0.17192019534457
0.378089653140546 0.276936113386316
0.388173366648284 0.107785258289287
0.387086105409656 0.11827838099418
0.386212116296134 0.139336210018287
0.400633724535934 -0.108901684109744
0.363408003089782 0.531863910242025
0.394301169838877 -0.00236996452046387
0.407461431179226 -0.221758918824022
0.352288176885906 0.722952666261398
0.384829050099259 0.161800682328179
0.372633628064965 0.374780749470919
0.358513293840072 0.613519453545836
0.357725426036747 0.628227143523516
0.406772169144984 -0.215861627244322
0.381954683080632 0.21302916633627
0.381970648312635 0.209414046475412
0.370232223509377 0.413571568029662
0.379936329114704 0.245040987440725
0.387125774661717 0.12408292247394
0.335641282650922 1.00193268512704
0.366303262482535 0.475031226276341
0.378673376401362 0.265829394335288
0.396268627383194 -0.0397926839680462
0.35817949213479 0.624355116398519
0.369609295345147 0.423810979106696
0.398452734772182 -0.070379090953938
0.397459285460706 -0.0550425915016192
0.356571899698365 0.649559790433029
0.343994663384045 0.86035635155215
0.377224804153297 0.289820811609928
0.384515969688009 0.164496538471815
0.373051666666166 0.363635063835457
0.381293607001546 0.22395116521603
0.404755642516333 -0.177866956708737
0.406260654338667 -0.203293866683174
0.373809306657447 0.348506137369362
0.368095926364574 0.454898714241556
0.403717914185409 -0.160992398662918
0.359416894773044 0.600492868402555
0.343304787278796 0.870530917130653
0.387257895298847 0.118601714437863
0.394223646837485 -0.00175686865986324
0.364943873577728 0.503497412828961
0.388766019457551 0.0922424918396799
0.392132446966961 0.0320845065040314
0.384293467133161 0.172222464803403
0.389399856434216 0.0818679008140584
0.398732528249112 -0.0767046235578294
0.419748039480303 -0.441042303681037
0.389278883951016 0.0859653086161863
0.392471972332194 0.0279066613071374
0.377416977836487 0.289611600896508
0.361858211589297 0.553300435638509
0.395329807729662 -0.0233490641684967
0.394884178829078 -0.00953285590016381
0.389998223092988 0.0766809958720372
0.411350899332657 -0.291234270516902
0.405494690444483 -0.19614920596491
0.389096847407469 0.0869221738102096
0.360867671845126 0.578262258475075
0.418065801325112 -0.409852653004654
0.36864073286263 0.438239097978674
0.371340270886979 0.388480547203496
0.341501414440131 0.906525798059629
0.38959948520893 0.0798315257316861
0.387240127092244 0.116735133670371
0.353352016289849 0.709914697685581
0.380066710008644 0.252144230547583
0.382473936618805 0.203642226289628
0.368730536733308 0.439679779438621
0.388679350529553 0.098945335843721
0.382360860466269 0.200389490492008
0.338128992274965 0.961149153161651
0.358833175415424 0.605039511491952
0.400289183831565 -0.0995021937371456
0.383727310544635 0.174092250988411
0.373991759184392 0.350952029579085
0.386360931936358 0.137742501227324
0.391421740079218 0.0519114763970958
0.383761203758443 0.1780099413026
0.394636687113155 -0.0108711178488622
0.372845576360116 0.369804817924225
0.375196433675191 0.333753589906837
0.388628977968326 0.0982973302639553
0.389003444190172 0.0883889950187652
0.388191606821136 0.101010908611223
0.383428033994268 0.182641040968948
0.419059005650107 -0.428594691279511
0.367519207901682 0.458348398492061
0.403991021090191 -0.170604811304682
0.386230314381554 0.137651938937016
0.358243037127785 0.620113797054635
0.390019532089017 0.0765531470208336
0.419337361261871 -0.426379215529878
0.36716053383597 0.462099557546545
0.3660803180353 0.479783082541993
0.391339709183117 0.0495454604369222
0.391018446867169 0.0537714840807856
0.373994034297393 0.344873795725317
0.382649641702062 0.198383735959196
0.373694062898183 0.342276333405601
0.345585167673142 0.833228305089896
0.367893097251441 0.451396404172535
0.402783813564293 -0.144265355816066
0.395135021626397 -0.0166272840593688
0.393725346948022 0.0139874455264227
0.354324627118413 0.682720590191609
0.421115556712899 -0.468906636754434
0.355372872855029 0.663671334710619
0.382125132491505 0.205624568326796
0.388603722129123 0.0962553936806925
0.411131914876002 -0.286010971540973
0.383299115959275 0.190010384444787
0.387947822180106 0.105853477559887
0.341748190816449 0.901145817705677
0.388158613171861 0.10986802977173
0.41652646328387 -0.381279671912531
0.388943601151807 0.0908874988178947
0.393318915240755 0.0202602064679456
0.394306316341119 -0.00196751761945674
0.384023420881759 0.173801226287358
0.403446630845345 -0.161038227778417
0.380117908796097 0.240979422992533
0.379269908082364 0.255491128654018
0.374082232526531 0.349283310641737
0.36735794978298 0.46084406209935
0.387700239142116 0.110047465985595
0.394718560304527 -0.00473737916341754
0.409028302423298 -0.246433310660383
0.376362185227596 0.307710611371009
0.384130142151359 0.172738197664945
0.392407898883228 0.0324754705935087
0.386382555330013 0.137379524699118
0.387766213865978 0.106299511321036
0.35571883627902 0.660761353358857
0.391502576933368 0.0513300108540675
0.382330379849732 0.204141009947026
0.329902742689961 1.0998641989377
0.376820242926415 0.295027518636554
0.372465082018513 0.374412036390814
0.406475526262348 -0.212100497095626
0.395781127389998 -0.0271810158960413
0.402017580421372 -0.131516763531306
0.351276506065855 0.735435781893204
0.400214385359109 -0.109789658367685
0.418830244224869 -0.42754701003931
0.410217176586541 -0.274976701927599
0.386905559771715 0.125426737296456
0.377231824211105 0.288496243644427
0.366950880031154 0.462457299250475
0.389680548708537 0.0801161982472462
0.415287437814061 -0.363132574328421
0.3796453829204 0.251493757007873
0.39781492505263 -0.0609519851384652
0.390992567305983 0.0574728786801292
0.376196440287557 0.304342546843896
0.418321418587472 -0.415550868594288
0.370844801644071 0.400279555462405
0.370970336614777 0.399486412843874
0.406702886775741 -0.216236810848023
0.378415433018923 0.271093847899974
0.398608987252003 -0.0777720576028143
0.366681336701668 0.470859057707977
0.395579322338141 -0.0197309097241591
0.377250725876106 0.292251546267292
0.396478556744161 -0.036867762996156
0.381155121400761 0.221456005251103
0.392775482285541 0.0172322468526749
0.400660511151305 -0.115720687426515
0.366989132632681 0.466142616934528
0.363161556363061 0.531970292274155
0.401859424950703 -0.130805147591592
0.382848858145243 0.191056274101493
0.385405455508594 0.150075960863983
0.389307358523762 0.0793717120075827
0.397066617947994 -0.0495869217609099
0.368372480908 0.442756866922927
0.413312148232795 -0.324197760738891
0.388362215198954 0.101536910553365
0.369425708907544 0.425125769872663
0.394372171983383 -0.00392272413958392
0.400730433442528 -0.109952540139903
0.42270490568169 -0.487409235034894
0.382205227304538 0.209359404452984
0.369297119828005 0.429351675512162
0.389902217030869 0.0727649087177405
0.378165582822716 0.274249155938586
0.366333442006897 0.474527619271724
0.394139841776628 0.00310370723502934
0.399295111595245 -0.0859420593738407
0.38474494809191 0.160343682428995
0.381109505391618 0.226458115828802
0.388488288460328 0.0922663534743337
0.355031987103213 0.671163203978784
0.446693208236102 -0.900815421847758
0.395133971563507 -0.0237619473107439
0.383295061354136 0.17939228938949
0.381285348464886 0.223473967314598
0.364349217356683 0.518048382432492
0.370819866481111 0.401433487846145
0.372404971636242 0.371593927734281
0.370397408276077 0.409097298460569
0.368976720726026 0.431125064425776
0.398045784743579 -0.0665439617793021
0.381694846336482 0.214094729610529
0.385906544403899 0.147285873757494
0.372446245954559 0.370263246838989
0.393546695475802 0.0132820344311449
0.385485649103336 0.148262465334389
0.374584175766281 0.334797066683361
0.368267357724836 0.445611666601053
0.416675844350976 -0.388652175500762
0.402675547130685 -0.145183945742672
0.372151763793859 0.380486875217619
0.344699725122321 0.849237537380348
0.394195586002132 0.000256951695675939
0.3921620330272 0.0344687392306852
0.402800412364448 -0.144712084359549
0.372318932404136 0.374949441437633
0.374571409807044 0.334860074495077
0.414794848971323 -0.354897234279151
0.37646488122452 0.310559049002123
0.381145040448068 0.225779917498867
0.388858430577876 0.0914343615922936
0.366512020413808 0.472362419385591
0.366008695902763 0.487755564538599
0.377827280516392 0.283875076215489
0.356908858156599 0.642492028035033
0.379671087139311 0.249573629530915
0.392441741322058 0.0264472634192354
0.362128168064654 0.555131229510241
0.383820100818439 0.179931901028713
0.399177950898617 -0.0905675204832165
0.36115755485319 0.573186414771581
0.393669655840476 0.011642899391644
0.41187636653693 -0.302642698467839
0.379929996614562 0.243171124861196
0.390682916881624 0.0629682062555569
0.421955309780875 -0.477470927737838
0.365891529907853 0.490643699946988
0.363519814808703 0.527172235348013
0.407779942176939 -0.235257831250362
0.386814659880183 0.13158918396033
0.385090425706236 0.148695660272802
0.384258886624062 0.173617319282893
0.399377672157348 -0.0851986894786733
0.371891788639564 0.380858162289968
0.397793425915155 -0.0557105198836927
0.368622694276851 0.439430773694205
0.383665503071609 0.182850990140364
0.34774075243699 0.793468281582066
0.416982233082215 -0.389529313475924
0.398391940085301 -0.0699283042397471
0.390160181636868 0.0656329509709965
0.374970750531487 0.3357524948086
0.421356655904946 -0.464602738081548
0.367661668647172 0.455089025755757
0.398699866309755 -0.0730189999337571
0.35958124398847 0.5944475304183
0.389993991337236 0.0703632656604998
0.386823174482967 0.128100295464964
0.374426742772466 0.342450487271642
0.381646887708316 0.214111860097563
0.390520083248921 0.0620710868183015
0.379820085641925 0.247908467933477
0.384430145459613 0.170015112454661
0.37297241136497 0.365227466322074
0.367820344142045 0.453879648672016
0.398009274409062 -0.0652596273240906
0.376865965913435 0.293675427863839
0.390783787885188 0.0622147711447467
0.365751178173274 0.490191706519634
0.386985453822082 0.12475357128945
0.360401371077059 0.577530110247423
0.430415065357045 -0.618477212361126
0.392025462860206 0.0407139075273664
0.40598421334244 -0.193987145264975
0.373637912047539 0.354255522348278
0.38288562092134 0.190797745864248
0.369456246627497 0.426739113893263
0.378822771500815 0.263085962632523
0.416143687182602 -0.378097733694185
0.336124885930342 0.995798770496797
0.376247601396081 0.311940818863195
0.39720685872691 -0.0490111977138826
0.364955489409781 0.501893601842092
0.363885630846297 0.519321335658241
0.386401818279975 0.13370928591096
0.369280889384159 0.427548489390083
0.396885083171028 -0.0464265891324141
0.374513943842671 0.336449522485052
0.369486860529024 0.424532985788602
0.393448522983651 0.012009212473943
0.382275399502535 0.204344274927746
0.39812848928916 -0.0638888969065071
0.392680346470836 0.0227268897016639
0.376533807768448 0.300818826060253
0.396638613910474 -0.0388277920089185
0.398043257090705 -0.0658930908871268
0.383809163595189 0.179870382638496
0.385879822290728 0.146334894304692
0.367857364801725 0.450862384388991
0.365884434092406 0.486258198833338
0.392548349374712 0.0283777874229806
0.392835048473306 0.0244341076848602
0.375722107814303 0.316091705783316
0.349204872860774 0.765865021110235
0.397182828326463 -0.0555045542515349
0.366206598726323 0.483112052975188
0.374110683861668 0.347087690042928
0.403283335233738 -0.160522414103845
0.381551391238709 0.220214081338898
0.385167120356109 0.157310314264056
0.369480475490321 0.423879299115043
0.369029667938984 0.429733148863645
0.380215600865766 0.240402410879449
0.364134717073642 0.516297091576233
0.371042335726001 0.394416309285596
0.386195749362795 0.135248514571881
0.386272068583225 0.134966735884123
0.373274335605341 0.35243785097023
0.379166321940067 0.252460427266455
0.402463309524783 -0.138998527304155
0.359734676248844 0.588765608758847
0.401414519805006 -0.124822216844637
0.380734342178583 0.23487238568599
0.394075567849443 0.0060266556298888
0.387289731284274 0.114303580913381
0.389340085275056 0.0845039778822739
0.40810052942257 -0.240733571780385
0.414714757948988 -0.358996376956921
0.40822596097529 -0.241303670670746
0.366183681929864 0.482563963051785
0.376804418440293 0.296195669998253
0.378877323484019 0.259609130331189
0.38373000551674 0.172895644147274
0.385321710994859 0.151810240283871
0.405679298705314 -0.19879345757003
0.357541577775489 0.625093279923828
0.381838157211294 0.207629864037032
0.367296279979802 0.460664695379575
0.393525702185516 0.0156667983280316
0.391514685966231 0.0465857785477679
0.368353638793093 0.44030593081385
0.388622587824171 0.100734970468481
0.355744860982079 0.665172266977822
0.373115272467989 0.36175439057026
0.364208300718627 0.51530603516517
0.378967774757636 0.266122665083171
0.38680542039566 0.120806366850504
0.374587713998782 0.339768892231355
0.369196649562621 0.430958463158509
0.366618264075795 0.46909689056601
0.374916798732904 0.328625275629296
0.373492104563434 0.355188917089922
0.384613622328434 0.163913243887602
0.361098997568113 0.56690922547863
0.395588493921961 -0.0270798434379847
0.38046645300626 0.234662683455184
0.381248984338414 0.227714565841542
0.398405266258368 -0.0720372461179326
0.370237517426818 0.406370639353673
0.373166095998075 0.356676497827246
0.376844641028086 0.301933242153081
0.375367307520487 0.328841624865987
0.373140792576016 0.355614977218613
0.377813244617512 0.276138668704081
0.391742980531472 0.0445505663673954
0.417782228749026 -0.409794770830465
0.359953856265148 0.591924669589671
0.395582787323419 -0.0280301316176252
0.386005288456379 0.143314882848456
0.384305891681769 0.170365833486513
0.369318688498352 0.42376682569079
0.385703290907531 0.147623497319883
0.329847093378076 1.10545741609834
0.354455054277948 0.682476336829392
0.361063456193176 0.567435023399412
0.382014447250411 0.210122934458146
0.391167337161748 0.0548269720692885
0.399531281760818 -0.0891803599359832
0.368643187266228 0.437982409403927
0.384869352545191 0.16545658131462
0.368300099076726 0.450280876672288
0.384214322831293 0.16683556461782
0.383785904088441 0.18031895473153
0.391040270191632 0.0536793868666645
0.386651651609655 0.128649993624779
0.390733303269356 0.0612817862954164
0.392554077240282 0.0276802699549924
0.400119091682522 -0.0956706319037669
0.389704786537834 0.0766783474223198
0.392045141686264 0.0353742849289544
0.382243225789671 0.209651880870021
0.391491365767387 0.0453227331665717
0.367094197785302 0.467743776149094
0.379329840981662 0.252141865408652
0.416352062401042 -0.377554129801021
0.380635320718704 0.233209152738925
0.382640899032779 0.195565336319055
0.386312937563049 0.132741710955949
0.424191008834601 -0.511545904370683
0.346002306849973 0.820279727205099
0.368192696665975 0.440864329510334
0.383882241815958 0.175095207819541
0.385817202373848 0.143236034159312
0.393503099192469 0.0144176996772418
0.365570396854135 0.493509785039353
0.36245725710838 0.543505270813769
0.379963374100646 0.2451579857526
0.401833313446161 -0.130438187060711
0.395889200092201 -0.0324556536510152
0.405654863423871 -0.192290359011799
0.385323700018339 0.157507676090642
0.378927065188467 0.264471992007732
0.394874378268493 -0.0114769176264692
0.374141448898274 0.345147406850634
0.396325678227806 -0.0375640298829585
0.377384094731124 0.291944471329296
0.387137213895663 0.126493658646354
0.353779878753222 0.690700613190944
0.376928073752695 0.296335079252785
0.399932948464551 -0.0919657656517454
0.353268086944998 0.701516226264708
0.405072986254295 -0.180290097251874
0.42121421777405 -0.462984893331699
0.381598979167362 0.219117737437843
0.400840661953 -0.110872410944007
0.407738838395262 -0.234793350982224
0.378228272012271 0.269533297035652
0.374997261810822 0.326367441782932
0.384726415349748 0.166329773349003
0.359126871480088 0.600285282987967
0.358520283314513 0.609456322897232
0.370536857453305 0.407923558786676
0.417555349643243 -0.399766810916174
0.386857557966476 0.127821099716486
0.401092967839489 -0.120050191991455
0.381205190212019 0.225112228457855
0.364141052945649 0.512356590011058
0.406268950233579 -0.210380053242659
0.39326665613781 0.0135334272556792
0.365407652807187 0.494704953352645
0.380913498909518 0.229324889930033
0.389227488358656 0.0882055534268814
0.386701698997396 0.123934568445693
0.393151945460095 0.0179223238964106
0.364703098205163 0.510925203430968
0.38418978352952 0.169727299508368
0.403849969244203 -0.160426971600319
0.399076992191633 -0.0813675247686386
0.385411381815991 0.15091710483058
0.374664379147564 0.333999381797866
0.379870792222307 0.248195372219305
0.387407464930196 0.119683519577702
0.370251198387531 0.409823214442331
0.352717854143626 0.70954316653285
0.379232477157284 0.256107383397714
0.384402010691652 0.161977843494849
0.393941580322275 0.00838207685519649
0.384663972693106 0.164773879821827
0.376080691476604 0.313957186616068
0.38511328017516 0.161136585968689
0.384006679449861 0.178088582046204
0.356264966468715 0.653045004300343
0.398840475770608 -0.0733209419245682
0.367535555216862 0.458109653866497
0.372938934651071 0.363167849685636
0.396714495229714 -0.0407468001948997
0.412500861930414 -0.311187571651542
0.395325467541074 -0.0238501603156779
0.385493922728902 0.152551885787949
0.371002592468635 0.39980901020154
0.373993800950447 0.348613294355077
0.351529824397872 0.732334255584252
0.35033740843049 0.755096728284909
0.383735435650365 0.179378996420794
0.35931420052716 0.599361262937901
0.400439360850574 -0.104430522129064
0.39184410121854 0.0386886449978227
0.330674604949204 1.08738778961096
0.398028457860383 -0.064445294354303
0.343907624819049 0.8610608396357
0.415466589839525 -0.364990160770358
0.35985452827538 0.592149183117826
0.390955978367512 0.0502602771809941
0.39236490611875 0.0290585580198532
0.390536921478539 0.0666422094737214
0.389917347478152 0.0734928829754639
0.37598048972249 0.311438090822645
0.397565337958856 -0.0599327218486667
0.357319871292743 0.631684147886321
0.421820839235393 -0.475230349903857
0.409571875284525 -0.264966853126163
0.369613818762763 0.417820292832519
0.352689595045038 0.718568319148463
0.385727255307907 0.149210530138994
0.371017474104851 0.391806174632781
0.391716558888845 0.0459222867166774
0.360549480935332 0.579285038215053
0.394066795144621 0.00146742879886569
0.398654038176001 -0.0789393626251251
0.387905029524205 0.107547406483467
0.371588209587912 0.385499075819054
0.375451459907314 0.323204196914453
0.361789935241852 0.558139702521011
0.393782316748332 0.00821560357834225
0.36253030314986 0.545448391082111
0.388548651826348 0.0963232792201768
0.373390858094353 0.352518568718211
0.3499834452711 0.763708917901197
0.381126435374524 0.225058314028114
0.391269793651754 0.051613267859015
0.40305834165457 -0.150662713410293
0.386843394495874 0.122791465377311
0.367369825514207 0.461625390944969
0.417460299160456 -0.40060603300359
0.378462560828366 0.273997647301591
0.379130995059952 0.255389340553081
0.375966114025366 0.310990416759249
0.40733369765516 -0.223249229509126
0.382304655724134 0.204930655730239
0.372818021676747 0.375288805231444
0.368161854297765 0.447371317442786
0.405696774401368 -0.19750496030874
0.371086084681582 0.396972171820869
0.386659377307427 0.131644404074607
0.405583373314221 -0.199499064599839
0.394677384506681 -0.010504971099519
0.375084209945034 0.331491138903826
0.371498366202473 0.386243663163502
0.373306943054889 0.363973930212025
0.381132877936325 0.229694763526789
0.406826625606826 -0.216696744701717
0.397343295259693 -0.0511437654219077
0.374264780117939 0.343501978371552
0.419376207452657 -0.431830735803366
0.3959569659246 -0.028767280778672
0.374687573120024 0.336712441859719
0.374083734775886 0.34417500762389
0.381639171283702 0.212638420420598
0.403426819260429 -0.162386665716635
0.39987878336003 -0.0972642146467608
0.38049326404139 0.232745039781876
0.372760128675587 0.366733354680123
0.358314705583549 0.616786524842264
0.366906126826232 0.467903893017155
0.399243136908159 -0.0782099090284619
0.3873090987318 0.117319763816821
0.359543685753212 0.592299930408879
0.394734303595075 -0.00406106979815812
0.364227615725185 0.516623835276372
0.358065444489143 0.619965399626349
0.372611637775223 0.368977459261641
0.373219042500484 0.35638448114145
0.414223450968194 -0.341469664432809
0.379837271986241 0.253603934941515
0.381611214500134 0.222895265785106
0.372049718489358 0.379146022826529
0.377548890998147 0.2859340492833
0.394348708829425 -0.00072939227115329
0.407859027452725 -0.232232549492125
0.363491361942682 0.529159137934674
0.404341846609672 -0.176776040134826
0.385319786337794 0.149393011794
0.388981986688648 0.0895953594956845
0.379122319546068 0.246704663099046
0.38380669580971 0.172996771612559
0.397354866776746 -0.0560513812389441
0.385185000621333 0.157998416012325
0.346877350110802 0.810897124770538
0.388543135001309 0.0934983766056108
0.410774107290901 -0.278981515563589
0.3897806160709 0.0820060691702895
0.361775386898844 0.558806304302344
0.387533534058073 0.112831888164183
0.402354534139736 -0.140331435528947
0.338237023922485 0.956002938445531
0.383058757535416 0.199591972449298
0.404631068763263 -0.176066250951909
0.390210697515099 0.0680232327603683
0.377372105128409 0.290980329880368
0.406418490800126 -0.212627256413905
0.361448465721339 0.558724712125443
0.378343815094816 0.275984689978246
0.358246870389523 0.624720244384353
0.384378452730005 0.164955197542739
0.35806480060189 0.617494389552925
0.377789906529361 0.28352441931799
0.386472556817406 0.13359578184804
0.373052751771457 0.367287348160536
0.412670186214056 -0.316452557770037
0.391117789089426 0.0557063797654335
0.382053643398813 0.208848895105323
0.373121894094103 0.356964822865905
0.353774747702617 0.687288846454542
0.376126516109825 0.30831114744674
0.343819921739053 0.860907931422593
0.388969378642332 0.0920323708230007
0.372197559800949 0.377319582648129
0.406864560582801 -0.219565422295422
0.392215061255357 0.0347988010254765
0.405765269563581 -0.194992167448603
0.402223888674268 -0.134412057927953
0.383246066425686 0.190285583581183
0.382668779507232 0.198507189498534
0.392697131127481 0.0275084150683334
0.382859439785921 0.196580451935728
0.402529810919225 -0.143387816087824
0.393715298907384 0.0130751942229397
0.342989315279015 0.882883866304979
0.365734927921002 0.491653820011551
0.39764824844231 -0.0600135766855495
0.391910298021666 0.0340141886756265
0.385122169642954 0.154295046523129
0.352344649657921 0.720632855159227
0.380100510618082 0.243670770929636
0.389919027887102 0.0774295422140331
0.39112508559534 0.0521649767415382
0.369105956840382 0.427873661315155
0.37507143330506 0.331413292681478
0.372082290344845 0.376581956874032
0.396885868962022 -0.0433955781719142
0.388896773219099 0.0883161901214439
0.347313138546252 0.806001778286345
0.394695847532836 -0.00681161410560405
0.361377919394221 0.55893565251393
0.415020065254057 -0.360123638302605
0.396058134676819 -0.032212760645957
0.374184972756849 0.340205841701811
0.370718979834374 0.40404743646981
0.390798044784595 0.0593409077624893
0.390727829754225 0.0639045519638311
0.378351266827916 0.270697374743077
0.380964044246627 0.228335805418282
0.390005707804262 0.0696617823304846
0.381330178083094 0.218191151098849
0.38946242743398 0.0810032648019851
0.364713212393073 0.513765632549616
0.387159055542548 0.120789249117779
0.37683249212344 0.303102026977153
0.415928348763075 -0.368067748304255
0.364495805111164 0.509576098142565
0.363394722742446 0.528978469610796
0.347692244308535 0.803307971153878
0.414729393515604 -0.351294472382291
0.412956587485221 -0.326854372062298
0.346923180568019 0.805110307839522
0.371467408698053 0.387930989030633
0.411784180765488 -0.300313682739828
0.405694303843684 -0.197420013767465
0.399121469626441 -0.0802757837873092
0.395571648879317 -0.0222681125267553
0.364317544591632 0.510416049706943
0.389006550934188 0.0888918116327836
0.369505703534612 0.426032563762391
0.372991625016614 0.364331486878475
0.37845826325494 0.272100871618317
0.365476663244952 0.492492212635879
0.390454546028337 0.0622066968571518
0.372107375746472 0.372891789199026
0.400950827974056 -0.114038685060189
0.375084695890815 0.327199407728325
0.394922188024352 -0.0180986538221663
0.367076839184856 0.464987003626903
0.412519360292946 -0.309227586241701
0.358416728325392 0.617609717192485
0.383531863425861 0.17665353613731
0.38022877757331 0.240368433349148
0.376467675166582 0.308234100573798
0.407678163196664 -0.230975577870809
0.367131887572754 0.463135890256977
0.396796510872838 -0.0413353320382413
0.381765468363672 0.215316557182371
0.387602399343376 0.115214478978461
0.367297039669358 0.463255208421146
0.404250236024495 -0.168522448564607
0.362092881517387 0.54956110831543
0.367367930590968 0.456838592376671
0.402021855308239 -0.13231851132576
0.396690495451522 -0.0402694154272397
0.378586903403783 0.269708656124256
0.372340623888455 0.372867823560568
0.401267786477657 -0.120301788726208
0.382727918918695 0.200097166768856
0.420318376306471 -0.444442333283453
0.369007613757609 0.434109161804841
0.379946465744439 0.245473243038805
0.381793750915495 0.216527954581897
0.368288602472891 0.441581729263545
0.369403242599605 0.425427281962519
0.383813311518087 0.17728872182748
0.403097861339018 -0.151616338437528
0.383259510615194 0.185473732677994
0.384103625101986 0.169618741585503
0.388788218312435 0.0898504032769836
0.373238848295427 0.362063010185033
0.366151672918159 0.482979694476872
0.419609593325003 -0.437991456408356
0.420276938009331 -0.445834850463591
0.381386298742784 0.224381632034667
0.351814302814171 0.724682487609181
0.388495168390034 0.101937792454836
0.376715543056726 0.299866214786774
0.348695947142228 0.784631280771774
0.343274397319689 0.877070826275884
0.386617764456978 0.134672981274807
0.36163712193719 0.561091086777636
0.365381837848302 0.493770328482117
0.371491913800934 0.382465081400617
0.395600665118049 -0.0258442491074963
0.393605694810767 0.0153261636535714
0.394380455524748 -0.00766669287587163
0.38035022688831 0.239283315343203
0.364054169092167 0.518239722479368
0.419441779736855 -0.434860948436136
0.420186779802664 -0.443017060020498
0.408464821080589 -0.247711903075088
0.385199640761718 0.153770979447114
0.368681802092691 0.440245687400377
0.3586900141284 0.608273335338501
0.355990656459883 0.655530025063573
0.379907981141651 0.250118333010579
0.383115959773096 0.191943185825641
0.404380673835254 -0.172452679091541
0.423951612428715 -0.510734648227677
0.380080405812832 0.241889325285294
0.370960604364898 0.39553537432612
0.387823905407774 0.108079565528173
0.379090515244247 0.253679086412498
0.380892151215166 0.228662304949746
0.387167029600574 0.125666653734046
0.387129106045675 0.125569734673041
0.364412408024744 0.508022389452609
0.407844505367055 -0.234054528394834
0.378902185418067 0.259948156731027
0.385215462138743 0.152381332814327
0.363697660492121 0.525536213656311
0.371786906887671 0.385650057448622
0.401823708331571 -0.124835601885479
0.371579940842588 0.391058759123272
0.399511167113841 -0.0889014631290406
0.35301280337549 0.705639089577193
0.396575999633641 -0.0404558581117778
0.376298239763448 0.314478319087242
0.376109279929509 0.309463805682632
0.396270449745024 -0.0371837808376799
0.384990934669722 0.162705725103806
0.380018120211559 0.242007841448897
0.389958893259625 0.0738834746452786
0.389595706958595 0.0780096893831947
0.415497009273806 -0.362028739863327
0.369944136114439 0.41861061536086
0.424445268831132 -0.518819513351442
0.370251467521193 0.40983646628507
0.429387411962746 -0.606049883904329
0.398226543578767 -0.0638976950247259
0.381885594672104 0.2075151019151
0.388009967325232 0.101278151993219
0.387284951048332 0.118479046342988
0.403975849581592 -0.166028841174797
0.380903493260841 0.234302020011726
0.390326246376838 0.0628268664201813
0.36880122429317 0.435492906489148
0.370443942564401 0.410725605494492
0.35241235078509 0.717861225345786
0.362203292140442 0.55126027847387
0.380025249181028 0.241914423321161
0.365984224137295 0.484716638795478
0.392424764074722 0.0278340761597806
0.410940709939502 -0.288159658427692
0.388246278490412 0.104919887595956
0.382192265529913 0.206053114431588
0.384582428874507 0.162119367190963
0.36622318901055 0.480990081802495
0.376630786499998 0.297178825947669
0.375244402199511 0.326584617342691
0.376267715784179 0.31283530106399
0.387056874775833 0.121598887793949
0.388917697454989 0.0917554029924365
0.365094921300053 0.505832389816264
0.396764189623311 -0.0473877581010149
0.33520200253093 1.00690552488554
0.363818435877209 0.519218327427972
0.381634769391161 0.213522183234358
0.373653396767046 0.347785295940103
0.41086033024019 -0.285971211988536
0.362132383450943 0.555365731593282
0.385811445899656 0.14339992889153
0.428643027331741 -0.587955766931693
0.37420410413641 0.344999800835415
0.410068620581608 -0.273030285895634
0.363978504946197 0.522224889957001
0.387098625123303 0.118947518301418
0.355377532224222 0.664871996646624
0.394063068443069 -0.0023713541645462
0.353960713508774 0.69227762392132
0.384354180524948 0.172109956039637
0.383944547083647 0.171309642195295
0.370726180774106 0.406963108274422
0.408335880779062 -0.242527255693157
0.403210036009338 -0.154085993924482
0.3881830767473 0.108579306119425
0.369968606339224 0.414536701244479
0.401641595768111 -0.131304598327342
0.402912391873055 -0.146698328198768
0.408684003949463 -0.248402917973951
0.402477234259444 -0.140142944387163
0.374643618704985 0.337801678804476
0.379437229902573 0.256939293092354
0.366113036241429 0.477838780154257
0.359913854031127 0.590108924861698
0.364623607498287 0.50853323775035
0.428707603677066 -0.59320087183804
0.390786477854857 0.0606867338463021
0.371016100969686 0.398090489311173
0.361906614315443 0.559876837498599
0.404518984810117 -0.183671873041325
0.3929125919962 0.0182338049589667
0.397858085172846 -0.0616169195420868
0.388353903921282 0.0989156325037927
0.387319292941547 0.114288640747788
0.389839613820694 0.0740492243908711
0.35580730669401 0.660040471610666
0.385859284913803 0.14258552447865
0.373032303886121 0.361954937550436
0.378982274174087 0.261291275623586
0.333407569805902 1.04252503142377
0.377844171053416 0.283976401065363
0.392319378867903 0.0382018431813279
0.403368876825921 -0.157718624230091
0.396163161810167 -0.0286919335577922
0.336140723777955 1.0006876621426
0.379978816028225 0.242180846497343
0.386141930959169 0.135063005071604
0.373203628813746 0.35866794415207
0.380986568520579 0.231030342163551
0.375984691325247 0.31344219042327
0.354025292698066 0.686838628707424
0.381971160128664 0.20162902476712
0.385343111634841 0.15023553889347
0.383534524879156 0.187091583295272
0.392503912087553 0.0302418935760425
0.349016810776731 0.772014317449337
0.368860047483129 0.431135284933207
0.402787017413616 -0.147234944186503
0.381664630650833 0.214860533665814
0.402268548394269 -0.134803428777694
0.368253275842628 0.443560103586787
0.347371812329113 0.804786491520337
0.370053181865419 0.411672338443536
0.396129654244128 -0.0325403745650312
0.387691930482263 0.114932363497946
0.399916538315606 -0.0998962897945652
0.370946480779163 0.399027689526872
0.389828858339848 0.0833017502543742
0.404975362174772 -0.18279312850893
0.403524988670455 -0.157276033800958
0.397434233058091 -0.0568210259768094
0.386192970039569 0.140257023385484
0.404522204278579 -0.174659166589665
0.383576941995536 0.183296438607207
0.392836714030589 0.01797606198994
0.408834141535725 -0.255411165740221
0.387957887909025 0.107721463161203
0.406622645051976 -0.217710555620451
0.35498986824579 0.676136816271033
0.367085613229047 0.465450438566471
0.367360736980489 0.463457804685971
0.375263112323943 0.32358267021089
0.378533871963105 0.265626326057417
0.383310104436855 0.185648327404376
0.376533009407418 0.302597964626418
0.375701362911633 0.313447918215342
0.366182091309548 0.479697860624373
0.372071431251269 0.382627352556495
0.404806867853866 -0.182781423104069
0.352837768648547 0.711971072513273
0.392569576851428 0.0283211844885889
0.37237159758467 0.382131695911422
0.400648191273512 -0.112959124998712
0.370319668972269 0.408107325647421
0.392028920445457 0.0370911542500465
0.376604791655034 0.306130961242717
0.409252570634436 -0.251090355197148
0.397842797972706 -0.0584781873321776
0.396732652186525 -0.0419014737386847
0.391545008601921 0.0485780284774097
0.358468066695304 0.613534475569506
0.396887641110264 -0.0472810391325169
0.375183100098886 0.326419059165063
0.398500255960626 -0.080532211149758
0.401743064011376 -0.127123447283183
0.375961060547681 0.314333922211488
0.376162635641583 0.3152316238754
0.392901099646016 0.0224730612740129
0.398610443463038 -0.0727711109925873
0.3706269466988 0.398634020781639
0.381111326920678 0.22551273539355
0.360027389687166 0.588082607630575
0.384396173569334 0.167511244238909
0.374309305161495 0.344830588320088
0.363290753706905 0.527803515015807
0.359423255406881 0.596974832590939
0.383747278924499 0.174827893704166
0.431586796483843 -0.637082287229593
0.395881279430001 -0.0279895130636895
0.373131609482731 0.365354876365913
0.382761073550568 0.200667927258236
0.395061292264499 -0.0163476563782384
0.375733668982273 0.313542727094561
0.374687823653811 0.335585070017346
0.366284336349912 0.473243130271545
0.380573790778337 0.237020087286384
0.402481210202434 -0.140489996591776
0.393541405479884 0.0191760090942987
0.361489886611085 0.561094154127223
0.358907237874684 0.609097921627144
0.365683697839923 0.489610079668825
0.336323586242568 0.992717192143477
0.381170454037622 0.219783504120804
0.380694641323029 0.235445595515709
0.413013293930032 -0.329158870042502
0.362280827809294 0.547374898213568
0.400790021981997 -0.113887297520756
0.413015743509817 -0.323871945885402
0.377873422676132 0.281197386027905
0.392265857694578 0.0285919505510996
0.370592526090046 0.40495500071974
0.368200629789441 0.443672395079753
0.372926156443085 0.365500084276206
0.372054411032307 0.37828371519213
0.360488991962909 0.579398515089691
0.372683682252146 0.368954431751158
0.400203498945388 -0.0981176005305543
0.375248640609799 0.32520639093749
0.384478924490462 0.159516411206433
0.356201040813642 0.653217896209249
0.365582615568017 0.493609594958895
0.364069108585921 0.517834576358112
0.394899222281478 -0.0110274511960093
0.39597869745606 -0.0313155271874158
0.374308487692307 0.340555591235226
0.394771751911409 -0.0100685895008078
0.361875970099558 0.559088290211715
0.389192038931614 0.08751073828587
0.397154264146024 -0.0491064328061356
0.355249487520186 0.671275450664004
0.398503337228118 -0.0701058073618609
0.368187096439701 0.446612983924492
0.407217096699492 -0.220619360986065
0.393995712308876 0.00182673315950485
0.383775832649341 0.176133658027285
0.343818562448113 0.861455209050669
0.412747673936647 -0.315476616546585
0.393258401878587 0.014455401018989
0.372705246084247 0.366900505161983
0.368319725472866 0.442432928111041
0.384291114611276 0.168380482099664
0.388287031659856 0.0997690498712886
0.39772765589906 -0.06016376844351
0.389255132783869 0.0860817180531447
0.411926159359959 -0.303037539485881
0.37478006978645 0.334044868955294
0.361582613739635 0.555922782662805
0.403877805544623 -0.173372455072187
0.385883054694505 0.14501422978451
0.36666086965522 0.471035249506187
0.398651020392883 -0.076752320446886
0.393982003572451 0.00724248111796888
0.384996360078595 0.15643456162158
0.400840726782736 -0.111728230722607
0.384593544162031 0.167869593425178
0.396518483203156 -0.0375898018655284
0.39535675232051 -0.0160911144851047
0.383437936494185 0.185812865887318
0.390465984179196 0.0620277871816107
0.393941638442978 0.00356112630375871
0.410474195539658 -0.283662764301378
0.376579574728354 0.300460029987214
0.389278802730825 0.08359772501007
0.431223786754483 -0.630331115286351
0.417053946874647 -0.393056340785539
0.375254362957076 0.330039911382549
0.358173902758822 0.618488929381208
0.418112086660837 -0.407996965841116
0.381296432379254 0.223751909027519
0.362721859802017 0.544537477624287
0.347315528735847 0.804363619657993
0.375561939345079 0.316741773501504
0.359914587325226 0.585289595510863
0.405216198984007 -0.189864218752893
0.391465282742879 0.0516571715082599
0.412852890669765 -0.321068458827453
0.407346681028228 -0.220895859736862
0.372165373558381 0.376397743037205
0.383541056002368 0.185699233696728
0.38689373460574 0.132216474897352
0.345469168705624 0.833049144016763
0.402930256240429 -0.148344562869587
0.385249007696552 0.15520805270509
0.383411100839885 0.178494944939346
0.407646748988319 -0.233423020595415
0.395491220963819 -0.0171956848685481
0.38841174493972 0.100758959645251
0.379361488946111 0.251440677508397
0.383418723003113 0.185455508587594
0.411761687678092 -0.300172913989161
0.365190890509605 0.499976830241843
0.361463473010151 0.55905859392288
0.375267258408774 0.320218633383737
0.376981353252154 0.297039964316202
0.384433709973467 0.16724024428158
0.42012211187386 -0.445002805348019
0.383759213538275 0.179557975398658
0.396841441416904 -0.0472407821254885
0.413751545392501 -0.32967953670104
0.377136525507919 0.290027173474403
0.382004728567102 0.208266381293879
0.368061688086427 0.446492790559566
0.388284100122026 0.100921884682956
0.36109667269224 0.567139541327462
0.378653897650051 0.26406998829331
0.378151593022982 0.280305867622555
0.383344063254077 0.184977017401463
0.400545330866872 -0.105657480708339
0.371493444910174 0.387117894594433
0.414519850181846 -0.348749939863802
0.38922836518527 0.08613209653628
0.385710019621695 0.142585131736606
0.36916909009761 0.433954177634695
0.375746488589747 0.309124346185988
0.402406998593777 -0.139458048706685
0.382795723112683 0.189732523024305
0.413552574581705 -0.331252948852945
0.405800122558687 -0.201251432613365
0.39670875253216 -0.0398999795192754
0.404852605968171 -0.182452737289036
0.355303422136958 0.666304512738334
0.396098038413347 -0.0324653458151653
0.41205006691414 -0.30338680827073
0.39245042560779 0.0380841306573478
0.362818766910366 0.532027310614642
0.362125631179661 0.55093511687233
0.37253584674508 0.373562386405874
0.38703453235585 0.122907652283418
0.346771672416764 0.814404199821341
0.381286108883915 0.222076777011337
0.367966346032852 0.451514351765135
0.364817347224105 0.504294350178578
0.382110765720762 0.208474013965218
0.39320045258551 0.0200824113642664
0.428229559370742 -0.584105614988866
0.376950914377282 0.29270982885387
0.385586672662273 0.144528280320359
0.388825470473835 0.0920124904902848
0.374402038165484 0.33656684904179
0.362295192188814 0.55099525297558
0.38209513960986 0.207867430425033
0.393660630939176 0.0151626302268185
0.369174654087598 0.42830885753365
0.402318695513381 -0.13358637804374
0.375548850013792 0.321862250138828
0.399207726660745 -0.0866852725384291
0.378013086131356 0.280813123445178
0.391471975025803 0.0479977522464577
0.396190435069253 -0.0368374166183237
0.372073819689695 0.379870807755442
0.391924482163522 0.0397729148136549
0.393803226883347 0.00558116780394807
0.37684370023586 0.297835245095399
0.365530501967961 0.494058485014605
0.37314866337779 0.359937525335534
0.387074346987283 0.126334297119763
0.365344589003167 0.497503767685624
0.402591341035498 -0.146770050105114
0.378485026090663 0.269287957785173
0.389042619021252 0.094273862768415
0.377995309127291 0.277062092268598
0.404767878478104 -0.182849803551133
0.392489471502129 0.031124392805977
0.381821782884909 0.208552376436475
0.372115273236563 0.378209496786531
0.377664322502714 0.290087744176071
0.381736106474801 0.217544878199599
0.38732459517628 0.118046400442173
0.38844334315857 0.0960977798579508
0.379841971979235 0.25143485439958
0.361545866386737 0.560392731897106
0.39095409954542 0.0535603248439668
0.405793715483838 -0.19549282708784
0.393663701084579 0.0120668150934891
0.398810523637892 -0.0834870609327604
0.38002015004406 0.242499973654587
0.381253157081146 0.224579174490298
0.39542921847488 -0.0224559400478934
0.380511782123235 0.234591101260851
0.374390997103411 0.342518264273351
0.406034404562542 -0.204228745139157
0.396545403773677 -0.037770081660338
0.414290763470449 -0.346254575792547
0.36984714936267 0.420017857208839
0.393768669144274 0.0107922890227773
0.402451039899994 -0.139587424580031
0.373246968643546 0.356654270261906
0.398100597860529 -0.0692861575712668
0.408688112135825 -0.248830315808562
0.375848809770001 0.312355741714851
0.385488656527176 0.149120486407343
0.41650457444089 -0.388122563472547
0.383189131680923 0.186193343747001
0.371867219518831 0.385007140191512
0.395536791944405 -0.0222549121661652
0.403099312548451 -0.155739001838812
0.371105038359738 0.396197869078905
0.378005915606552 0.285846820838013
0.382768132612801 0.19766165610941
0.385911544759257 0.139909769300778
0.382776028505992 0.198696316972909
0.387242399513455 0.121323006792009
0.350576614938388 0.748225345206033
0.389705521148764 0.0730890660549302
0.41072613248248 -0.289812628302929
0.372232140137701 0.37854310486466
0.363193300340223 0.531109185878444
0.38072870094597 0.233608095443576
0.345376154366849 0.836313612646215
0.386336876269852 0.13762491224463
0.370610208462257 0.404517171964819
0.376071411914815 0.307055938911473
0.398193722525217 -0.0722790132716692
0.369132435450156 0.424095295685629
0.376562060249645 0.296246427134427
0.379613119409222 0.25681878798242
0.376242591157737 0.30534962764224
0.355116325587131 0.673759074684464
0.418389959059126 -0.412424788834812
0.383347838511616 0.183490417900328
0.367675490291019 0.458520979553779
0.383272709169301 0.183347622340642
0.414139038341775 -0.333659127092999
0.377651409736598 0.283734584284406
0.385455072698501 0.149271257981318
0.364692220056031 0.50347804643676
0.352889395999035 0.708363194131945
0.356668765443304 0.640537772909357
0.422357994021314 -0.482425679860929
0.391180540137219 0.056640617161681
0.381949809526481 0.210049493068339
0.408989218206899 -0.251250177753025
0.384955208206551 0.156512381054428
0.383411179995064 0.184109418584755
0.393578051812371 0.0143743883458953
0.415097928457612 -0.358967495458075
0.397572829467559 -0.0551185241677721
0.38911521550149 0.0881402759256351
0.394127427629584 -9.44552414643141e-05
0.366066608472822 0.486293069399358
0.420089776105744 -0.44706177643004
0.413238075544141 -0.323441426160915
0.389903746273386 0.0761766765150706
0.39715858777688 -0.0456320538622702
0.3699870211804 0.416790480321289
0.374642104819655 0.333346206415759
0.393800734934882 0.0114233567003173
0.3993131259834 -0.0831901810467219
0.40771075419752 -0.229662158513386
0.393199733551912 0.0159605038621884
0.373123981014045 0.362207381741262
0.383924904853294 0.177953240469303
0.403548899630451 -0.160580810077494
0.376683836022397 0.299638441675369
0.352120110076527 0.719058803773575
0.395447465354136 -0.0313548236929864
0.377826115255513 0.279592463865657
0.40865108853978 -0.248843398512551
0.393373734496275 0.0148335147696311
0.365848379793115 0.489988121622059
0.418784502798226 -0.423520146128468
0.353151760631758 0.709824528175137
0.361932808831407 0.551233793144582
0.383642583802036 0.179404920734108
0.399022781749198 -0.0819026784869065
0.380639501345443 0.235279953818273
0.388459017584572 0.100273927066287
0.375959405402524 0.313238190659943
0.376214235142382 0.306816991374469
0.396956747578877 -0.0498403305838769
0.392916475661474 0.0235759715314136
0.393151968043219 0.0232549171894482
0.354633734932239 0.68371317324516
0.411618214618888 -0.294444076898524
0.390112499380784 0.0736532879380876
0.42226204595258 -0.479995693971573
0.380452702377091 0.23545458419669
0.407802636281813 -0.231473964214878
0.393082964147266 0.0214470904821311
0.363382928591493 0.527292722722465
0.38498354726293 0.15729432833729
0.377345643480379 0.290745893577843
0.401101901268373 -0.119014743129261
0.343366224944083 0.87234933086903
0.386322367983704 0.140920894595361
0.375014516602282 0.332801420273433
0.356263772851986 0.648625781156274
0.396441836066215 -0.0360908806599627
0.410569923642085 -0.277519207338627
0.353800743798616 0.692665582971045
0.369638143823849 0.426831454154764
0.380523310768654 0.236391467104028
0.368386699223179 0.441688554188491
0.374368618972108 0.345851079327238
0.381047270615205 0.22345699189086
0.384799336588402 0.159476477155905
0.385337856088978 0.157051167274742
0.377716706924962 0.277906188121802
0.390885218802724 0.0526822321932027
0.381053152888592 0.223804152373478
0.394709252988741 -0.0112096290223743
0.405956282636625 -0.195893334960403
0.351620156281928 0.733551803682587
0.374306338460448 0.345020692154104
0.396426229693491 -0.0304288387752729
0.382201620853568 0.207494762833365
0.380557903375026 0.227784686622631
0.403035095996359 -0.151289120111463
0.38689254900679 0.125360631520069
0.401349753859737 -0.125601726011678
0.403837960830001 -0.165527625951508
0.35782020282363 0.62036888353659
0.364036988785443 0.518022133979537
0.394583493605038 -0.00833835302050315
0.359338291882609 0.598702993952397
0.404618913707436 -0.177343918715382
0.378630795949258 0.270493980890879
0.396096947529941 -0.030518880515057
0.371356784447904 0.390082626292834
0.390486575542227 0.0642212227090853
0.386710449897448 0.124798584222133
0.383394322874824 0.183475076370301
0.353152404631674 0.700182456916873
0.396873566562852 -0.0454926604822288
0.405593786882123 -0.197548342567306
0.397787942362443 -0.0608101521385127
0.3821932710465 0.209751498704146
0.37312171500672 0.357771987923756
0.387642727013265 0.10847921338654
0.385328045694293 0.150870203020272
0.385323254505453 0.156068640393702
0.386240033072684 0.138080333303497
0.362773453062566 0.542152902386979
0.388219877758908 0.101358238573147
0.398540153211047 -0.071244796638661
0.386115585934457 0.140384701703609
0.385030437743609 0.15672788936829
0.388795469453284 0.093746117126069
0.379267966413602 0.257423344323352
0.377711160004463 0.278059570800995
0.388247076413241 0.101858227706687
0.380478707760521 0.234479540820848
0.390947206011837 0.0569631861393228
0.388979923076329 0.0874340040336104
0.395825282711529 -0.023927195480398
0.389840511406954 0.0775418513263753
0.372363140976988 0.376001815298287
0.38139222507455 0.222523659257906
0.402964440222188 -0.154451374661536
0.368813761983952 0.434919003820055
0.360708991648727 0.578249609716284
0.374450892076737 0.337620510575278
0.3958186678541 -0.0300671914629143
0.35499091870964 0.671638005128321
0.365775462092426 0.485389319372983
0.404671132189013 -0.177764380111458
0.405531084352397 -0.191444090408214
0.406593234195026 -0.212726153515802
0.408321583712138 -0.244224388191115
0.364156248295795 0.521069748345189
0.375732957415415 0.320812360325632
0.370926274215183 0.4016106073029
0.344537127651941 0.854950732154506
0.410791675103133 -0.28270944400875
0.362770910867405 0.538646576985367
0.35642016207276 0.646456954303049
0.387832801999152 0.107659839898826
0.366377824049123 0.480581478581348
0.398578017963589 -0.0806768849068031
0.394319604247486 -0.00192022604774703
0.3734684925165 0.353139248521555
0.40937375499819 -0.259510798707947
0.381810588394048 0.214698750280507
0.426169710551892 -0.546716443646327
0.39814998712421 -0.0666412564611733
0.386823337058423 0.12717193806268
0.376511939878892 0.299697856574037
0.390992513693412 0.0585436211370384
0.388895623099614 0.0913046148247781
0.388255178869701 0.104956294439155
0.385489716921558 0.150364269002154
0.34864792211375 0.78519374031832
0.352468021180406 0.716704377355993
0.362818877893926 0.535615710544898
0.370632628836444 0.407244077099738
0.39230055381253 0.0343798141616602
0.377154602355459 0.296742844400224
0.373819652785407 0.351503316997482
0.369225534591969 0.42634275580326
0.384744437107284 0.16063623157209
0.377959186580907 0.280546965637184
0.382082069653073 0.202137711618559
0.382816639570528 0.194049236193625
0.405373317651834 -0.191844748609055
0.392811937988677 0.0234319905720503
0.358123238154892 0.61774010785931
0.402801850601184 -0.14304771376107
0.372528858232395 0.370269058497007
0.362373745529373 0.550724917999933
0.396605483505379 -0.042564279555995
0.394231062600618 -0.00234365351583354
0.395822934826899 -0.0266295562086452
0.378984445125613 0.266498108796759
0.375378255739914 0.32657034437564
0.402538222284435 -0.143364343265544
0.379939480426488 0.240386673684471
0.380921837552347 0.229335446914745
0.385885673686008 0.139181040468176
0.389293522164126 0.0855660352963348
0.387699596965765 0.108363915418152
0.399041070766234 -0.08123048703661
0.384120469401202 0.173827885803562
0.379419072602952 0.251790268518469
0.363063927073402 0.537530382087209
0.403018212985036 -0.149562454289867
0.396917451671848 -0.0462993392651144
0.393894340210468 0.00366695056473607
0.385823266183837 0.147380205763168
0.401366069918803 -0.119295298298452
0.429377568934744 -0.603045585217638
0.382916251707587 0.195626405732275
0.379923474983989 0.242265271101009
0.381576776093017 0.21123649951213
0.408307299239262 -0.236687010502202
0.404088008575986 -0.173160152652657
0.387370922747845 0.120253820720511
0.372743066512678 0.368409334032928
0.372495724933971 0.374643983171025
0.35728646814745 0.63356595931241
0.349354476975394 0.771219053897173
0.397729661131944 -0.0639596401758102
0.409978287347009 -0.271306185369869
0.390628836063457 0.0632575485668946
0.365641993154574 0.495466820560882
0.381236590885195 0.219735546753461
0.389287237484149 0.0832172363112798
0.372558507204817 0.37191709261976
0.374324162245451 0.335980838597044
0.39250488200859 0.0268060361156561
0.372519456011442 0.378657989300443
0.389992021720819 0.0737104057950642
0.395562138925093 -0.0274835168993579
0.375211730132099 0.322489066083137
0.376473128956624 0.301036851771233
0.415982707294368 -0.374658856071955
0.38014012479008 0.241122138955939
0.408084059800835 -0.2381769196196
0.376097956663391 0.304994816070529
0.371220856229759 0.39158563032302
0.404555316902112 -0.18142504403858
0.371475443048054 0.39336341301238
0.399691806205115 -0.0913821617213582
0.383857278344698 0.178074036535505
0.401672237839034 -0.123390553061584
0.401951540721484 -0.134820764170874
0.385294242174382 0.154679489114582
0.375841295889412 0.315492825736211
0.42214370622588 -0.473911526979679
0.383430702771898 0.184565425590633
0.391189778097599 0.047402444463888
0.397130956956382 -0.0528582647864696
0.411599582507431 -0.295742359264809
0.395413599006882 -0.0177908719679604
0.39595613406542 -0.0306942722040138
0.37101327141115 0.400981187014623
0.400435238063488 -0.100666167979745
0.374799693144043 0.335443772698804
0.399785041809347 -0.0928709045329521
0.395966776840893 -0.034751067125652
0.395623181912264 -0.0285504604749435
0.382393602182919 0.199512137919163
0.374150590538922 0.340273906253674
0.394720854679953 -0.00382347436012015
0.362298031849745 0.541411598542332
0.390576726831925 0.0562250304362631
0.385998413713945 0.143397419790363
0.367760156332818 0.45032166898837
0.402328034762813 -0.14193054046745
0.37617668134296 0.308543389298445
0.377058167207352 0.293403858751481
0.361259294669691 0.564890189341471
0.381544321966636 0.219557027751035
0.380722105604379 0.23747373543604
0.397173049181987 -0.0571426028209228
0.372952439006816 0.368073334333292
0.395386982613483 -0.0187862978891685
0.3725485942388 0.372822729757057
0.384842332842917 0.155814771394684
0.377139788209039 0.291690606037571
0.413438969064718 -0.332154503971425
0.398053321375621 -0.0686390756938114
0.352102609391039 0.721095819508689
0.414368291274172 -0.34519335863354
0.39269195453233 0.0254749125225669
0.391566938912326 0.0449089056620349
0.366064980187639 0.483459268139631
0.401258085096238 -0.123342705612019
