0.333534898956592 3.04031915621236
0.343184848195225 2.93189759313498
0.346028237641129 2.89796817315665
0.340029612448235 2.96700168061735
0.342331435179146 2.9422938435091
0.347737308972959 2.88180431010454
0.339610612557211 2.97138748809155
0.337629288090009 2.99142452114424
0.340969485607954 2.95447390911807
0.348557083488091 2.87761065913181
0.334888974423801 3.02352274408197
0.343579283877052 2.93197178447885
0.335227981655431 3.0141098734161
0.336081190254767 3.00812457617159
0.333490712432951 3.03373952741619
0.340053500871458 2.96600829961819
0.338812001928791 2.97566650456267
0.340369142728603 2.96384228872263
0.343822668963548 2.92441905137387
0.342180602853909 2.94064515806746
0.340172695229641 2.96801415890513
0.343439358042483 2.92659489527204
0.343247116342581 2.93191942962363
0.342838476001243 2.93532468422329
0.342206107541031 2.94192619445619
0.339151663150765 2.97711277606333
0.342831478041861 2.93498363718975
0.343596464406028 2.93313711796927
0.340227547161377 2.96147708114942
0.345982514954841 2.89561992210297
0.338164596524166 2.99345501212475
0.339524127652518 2.97173532938976
0.336563904909901 3.00240037057977
0.33557011708035 3.01697832267619
0.339931002274321 2.96964786063606
0.336214681527713 3.00807174107078
0.338204013046444 2.98027714644529
0.338360661397967 2.98968693873565
0.344903093873492 2.91270046721616
0.333615888304344 3.0366566649503
0.345022779625641 2.91369001500226
0.342158278455812 2.94571599237573
0.342062851342418 2.94429224406394
0.349301685970556 2.87145396743394
0.346738529855149 2.89428984810912
0.347488575681696 2.88201741585399
0.338170340866088 2.98263870749879
0.340889207182367 2.96123003859359
0.339764872660896 2.97230307627638
0.351022246773492 2.84743033543628
0.340774115491349 2.95994791746488
0.331038688997201 3.063877308712
0.333074157629568 3.04373091208275
0.335739449456748 3.01293256150759
0.344503043117524 2.92019248992807
0.34475592458886 2.91777817892763
0.354125519651819 2.81280590721211
0.339319920606605 2.97481270792405
0.341367196407647 2.9511288084097
0.337259526295394 2.9948446573362
0.34740954449081 2.88674800695682
0.33703153077986 3.0043529148542
0.339217710577497 2.97829228955192
0.354684577479245 2.80661642024863
0.337520502518581 2.99536672722776
0.337374270248687 2.99215827138598
0.336096545528637 3.01243184347868
0.349101231863122 2.87109484821748
0.343494808001087 2.92778235214555
0.343060352030931 2.93123459532258
0.342250914202724 2.9446003607307
0.331073791349109 3.0706486484641
0.34212011707992 2.94256262009301
0.341503438203347 2.94843835166362
0.33967228109348 2.9736359635706
0.343694507013719 2.933151191698
0.341367810093694 2.95233396426257
0.339050770138099 2.97522985698611
0.337912218433579 2.9904782730904
0.338859266644554 2.98448244877488
0.340197644347649 2.96258779666928
0.341439739648354 2.95110658931882
0.335307134405738 3.01631826506476
0.339764373705652 2.9681597239806
0.345206061019225 2.91130360891777
0.343480051242914 2.92813165056319
0.332033941653425 3.05353977063253
0.343601684866725 2.92627360691364
0.341254762539897 2.95261326969574
0.331361745122299 3.06331829109796
0.345548957785544 2.90445014845102
0.335251426463019 3.02022322913151
0.343339715065682 2.93231903257323
0.347964485849796 2.88407005397255
0.337837151618038 2.9925769722322
0.345662613763269 2.90839932278087
0.33719673729067 2.99098219861477
0.339902600859245 2.97549139807245
0.334601790284461 3.02833226413495
0.348672437130257 2.878556519468
0.335121098964139 3.02146432029901
0.334237758383744 3.02534754523138
0.340707629294083 2.96249785435602
0.335046065071566 3.02503873841804
0.345517788430797 2.91008244323984
0.334803249715527 3.02285391551096
0.345607568996986 2.91040158774617
0.348948149493057 2.8691270820242
0.34008925569894 2.96157118270363
0.335820577817212 3.0077122169091
0.345270522930477 2.90592173255845
0.343058874468328 2.93334693382813
0.347136639522681 2.89333602863183
0.340829221077776 2.95802879560895
0.350518086232921 2.84721575351107
0.336544531640957 3.00614517214537
0.332691350644628 3.04729230911324
0.337322308213915 2.9982923932235
0.337708174405679 2.99120454347841
0.330410040427871 3.06990547315642
0.339427352850107 2.97621167430634
0.34506080102316 2.91298692055366
0.340087173976828 2.96521116970279
0.351543679140772 2.84443654609409
0.34137473191088 2.95247765718515
0.338504905953751 2.98424013754721
0.342180410112987 2.94658523079588
0.345298752767028 2.90896787672394
0.339171208730185 2.97049390746146
0.344366422525867 2.91687163621798
0.3402126676536 2.96155305421631
0.332451514757007 3.04788028579261
0.344905268498343 2.91894198576319
0.346509959673974 2.89838438446575
0.340739748461621 2.96831224046837
0.347991153218106 2.87822554938824
0.341066880219454 2.95664480158141
0.339060363511012 2.9775956307098
0.334346533780729 3.0288449320997
0.343282977144412 2.92853284128795
0.339317001348058 2.97776271705166
0.334104786703775 3.0319958749234
0.34386817318655 2.92084184882283
0.345511480608073 2.90529967515226
0.345178352576366 2.91179708431308
0.33614420045812 3.01074958155438
0.349895430650083 2.86144090400871
0.334986003180543 3.02004776802876
0.336027637599495 3.01109840939514
0.349661379067698 2.85943160871814
0.348608543156738 2.87130117913216
0.346234652731309 2.90066824575553
0.347705335859578 2.879502482032
0.33134520135803 3.06148811161774
0.340094463405236 2.96835040128006
0.340194722448584 2.96842363058703
0.3369383510705 3.00358840955484
0.340067564302523 2.96570643613425
0.345788148852342 2.90149278977004
0.333671840795411 3.03207360426569
0.341055594244249 2.95836191140248
0.333857189672961 3.03118454086816
0.333724126456765 3.03290603010681
0.354288770763041 2.8132478563509
0.334800987908984 3.01960140799115
0.336423232710699 3.00049373243791
0.349203590017442 2.87305322992914
0.344550813876983 2.9168854684118
0.341578687891606 2.95252891864778
0.340403711025349 2.96153552493751
0.335761724469351 3.01629440152141
0.344695422988654 2.92035890753136
0.334848465111366 3.0210882531931
0.340189559364201 2.96506927952608
0.337608360934066 2.9985533470925
0.338913712518659 2.97601587631994
0.335645561535693 3.01418123886515
0.343395296141514 2.93412487055604
0.333024586574287 3.04436315615699
0.347826690706694 2.88294002607569
0.33973403837057 2.9675231408928
0.337711948187841 2.99026084524678
0.345833631134426 2.90389055413598
0.340024924270916 2.96710193942144
0.344248404503355 2.92306624021534
0.343765320031988 2.92415914821232
0.343775855184871 2.93020583635669
0.343784668549594 2.92563871644775
0.344873455058448 2.91260322702601
0.351103447857695 2.84855376310064
0.342959009884328 2.93727416886574
0.341803330089896 2.94212167826482
0.340961753472784 2.95897319180707
0.338663483664641 2.98195558637397
0.337671674182101 2.98924368348874
0.341983092906776 2.94800470594222
0.345863863532929 2.90034154426819
0.336966633999129 3.00136259761584
0.358042760337152 2.77553357442694
0.334431373152718 3.02833821710315
0.337509131052815 2.993958569156
0.347289001433381 2.88608355506761
0.350396294961675 2.85545208678452
0.34248063601377 2.93699128728244
0.332933032031873 3.04010191001904
0.338669023649935 2.97884717714764
0.341157169521382 2.95498962774298
0.345961908795672 2.9077688289678
0.339494422700073 2.97284640790947
0.341076736283839 2.95120188272151
0.333669978553658 3.03964508397671
0.352391883445044 2.83241942225348
0.341487718206863 2.95679993809048
0.336799826472543 2.99655656453686
0.341647617615484 2.94947264160364
0.327129385203803 3.10230315446825
0.337542834275485 2.98952703432565
0.344215965415843 2.9211900285136
0.352749514386754 2.82962093103646
0.342497576557187 2.941632776948
0.34424648293838 2.91952376750547
0.336473312893774 2.99787011962075
0.339390242113612 2.97439830378753
0.337862925345423 2.9910061619546
0.338345929635677 2.98298017455699
0.344261112674394 2.92086902143179
0.341542404224018 2.94470287399165
0.341240817868611 2.95423672236698
0.341336946659045 2.95180258504798
0.34208230041281 2.94582533366584
0.342412498683507 2.94007533880584
0.347870142161999 2.88040873219571
0.339588185317103 2.97213818138541
0.340231418240457 2.96546273770002
0.336971663754696 3.00127481143523
0.346199730095809 2.9036530074267
0.334735592159403 3.02738817380879
0.346145995508547 2.90545678076492
0.346632841185617 2.89730045245084
0.347978062526865 2.87723668411388
0.340923883465627 2.95407066960322
0.340662676626685 2.96207871566053
0.34478070609788 2.9141473005575
0.332953814591053 3.04116398945136
0.347800828786332 2.88694537718548
0.336971236173843 3.00763555511518
0.3297363986661 3.07709398046696
0.342336094930447 2.94102279586188
0.347681471463282 2.88322975936186
0.342634118267731 2.93531039041704
0.345259356640811 2.91476104766668
0.335770033870179 3.01482644572214
0.350028918607269 2.86457562519663
0.337915769330242 2.98989243635006
0.350538809254403 2.85368185889002
0.340729984027232 2.95955812320861
0.342877327624805 2.9361634939249
0.338418172233706 2.9810442283944
0.351298262699552 2.84858846149939
0.342007154347745 2.95065345381018
0.345722860285478 2.90594475940473
0.339571906491839 2.97181611533417
0.332535300381115 3.04651523438365
0.340819387594758 2.95659719033503
0.341291990205559 2.95355614749354
0.331506440285437 3.06088227599686
0.346354422313088 2.89949377297629
0.350318940601922 2.85784965279394
0.341990137130182 2.94557259554094
0.34319990645559 2.9374754522174
0.337132252284371 2.99607657128696
0.338914078158031 2.97472816294562
0.338906660095031 2.9799505974719
0.345223018208414 2.91729025185361
0.342311501629038 2.9404614284317
0.340612194726716 2.95928322917456
0.347199550998737 2.88713967185144
0.336210085052498 3.00931445699817
0.336939616103186 3.00076924843969
0.33913070203871 2.97392357664748
0.340737807459057 2.95718303287179
0.3398943816875 2.97547665851704
0.339656503614653 2.96784665445415
0.34454286970589 2.91687828667118
0.345460463137487 2.91077892528441
0.343364937189522 2.92923819713819
0.345246717238248 2.90886932077551
0.336043258905835 3.00780873703056
0.335225102398166 3.02215979964066
0.34019466411978 2.96942580374266
0.338789296930866 2.98194880405444
0.339253751022785 2.97515258360245
0.337414313412287 2.99260565661514
0.341502519474513 2.95168538883205
0.340995474506969 2.95857919769325
0.341879988160654 2.94632971112866
0.336924514509811 3.00121011697646
0.341706339390227 2.94743453231027
0.344825001957419 2.91419923247288
0.343972916599564 2.92884416948355
0.330294344026691 3.06848424291289
0.343784700511768 2.92362127371211
0.338049417285163 2.98565206389798
0.345459540959148 2.90837818278312
0.338491252181816 2.9818294826243
0.335994636518984 3.01142823929074
0.343622604819518 2.92708661535773
0.340198149750637 2.96748669081955
0.337898676594256 2.99089039132754
0.340872976545205 2.9574098689475
0.335107120518965 3.01920920650176
0.347563887604192 2.8888544117764
0.336251056845601 3.00934095154861
0.344361186791203 2.91878970698058
0.339702851188575 2.96936854409571
0.333126421188428 3.03707061060932
0.33659144002716 3.00637559202772
0.344928835639495 2.90975964543856
0.335550353148481 3.01933619078831
0.339721185318691 2.96464507929911
0.344111779106676 2.92374713765413
0.344541210505111 2.91575531236188
0.337720986632425 2.99122376584462
0.342140834783485 2.94030084713537
0.336034871255689 3.01296660403642
0.334732413633075 3.0276213670513
0.335716764544447 3.01414123926164
0.35157300121159 2.84336629537867
0.337623391281667 2.99572941680074
0.337686207296137 2.99225838830772
0.334027260126493 3.03218859038662
0.346281460916632 2.89936498673487
0.342895810930056 2.9305187552825
0.347701851582351 2.88609117488839
0.336470485270388 3.00432648945787
0.340196209364545 2.96932659389173
0.330103794815537 3.07379205007138
0.353057649427193 2.83081900097929
0.340015729172823 2.96462434804476
0.350185731887592 2.85288491130136
0.342026800720899 2.94514853927315
0.343253288939922 2.93519375189401
0.335876924012869 3.01222498095163
0.337747689539643 2.9869705174055
0.33499747538437 3.02481733952255
0.34228016690414 2.94485470506934
0.346614933295231 2.89999462027148
0.334241874322598 3.02225569574911
0.339397957024784 2.97438745211275
0.331809811891383 3.0545863741679
0.335055552138335 3.02021872087421
0.346286890543925 2.89605529852011
0.346504040893845 2.89859291033818
0.335302745783072 3.02018719274835
0.344662534778321 2.91778475778346
0.335807956524766 3.01101555838331
0.33940324894281 2.97696952826466
0.336319236965849 3.00776946625514
0.336747356815477 3.00340819950442
0.343462551177988 2.92924669212656
0.34122563140605 2.95957062817775
0.339259684332347 2.97590799586736
0.344095535809982 2.92079212110305
0.341820494796371 2.94783872254796
0.341995944308552 2.94434790365386
0.339829044941154 2.9672642189805
0.342416279802423 2.94003881030668
0.348255465643297 2.88314570318256
0.345650882584174 2.90526024973077
0.349424359953966 2.86934746812672
0.334067295916024 3.02853971769282
0.339965758920653 2.9675387934547
0.333817270714609 3.03760587096573
0.339576331442402 2.97062564438904
0.341299199366002 2.95425122997898
0.34031983721795 2.96531163210123
0.33923967371786 2.97394676861648
0.343246939071127 2.93213302992949
0.352919316298552 2.82899116264468
0.344944468411302 2.91264111472482
0.349164310592095 2.87448162392682
0.347593011726089 2.88478128614152
0.348848559505174 2.87386166442531
0.34023640957543 2.96323949288349
0.342370125445583 2.9418609517944
0.340824735806646 2.95470392725335
0.336017399801638 3.01091124043013
0.338602935124926 2.9820800631964
0.334513723290143 3.02592843104645
0.332940959951239 3.04548922365927
0.347487698205808 2.88342433170071
0.348277811980201 2.87377513496698
0.34372522719643 2.92620811608609
0.347349175851998 2.88798303259439
0.343216517686656 2.93528262563345
0.34243003770481 2.94036088822809
0.348062751137719 2.88093152139646
0.339560761926367 2.96835856870854
0.340194388894483 2.966440184253
0.345732358839765 2.90213242893
0.339039070253178 2.98036223689517
0.342207380499167 2.94684849855277
0.338974130609366 2.97863653806062
0.351591280414995 2.84223048485939
0.338953791914426 2.97902226328968
0.340720560886607 2.96206828270423
0.344798146968451 2.91432879394964
0.343353796129795 2.93204745470439
0.343680645815432 2.93259013875163
0.339962059957241 2.96736579454035
0.336687784209576 3.00482038766146
0.350528517456979 2.85750257647603
0.3407231204533 2.95643967300767
0.340653383452976 2.95486049287232
0.343587569721688 2.92884530724595
0.339999692012155 2.96772553101204
0.338670962648995 2.98240224207012
0.334661238331611 3.0245492101548
0.341123377448793 2.95644708457891
0.327611072663218 3.09944787357255
0.334610134021538 3.02131105870341
0.339473470300202 2.97131097396892
0.341456608742272 2.95169431097951
0.34024271384282 2.96389294858534
0.345963724094161 2.89982060283059
0.339441447647083 2.97221384876469
0.341266131493155 2.95565624684778
0.333145732608935 3.04150908017858
0.344181974723898 2.91943427928899
0.339875259402726 2.96751536950865
0.340910402259528 2.95584148116873
0.3480408494437 2.8790354080725
0.338196846642982 2.98161292691985
0.340748268526144 2.95782996944558
0.348901351839209 2.87063344012373
0.338853149110503 2.98051461901588
0.339712561541568 2.97520574812954
0.350426720889448 2.85642521701251
0.342071194462098 2.93771436092253
0.338382824975018 2.98758912127112
0.346244594499619 2.902776966044
0.343140665981137 2.93340068405307
0.339870271157681 2.96850935012717
0.344645490817435 2.91292346332446
0.341894153046216 2.94796411845819
0.345443301679486 2.90314721376782
0.337136454622375 2.99532771241174
0.340795505099901 2.9562085613348
0.342436750119393 2.94372553735986
0.346949632588752 2.89396010501514
0.340892853862944 2.95530128669122
0.338097871464025 2.99564873068926
0.350126207934155 2.85950362525618
0.344526670925687 2.91582847147983
0.338659199475307 2.97595793102443
0.341283189121222 2.95094531934288
0.340687977276424 2.96007837696997
0.342832142647366 2.94105684600247
0.340879659707793 2.96200673399058
0.334382429860163 3.03514928028535
0.349954238691924 2.86291390605924
0.337523671989833 2.9937745323088
0.343980744968346 2.92268813664239
0.33612284891801 3.00854405258642
0.342132167250943 2.94755904385171
0.33510829311864 3.02489616388726
0.340751989649631 2.96032458351481
0.342502701188635 2.94427288969858
0.348540712512648 2.8729521797868
0.34358028554325 2.92598013044121
0.331291014364876 3.06425176440156
0.338388046023866 2.98846452440821
0.339985947271033 2.96578480142656
0.340456902832522 2.96852752787846
0.339804463458129 2.96806488197907
0.343247137794227 2.92966841778801
0.341515361185044 2.94941581182859
0.346689134318365 2.89584225149681
0.34429278554734 2.92226604850992
0.340093491690299 2.96794956676742
0.341416404937606 2.9517926597869
0.329225482833841 3.08193923100901
0.347352892725286 2.88170706668886
0.339674457211199 2.97189565456984
0.346270163300299 2.89687305478112
0.349668503676932 2.86327800316128
0.345608987793593 2.90345977813612
0.334938951541024 3.02199750085455
0.340677747563416 2.95648723002782
0.341341415699024 2.95519670205652
0.341257464856598 2.95477814493218
0.341604541217642 2.95305373739265
0.338669299994612 2.97905210803747
0.341290496954537 2.95584201468842
0.344081244331523 2.92722621297905
0.343371620993475 2.93141781172848
0.351388126630239 2.84139214190166
0.341472612175726 2.95361041594197
0.338914469513259 2.98039598467447
0.343945379567279 2.92456776543832
0.339038606682298 2.97800049546401
0.343971558689368 2.92227704199532
0.336891633346373 3.00392910184248
0.338079386052837 2.98987043459119
0.347213625588933 2.88736524323299
0.345945828006325 2.90487336161063
0.342364235364695 2.94188243818161
0.327632477692219 3.09924418787748
0.336524480976721 3.00476474415958
0.329942967825056 3.07146965897897
0.337524351655858 2.99307781095164
0.337688516515366 2.99046901222386
0.341790199144544 2.94907272853427
0.333921518592475 3.03252503259971
0.340785459489331 2.95291418772959
0.343314664439811 2.93153359477719
0.345543332712585 2.90687777544824
0.33952608124855 2.97186029093508
0.348227890031779 2.88341312351536
0.343931246890327 2.92622751317222
0.348661402755255 2.8755594594479
0.33820444945333 2.98947973234415
0.34593577038563 2.90269065550818
0.340003424831388 2.96623529932789
0.340239151401333 2.96468068661136
0.345850726572995 2.90115112248837
0.344959843506746 2.91204802923865
0.342054451604989 2.94491892184465
0.334114405135446 3.03337781172938
0.338675576439035 2.98222799655275
0.335822534360496 3.01121539930144
0.346832728312299 2.8918852511066
0.336443005352305 3.00138797566453
0.343138956175606 2.93369365139351
0.352002918157614 2.83872953743187
0.341062743993126 2.9600547252488
0.341735947856951 2.95196254101887
0.338660475704476 2.98011593633531
0.342065767930373 2.94474627072873
0.344170543931389 2.92572738039518
0.3344886649885 3.0291521151321
0.349427536419574 2.86337965181031
0.335996371358632 3.00979277451144
0.342155083077425 2.94526463948484
0.341791399610105 2.94430325697529
0.340545421897118 2.96017454666699
0.346724002158241 2.89247620549858
0.336471912498699 3.0071003451319
0.342361058846168 2.94351375632428
0.340351230793847 2.96341014551682
0.352048809237753 2.83586892673533
0.347473373509805 2.88582248913852
0.344768933471577 2.9162086747326
0.347064112153112 2.89340609677285
0.337641750687892 2.9929993448526
0.34244361410007 2.94044785195256
0.345894294308521 2.90431867432784
0.338945167951679 2.97883671141836
0.338813509834685 2.97688002237267
0.345804146139186 2.9015845614661
0.341137026554798 2.95763600170236
0.348392506389781 2.87156601227521
0.339290756063512 2.97534806809633
0.343341641054958 2.92874305962274
0.342918437129064 2.92986590726947
0.339998934780158 2.9671604526219
0.350053232395438 2.85686616137672
0.334234933978223 3.03140364742734
0.344888360906705 2.91305708452885
0.34404826529462 2.92815241842056
0.343222213858395 2.93236342808042
0.34092594965375 2.95595413006595
0.342441364936079 2.94477044187739
0.335843417218208 3.00948788071078
0.345752430809589 2.90783214437876
0.34127153829226 2.9557468873782
0.340715162805549 2.95622002762749
0.34119691791084 2.95770411316275
0.33858566507982 2.98104071468279
0.333507365409875 3.03675379451706
0.336326540246238 3.00883531846029
0.342527463222955 2.93843114892762
0.33911367958749 2.9760608147977
0.338899378792783 2.9795974685464
0.341808537693969 2.94911654181839
0.341661815965407 2.94645546226686
0.338644028251643 2.97992415103625
0.337343884469509 2.99411549950251
0.332906925328741 3.04759517137737
0.335762831471246 3.01283190738099
0.338944300861243 2.97660935661244
0.344699007039814 2.91661005168383
0.339948698334225 2.97004849140472
0.337682702954065 2.98975672644843
0.339214183816551 2.97938769801639
0.345449483475491 2.90663621178162
0.337090450464341 2.99431324833551
0.348419138352876 2.87135405851323
0.341135796760132 2.95591179207895
0.339144832082221 2.97396873523247
0.338954200595979 2.9757583168602
0.335008450576151 3.01854185938112
0.335987598940414 3.00755660922924
0.342736399628131 2.93634546003907
0.351196643955582 2.84283495206959
0.337628299536728 2.99782646950218
0.351506398275059 2.84436612383496
0.341669105903596 2.95159398442108
0.334925530066906 3.02451480786583
0.347959734417803 2.88238556654049
0.345049627802307 2.91075590412341
0.334991367589415 3.02013313001741
0.348426505006732 2.87795091647763
0.335689379777752 3.02001274957387
0.340829700096534 2.96242363381605
0.345593705147913 2.90576077973886
0.336937379807652 3.00035577451173
0.346250262633342 2.90121960178836
0.350679584830473 2.85266119150694
0.340308371003941 2.96422962544688
0.341492937183577 2.94917717492162
0.344550923356524 2.91974602812147
0.331602322064389 3.05990430854141
0.328519240861293 3.09327587271748
0.340799002969317 2.95628635631472
0.339823485582948 2.97212304740037
0.343855742339072 2.92343942920743
0.355471555476103 2.79878121399658
0.348187886665921 2.88107378337246
0.338787860586329 2.98067203569894
0.341744278639829 2.94773552384541
0.335893194049469 3.01100120668367
0.34471557784841 2.91799998960288
0.346034258696016 2.89946540154644
0.348106634565791 2.87482576811357
0.342632967744559 2.93784031916266
0.344190455681958 2.92231311909407
0.341408897033053 2.95558239573095
0.343126332097485 2.93337537625206
0.342148910634738 2.94575912844126
0.334745514916384 3.02510767635923
0.340409849898433 2.96266478704356
0.339152692750852 2.976152830578
0.338071453939839 2.98801847147845
0.335285066919053 3.02157958688267
0.341048578670821 2.95236086217191
0.338674208214737 2.98242109907927
0.340059408725029 2.96607431629688
0.339750554109397 2.96784503288562
0.341829647828117 2.94658703588967
0.336496055498956 3.00403648167506
0.343338510504194 2.93470886898596
0.353884550436667 2.81769583969365
0.339703013853289 2.97159726996296
0.341725735224807 2.94603038175151
0.342984312429253 2.94124211472448
0.330755588603827 3.06482489790017
0.335805228104855 3.02156640316942
0.345247189751576 2.90908738238289
0.340499979010791 2.96133745716863
0.348521623869236 2.87604038695979
0.347702338844001 2.88388776840829
0.347731993417282 2.88167250176459
0.34429844844357 2.92266580715834
0.342686060219802 2.93604039321723
0.332293761319915 3.05346677051619
0.327272520080129 3.10409458370292
0.339990167403781 2.96844510404291
0.34783729147834 2.87827147452439
0.326977185677034 3.10711377110936
0.336662470462393 3.00604251097074
0.340053173417442 2.96670932269627
0.339490460533947 2.97088640227403
0.339047642878743 2.97703727687357
0.340408881797059 2.96478079639888
0.338671797575302 2.98537630840179
0.346246009509945 2.90350039771545
0.340881259406669 2.96207404036779
0.331815122164935 3.05887592470713
0.336765483278775 2.99944008223591
0.340872136765693 2.96097916817801
0.339194033000472 2.97777230887027
0.334660738319008 3.02475558573805
0.336316957725649 3.00617584810478
0.333772313624787 3.0316836826724
0.34817074071722 2.88116071302942
0.345910017144477 2.90264428236816
0.342705262277983 2.94159813578814
0.336906052624092 3.00095565514308
0.347733040844145 2.88778270018618
0.340145147419841 2.96554522526798
0.332340383626073 3.05029394628841
0.337991779404012 2.99118485544451
0.342328498299633 2.94074297591599
0.345714178402438 2.90759695327814
0.347510635032851 2.8842625827327
0.351174498280111 2.85086857008953
0.338007898547374 2.98741828710032
0.340543479586548 2.96049505682823
0.351569539408391 2.84222707918095
0.342848956425819 2.93284843205037
0.336632478529703 3.00137545781295
0.342558061367444 2.9360122795173
0.338343231918146 2.98759909066904
0.335960375075224 3.01138586863201
0.346503954424259 2.89498926493209
0.352985043880343 2.83082237220189
0.341601268895477 2.95156596036627
0.341250826946886 2.95678209269711
0.342108281790134 2.94185968406062
0.339454204583878 2.97458272328835
0.335942472768392 3.01140980400486
0.344939831501196 2.91532720333925
0.345794730548784 2.90660707428903
0.340429935470134 2.96265701228817
0.343907082016492 2.92313486300517
0.338569588165186 2.98477085063253
0.336080392647161 3.00980803426927
0.335284451814041 3.01485875086768
0.344544895549048 2.91724527139002
0.349235293347566 2.8666037049786
0.34186309161031 2.9466280889291
0.344595740813686 2.91832894521818
0.340721945960829 2.96335732786196
0.339275744840132 2.9721953006934
0.344774994114884 2.91599816640418
0.338128884350676 2.98626984370647
0.337031578526905 2.99916669060173
0.337406299607616 2.994800222415
0.336861016433599 3.00552241712055
0.347871419255987 2.88609260209233
0.34254452411354 2.94199871774499
0.334617018453861 3.01943604794495
0.33991708057727 2.9681625532031
0.33879359631172 2.98322310334302
0.348644418921377 2.8751239554247
0.336403467671977 3.00497492753121
0.345240913486788 2.90900887407845
0.342096310398954 2.94842518355444
0.341186541877568 2.95303014568573
0.336686243315347 3.00636828503131
0.336569055790865 3.0023744648151
0.344036343759607 2.92450809869464
0.341205423236305 2.95201532674846
0.344534965132172 2.92001988666649
0.339848675229155 2.97061500061064
0.339021613202101 2.98027959243991
0.339447425080287 2.97699100014201
0.341928160087157 2.94474900917225
0.335708609129356 3.00983946006476
0.336258382488575 2.99938607392599
0.343874300806542 2.9254868403416
0.342765388760402 2.93812377282786
0.332158158073796 3.05099572598821
0.337296868692012 2.99479947027836
0.344069706200639 2.93016971342837
0.348499578076449 2.87587429762884
0.3353745622781 3.0160401841466
0.333371477702555 3.0371278778596
0.339264280214316 2.97745903300092
0.33873265272204 2.98107048960354
0.342604710765165 2.93523678158099
0.346010542382795 2.90210003456986
0.331274424974533 3.05974612700288
0.339436734084228 2.97811700312795
0.341561099587337 2.94863559054282
0.340460547343685 2.96708058498178
0.33636010859687 3.0042592163447
0.345007443246765 2.90967376724663
0.340401573626238 2.96537202760228
0.344206582969014 2.92359006015586
0.339437471460905 2.97475843590946
0.342013522068097 2.94585693257159
0.341471589462209 2.95059974214157
0.336401761778429 3.00529548643009
0.34159920375487 2.94572850038068
0.339569771735663 2.97163517149957
0.338655068837468 2.98526540042354
0.341420967240202 2.95439363181629
0.348561274230425 2.8690668137766
0.338125443582793 2.9911193990999
0.34490697895879 2.91128376175608
0.343419585746705 2.93225574516848
0.340159579529433 2.96627207588204
0.333195074995941 3.04590923884691
0.350724231958553 2.85044308072378
0.334637996759987 3.02484658601415
0.339529628204013 2.96935231926488
0.339771876440929 2.96982672497349
0.343008957820115 2.94113708235968
0.331328541939445 3.06231909265856
0.340685528637208 2.95819914854733
0.345007044518393 2.91381137572747
0.334238759258299 3.03845632786549
0.332231316242934 3.05204502782789
0.345380660625121 2.90560778311468
0.348824510322736 2.86890571125595
0.343485086640298 2.93163808169888
0.348721484496429 2.87993502756173
0.344525541275979 2.91717632592469
0.339855660166372 2.96943081132907
0.346146603563641 2.89802985675331
0.337246699214164 2.99846751170782
0.334774119750978 3.02354953190566
0.33013998918178 3.07949472609915
0.342905130581215 2.93646395883697
0.340280380849112 2.95976225840353
0.334739864842989 3.01934425416693
0.340161535218628 2.96825205825721
0.334307300593906 3.0326114217411
0.339518239159866 2.97478219125347
0.326864137994595 3.10923374431165
0.341468628333483 2.95256801289054
0.343266324666419 2.9309250999793
0.337769970136922 2.99277906709165
0.348830821867606 2.87606930410963
0.342503310156706 2.93898086865384
0.349924654308335 2.85229147973509
0.337095246783024 3.00145216801563
0.337893099048161 2.98920486647993
0.335493947296202 3.01236620264582
0.339718123815635 2.96933774437574
0.339379779958762 2.9744964775192
0.341452042405178 2.95049495867685
0.344987798290753 2.91341957487396
0.339460761862476 2.97503862283322
0.339391040599386 2.96876064167384
0.335461795641342 3.01824675979151
0.339659290947497 2.97134879271095
0.339972865300206 2.9648506102049
0.327687821257884 3.09937965208433
0.339856363936688 2.96632469469379
0.353024579132219 2.82102040858874
0.343457337478816 2.92949951039347
0.344097056667456 2.92463196981346
0.347793005503859 2.87742962508464
0.34186583410866 2.94672172011554
0.339579401436664 2.97663602399817
0.338268594703436 2.98480960716315
0.339801560838167 2.9724535307744
0.331767067891579 3.05630566050005
0.333254657099611 3.04107605767377
0.338958197280389 2.97762855388592
0.334457761820658 3.02792990416732
0.343317822172002 2.93418941884276
0.337062890754034 2.99853573968294
0.341866456079043 2.94339702025802
0.345707985513115 2.91031312970927
0.345414371358346 2.90544717205915
0.344450807010604 2.92721038094813
0.344113210471776 2.92211449843159
0.339760915498692 2.96496786801933
0.340257845104186 2.96276794574615
0.342038239907327 2.94349273087244
0.341766136038087 2.94757815776027
0.336813820558912 3.00433501212552
0.335092416076482 3.02103633124883
0.343252899261628 2.93637381852336
0.341770202932719 2.95119428907271
0.342282517054627 2.94112364221036
0.340418690149072 2.95984646673404
0.34484096544696 2.91990598534843
0.344701842047182 2.91510257740922
0.334906662727125 3.01871602502622
0.342714249952076 2.93889068280865
0.339298580321401 2.97477092200535
0.337244823863662 2.99748472079982
0.347265495964192 2.89191670617109
0.345469538577766 2.90749737299711
0.343667061364463 2.92500412577398
0.340908079712005 2.95310966781817
0.349112085212845 2.86318437050358
0.336553075212847 3.00319815072279
0.336773558270506 2.99980820208411
0.344974623155028 2.91215438396054
0.337523745438638 2.99625986642089
0.344733380328114 2.91504126009493
0.343907455064237 2.92317507219412
0.342000323609561 2.94213390719486
0.342279556772898 2.94288556607552
0.343427194344722 2.92858871395685
0.337068024260583 3.00008671466524
0.345969287060195 2.90554293893558
0.340059293896173 2.9683738872889
0.339850216503252 2.96744381608125
0.346746704281795 2.89385415423664
0.340362186566894 2.96131887822022
0.346831064534683 2.89082032874299
0.334775013289347 3.02827034988212
0.342104751507273 2.94438227810415
0.336746890978395 2.99660393553773
0.342189734441298 2.94755703501782
0.341082917622684 2.95582554028266
0.351119670028175 2.84857631276451
0.344244306294081 2.92208881306532
0.337721035844569 2.99209963861216
0.344970279065652 2.91161289609062
0.341388870195989 2.95567819748055
0.340721681702836 2.95491019838908
0.342033916960105 2.94566287584592
0.337765758008171 2.99335541708239
0.346206108220337 2.90585754299437
0.34087263546851 2.95801323814718
0.334724081458849 3.02194069255822
0.336705149084378 3.00497745947559
0.338619971224375 2.98312509924626
0.347920320396206 2.88045327589151
0.339887272614797 2.97177377959291
0.340665738474796 2.95364417230733
0.339582620021699 2.97033250780527
0.345169024161767 2.9081385913891
0.34906313022836 2.86931983666668
0.342566408267251 2.93909103687628
0.333535615005784 3.03762961507373
0.33566781734986 3.01253217499459
0.3433481853713 2.9293589280635
0.340317103990319 2.96928244818924
0.347369412885808 2.89111808326593
0.344750948948954 2.91783922387498
0.34915333313214 2.86763215976816
0.337132291719147 2.99743774860944
0.350654671890384 2.85313208804548
0.343047068930643 2.93957575552685
0.330386343572662 3.07139594307794
0.338730102613203 2.98041853399154
0.343927970558472 2.92714403592055
0.34150237007106 2.95090967471511
0.347198462376049 2.88700694045187
0.342502379766606 2.94166155413455
0.349347083338605 2.86500732475675
0.337903284384837 2.9859566849975
0.339601746150153 2.96562897596789
0.347338269762527 2.892440257008
0.340974573800034 2.95592193418413
0.343723368952579 2.93075981730768
0.339101976428189 2.97454763107179
0.349548702292424 2.8623674786174
0.336673091236176 3.00357213587636
0.341296949758544 2.95249302254228
0.334357818865965 3.02937406594784
0.337690382614819 2.98955885989204
0.354536449366944 2.81072993518796
0.333494860771811 3.03526089010534
0.336810612888537 2.99720965303526
0.34715348735027 2.88946126421366
0.334810553534108 3.02025153022801
0.343399453124998 2.92757025511561
0.348215219731588 2.88257150064195
0.340453564650277 2.96100900227469
0.342142167363849 2.94204812533975
0.341127146798783 2.95222615636002
0.332161292629994 3.0543258151391
0.334950536747397 3.0202973529175
0.336239220538436 3.00494698838546
0.353673998910039 2.81795542813628
0.341974326819499 2.94539979853957
0.344317743056182 2.92191068788662
0.347084231392261 2.88668079040868
0.337255394684963 2.99600748336239
0.335498798273795 3.01730429635452
0.339126758094262 2.97701954509397
0.348125361848534 2.88083547347449
0.347858659678482 2.87731776286017
0.345238140929329 2.90445754549874
0.342238368539888 2.94173739816302
0.337163440232989 2.9946867441444
0.343110166804424 2.93397247404114
0.343163339402624 2.92919095789659
0.337358511992975 2.99535289368462
0.338123305703734 2.98854604769458
0.343038966182716 2.93579239307679
0.329255296843789 3.08916015898412
0.342160604249484 2.94472859025419
0.337693183942148 2.99705796645316
0.345836023072318 2.90319778808228
0.346543260363119 2.89901902697397
0.33795204057716 2.9966445329784
0.338347419789265 2.98541895219584
0.342069921385616 2.94308192548201
0.337559638747289 2.98936865873483
0.343579293643383 2.92618056391325
0.339068353275456 2.97746780689508
0.333131000060003 3.03830171038315
0.342718805959305 2.94064567629897
0.340147390217047 2.96683511456366
0.340832064627855 2.95216045996879
0.336789288823375 3.00540722706927
0.339591587835368 2.96699742507882
0.336948211965977 2.99910155097085
0.336138119524189 3.01187516440979
0.346374500954206 2.89955236127694
0.341554286842051 2.94863708586979
0.344818622706457 2.91543783434836
0.347979342972151 2.88544718548739
0.336143427582012 3.01207475953657
0.344730368976266 2.91581030491707
0.344260152539087 2.91936865673608
0.34861871065493 2.87426065622399
0.339883153100632 2.96491550897485
0.337221136075224 2.99646768773086
0.339087959692237 2.97828320377069
0.342215432177904 2.93994565000998
0.343256247403178 2.92981080604492
0.341075003967771 2.95607887851652
0.337667658329187 2.99190154315794
0.336620466775077 3.00333193070121
0.338982335691195 2.97861541538011
0.334399816860675 3.0294359961673
0.336827679189076 3.00599577326015
0.342964633161488 2.93449683328721
0.340894032837994 2.95665648905252
0.335476228663665 3.0144646821068
0.335485690846978 3.01522909364411
0.338596965245223 2.9769317079028
0.342064779402068 2.94148690325318
0.345944906409997 2.89847685604032
0.344987318913879 2.9120446956295
0.339372795601114 2.97375675568579
0.345140660947559 2.91087817525499
0.348953259229384 2.8699238106712
0.34128396550545 2.94807434174321
0.339266556486131 2.97290626118957
0.341792061761674 2.94546328733518
0.348038027391041 2.87871814941175
0.336820557525032 3.00331231686308
0.338186403162744 2.98442825944959
0.343804335781856 2.93016921777384
0.345690836671969 2.90537822727341
0.346079225179038 2.89971572022172
0.348287978888588 2.87782453245404
0.344675658188523 2.91896991129523
0.342179588051898 2.94473670992454
0.342317234951705 2.94133616726274
0.34171312301222 2.95725292250493
0.345884943558718 2.90523129813297
0.349453229216029 2.86831292857623
0.345805708946402 2.90776996890128
0.336354252522595 2.99823172460639
0.344137020826717 2.92394799483507
0.34118909972473 2.95629220835812
0.35102194719636 2.8510418732557
0.345125691975266 2.91451613930881
0.349085617819648 2.87504922592221
0.349899677051418 2.85985847247201
0.344952631996139 2.91162093353419
0.340910773455862 2.95208250517233
0.339156525288698 2.97614641064526
0.338739317887596 2.98184656918692
0.342451946772462 2.93738071309603
0.339039877210374 2.97632243395006
0.346084109745727 2.90304453414361
0.337531109678123 2.99233122493334
0.337379495704471 2.99780280665816
0.339595254279037 2.97438542903395
0.337288777713621 2.99517821880776
0.34364248110485 2.9225682580808
0.337669446443599 2.995024369058
0.33910972253553 2.97693712336918
0.342737567749422 2.94101282477751
0.346859902989217 2.8912428837817
0.339587708145966 2.97656429423769
0.343041223859938 2.93436083856705
0.339945607656728 2.97274053432073
0.339330486209527 2.97307707693137
0.328724593391524 3.08901189643626
0.337191475383949 2.99964765813001
0.338307402417524 2.98366511015268
0.341791779911771 2.949685662075
0.327587537658728 3.10304097302553
0.336912194364844 3.00325609695872
0.335283623941559 3.01933609413735
0.338391159845965 2.98605923173177
0.338443644058518 2.98657924749373
0.336307228433515 3.01255318156009
0.342821246314145 2.93837706965807
0.346518273564664 2.89995328924261
0.341568131573138 2.94801457868491
0.331020876905146 3.06401385794153
0.351360645725336 2.84276114418185
0.338319435254149 2.98373712989929
0.34816751862122 2.8743207854947
0.346179747906556 2.90367939936895
0.341254117702049 2.95577884419562
0.340062878173786 2.97018457805265
0.349040544695781 2.87432058059553
0.337390142544523 2.99233843632756
0.343270765985206 2.92511450434862
0.340494975755543 2.96014820615647
0.340175411447205 2.96887906105691
0.33787016515233 2.99499216390426
0.345585523834039 2.90325181770092
0.336265144596288 3.00519678024175
0.346751422773779 2.89508990857284
0.336856497910076 3.00085297291287
0.333679394562444 3.03873507402263
0.337066864909965 2.99492961256616
0.340786800187215 2.9559775049435
0.338389125736161 2.97971232734243
0.338509527999337 2.98657159674408
0.345230109086593 2.90696684880255
0.338219826307484 2.98621806286357
0.341226586777882 2.95720370045361
0.352710831215521 2.82513710316524
0.338875592526462 2.97885147949176
0.344304069602526 2.92005642307645
0.345863447009783 2.90322194482943
0.346573009988473 2.89508064596763
0.336097149517755 3.00727765232518
0.337394628774053 2.99867608948476
0.339800401743192 2.97683816135205
0.33756127370417 2.99364681411421
0.343451576172327 2.92633837158267
0.336275176076648 3.00724307634127
0.346363498156891 2.89870346897256
0.330055993949374 3.07453706695241
0.343863603517407 2.92557941472095
0.342732623659228 2.93769345709301
0.343814816870175 2.92015696081003
0.337363871763434 2.99771565172209
0.344811757911501 2.91145502764632
0.3373226224354 2.99973554108285
0.340741734007324 2.95642576387011
0.332900329021692 3.04201632466435
0.341691949167245 2.94912658111932
0.343988446649869 2.92717755583023
0.342138522234055 2.94160706408228
0.340875259460635 2.9561038714476
0.334155737767256 3.02894317307321
0.337728495490517 2.99063530852121
0.333403407343153 3.03736477084815
0.347001412000023 2.89174721644374
0.343626168757753 2.92759651731992
0.337414337582523 2.99328034254319
0.335220236770796 3.01774222950544
0.335282337682863 3.02149398459321
0.3439558839768 2.92062657927741
0.342314883288382 2.94180233915233
0.349061322345275 2.86837539758615
0.334545903795906 3.03253704750998
0.339291598951347 2.97528335252834
0.344677172991597 2.91331657278874
0.341106066320383 2.94620613466912
0.339686589489722 2.97308883685026
0.346303441813885 2.90449525819527
0.337439430118683 2.99209089384777
0.338869459682784 2.97707481450881
0.348622527448576 2.87382954721777
0.338725072660491 2.97924894817958
0.337187922617955 2.99630439434604
0.335953254582021 3.00477589834238
0.345266812646632 2.91271326034765
0.339164265637907 2.97384654990277
0.333941391762979 3.0349964985058
0.338055043735104 2.98500587789426
0.346540695677583 2.89678032685357
0.333727229058612 3.03461898370818
0.337929210218428 2.99169163878992
0.337757948473558 2.99325207972483
0.334412282787958 3.02872659763658
0.339226442073485 2.97755355083161
0.329867008999886 3.08350032903802
0.338906524923959 2.9765571763306
0.340502147663279 2.96491540915299
0.334563043172996 3.02595526393646
0.339524539560822 2.9741648762301
0.336066925382331 3.00993627947931
0.33779681251749 2.990096345756
0.334718643087238 3.02584054098635
0.341385426198708 2.94810755279516
0.33907505958077 2.97757864008778
0.331706094307172 3.05673650286019
0.341496435038376 2.9567823143512
0.349210200204545 2.86363843920581
0.338450269088119 2.98990112773987
0.341146202097887 2.95302998132236
0.341665328381153 2.9461064403351
0.326743130916338 3.10711839927686
0.334911368437614 3.02630292858707
0.341215152079145 2.95349907996956
0.344094444353892 2.92160098970845
0.335863670134831 3.01274249620275
0.339185132930291 2.97683445864803
0.345148689825335 2.90816892809812
0.350359374610657 2.85761206751374
0.34596954389723 2.90386757966943
0.33993077314087 2.96505436860469
0.336358295609429 3.01159019779686
0.341094254251809 2.95562675729002
0.344983494152218 2.91169964036159
0.337929049730833 2.99178598139333
0.346387755319665 2.89514961396311
0.339334870896979 2.97256332549031
0.344710143336609 2.91189352484211
0.339320126036714 2.97669299883613
0.341142987681966 2.95559734155698
0.336796896927479 2.99796780972958
0.334515586049927 3.02956121068244
0.3386197051344 2.98323585933222
0.343327792303259 2.9292179833831
0.343549769061698 2.92279203885505
0.34305280255195 2.93716234908048
0.339091411826343 2.98146509406642
0.340376870084862 2.96429913798163
0.334987966861858 3.02316781373476
0.331292019690622 3.06277940894839
0.342383413041399 2.94311865667444
0.334426555274205 3.03405472941326
0.34055923976555 2.96189976768571
0.339745435889735 2.96611958057785
0.345262506290397 2.91640955322795
0.335918845433297 3.01621645967286
0.33525780675705 3.01750211047869
0.354108907659453 2.81284318797624
0.344932468666869 2.91292138899658
0.347022257329875 2.88801999771195
0.33885798555253 2.98139613812858
0.331754024164601 3.06023722917817
0.339676226452155 2.97238374879538
0.345794816919872 2.91161577534221
0.347881714533429 2.88411201379221
0.337663441630385 2.99198248500943
0.34743810130554 2.88494986167111
0.350747526092107 2.85315130646785
0.339271976256765 2.97544081231455
0.344960295530483 2.91446901755868
0.346653040473236 2.8933472228556
0.332842541451794 3.04539125245161
0.343607085447342 2.9301592073874
0.342148955414137 2.94724379104031
0.337605610124718 2.99000500205122
0.346206286105862 2.89926090042747
0.341079626751322 2.95773839234423
0.336977852266173 3.00027523679223
0.337809297611579 2.99126724777149
0.343339474243391 2.92677285985318
0.343655729141841 2.92313852893867
0.349722734593374 2.86127580840199
0.351258118361184 2.84736538704173
0.342712899661642 2.94009318064431
0.343441236779045 2.92847054091556
0.341858843772416 2.94640024341038
0.338011350026604 2.98573499318861
0.33276678566875 3.04159147898448
0.338499411801398 2.98195284617351
0.344041608341812 2.91297023954784
0.344150309317847 2.92447034902926
0.349698690910225 2.86355908883466
0.339815729395844 2.96721785317919
0.345968543427618 2.89544880410548
0.335395821943625 3.0152166959177
0.334412946717136 3.02471247887619
0.341763519775966 2.95091015059204
0.344865633886273 2.91490886442072
0.344613203777877 2.92216680013653
0.341452304665992 2.95263682831979
0.343418031843089 2.93363912256869
0.342469910755388 2.94026591754723
0.340641517304375 2.9645412439885
0.337710984987979 2.99380847379798
0.341018704136421 2.9529164778549
0.333618765478729 3.0363826777993
0.338389689503495 2.98582850106877
0.345868348887844 2.90573971644383
0.338220276737041 2.98894236271107
0.338089681556251 2.98913110601798
0.335525708103584 3.0176186046667
0.335504196766241 3.0122966805157
0.343165792241064 2.93336338683241
0.343470209913934 2.93086181119848
0.338463925914695 2.98235253862952
0.341999913614952 2.94402090873674
0.342754322570151 2.93698706586392
0.341722141618815 2.9444308457258
0.333421342815764 3.03739921471276
0.334576861106595 3.02609904459308
0.335082445688586 3.01868152613012
0.345263390448895 2.91057169550867
0.337499801816491 2.98882350073916
0.340372251304993 2.96305961187732
0.337682523966121 2.99563090361605
0.342693887478357 2.93721807745123
0.340431174107191 2.96443225238316
0.341322555577817 2.9540311256494
0.340722200908635 2.96169655538205
0.343132861148323 2.93733249718431
0.344936140589227 2.91517849267733
0.34197851890625 2.95126806913932
0.34339031286584 2.93349073363557
0.342719094834174 2.94040638619101
0.333275559279527 3.03591120213383
0.346461869194889 2.89738439359919
0.334434895266157 3.0236197638174
0.336386966547298 3.00550115872814
0.343794809536334 2.91938490067167
0.334656781761609 3.01998023418283
0.342327343277355 2.94502272073106
0.339355779929184 2.97403458562616
0.338912555188092 2.98003610889804
0.349258716016319 2.86678187797347
0.341818824061236 2.94638565795319
0.346704492782117 2.89423653955015
0.34304688335022 2.93855214294211
0.347601191129885 2.88341492905703
0.337146433935735 2.99716909239153
0.341050911037277 2.95022279377216
0.336567553429037 3.00157618631959
0.346054665767061 2.89840007544063
0.343939272356265 2.9244964722665
0.338056653944834 2.98589396628847
0.334605393931603 3.02597982046133
0.347956709052115 2.88358956642715
0.34573390466198 2.90859834648294
0.340140747837285 2.96942126880885
0.333814742591254 3.03855709717751
0.342331102678501 2.93792847956347
0.345459628237121 2.90765362166385
0.335298890345225 3.01792691839296
0.336219702127835 3.01035176256289
0.34721193483716 2.88910252745664
0.338698981305656 2.98155846502963
0.343124407635359 2.93458369691897
0.339230473566397 2.97773729247309
0.335330824669675 3.01661490690861
0.338114497800546 2.99147001029891
0.340429057976106 2.96637250327221
0.338408054375634 2.98318306826835
0.352169288290341 2.83654719774354
0.341954780034875 2.94937030730087
0.333251663551749 3.03967156217608
0.333663280391628 3.03481377951668
0.34434078139037 2.91687919213464
0.337102716300415 2.9988023723536
0.33452245376919 3.02331826590819
0.34019993040706 2.96812265349981
0.333350599437257 3.03837589005979
0.344474715062317 2.91453970658424
0.343056567703547 2.93407203793216
0.341279204539105 2.95124476747456
0.337257274734481 2.99684423051871
0.339945780886558 2.96514179846287
0.337091355298717 2.99600055059254
0.344574040131341 2.9170029124069
0.34415731981939 2.92482428645479
0.33540133895834 3.01751853324565
0.354343936788821 2.81137719386201
0.33911398405862 2.97528877282061
0.342786537119408 2.93416655856321
0.344595289357041 2.91607040803648
0.337305157279837 2.99735629461522
0.344432097846874 2.91392521752419
0.348828881178262 2.87304510090325
0.341658483757515 2.95021795412341
0.346764199038657 2.89644487994837
0.345186756214911 2.91589666134144
0.334319691663364 3.03381447243812
0.337683985140594 2.98465607364305
0.340339219194349 2.95822551038186
0.333627162077344 3.03546915138645
0.341774264026864 2.94767260746655
0.340631678799834 2.96528551891089
0.341355472191494 2.95488686183945
0.347144768366414 2.89315529321102
0.338401714472921 2.98720870222647
0.339373678360948 2.97182475143401
0.350478460461971 2.85304556957678
0.348713075243686 2.87158195364981
0.345384295154905 2.90800636121002
0.336212854789153 3.01332014539212
0.341047081815827 2.95650378075127
0.34269077384449 2.9404408415871
0.334455775908862 3.0310984293115
0.344426844563385 2.92002138608303
0.342301746959737 2.94738666459067
0.344029543466015 2.92463126443775
0.339501510103861 2.97125639797726
0.339824996743286 2.96925508412755
0.339050474779527 2.97573384133257
0.340603200497033 2.95721999607173
0.345017982057305 2.90883159356839
0.341713343304799 2.94794964906599
0.337124924101463 2.99677758262638
0.340410375473825 2.96661856728136
0.342930100874327 2.93841872626493
0.353731957768697 2.82093476415837
0.342119345052428 2.94993666086565
0.348057218821704 2.87712709412934
0.33829096753361 2.98594850726882
0.336942566815166 3.00286517816987
0.341243232190144 2.94918073662369
0.34319588370507 2.93186244760534
0.340970668485028 2.95598540211586
0.338799295884584 2.9829085172874
0.3341577880664 3.03488242025236
0.348393373363393 2.87363419975197
0.346464449657043 2.8979431826572
0.345382484283527 2.91171124143203
0.342622570329317 2.93655339804288
0.343177182948296 2.93562103604072
0.338265803967387 2.98676578140093
0.351068834210782 2.84911691470199
0.336935297818036 2.99793435473208
0.340767836732925 2.95999877182252
0.347647082557731 2.88489358417635
0.336831459958782 3.00214664734619
0.342914992719726 2.93308339812169
0.33952175703646 2.96966032405469
0.34725889283908 2.89145024462611
0.342963233547716 2.93619558721712
0.34249841607265 2.93926558685906
0.341395673048402 2.95137503666982
0.335511425449547 3.0104341852456
0.335545366567167 3.02161511246069
0.352237412562437 2.83624554602535
0.341526991419454 2.95161451078937
0.334153173897543 3.03148108354889
0.331895448519014 3.05878009315769
0.326121780544873 3.11615160546596
0.339364998677484 2.97773576148311
0.342011470514514 2.94665738772356
0.340189079171935 2.96549690206671
0.343356349900011 2.93287342109768
0.348861461064519 2.87417693594867
0.351897426044627 2.83882033850183
0.339665256529404 2.97107460665792
0.332735646604692 3.04712475180464
0.328503068257035 3.09732188512026
0.34438889769872 2.91857728878249
0.336230923508061 3.01246633265043
0.349457935327694 2.86357302307285
0.329713176367295 3.07965723409371
0.347340061006262 2.88824452057613
0.339730019993969 2.96534713237485
0.348315620803933 2.87608449190194
0.332716003756399 3.04985350798743
0.337678662313253 2.99291188469356
0.343483102875316 2.92345205078666
0.348214986780677 2.87629205389163
0.342774433723117 2.93845762400188
0.342910437487701 2.93261811826811
0.346265131001941 2.90090535471765
0.34120075572855 2.95408692243828
0.334769856492181 3.023187401511
0.343910014889712 2.92321020220332
0.345802141272492 2.90451818775935
0.34639538860662 2.89704179109919
0.340992996500087 2.95511988584726
0.346892384079014 2.89739239085646
0.338758359141326 2.98434761444033
0.348548900385682 2.88026427182407
0.339146466725406 2.97740777419522
0.340125373905014 2.96635295252352
0.343831061668213 2.93052477464589
0.350725985042529 2.84917471328152
0.340639685411537 2.95809295407896
0.342582482685464 2.93758481266121
0.344584479161813 2.92160953371673
0.335014699717112 3.02555979204352
0.354432948158994 2.80823232121973
0.344271428173763 2.92733294513388
0.349060824847721 2.87544045617
0.34230313395418 2.93908978273718
0.33605706618825 3.01066037886467
0.340549268748582 2.96360195239407
0.338931161857225 2.97475079859958
0.348370379838296 2.87958876409295
0.343197629668118 2.93981334614664
0.347345393896583 2.88517646105348
0.339163460071004 2.9745127957613
0.336674532264355 3.00848834705297
0.336973732120856 2.99657452629389
0.326481962140308 3.11339384386745
0.347463362487877 2.88583672180032
0.342105812917218 2.94798226601467
0.344945751986767 2.91287889854891
0.343534993327636 2.92966888863773
0.339366769333079 2.97459443847551
0.327443551518194 3.10449709417061
0.34565717852958 2.9056763826998
0.3461261900458 2.90161210571227
0.351142403304355 2.84792143560355
0.342498808863672 2.93790859934359
0.347350612040035 2.88457248207677
0.337869387378022 2.99219290820773
0.334790802420132 3.01910772898123
0.343825090949332 2.92554070090673
0.345707048672446 2.90917853853506
0.339391147860458 2.97759350859889
0.343012324345771 2.93680570967034
0.339532155255153 2.97055002128996
0.342463070418997 2.93851094918564
0.342203966112758 2.9464305481889
0.345429761129762 2.90179413461744
0.334945360309068 3.02750619071285
0.345986227702435 2.90499580395962
0.337964247993753 2.99371315046746
0.346305129657784 2.89710292553917
0.346855461186911 2.8937618501195
0.335955294778763 3.01189833157608
0.337920411082087 2.98480080355212
0.344218399280781 2.91953778543576
