0.298203935625728 2.51416413791323
0.302935360091615 2.45374085382969
0.300440091455732 2.47965927794151
0.297675587752586 2.51706514493807
0.301226881914714 2.47537166592526
0.29648378113538 2.52963672841816
0.304667848793557 2.43394687153366
0.304473656626538 2.43437974756858
0.30368034499877 2.44302158243418
0.302794648788127 2.46063973682116
0.300482005722808 2.48453590600516
0.297896004278554 2.51890654090212
0.300889514487333 2.47262202010627
0.302332820371683 2.4595961519748
0.297439776718228 2.51447635549353
0.303541630077935 2.44663575827746
0.295116055865918 2.54168622019961
0.295957986316791 2.53811394650938
0.292920096305321 2.57189066458117
0.300724179667589 2.47733137645268
0.306473748929424 2.41598700518968
0.306036654755767 2.41387975774621
0.299440900177844 2.49613012900225
0.297505064549005 2.51770219631461
0.2969731420176 2.52367802759297
0.298776476561581 2.50469973020269
0.304373022453368 2.43580357258368
0.299822827492306 2.49772831126002
0.292994525679426 2.56840035498539
0.297367475521316 2.51258677474112
0.297594190181985 2.5257176435845
0.303236766139264 2.45022736736377
0.293793646649283 2.56021383353508
0.303762830525286 2.44669997164605
0.298605955606402 2.50796178134433
0.299513992331849 2.49478310443554
0.300590893347883 2.47440180572109
0.297532437225962 2.52438733644706
0.304784746624855 2.43115935164875
0.305222278236846 2.42744745316717
0.299800596454916 2.49308952476206
0.30009379902597 2.49070030378217
0.30006200333598 2.48803237746234
0.295338052220187 2.55143257535763
0.305282022834478 2.42725271086133
0.297038930259232 2.51989381618674
0.306001547139902 2.41269354102506
0.304397079421051 2.44182125374689
0.302993211360706 2.45704037615084
0.299400080435395 2.49670951373044
0.303838788314638 2.44532076263137
0.303086161739741 2.45178339926499
0.304457952272436 2.43795663957585
0.303513839996881 2.44693722440685
0.304295059661014 2.44096032887281
0.304573392104022 2.43807000045008
0.298492318031552 2.50635082258022
0.293523778780576 2.5664783621868
0.30691978563422 2.40579933708622
0.303978428500772 2.43954883983789
0.298969004057321 2.50188870021399
0.304324518267383 2.44414410006804
0.302810865515508 2.45930676637149
0.296312054945053 2.53207532356434
0.297430717375835 2.52137738999516
0.2999506429663 2.48549272141923
0.297470255290269 2.52281161621632
0.296445135066985 2.53522737967539
0.298692110345681 2.50309721442287
0.303144869894651 2.4488020030336
0.304924786030525 2.43329504008046
0.301375099075243 2.48095807545189
0.301765275251827 2.46638970951685
0.306368923175263 2.41089409696563
0.298068865889009 2.51583800861286
0.298806164996572 2.51117177514726
0.300882876477348 2.47899646863759
0.308576097097472 2.38482363275578
0.297314717027926 2.52188948725187
0.300886991221842 2.48493088026364
0.299016324471687 2.49797913752472
0.299694290778791 2.49251615939916
0.302929385545098 2.45221859056375
0.293159188090157 2.56845935735436
0.292548401958585 2.57867927109801
0.298538183665309 2.50522190329954
0.301130440657507 2.47554407672732
0.300267042667911 2.48401842298619
0.3025861501357 2.4575971872876
0.298337782276304 2.51171996575941
0.29532970762618 2.54183435831018
0.298673861209076 2.50690529212798
0.304231799652006 2.44099663131592
0.305903921094485 2.42380470126859
0.294812974949988 2.55313856357614
0.296456026721101 2.53495351297007
0.302347633203063 2.4532843242599
0.30038105819291 2.49383314466162
0.306241328784861 2.41838582317968
0.300749372787909 2.48753714144099
0.29701865519441 2.5261745802111
0.306511556585157 2.40658247090503
0.29149762407924 2.59399127795812
0.293254304126515 2.57419584550598
0.298782663909159 2.50736284452171
0.29745638303514 2.51845546613914
0.295018612715873 2.55360309578691
0.300233734871912 2.48580616399152
0.299889918217312 2.48489800823223
0.3090772719729 2.37563921678599
0.302468994475175 2.45522335252794
0.304164878075118 2.43927348843655
0.299975590321985 2.49433060561153
0.302398984490722 2.46086888019224
0.295423427862403 2.53679384154105
0.302042373274949 2.46690190863634
0.300344523058395 2.485991024443
0.303812413980068 2.4465530028596
0.303657462996661 2.44486338153877
0.30091495764934 2.47646546264334
0.302221714710095 2.46653719604249
0.300643507399525 2.48284351930687
0.296857638045257 2.52536906771324
0.293456776715574 2.57049615082148
0.298634266160561 2.50585116456836
0.301898994054731 2.46788363684066
0.298277822418501 2.51363892592406
0.29354863475923 2.56515428291727
0.299943060522938 2.48295261852831
0.296059733009768 2.53268205246807
0.301844437332619 2.46338018121417
0.297136450726728 2.52150519923563
0.297939203344281 2.52016534648929
0.300656107397346 2.48401920532322
0.29355117536317 2.57721025194032
0.297369795913764 2.51804182665491
0.30462425706699 2.43585521647615
0.300187083989416 2.48735541187197
0.303675376135529 2.44601765847447
0.30854391500881 2.38452793238748
0.303314136063459 2.45396332968288
0.300749879091433 2.48139899329329
0.296029925398238 2.53119593510647
0.304302697245871 2.43598107156136
0.304567516356561 2.43645038178866
0.300234537936373 2.48850035705981
0.294604677641842 2.55573955859145
0.301373676755292 2.47096295025054
0.298339980238713 2.50991740681782
0.299444306599424 2.49272093548706
0.304888158752818 2.42861719423176
0.307767516987625 2.39893139418282
0.298006770788911 2.50824589910745
0.297680144661667 2.5169806533124
0.293383357474695 2.57062558440832
0.302638144093426 2.46230559270035
0.301249592812313 2.47843328454712
0.300004243456714 2.48838267802182
0.30026710094348 2.48289728569194
0.298434035004625 2.50300038734884
0.299583015461478 2.49765747133373
0.30451662104156 2.43232379335179
0.302690281268616 2.45428791271352
0.293063684574572 2.57347127205186
0.29708949935989 2.51866626630407
0.29918896214146 2.49203345133646
0.299716715743551 2.50016989662477
0.303275953579419 2.4495822012221
0.301716733704185 2.4721541588824
0.300076574154594 2.48690703756063
0.29640260059265 2.5357010755307
0.295403969886181 2.54922541167128
0.305993265995498 2.41568291864172
0.299897620602075 2.490517773508
0.29945843223074 2.50244255152282
0.306550125416452 2.40801708186546
0.295775561257586 2.53906601119682
0.300988391897848 2.48248709496152
0.300754164010773 2.48203519056793
0.296636358604138 2.53035881911017
0.302746963948761 2.45364030103916
0.299681916436994 2.49086130424125
0.304605676518993 2.43497564316388
0.303232634910352 2.45127584642081
0.302235610658727 2.46548979132177
0.301481377287525 2.46922542529287
0.308658750470383 2.39174651575344
0.295898774612993 2.53754187970089
0.296514140851666 2.5287801908358
0.292868243390975 2.57665160976322
0.29911825634012 2.5026942681148
0.303310214306344 2.44340148579958
0.306180595535455 2.41879218365608
0.29478564372146 2.55152301087424
0.304275397633369 2.43465071031618
0.294699476468582 2.5551885470684
0.296906438409769 2.52225376369228
0.299194588073818 2.50040755561859
0.292733831268477 2.58127093367654
0.294704678323635 2.55286781063102
0.297994500023013 2.5126505935852
0.304370166673546 2.43535646709246
0.292913577886535 2.57512320324427
0.299239946488907 2.49446311031405
0.307268930128033 2.39830752230533
0.300861004803238 2.47563888195321
0.296214644062465 2.5347816089127
0.296057310858501 2.54286227053438
0.303842750104941 2.4439857474163
0.299055413420048 2.49527752658296
0.29413996240365 2.56326162215792
0.298119578160152 2.51176916635703
0.303603165788471 2.4537597265629
0.302865247224436 2.44864216344888
0.305099365456131 2.42920860792435
0.299911764836804 2.48428934390571
0.300448613565767 2.47859502329759
0.301615347931747 2.47005448090626
0.300883300853664 2.48026610055608
0.301150349160877 2.47773967170956
0.30126962229064 2.47249944963625
0.29451495459814 2.54486528879289
0.29975438674306 2.49297899219569
0.30111394850067 2.47686329700474
0.296884888960229 2.52359111572231
0.297071207440379 2.52409805525665
0.296479127069169 2.52403778302254
0.29825873223221 2.51064542014279
0.299850416309669 2.49014883615761
0.301026552502369 2.47876595638803
0.297917127058232 2.51299478762376
0.293873210918176 2.56061937889168
0.301884001272188 2.46759099260953
0.297470359097966 2.52036142925104
0.298165333997266 2.5125087788077
0.303477864173989 2.45293328334478
0.296970157203648 2.5289155526803
0.29428309691388 2.56353168946231
0.295858732031361 2.54124855557306
0.305327850168526 2.42232243816297
0.306120574042447 2.41304402302902
0.302323488563305 2.46442107932063
0.301813392558769 2.46661853178151
0.294081759423138 2.55625430041531
0.299697515173088 2.4987831844057
0.298804763151604 2.5127771870829
0.299069112045616 2.49823290765046
0.296312115677675 2.53218481021691
0.301176118688245 2.47489422964612
0.299287881907169 2.49384555418198
0.303265516015393 2.4566209384038
0.295929760307982 2.53958397680212
0.30414433350314 2.44829339231246
0.294671141938261 2.55257615204938
0.301691959657133 2.47073890760674
0.302058891628983 2.46531843553839
0.295855780303307 2.53885340795691
0.30108161206742 2.47235379445004
0.297880155603102 2.51990569240745
0.296683949905996 2.53533029968493
0.299672938016827 2.49452663588636
0.299327786806816 2.49729141562448
0.301357530244729 2.47091842510687
0.303093871586546 2.4506179151163
0.298757434687104 2.5045840564268
0.303602155831473 2.44824246089833
0.305036214407984 2.43139168056971
0.296322753645825 2.53663765342457
0.306798121381289 2.4087683651565
0.29656975264014 2.5363364913061
0.303878723948026 2.44052594313794
0.304250922540669 2.43367963140625
0.306432181518873 2.41419901127022
0.295200563301348 2.55486514858531
0.302993189148154 2.4519167415624
0.307831167709693 2.39495728315349
0.301912992572071 2.46463993420692
0.308483452695798 2.38991037985202
0.297568559584045 2.51849371875353
0.300351943298903 2.48181354448152
0.301115671797531 2.47367666360151
0.292709808337994 2.58465535517805
0.303523798170219 2.44373924861668
0.298853387902183 2.50182414356388
0.293870136528167 2.56577634288513
0.299405238227444 2.49478377975659
0.299440594124711 2.49443633294376
0.301950011521243 2.46321936266362
0.296981671561339 2.52898462050383
0.301880317007312 2.47255327130945
0.294174090891043 2.5604027992658
0.294975445421306 2.54873035102772
0.302864285508957 2.45200026052006
0.294583539908831 2.55460669787234
0.296729247098898 2.53095637780477
0.301641866409343 2.46935312094195
0.30208167515206 2.46540409337249
0.296316711025243 2.53160494431814
0.296817502595289 2.52654159934237
0.301514889682901 2.47746311469487
0.300636946944905 2.47649410297752
0.303518626438894 2.44465047667011
0.301085651048172 2.47297831695812
0.298575416706433 2.50704071098777
0.290666739304226 2.59782398122666
0.287153868165921 2.64254557171526
0.301468960960289 2.47108997479181
0.294931646068764 2.55250493060628
0.298843672050022 2.50413875810448
0.304676724935182 2.43362182985884
0.303375483286627 2.44788283645862
0.300919486425902 2.48331704022617
0.302604529419765 2.46014402526865
0.298070815933923 2.51104294651434
0.303244848186358 2.4496405310631
0.301045670537423 2.4708903012402
0.300983574421812 2.480313659245
0.296249246622484 2.5291041034141
0.304046697028052 2.44603573255931
0.303532640355679 2.44059038226873
0.302730434333468 2.45856303916002
0.296611018211583 2.52701356604748
0.291653128379025 2.5874360208582
0.302043276341628 2.46077796378998
0.301961413268016 2.46933460256811
0.296006767062542 2.54056169885059
0.297773414042914 2.51616692476305
0.291512620717452 2.59256138069491
0.295066505014319 2.55124803100907
0.301095874446136 2.476310454365
0.300790371450534 2.48003384941096
0.30418069885011 2.44044026127958
0.299985017953401 2.4831387714017
0.301690750608427 2.47266480308548
0.300224933978619 2.48513674139935
0.298747306525526 2.50949964527132
0.30057486378603 2.48127318678763
0.297469662064088 2.52641610316407
0.29637102890609 2.52948724144714
0.305174534777868 2.42372852182461
0.296226111401046 2.53408387718393
0.308248449716797 2.39578649141645
0.306517959507234 2.41235574609135
0.290685999935171 2.59397637380014
0.296335948311129 2.5368354596503
0.299882618651671 2.49384422005796
0.298205057090568 2.51653552246338
0.294566874411227 2.54444608572689
0.293158586188396 2.57129626415838
0.305858613559328 2.41778674893175
0.301582451853313 2.46959274523054
0.303284015056058 2.44710027786184
0.296944319029944 2.52828512099687
0.303937733035674 2.44500804627384
0.295850778700157 2.54025027335832
0.305106750833659 2.42658373466708
0.296842445967718 2.53087818072164
0.300125797424197 2.48852130650664
0.298090506165665 2.51296018966076
0.29951559271198 2.49476177261991
0.306869670685581 2.41498727305855
0.301866670118915 2.46807139558856
0.302074733145117 2.46251586878927
0.304410403589371 2.43762017571478
0.30510921276299 2.42738426799596
0.302696467207825 2.45526365920776
0.295848131383115 2.53754035024995
0.296983412783974 2.53231922006985
0.302492289117523 2.459257606852
0.298381176900613 2.514434410327
0.302055942368439 2.4610255452661
0.302067765715235 2.46481960386015
0.293112941815526 2.57488530179566
0.301651589929779 2.4683279712415
0.307045314073151 2.40732983625742
0.300775029067686 2.48215111925118
0.298821049455358 2.50148227201233
0.297311564780508 2.52153040417543
0.303031991881886 2.45631825528896
0.299921454607107 2.48938274788135
0.30296763185862 2.46298368791291
0.300548564559092 2.48311811695156
0.302565135657176 2.46268107789605
0.304245832246976 2.43730455679411
0.301231221764937 2.47537108846019
0.295320615555238 2.54048902507273
0.297120946453006 2.52398358799614
0.300154995812199 2.48708663174783
0.298802524553668 2.50240844026657
0.297153353116128 2.52501844880214
0.295110619516744 2.54449109420111
0.300393287695452 2.48053273606579
0.302172014160232 2.46309007278314
0.296993717005924 2.52590191564064
0.297510344863133 2.52271564211284
0.30030436833372 2.48525904741646
0.303425579735208 2.45063799110599
0.299066849907917 2.4958735165558
0.294634568184441 2.55471030387712
0.298184693396737 2.50756515379081
0.30300985962177 2.45710930655716
0.300770368112168 2.48478972503397
0.301864781157328 2.46756927034441
0.307032790139081 2.40736587916115
0.30599328509389 2.41885898135031
0.301108988515502 2.47953428359888
0.304026537762884 2.44085691316461
0.303093895224237 2.4544057923
0.299050620961966 2.50737056284929
0.301691867575195 2.46905052884158
0.301530882430632 2.4732216243912
0.30176510117144 2.47448795862279
0.301377036836055 2.46952012763317
0.299632887973464 2.48729314818834
0.304183694850671 2.4405652991503
0.30101015599107 2.47808399865011
0.303687319917658 2.44652699180179
0.29441051615573 2.55480020352709
0.300650928168801 2.48343787954708
0.304302034187728 2.43522835460829
0.300909776554839 2.47300363597647
0.301864424229319 2.46533349784153
0.301790409739818 2.46849057608771
0.299093683576673 2.49929190419702
0.300611945346931 2.47902583973949
0.297621241358975 2.51624213209166
0.293102885642622 2.57395288553578
0.301091834854448 2.47614850384324
0.30439975195765 2.43453325812391
0.296832099684428 2.52567603213372
0.302445207234306 2.4585638587878
0.299196995501205 2.49815428739318
0.305291892855868 2.4201316781961
0.300989669563145 2.47610851845804
0.301103765336701 2.47668801266955
0.306595983714477 2.41215022318039
0.301778485626994 2.4743268022429
0.293257791567829 2.57266569899976
0.306741847020944 2.400845930153
0.29668890566287 2.53205549618695
0.305847649404134 2.42441917973443
0.305227904323932 2.42783142145072
0.307034810054244 2.4058578590218
0.298127852246564 2.50693571019383
0.299769861041077 2.49383221452249
0.301807330642783 2.46192755002454
0.300342374869606 2.481590001808
0.292755482974868 2.57238408846865
0.297994812240957 2.5168732547101
0.302773163610705 2.45939236529118
0.299371791723249 2.49416545556763
0.301831976633935 2.47732063784214
0.298705290423463 2.507756247324
0.294483747601786 2.55210441871795
0.30245734364169 2.45300107294807
0.291538596889442 2.58680663267467
0.304628231195988 2.43491171386436
0.300826455382446 2.48536138101532
0.294398034739696 2.56124798314264
0.303301205790883 2.4586802357424
0.291494935578887 2.59514532069612
0.29938837259235 2.49618444293572
0.29084772497196 2.5964570906315
0.303779281961186 2.4435730850542
0.297003463102283 2.52927594135287
0.30251170646134 2.46522087592079
0.297707273877181 2.51822415707921
0.304764932465743 2.43819095307586
0.302743357565481 2.45521434025502
0.296193607140846 2.53165388016229
0.295850868330117 2.54142712791159
0.297301969872803 2.52596102954185
0.305148699599925 2.42638389176506
0.296633298699107 2.53707444836287
0.303483156632161 2.44648901099625
0.30091930026657 2.47579630695427
0.300739305733954 2.47905538194169
0.302276504925959 2.46411769358755
0.293750634848696 2.56568885885923
0.295825598656774 2.54108440897465
0.303110267821569 2.45251602672395
0.298574658076437 2.50320896895294
0.295122175148887 2.54038589917581
0.301716499091826 2.47045546048565
0.298111274468123 2.50917043958703
0.30136255977584 2.47472286776586
0.301691578404736 2.46591353721189
0.297516014382444 2.51854266974477
0.300780474624851 2.47599669579715
0.297269843364492 2.52504495317146
0.302041726148075 2.46667944158448
0.291061262797489 2.59949181972407
0.303184223588657 2.44834598876167
0.29139791972511 2.59475968310771
0.301710555797981 2.47455276380908
0.303469175234782 2.44938763414122
0.296205854013251 2.53200599284796
0.297306600223598 2.52438888068898
0.296604238740118 2.53134049169882
0.292547950605231 2.57809620110154
0.296928475346753 2.52623843424561
0.303168115507999 2.44965813160742
0.299536093036346 2.49849959174079
0.301019569625125 2.47958301175593
0.297821275717026 2.51356654486272
0.294598304957072 2.55647609726217
0.304369210206484 2.43808558560065
0.306710364615728 2.4067219732617
0.296655189987753 2.52866742751552
0.307022703488228 2.39972821711438
0.302036613689542 2.46387688191541
0.294167518777 2.55621500281792
0.308976768679712 2.38460850364747
0.304656531903409 2.43311890919778
0.298669690795074 2.49802982148754
0.302182628707729 2.46396994250839
0.300228490060427 2.48671253284416
0.29128343911885 2.59211755208019
0.298583600843547 2.51322819547318
0.293740856565732 2.56588709056093
0.30183122748201 2.47085477270585
0.297044830156126 2.52780926587639
0.301010341223519 2.47743258254029
0.299927205904185 2.48911223400657
0.298570772934909 2.50642751699806
0.298546848402762 2.50364237101461
0.293297423361368 2.56745824508792
0.29511218615207 2.54737907649877
0.302180317772462 2.46623876556292
0.297256143209704 2.52265400744261
0.302074484676968 2.46298344140088
0.291952315059435 2.58359848697637
0.302042547643258 2.45960903795269
0.298042675596633 2.51342393357075
0.297440438653033 2.52241355893177
0.306170027781232 2.42165070486448
0.298063256283452 2.51684349250208
0.302231671970502 2.46083829988522
0.301124498539934 2.47606662042293
0.296834599664984 2.53173739150205
0.300099625709609 2.49071348215023
0.304467772579148 2.43485272798597
0.299966105131328 2.48864704662863
0.300255742230158 2.48821571800384
0.295129481148242 2.54288160975393
0.296147375342461 2.53369977636261
0.303311684953375 2.44817540115375
0.292487085997141 2.58032823477575
0.292957765560562 2.5754241293246
0.292040831809201 2.5838157790536
0.300114347078222 2.48776750541496
0.296983562220392 2.52510746209939
0.298669347114097 2.5063380326238
0.298762282859527 2.50786024267011
0.300748823514034 2.48066321584672
0.300140689604886 2.4874708243515
0.298234983466719 2.51184203018682
0.2953497733115 2.5447010653302
0.299630725297432 2.48983263659832
0.29873812122341 2.50136156856072
0.308728588840542 2.38939358376539
0.295134697236549 2.54172154003997
0.29877728801855 2.50440497437301
0.292103952730888 2.58043604559398
0.301159343429803 2.46867828027221
0.300584595649699 2.48237635362121
0.299197830811487 2.4976946175929
0.302283400353744 2.46409215893189
0.304203607262917 2.43832059053999
0.297801280272975 2.5216859159412
0.299382972824826 2.49691475331466
0.29912714008537 2.49826170977372
0.310824183749826 2.36621538280239
0.295774550754728 2.53587214138268
0.302016908179094 2.46949936172538
0.299875494262718 2.49378709837069
0.29838604324812 2.50450781091255
0.305644258785917 2.42685234154189
0.302207296079465 2.46130812265626
0.298616036324695 2.50449503896682
0.298868639329252 2.50482676047759
0.28915682733697 2.61643003304594
0.298455632751312 2.50666601745227
0.304027945337924 2.44213724496596
0.299402087788219 2.49842589135451
0.301774598656077 2.46501267105702
0.300379180728216 2.48234700543285
0.295164328701363 2.54429169589963
0.30530757707527 2.43047787266661
0.300424781019988 2.48374359277516
0.305734725018914 2.41883885433546
0.304899854395921 2.43195381730808
0.297630276331191 2.52027600883317
0.307458502417094 2.39763295492897
0.30210448861976 2.4689815456817
0.300817913854958 2.47814397442732
0.301656151229087 2.46408397025965
0.291993342568716 2.5791045229676
0.303139790703797 2.45348084731926
0.303290272613019 2.44723148382714
0.300208143115178 2.48339656186566
0.291858963231455 2.58227381652088
0.300562309319178 2.47859798459163
0.300320024086478 2.48423056996968
0.295357258292262 2.54130819840595
0.299798703341351 2.49773977498783
0.304491969781346 2.43907756490847
0.304917649428978 2.43421873993139
0.29991744776849 2.49297714445027
0.29924477545723 2.500536989563
0.300590751058786 2.48053258252008
0.302961130967644 2.45233996235934
0.297173193902031 2.52588679676825
0.298033197246929 2.52009125577596
0.291196965671267 2.599073438142
0.294111290982486 2.55848014825039
0.310143149832625 2.36883534891162
0.301642112974325 2.47239523297289
0.304684581733438 2.43583697911121
0.295030935138028 2.54872688095232
0.303192264073378 2.44933608673451
0.305371413249647 2.42828545313915
0.306433825885137 2.41471903280851
0.299571879094805 2.49586442854911
0.30103609911608 2.47435860925558
0.295249247050814 2.54950102401194
0.299545675972308 2.49249196231252
0.298918058789895 2.50211685763035
0.305623185364402 2.42642637418684
0.295748492287635 2.5402002077425
0.299841893402125 2.4906482827566
0.300256491181664 2.4852687099809
0.298763596710518 2.50670533057727
0.305637221323204 2.41996272036891
0.300323096325575 2.48040203646498
0.301283152543641 2.47330369883971
0.298763550955125 2.50500050324098
0.295557229651593 2.54670086949655
0.301009549599699 2.4776291333953
0.301348727312657 2.47587641321434
0.30360254553611 2.44753999544195
0.300591741635114 2.48232741028909
0.299578748704149 2.49408065191047
0.3026382334348 2.45795210841763
0.294387467961413 2.5597026433662
0.297664311512522 2.51280269195705
0.294048342513435 2.56095666302067
0.301953581690518 2.46563594906441
0.297963000392946 2.51098145291243
0.299013420531859 2.50021446837472
0.300462285408044 2.48233775702312
0.300281222223296 2.49078845891965
0.307089870109409 2.40724144286088
0.290403744674897 2.60456496454658
0.296717776112402 2.52529447557705
0.302795540389999 2.46427900326188
0.301192700281064 2.47165584837966
0.301636080531048 2.48083607963843
0.302256704639886 2.46135209578391
0.297411062292237 2.51960967475019
0.302990204291747 2.45590567169484
0.303888957437843 2.44386713630471
0.304456627563534 2.43488431782173
0.293134653154668 2.5735963747542
0.300276242181172 2.48373086566887
0.297106907830844 2.52667382937977
0.30121416866692 2.47301882845418
0.296473800265896 2.53261007701968
0.301239966693382 2.47015271926459
0.306424552182247 2.41096615284579
0.300418317549381 2.48750715080628
0.297136496880626 2.52345103346613
0.301385700989318 2.47059308022951
0.302321930684524 2.46118590751063
0.297745107921409 2.51867430190619
0.293981218167882 2.56537926468476
0.299933448243228 2.49544520432516
0.302450580298882 2.46581155000249
0.303179869115946 2.45489255851014
0.301502281232024 2.46794090018362
0.305306711602488 2.43055734061832
0.295864726528442 2.54059680218286
0.305423194743704 2.42442548251742
0.304369342734552 2.4362071537292
0.295586007546204 2.53761070598547
0.301739468124033 2.47229390673277
0.300480702598634 2.48340755799938
0.302564077953399 2.46371645064965
0.301114331661217 2.47621899726486
0.307024423682667 2.41190868080571
0.299703892301268 2.49282614641394
0.3013154003881 2.47344687762768
0.29975695976155 2.49489020517715
0.300650547213248 2.48028175917264
0.298406116624961 2.51141349492832
0.29639300306349 2.53063006389513
0.304230509876218 2.44581576482247
0.303829249403612 2.44219239505
0.298471376557249 2.5065287791018
0.300242808493869 2.48760444803886
0.302720094339944 2.45295648543166
0.304127054058806 2.4373835672423
0.298113631122246 2.50755098986803
0.300110833710804 2.49100475220604
0.299595178140166 2.4944528951415
0.304400551709192 2.43533684464982
0.303221097238306 2.45722215218492
0.294936699156194 2.55164446238297
0.297950746604375 2.5175662032946
0.299492272764127 2.49240824026225
0.296763298868416 2.52955738020447
0.304993349222139 2.43032438769966
0.300943998591944 2.48049648887396
0.297705535016998 2.51962194306123
0.301972430709822 2.46612965919065
0.299645874460651 2.49167046818659
0.297644130874944 2.51979132789029
0.303304004015635 2.45019964556555
0.296539353265676 2.52585604685512
0.302092947068483 2.46389374036944
0.297304700088423 2.521157632871
0.303668542048067 2.44557137083208
0.298698884591286 2.50623371555568
0.30363678916613 2.45126475968468
0.305114107083879 2.42515146518133
0.299870135425612 2.49189129346378
0.298100178327569 2.51025310038278
0.304456137848718 2.43611140290303
0.304080943845176 2.44018003110927
0.299860041799709 2.49614594593856
0.297056110175993 2.52989076642106
0.304996621552276 2.43333047845175
0.298756970747164 2.49622533655514
0.302648809963713 2.45806795663179
0.301515933769698 2.47501201748947
0.299671084025953 2.49571902088378
0.304361645390373 2.43591381420689
0.29722764929106 2.52081298544962
0.294755058897398 2.55662839563921
0.304360914025904 2.4360602725734
0.297696563362217 2.52064050123749
0.299130926418829 2.49704709773483
0.298128795564702 2.51304017599349
0.30189057839962 2.46441663162131
0.301036770561022 2.47972205646158
0.302922204931328 2.45686791869481
0.298354655982778 2.51191827915398
0.303294787695613 2.45499629538502
0.297612419777104 2.51589250057639
0.309977534281082 2.3660605012419
0.296072912984368 2.52537186479767
0.301816568257603 2.46837873838209
0.299250792478618 2.49950339455682
0.296810540276688 2.52528564703479
0.297337656311361 2.51871749645302
0.300848898902089 2.48829940255012
0.293216307763727 2.5712876613654
0.300222129222675 2.4849232522716
0.295335737911 2.54195227735892
0.298397118500394 2.51118407476734
0.301760544670112 2.46863103873298
0.298185286009015 2.50645716782513
0.295823797667712 2.53931387449475
0.293275570231931 2.56615917408126
0.299997940723695 2.49526881011766
0.299436970237892 2.49411777958865
0.29743219008825 2.52596900743424
0.295908162468142 2.5347591716752
0.303677792012628 2.4420535915387
0.298144017824033 2.51462402990825
0.305509047658337 2.42674056952739
0.304237912167172 2.44102987682424
0.299260463292781 2.49884927923606
0.29875327806907 2.50346228203602
0.298430800853123 2.5066517331545
0.306780393190026 2.40396633240264
0.306814820594314 2.4083119984879
0.304349140665518 2.44207783540701
0.295861476071686 2.54177762026064
0.302577590791254 2.45268666022213
0.293433860857771 2.57167050741976
0.297228782652995 2.5191503935213
0.303865360865238 2.44634657791993
0.306608122300554 2.41209906632229
0.298572917088345 2.51208084920987
0.306888967161038 2.40756479785229
0.298981111744432 2.5005819848348
0.302552982885269 2.45544798627295
0.300118079216462 2.4881655509475
0.302302634170323 2.4703269901419
0.304561685614896 2.43628317272873
0.297497326856595 2.51713591721414
0.300907925755154 2.48002122597981
0.301688876726252 2.47992363836971
0.29133271106656 2.59255649942324
0.301326670978172 2.46988237911119
0.29571757464093 2.53731790943054
0.291027794760129 2.59865562010661
0.306127123869734 2.42625220702091
0.297182442016093 2.5218126412805
0.299426904556919 2.49693804604672
0.299831052971287 2.48852646644661
0.301400756392432 2.4744188121807
0.303271477450724 2.45000211120891
0.299871249572896 2.49718094303998
0.296860368085501 2.52769170680334
0.302701932889382 2.45184830615441
0.301950849927682 2.45979061078228
0.30015356282362 2.49105166085992
0.300329396741103 2.48977167949724
0.300316492685248 2.48856412902112
0.299577359579188 2.49332052155196
0.303753809411347 2.44654359421673
0.299481646920555 2.49459035041225
0.299822982089938 2.49309389956374
0.305995851024667 2.42450657076995
0.301803275606412 2.46680859587164
0.299539017993629 2.48623812153949
0.293233931560129 2.57293279005734
0.307524373556012 2.39909324712092
0.303735937418404 2.44026878538881
0.303514238353051 2.44651876205732
0.305083806576368 2.4298049656842
0.297645232797715 2.51614156398585
0.299632133294952 2.49433044324761
0.305159019867553 2.43064070970567
0.292881255989673 2.56753463672125
0.301748684258703 2.47067818821958
0.297791376080114 2.51605584395316
0.30164132557626 2.46658106062878
0.300301052252666 2.48358142120513
0.304479917774136 2.43326852180503
0.297415792830208 2.51451952864944
0.305675161872356 2.42198687566339
0.297083438068715 2.52649661649919
0.299043704496311 2.49455779180495
0.297319260038623 2.52094652540766
0.300304080267364 2.49181224397957
0.297758283706628 2.51440714317292
0.301857003083537 2.47115058761814
0.301899869425769 2.46627087214023
0.300928123890858 2.47898494833523
0.298593004221605 2.504978071741
0.306211983676985 2.41634612439244
0.299847258943936 2.49498587274638
0.293056574798416 2.57094257514906
0.296308945674757 2.52883698057857
0.292673279599131 2.5827362404445
0.302376022659892 2.45769721030258
0.298796139526002 2.51415081968062
0.300026737293353 2.48867522529663
0.293074501830342 2.5655569151597
0.302714252808828 2.45518509942743
0.298100108335919 2.50993158134795
0.299549025542461 2.49432692003155
0.30166742751402 2.47263437858372
0.304963668988053 2.43115790906479
0.303543417646889 2.45297025337979
0.303745345421935 2.44904448041841
0.302501372260044 2.45824079756003
0.307415230209845 2.39804164988157
0.300122678102475 2.49464551121312
0.295826829765621 2.5377298587808
0.299563515013985 2.48971394234979
0.301498646420175 2.47311509288486
0.298679420041504 2.50499247815598
0.302782018612604 2.45676522980573
0.302842949788459 2.46038914741679
0.306646946887166 2.41029694038059
0.292087636233224 2.58028747381646
0.303493199879621 2.44274023473662
0.295873172537279 2.53226254527199
0.303652765308751 2.44422230514636
0.299792091657464 2.4887162267737
0.29539295875221 2.54293257775617
0.299768665738706 2.49472754599713
0.298394730028266 2.50764791112676
0.302004499564689 2.4636983568678
0.303643140490773 2.44200827189358
0.301439423370165 2.47288269605532
0.293475947167009 2.56509975990514
0.304957111235997 2.43186612207631
0.296597841570504 2.53383462570629
0.295618894779072 2.54364406173097
0.300511411542412 2.48160442792717
0.30518434124255 2.42791293464308
0.299586110309784 2.49193927200822
0.302903429793687 2.4524319273622
0.301415315397002 2.47782198399217
0.297219895671607 2.52236369044928
0.30204518465478 2.45770952925832
0.30140900024006 2.47786798685409
0.296956771547158 2.52592921126279
0.301931689653403 2.46951794440768
0.300649495840424 2.48308689491474
0.29949784751798 2.49547158863529
0.304430974530379 2.43497206691861
0.303303171739857 2.45475592942354
0.305139380899725 2.42290171406285
0.303469272079506 2.44897305920432
0.300200797533492 2.48933101899622
0.294648955091365 2.56050340941319
0.302625698412703 2.45864857599795
0.299023318446103 2.49772913036454
0.304379147314262 2.43993229446589
0.301470557533747 2.47315918074437
0.300492989642997 2.48282000349828
0.302562077030938 2.46313990280589
0.302239623483164 2.45500596049416
0.296192813674825 2.53278629669362
0.304231887582653 2.43571348051245
0.297834074300615 2.51593885578002
0.296998757021835 2.5246674837092
0.302681015602373 2.45769942531995
0.304246329219091 2.436794285375
0.303573121722565 2.44525606609696
0.29993861083167 2.49699677687411
0.299581960054698 2.49937175253641
0.299062315447862 2.50341517674534
0.29908491256363 2.50026176921683
0.301228827686676 2.47360891512704
0.293423144887426 2.56967528029125
0.303128722348895 2.45916193989124
0.30737640321811 2.40142479536301
0.299553416132841 2.49393083586762
0.296389377504225 2.53553443869217
0.293692563868448 2.56409873148612
0.30150590706265 2.46915528348974
0.301944811079145 2.46837991213551
0.30542958064283 2.42444378733738
0.302122539000139 2.45917011314725
0.293976834183576 2.55358225865391
0.307167505395677 2.4107618200819
0.300592706980603 2.48150170227705
0.299186783852259 2.50403774978696
0.300169926883368 2.48438128678925
0.29848801988509 2.50607764690013
0.300462873086954 2.48412379766556
0.302340372075232 2.46092967349275
0.2994313077739 2.49709368297314
0.300543245275123 2.47946932415371
0.295865540924467 2.54053646134703
0.304031251129262 2.43825430520299
0.297520625992188 2.5129814521526
0.295997422524685 2.53695046364537
0.298967059266963 2.49744731745905
0.300992788596675 2.474279378317
0.296321801915616 2.53890016795658
0.299695939425782 2.49142789323559
0.295328786043464 2.54251335757335
0.299277195072413 2.49457972627469
0.298622781384352 2.50797781787585
0.294230838161007 2.55556613220834
0.300532550740319 2.47916378566026
0.304306693953015 2.4377816228568
0.299263000847614 2.49773773992544
0.303798828915796 2.44648745435589
0.300704569458235 2.47667372632038
0.300401223604314 2.48334574790568
0.297898616832599 2.5157284650192
0.30099002370501 2.47803395276955
0.298802536832896 2.50616619258814
0.296350633058835 2.52721211575409
0.295083316790117 2.54051711384502
0.304945209180099 2.42931579113245
0.305569554382214 2.41915680751198
0.301497885192023 2.47232457193591
0.300879594952929 2.47461697597945
0.30633377259366 2.4135619222367
0.299535998887228 2.49600690723185
0.300556402421747 2.48485432413955
0.297998881924684 2.51937106372034
0.308035233561691 2.39538591914553
0.301047747907395 2.4828549280933
0.292426400936117 2.57852913331282
0.303707422671042 2.44911203252122
0.30071401041843 2.48989330903353
0.298960683525586 2.50201994655546
0.305210390271766 2.42562743822833
0.298821050812546 2.49795909405014
0.305882095962816 2.41709407179335
0.302071195134877 2.46497367154459
0.297376914748242 2.51596474137401
0.300914999262303 2.48220751653866
0.302050989060324 2.46655820596743
0.305001664067491 2.42264781664168
0.293940733413646 2.56530664564738
0.302188117976965 2.45772498944809
0.302361227319612 2.45978954042366
0.302287766980635 2.46557474830276
0.292441310352562 2.58103619483023
0.302940581932719 2.4524767798097
0.298653783039308 2.50617322564163
0.300056011376521 2.49504563341539
0.305829475716161 2.42392881918702
0.297946644267511 2.51382387192513
0.299456777344545 2.49410969919196
0.299567861906295 2.49554586613008
0.294818853990696 2.54640081775851
0.299714762169495 2.49158601199151
0.300221387737285 2.4881897176811
0.30365837800766 2.44206854099094
0.306778857492306 2.40659423547379
0.303418698960414 2.44953911983817
0.300300838108788 2.48497437707288
0.309968868102484 2.37041921229724
0.296201945849392 2.53480144897012
0.300101161690601 2.48973969256939
0.305700731340844 2.42706727011806
0.30469646127783 2.43318412372699
0.299688964914759 2.49200872619
0.300142608604762 2.48525442587198
0.290804022419458 2.59708576889134
0.300027827247643 2.48216272848949
0.301988587508341 2.46175720920118
0.302765197070128 2.4516182279862
0.294801174679708 2.54990222748352
0.300167733666529 2.48715164569279
0.297371968080244 2.52013872236339
0.295863748500343 2.53859493900261
0.297937946464756 2.50737236449194
0.304059173146011 2.43849198760955
0.299660006490288 2.49065688711457
0.29773664378732 2.51489743132832
0.295008090740998 2.55042312193331
0.302478607879712 2.45692411633158
0.296684450860364 2.53411184390422
0.296061752398738 2.53621931594885
0.297825460411171 2.51347647529304
0.301429323471021 2.47343194156196
0.293353193124382 2.57140806998506
0.297186169317298 2.5242990182606
0.306807658229683 2.40784216920957
0.303625199370172 2.45723113332535
0.29526498937081 2.54806348183113
0.301758024130221 2.47348395567056
0.303147548695815 2.45677405994252
0.296873851389208 2.51573243174143
0.298845035072228 2.50526986769576
0.301464558913016 2.47456241434312
0.297791065880712 2.52025385231623
0.300253158354436 2.49019560199061
0.29604938239452 2.54457757495631
0.299858892692474 2.49156749197156
0.304902073401823 2.42915232606037
0.30450078850714 2.42960018360121
0.307287920659688 2.40264836449507
0.301331493654006 2.47478878327563
0.295677824495937 2.53681486354431
0.29612815479047 2.53362813750909
0.295367308382194 2.54687359178818
0.296690221934699 2.52647086752818
0.303352741979119 2.45218603987016
0.295760956849405 2.54309789494152
0.302704172579588 2.45545657568618
0.301543893767707 2.46487850826171
0.302573129908973 2.46193844453566
0.300413050404233 2.48454800471121
0.296124135221782 2.53980500375887
0.305514850613072 2.4223989753185
0.30058073268979 2.48862377457172
0.302292394153415 2.46245572983971
0.297757729823867 2.522107503971
0.296407175116014 2.53016752475141
0.303767785365974 2.44358982376876
0.292447242599509 2.58124314032185
0.300986402927792 2.47533258325007
0.297240853934453 2.52452640587078
0.295400619009533 2.54493219626515
0.305349753046485 2.42904762468804
0.298686744278814 2.50598638547939
0.299273308522213 2.49967917318103
0.3048032444401 2.43550004663188
0.299608936345533 2.50048435229124
0.307978121113958 2.39718017934487
0.297659299072022 2.52171556947588
0.306265186983449 2.41236131208859
0.306089504806126 2.41606492337503
0.299269272788827 2.49701352131333
0.299437073351488 2.49390910546913
0.30169700267454 2.46425216166986
0.291442535722835 2.59553973614732
0.302954506596746 2.45710199373857
0.304362098421395 2.44224657987918
0.305051614437939 2.43628909013612
0.300054990439547 2.48480015359182
0.299784821373375 2.48386289498549
0.29810475205361 2.50982972640346
0.301247499066159 2.47903755850796
0.296287689342761 2.53909308252148
0.29508944317947 2.54368038395456
0.304079499242986 2.43770017435718
0.298238201065725 2.51196896864649
0.301019860545135 2.47653602760847
0.300237822763064 2.49002102788066
0.295608056662557 2.53619717607668
0.299446432674242 2.49261104361142
0.300107359309138 2.48185415039033
0.298063666341809 2.51631757573744
0.295586222058807 2.53763967792357
0.297032571623273 2.524159227117
0.293255778022054 2.57358335956792
0.294468495958371 2.5503755589563
0.304666224755208 2.43333300019441
0.303537281791064 2.44713168222694
0.294665167016714 2.55246137935983
0.298864324185263 2.50209676602989
0.295196323382778 2.5433043548305
0.29943443520096 2.49999503837228
0.301737181035501 2.47803472469231
0.300468014161851 2.48370146176671
0.29206787799026 2.57930403921033
0.296904429566024 2.52554797832521
0.299129723979248 2.50056494713022
0.302360319423579 2.46035852956345
0.30126461227804 2.47492960276531
0.29949740779117 2.49558702433943
0.302671243733254 2.45085608287091
0.29889576433734 2.50471876592552
0.302779389865805 2.45225624495139
0.308979556694286 2.38710711343546
0.30131412967442 2.47045001761621
0.296343467474769 2.52973219890245
0.297022298262378 2.52506938823803
0.296525181494655 2.53473163897395
0.297194637238054 2.51974840879164
0.29563602659002 2.5391489360636
0.299741742555846 2.490211663173
0.298328647730476 2.50763601777416
0.303076009311998 2.45087614305828
0.297253534967417 2.52281438330646
0.300989239058981 2.4775148377107
0.300962959716111 2.4754097943578
0.297960362196001 2.51169859273046
0.306896988238697 2.41133795801827
0.294587848109207 2.54915474669688
0.296411570965527 2.53169543346842
0.303614334141562 2.4462484753153
0.299567552649603 2.50186610990259
0.301027273457662 2.47767782604944
0.301831634823064 2.46392172260868
0.296111331178755 2.52430041479361
0.295540421841786 2.54529124299946
0.30292632461067 2.46200457732141
0.300907088433781 2.4749681167324
0.30611067233174 2.41389194875064
0.299158508314498 2.49989414394851
0.303425374589734 2.44648880581703
0.299562976359752 2.49270879210013
0.301732780417159 2.46083259836826
0.299255494197802 2.5016945852423
0.295083050085558 2.5446631049417
0.305102588514651 2.43116326813462
0.296069327942874 2.53178502439908
0.304146291612859 2.4411042244717
0.301768776363889 2.46740924442675
0.298391785313971 2.51082762475837
0.301782105310903 2.47030287886434
0.303597791322146 2.44763715984909
0.304606079392587 2.43716239673296
0.300631296977039 2.48943324591906
0.300754071795161 2.47734343717135
0.303375053821686 2.45333285888681
0.300756893490025 2.47986986233246
0.302432443228016 2.46276569346544
0.293205245918588 2.56982072866171
0.300484310120431 2.48232695847453
0.298516991906688 2.50835070986138
0.298367306271787 2.50373774898927
0.302401986280824 2.46130335872621
0.300840073364691 2.47847383182258
0.301817640533614 2.47507004906948
0.300185726065461 2.4829704400505
0.293678788323659 2.5714870578476
0.299468247677882 2.49358119033355
0.294546261455572 2.55046752038183
0.291393971571055 2.58609309710802
0.305674041132664 2.4267441783051
0.298140156514182 2.51082244346757
0.298194158137956 2.50952699168304
0.301651629388495 2.47051602690475
0.298013807540662 2.51398074576678
0.298568269815377 2.50256270412319
0.300935441539418 2.48212511147803
0.298319558805176 2.51129987788733
0.304777263135549 2.42915056169525
0.296813382997625 2.53309381785422
0.297623152396865 2.51799304983336
0.301110545706442 2.47462274965502
0.305214555499097 2.43004871675296
0.293131867099234 2.56768036922258
0.296157106047069 2.53267350446214
0.297472626879924 2.51436986619144
0.301070065001466 2.47930273110753
0.300913545780405 2.47953526037616
0.295346762249218 2.53950599039412
0.29690953384085 2.52935611298274
0.29561334263281 2.54269341537373
0.301085731674521 2.47430567148911
0.293814337640252 2.55555818365451
0.308163358574069 2.39658056165769
0.307919027947057 2.40092748131506
0.296804363303499 2.5288003375176
0.299821712248479 2.49324333277238
0.303422247829176 2.44985186771857
0.296611738820289 2.53181660205754
0.302403871580067 2.46864437527479
0.302458395820698 2.46121311579426
0.305562194100169 2.41869878094324
0.293422706577206 2.5753681963218
0.299449504223582 2.50164891667293
0.298010451204536 2.51144264005915
0.300173851906103 2.48617486100591
0.300220539472375 2.48602961371293
0.30312684009182 2.44887813661093
0.297435146279443 2.5219524904749
0.307533315646938 2.40418845010153
0.299941084847259 2.4921148624721
0.298929189207947 2.51135107046546
0.30018766221401 2.49045625347161
0.301691431433829 2.46854974112337
0.30281362441576 2.4543414875091
0.300017468836868 2.4927886947618
0.295618179693367 2.54175974331414
0.297100968410718 2.52526336268307
0.295495804310242 2.54097219304345
0.296783240832987 2.52793149334565
0.299740598563925 2.49514727655282
0.303112184693405 2.45673578478465
0.305342316149661 2.4220516671257
0.296369688707284 2.53196852152436
0.296839099646033 2.52970512382117
0.294129630969546 2.55921748327028
0.300025039475975 2.48937063757799
0.309561142595395 2.37092299907842
0.301914176563665 2.46138768554156
0.303687650339168 2.44550308968565
0.300132700488324 2.49115881416127
0.298396072544339 2.51135978910169
0.303290389522884 2.44878994946523
0.2949023491612 2.54910888540323
0.298521069568235 2.50306660642742
0.300950080799539 2.47272314467016
0.298831319401655 2.50126349910088
0.301268024230896 2.46159197683178
0.297770838823847 2.51882496158071
0.302581616050579 2.46114096738519
0.299372243889129 2.49439382900248
0.301170193308692 2.4670872190065
0.30089020116678 2.47613372087702
0.302746084001297 2.45269846865825
0.298357406791669 2.51249621862574
0.297397035125811 2.52094566111438
0.290376881008894 2.60991637269364
0.296677442732137 2.53029300488628
0.300141184414135 2.49219339977686
0.299562338454143 2.49445946640211
0.29952049721223 2.50042382324085
0.302662527775975 2.45998520268583
0.293680936633367 2.56032166987874
0.296888836045344 2.52593598102516
0.295306116259895 2.54639764837395
0.301190611344741 2.47823083562264
0.304152325607872 2.44311549229613
0.294782211243287 2.55269153269633
0.301879845449923 2.46929135657753
0.302281226070312 2.45758919993322
0.299597481249381 2.49492006672722
0.301427936786987 2.47419869539418
0.302832681009935 2.45396278162675
0.29835892488365 2.50701309860728
0.298667392318525 2.50488845646649
0.300516858080978 2.47827662716047
0.300995548780952 2.47589945525355
0.301184692121643 2.47515873912983
0.302158358455784 2.46126462102878
0.303460846275333 2.44913660865943
0.309482543572052 2.37001597555102
0.295947711860506 2.53733094677217
0.290842402036545 2.60194603889961
0.296445425956413 2.53068658962593
0.302829318584861 2.45827258641482
0.295638676946266 2.54257419706886
0.298078032369951 2.51514593307249
0.303029960479471 2.45877749003483
0.295493604021207 2.54492723474904
0.302560329876449 2.46591346626833
0.308619146577889 2.39109657468816
0.293904701445852 2.56510196465788
0.29916115034515 2.49379559363533
0.297628785740157 2.51811497255312
0.297536053537576 2.51353692822999
0.307336739156483 2.40110562917128
0.297857187369653 2.50669927314573
0.297169291255166 2.51632747843983
0.29296061067855 2.57677548085083
0.297008309677804 2.52460507975194
0.291617847488781 2.5900164605473
0.299596634070091 2.49458386028385
0.302490301299895 2.45857530304648
0.294805593669533 2.55096337044815
0.298579960042569 2.51178999159308
0.302193422205847 2.4620679077918
0.29323837442393 2.56821886747776
0.301423696767738 2.46565936299545
0.300618073604559 2.47837031863168
0.297787792087223 2.51203354235424
0.296049409863109 2.53634955762039
0.294104052550162 2.55630865404238
0.298305250885431 2.50957155021976
0.297040843960743 2.52812877525646
0.292252274078313 2.58591936513035
0.301289994777735 2.47882280365389
0.302015921003286 2.47049038341873
0.302569819230804 2.45407086243903
0.295595006069016 2.54140603201862
0.298294101453399 2.50911984946329
0.296841978658515 2.52932618849536
0.29086931405389 2.59813726832177
0.306729203133191 2.40980575808496
0.302647379340384 2.45971980216365
0.294248864352147 2.56026038785816
0.301841435259541 2.4658309607514
0.301135316069281 2.4806194172373
0.300279589536224 2.49085467493557
0.299213298335087 2.49704293517468
0.306122124350304 2.41893591763231
0.302278320147264 2.46663536855818
0.30267805453875 2.4565205041037
0.313262140416578 2.33046380092496
0.295952217981053 2.53353312751335
0.30108515134691 2.4766458928316
0.303056575104298 2.44881715660354
0.301822473564934 2.47161401558259
0.300876308544616 2.47748121067988
0.294505089991801 2.54957455716911
0.299884362398315 2.49088844339405
0.307478330714304 2.39815197458401
0.29209489163344 2.58288895719136
0.30263640289996 2.45475949086627
0.304313220233401 2.43470472844348
0.304017292386489 2.44119063638319
0.303243591536446 2.4544962922842
0.305330846375877 2.42655095679032
0.307931396955408 2.39564842808866
0.300174754771008 2.48540206962772
0.303596457196699 2.44336106049717
0.293314417214202 2.56718348632746
0.301481285411003 2.47286076693213
0.305882032278488 2.41339503109085
0.301989573400006 2.46819728871331
0.302270944589143 2.46376530388101
0.304187510329539 2.4432730856392
0.302089932552313 2.47093174954258
0.297800910401796 2.52150830551921
0.300198746823349 2.47743483830881
0.294597252736046 2.54692751145235
0.298053031302023 2.51117510956667
0.300781682120858 2.47978442030856
0.303132046735502 2.45845864524734
0.298313442360937 2.51241174179388
0.306339924001181 2.41877200591079
0.30162435853176 2.4733499064952
0.302534593105047 2.45665004551264
0.2960855515085 2.53562632781215
0.300927345653925 2.47735780206833
0.304369718881567 2.43679192004661
0.303751681584057 2.45103995232799
0.302150273780025 2.46486166860552
0.301413991645046 2.47572332726161
0.301166651709684 2.47997200811088
0.297521249085455 2.51996534487712
0.294957983187663 2.5557546527073
0.298423672670542 2.50964046855819
0.300134358085726 2.48614407564673
0.299977012224059 2.48982722870306
0.295698234815914 2.53821230977999
0.296013632911799 2.53246215508668
0.299353950015271 2.49240888273148
0.306346416744396 2.41333940093646
0.293592475522227 2.56325614766541
0.296666555285841 2.53379114764928
0.301674241726346 2.47336042914528
0.29116909989825 2.59795045256249
0.300092241273034 2.49545286957341
0.297072058715075 2.52116165254981
0.304358761333943 2.43790468130962
0.302743326132024 2.45981018200275
0.304815883027976 2.42671920779947
0.29804209272346 2.51190724749652
0.305792902992427 2.41983422019132
0.307955899639093 2.39835612225452
0.303916151533726 2.44804199782725
0.297763158836884 2.51312070947773
0.297730368693948 2.5176309342741
0.305836439152939 2.42400943089961
0.296636112872752 2.52662989480541
0.304810819933391 2.43599587960952
0.298535507236288 2.50761618943848
0.29524168279394 2.54868309150053
0.298553348547504 2.50325142030861
0.290053063872168 2.60872542804091
0.30138294152417 2.47405000544985
0.296764886026447 2.52832171845313
0.30324326864243 2.44794085452333
0.303036955284785 2.44992191122962
0.301946400782577 2.47026799037195
0.296109533222327 2.53707041402079
0.29744217321705 2.51875735131441
0.303395290860967 2.4482958911061
0.300254594772458 2.4794588959902
0.297894124924609 2.52176815022862
0.300327321144659 2.48817916557772
0.296313341671904 2.53433274781045
0.300713078857364 2.48175909563308
0.297977771413912 2.51752987920483
0.301500296751028 2.4690106889356
0.300408705498323 2.48901400165105
0.297046622420195 2.52607032756026
0.29127649642211 2.59317832785088
0.302371057712279 2.46402418848058
0.298240952928352 2.51446092731758
0.296012117256624 2.53795550283278
0.300938688155694 2.47857507622016
0.304782925711097 2.43389776743389
0.297589970051028 2.52419013978322
0.298174990432405 2.50994382351409
0.298499465783962 2.51249917723855
0.302153039967582 2.4629493950234
0.301897577645758 2.46751893588363
0.299435434694577 2.49716020630424
0.301337943853064 2.46754872627325
0.295879706584039 2.53746418070316
0.30392807399018 2.44707733034468
0.298371603115069 2.50923555746569
0.304247490933534 2.43178953503305
0.297066538519408 2.5222698371288
0.292058919856116 2.58548094670763
0.295209920888933 2.54257356837078
0.302948241829364 2.45672569060925
0.299624338893051 2.49377763905435
0.305991393542718 2.41718193402909
0.303961782961964 2.44059167801421
0.29849040626828 2.50783209572212
0.301928990412426 2.46583621462414
0.301527475225957 2.46969772110354
0.295723547757549 2.54651662743393
0.299401565307008 2.50102781099251
0.310111390076093 2.37702281787668
0.306252585385844 2.41633651175944
0.300097163846733 2.48884262075784
0.303124639263836 2.45854663824532
0.303975760009276 2.44059211334104
0.304555751448419 2.43268330719894
0.302335076205802 2.45994711451599
0.301679364717411 2.47475261025131
0.301726021812244 2.47411062950506
0.298386813407521 2.50614287106311
0.304671995069387 2.44219940241089
0.297423195256921 2.52839075044556
0.302799806258254 2.45245586419372
0.294573190898881 2.55443779062108
0.3001409367469 2.49070611985231
0.295785860163919 2.53428695638027
0.297951415503817 2.51797151298307
0.304540263616475 2.44474270145898
0.297034704735636 2.52193077522227
0.300741423937696 2.47835547579813
0.302877407721211 2.46158713692033
0.299100139992185 2.49568618082579
0.299150030443569 2.49831578298174
0.306112273810231 2.41660993067294
0.304009313257504 2.44651373028921
0.305325761492403 2.42564447380792
0.296347283296603 2.53386850527888
0.302005862866808 2.46614680658581
0.298637434961408 2.50637255859755
0.29873711479822 2.50439352000085
0.298059634996812 2.51369308130061
0.29968200513976 2.49558459878892
0.299478191253717 2.49294791388521
0.298191754182767 2.50758239357883
0.298466615229119 2.50981227788582
0.298611267848336 2.49984710381809
0.300944586114818 2.47815682274923
0.296271955032818 2.53866062681986
0.305250033502297 2.43177481376182
0.301701168605595 2.47215313710719
0.304349661081009 2.43558016189042
0.299115624265596 2.49753447067584
0.301172010276359 2.4794744592323
0.292043747902316 2.57580821167591
0.303077884986627 2.45946436390645
0.304358479586689 2.44129515886832
0.298307592195215 2.51491761153158
0.298915704282746 2.50039783668196
0.302545287268185 2.46063622746616
0.298557171050056 2.50739246157622
0.304665441071639 2.42782112814423
0.296969812296095 2.52313184568697
