0.291481797477106 0.349466753714859
0.281520560580307 0.388787990871764
0.295928259396423 0.327968792555666
0.284542525345072 0.377019844641577
0.283076970749021 0.382881229587743
0.280305512660172 0.393418819378594
0.275312460392499 0.414705571422608
0.284379636648671 0.376459431794279
0.278561004625208 0.400439400152263
0.28798721874629 0.363655376267779
0.280106593707535 0.394896086682901
0.277718837839108 0.406681467876592
0.277982867455627 0.40124402024108
0.290403181808514 0.351146167784426
0.284916367381361 0.373603151559424
0.287424548310417 0.364836394754423
0.281581006267172 0.386196214179019
0.292974625353641 0.341890559022869
0.278798138058475 0.39961145096184
0.283098957427597 0.380900224047049
0.282257689112594 0.387260556449081
0.283542015766488 0.379281799911716
0.289457020447319 0.356682301716043
0.278836555624437 0.399801801038681
0.28515114104543 0.37389652793068
0.280627617396523 0.392683881004576
0.279505917030477 0.39691178681045
0.280756585549704 0.394220825180898
0.295142178779122 0.331434753445545
0.280146947255898 0.391570931000725
0.282828881801856 0.386684183405681
0.275488763549996 0.414148747258998
0.284212558573247 0.376639509465819
0.281687431225569 0.389403609748925
0.285465375060961 0.373427784110192
0.278483347953499 0.401020978411425
0.286640554484656 0.364913851917219
0.288896678455426 0.360684872625686
0.279887196144011 0.394414560543285
0.282197982370096 0.386288323883306
0.290330870377519 0.35321497598802
0.285849667157833 0.372232342142654
0.283115144125078 0.381661246579218
0.29839577940038 0.32198928375554
0.281800619976885 0.387680082171822
0.277956860197197 0.401605027690166
0.280556572429551 0.39107487085435
0.289775353373265 0.356694600589491
0.286661257846061 0.369240836636749
0.27996925690489 0.395560790100274
0.282752626681886 0.384581863275404
0.293497472217599 0.338584568656258
0.288177835800622 0.361963552001881
0.286473513872938 0.368287996298798
0.286332173008638 0.370138043232204
0.281364334303427 0.390256949641928
0.276680094846086 0.408532659909892
0.282108211262214 0.386648039602502
0.282319156744162 0.385204991237785
0.284651844531043 0.37533973812115
0.292619244607076 0.343009616588845
0.287501640561387 0.366481753939785
0.277141264629029 0.408624088956158
0.288183897397701 0.360903072471517
0.27837260803388 0.4028454003349
0.2766965651566 0.407336305068685
0.278059889196709 0.404675917562966
0.284318004147578 0.378432761167694
0.281694329731656 0.387667078192296
0.279315444235148 0.397269166726393
0.27690362801432 0.40901821235556
0.277746216488751 0.407517593047525
0.286497829812053 0.367634707118328
0.287916951892207 0.361514460985084
0.287335397159504 0.366662494488812
0.28577977878195 0.374298931430001
0.284634258232577 0.376188809780718
0.272792581711976 0.423403176440351
0.290546829045882 0.352409964531837
0.282146352900136 0.388555702134807
0.287829828838492 0.362363107327221
0.286162530896192 0.369231347153631
0.281628854629721 0.387628998367547
0.282291102148247 0.385343002819164
0.291494223412076 0.34824656189502
0.287314309680397 0.364245026942596
0.284213536199437 0.377265410095008
0.266542442230502 0.44963025692985
0.283472658227289 0.380726053606952
0.276568084711136 0.410132200576631
0.278212728180175 0.401730195370335
0.282307523225875 0.38645287956004
0.289423949709755 0.356983646926214
0.280473412015043 0.394674314625908
0.275613185475783 0.414266864126634
0.276785639790999 0.409915906636943
0.282573080798851 0.381582280093795
0.286933975784401 0.370409708730178
0.277358922583422 0.407662783056577
0.280800014236861 0.394738935295211
0.28583441999859 0.371952157084599
0.272620837528577 0.424335389611386
0.283335543540571 0.382919131988114
0.281924166073244 0.389421598090452
0.291489873739814 0.349382257920222
0.286211883446412 0.369118454037016
0.286766289219941 0.368963191443318
0.292916817099035 0.341882866457483
0.27510735965216 0.412966966723367
0.276931378549498 0.405629838369389
0.28173464362106 0.386680942144124
0.288884188772959 0.358117230868564
0.291847406018769 0.347774189241344
0.285570254943517 0.371735623107052
0.276914242610817 0.405435486308161
0.279165171402916 0.399176251918763
0.283361808891709 0.381511031275822
0.287095927616545 0.367067915914691
0.282318794705757 0.385172181656369
0.273230194081987 0.422042600224715
0.284477785655486 0.378119546277777
0.282193682100376 0.387316639665944
0.284799139562177 0.374384537613541
0.287789276182591 0.364069995079566
0.284799635281449 0.375411111856913
0.288099786551042 0.361665727102306
0.282090014268469 0.388526129717577
0.285906151472312 0.370353690431926
0.28094838587962 0.389167303740433
0.282064726744848 0.385393726558618
0.278670304782063 0.399190078820287
0.282037457494524 0.386671354095195
0.282814075522573 0.386083265659457
0.288620779626723 0.36116898754581
0.284566235549381 0.380827106503371
0.280404432542107 0.39283257962539
0.281147843521852 0.391351189103
0.286194829558398 0.369790162361914
0.279097170976504 0.398865545608131
0.284418735241242 0.375601683733932
0.282686099564514 0.385668677298266
0.280309777151276 0.394460875934656
0.280247051890158 0.39249780158532
0.279482749983979 0.396527760655014
0.285331740372525 0.373289694408547
0.276358130954543 0.411512173657725
0.28665178846442 0.36850917908802
0.282661263878293 0.38323931892726
0.279489562878705 0.397696784299779
0.279036116297689 0.397874484470029
0.28908792233379 0.356968839627271
0.282469906569215 0.385966289959893
0.292072609222074 0.343489586320301
0.284346575758019 0.378008302868854
0.288039243586603 0.363366808189827
0.285789160351995 0.372961811063956
0.287628135376972 0.365320545901199
0.282116928766672 0.386680266738038
0.281259406110712 0.388154070806795
0.279159372681064 0.396412640020611
0.289227635704146 0.358485874442262
0.280378547124413 0.392497891528366
0.274832494626835 0.415443517664392
0.295094575380993 0.333637984136374
0.281762637217917 0.385934618909171
0.277382834317487 0.403400289400194
0.287718419688459 0.366101862552143
0.278251875642452 0.402237887598742
0.284699274028448 0.376806949318041
0.274318219582463 0.418496545006787
0.286669121384327 0.368891174857635
0.284690553162031 0.37799060521674
0.285977806911357 0.369992618582172
0.283049428144535 0.382297632201472
0.278397973152219 0.40405470822897
0.278479163800371 0.4005005585524
0.27983962652935 0.395750383680026
0.288224352240457 0.362994657977063
0.289162871217382 0.357773572361307
0.284082451809657 0.378771016388754
0.286676158115657 0.366727365630785
0.286779011146007 0.36605673276286
0.27093267110916 0.432658650344522
0.284161111852958 0.37839685267665
0.284469020334225 0.377583328776613
0.286942562133422 0.365983431751466
0.285289331332335 0.37531341274855
0.287590135055867 0.363768231799044
0.284882726881746 0.375128586104132
0.282706794305078 0.385509045221403
0.28511817193657 0.375605921040856
0.286899247666749 0.36459794147844
0.286447395165422 0.369357053410737
0.282877872163028 0.383518636962774
0.281214500696605 0.388493956891045
0.286329061668633 0.370165251062423
0.284620614614057 0.374465592800821
0.266947140867255 0.449563885800351
0.280880884399073 0.393718130257704
0.282426679238081 0.384630225255127
0.276359634395287 0.410086391286358
0.284321920155245 0.376618436611087
0.28314426756936 0.382772194563253
0.280598659356475 0.391211673954045
0.27705189606187 0.405624468278973
0.284877797297068 0.373877664674045
0.278436518931511 0.40159067439684
0.287091728918476 0.368467342095519
0.284614199310573 0.375983821895212
0.278191925974674 0.40103172109264
0.285442323661646 0.374494100356153
0.283703505872504 0.380219614114149
0.285290399890418 0.375764366307808
0.286619964217028 0.364871362783426
0.293433758574929 0.339994192690727
0.283501315577932 0.37797698948103
0.286214268423855 0.368319949583692
0.284251514903623 0.377372769726658
0.276702040425517 0.409810040389934
0.28331142820015 0.382474576499821
0.289984760361227 0.353817177864905
0.288974703873686 0.355100170432443
0.281967122321877 0.387941116960793
0.281486855241786 0.389980028067685
0.288208809272678 0.360117235111582
0.279420970599346 0.398040929063304
0.280617250819935 0.390056137091698
0.291885536321814 0.346801275801246
0.283010126770382 0.38267827677431
0.285933242555608 0.371226517605678
0.283006668853589 0.382222685088514
0.287380941363144 0.364071410781072
0.276714777677091 0.409202263054377
0.290301819641993 0.352794173333734
0.28969258856677 0.355791250524004
0.285700683208287 0.372788821281833
0.287484723079718 0.365996822891797
0.284463846333924 0.379238770099125
0.287546037407172 0.36484110336153
0.282836830793097 0.382435068583713
0.277108562220661 0.406028138545116
0.27992835346075 0.396918671108883
0.270513996945291 0.434009783076263
0.287154183985751 0.364802382042108
0.283451928410271 0.383240207914055
0.28419391107076 0.381530229520223
0.278689140402848 0.399300103572497
0.279349871872707 0.397475944293329
0.282060539592512 0.386470093339164
0.277873143080176 0.402422761775201
0.277892942197754 0.405918254184868
0.287114257127401 0.366804059553458
0.283449474663553 0.384295437083944
0.283543284426994 0.380905099083072
0.286648760163402 0.368203690039667
0.275352025880887 0.414334283779408
0.281039720812437 0.391075893002852
0.287254263463212 0.363791574446198
0.285564157873838 0.374275698549317
0.290063878748497 0.356779912318259
0.284191866966327 0.378880615303176
0.287987251209452 0.362229695204456
0.282986550389101 0.382396868881097
0.279424078262263 0.396739621689144
0.282100848645415 0.386965901203375
0.287159932307606 0.366961202623269
0.289690307451092 0.35656383579566
0.287248774742739 0.366084434940245
0.287093460739999 0.366175242277573
0.282508917869003 0.387081455390575
0.288773917537652 0.357698995961505
0.277344833890153 0.404323501111307
0.276304691449301 0.411071066786331
0.282605840502656 0.387449824384994
0.283130414005818 0.381777852239381
0.278789042286158 0.399566740258884
0.294133666887789 0.336533251183455
0.284563362422472 0.376668848358424
0.288683985480934 0.359101690466052
0.279428504436756 0.396279842093848
0.273645160517974 0.421078632873792
0.290858168194397 0.35379733555924
0.282732413948609 0.382042878498524
0.292059616026709 0.344492610421839
0.277750816952939 0.406012721362208
0.288685189146971 0.359698055789194
0.283038410303175 0.382412910437449
0.288006443680783 0.360798544140039
0.282855718113491 0.384791352166372
0.27950414376011 0.399277915174291
0.279797087856896 0.396786266091975
0.289095709993633 0.357318377005029
0.280974942472297 0.390158400465626
0.288725602407102 0.360163903946358
0.281340756408193 0.390494105607766
0.283347806520273 0.380694046774793
0.283503464597432 0.380970829874419
0.280063469591738 0.393925245859549
0.27902768993614 0.399078009600175
0.274570998146552 0.419928501955004
0.280839499163479 0.389645491619175
0.281219767500073 0.389331817170853
0.282506452094689 0.383515255345199
0.285122618769266 0.374011047625661
0.280561272356627 0.391750785297484
0.289250304931884 0.357232457944361
0.280774704211844 0.391954621352266
0.290294878354161 0.353904947380979
0.284039222893084 0.378950830525073
0.274558511296394 0.417459067364886
0.272483428353826 0.425719793590794
0.285826546201748 0.372976148083637
0.273509145618403 0.4225595887751
0.286152135994883 0.369845315549253
0.282836281862557 0.383085133166674
0.282423337100425 0.383403399422142
0.283463202540781 0.381718408338829
0.279835377526305 0.39412748350409
0.286460832218885 0.37017533444348
0.274251942039818 0.416632300386097
0.287699493096707 0.363953279358244
0.270946402090487 0.431473111354094
0.28395108693947 0.378824015747123
0.284579965348321 0.374676913346706
0.281119677151396 0.391938671669583
0.289840510599934 0.356374613149438
0.283885469287449 0.379492350740348
0.282323575955277 0.387023052768433
0.287309687532785 0.367171702663127
0.291983130417408 0.345847099345691
0.286751087890861 0.367387496603654
0.285523650857444 0.372671018341688
0.2869390791943 0.364177252960641
0.290559451977749 0.353102514871529
0.287979393927843 0.36150951780597
0.284223378068616 0.379120436410102
0.28744337299907 0.363839641619341
0.285445435879053 0.375113408271747
0.280208363049084 0.393071239166332
0.287914752018008 0.360718737252612
0.28019648780143 0.393831141115646
0.287012670992079 0.36796403681912
0.284619383230067 0.376434229021914
0.286609398674439 0.366118047512979
0.279379883340617 0.399538922112141
0.282949994419265 0.383838869808277
0.28859497540586 0.361863624654256
0.281588313990467 0.385278776196896
0.276631105621241 0.40957109027833
0.289378241903001 0.355635000288977
0.28485292833121 0.374853902760925
0.281667731082675 0.386832269214836
0.268656568298552 0.443416677585148
0.282750881978898 0.385076678714266
0.274669393116076 0.418106484372767
0.279866075097324 0.395288072145935
0.282579922106574 0.385964677007342
0.284615558482281 0.376142865099859
0.286673098883356 0.367910793552139
0.288032088028054 0.361856258873245
0.268065868423745 0.446788964404344
0.277218035271768 0.407191154651236
0.284381872205091 0.37697791272331
0.279363349144118 0.398207096449391
0.286058796820813 0.369226950376339
0.276182953279471 0.410779752498968
0.29126909523717 0.348835289327256
0.281192919880094 0.393171434776254
0.29071626090792 0.350960671740382
0.281046399178294 0.393891522433703
0.284202660304432 0.376176091577684
0.290979981484912 0.350521393176093
0.293911240472094 0.339074246942989
0.281433180269756 0.389232681279565
0.296114238380801 0.329168445577093
0.295777576616072 0.331044730655927
0.282261522561901 0.385039592042767
0.286800779607254 0.367392216656857
0.289994341416517 0.35503884440649
0.284340891298308 0.37735309780614
0.279721971674079 0.399819086330654
0.282011005311057 0.387517350639281
0.282147140496668 0.387867846528961
0.284383872779953 0.376549601933283
0.280431509409354 0.393792841950488
0.283336849455242 0.380176575242278
0.290565087207466 0.351264084574299
0.284440349957087 0.377054061325902
0.284911754715025 0.374868308764198
0.290052427966802 0.35463969093146
0.277321220273729 0.404984910645985
0.284869974840228 0.373669979734681
0.283017332535638 0.382695836787418
0.280208414262135 0.394924973282736
0.281064449585074 0.392723365927777
0.278240559686897 0.401937703423751
0.279795141339527 0.396592657387674
0.280143428235727 0.393354584942907
0.277832597730604 0.40507637441517
0.285002077234614 0.373469607412179
0.27433947764232 0.420462755590261
0.285334720565804 0.374881071798008
0.282746284286448 0.383996846347021
0.281331054692886 0.390063720693597
0.273909054295296 0.42107219608249
0.286479742999648 0.369914041061043
0.280074996895815 0.394347828476699
0.283919433112781 0.379519608397007
0.284520900664686 0.378789029772354
0.278700220370769 0.400986180183375
0.282878723126589 0.384178226246066
0.28028762427578 0.396198908186625
0.282437176351884 0.383763346807384
0.275203508202567 0.412418814115741
0.280624087251757 0.392761263595334
0.280895313893296 0.391182124278451
0.287770542713976 0.363564970943804
0.282207984125739 0.385729520158197
0.289396839980974 0.357175177828535
0.291835163635003 0.34456273196563
0.290357672334108 0.350495858122634
0.280297475852733 0.393378529822672
0.283973968431161 0.379337686156018
0.286320753182749 0.369030604655444
0.282265251187335 0.38486799616924
0.290324747724895 0.351494649003748
0.28436773728624 0.378476475687175
0.28397809704561 0.378385205875097
0.281513136794456 0.387703257359674
0.292076483808739 0.345438212683059
0.28321434319949 0.380872322270024
0.282889168372887 0.383139240818185
0.274750263981027 0.414338419624115
0.28195124468481 0.387011465863213
0.278072393427402 0.402786467043002
0.285303217577411 0.374060743196055
0.289134681034197 0.360047049317454
0.273143221896246 0.424748702394813
0.274230011733208 0.415571454446579
0.280975857514673 0.392854764104243
0.288910762356547 0.359919166644734
0.279491013769238 0.397436628634675
0.274492713671268 0.417966646471058
0.283439847909391 0.379989320973351
0.276764941765478 0.409296865682081
0.280818136654582 0.38978095732416
0.280340593784016 0.392708970608661
0.277259716220259 0.404862776864261
0.281983951323051 0.388636968400798
0.284707547672129 0.377065659646138
0.284931351350463 0.374177176419844
0.283737108561596 0.382468713532452
0.278531799203717 0.402794842412613
0.286942739768386 0.365272364617843
0.287535149015699 0.361960279197496
0.289931291850863 0.353120142319533
0.285577141356261 0.372481261436158
0.281396628217024 0.391910759887665
0.293838200434273 0.340429196881675
0.287002466839703 0.370085001168226
0.287000695599229 0.368394698266206
0.283240181142533 0.381838772852679
0.277120458338408 0.406152037291942
0.279519111779018 0.396674680239012
0.289414630117942 0.358269667517034
0.276558089683495 0.411802410089906
0.292022717965273 0.346162834637997
0.28717312253036 0.368111972127517
0.290756999288948 0.350079734895409
0.279038971987738 0.398787810532802
0.277209506406823 0.407708726696018
0.275733193773915 0.414774145037883
0.281924891205803 0.386527180891944
0.282585875242918 0.387377006753349
0.281461752868582 0.389101016546936
0.281300078822848 0.388732307278071
0.283047254196436 0.382370723785529
0.283575234617816 0.380978643551623
0.283878404365471 0.380318193423611
0.278394584595416 0.402611560734228
0.28296946786874 0.383067582548118
0.288407958707446 0.359515959811626
0.280099030975079 0.392318431512559
0.285412734623039 0.373029570178315
0.28493274789453 0.373755300151164
0.28686022412755 0.367272069973844
0.280937197781036 0.389992315098742
0.280753756680922 0.392489843526701
0.28134086844966 0.388152838571122
0.284256797557411 0.378674392245275
0.285319064664148 0.373608918727722
0.276439502251326 0.41128481461251
0.284841080621277 0.373832678032985
0.28423598756774 0.379395553843063
0.28620704866874 0.371575269497388
0.281085155000377 0.391291830022148
0.277208527467389 0.405701760937428
0.282655906695547 0.385337547409081
0.273748837927443 0.421722583948765
0.28882157281401 0.359182064735396
0.27727997005072 0.406377221226161
0.285292935750806 0.372402579981103
0.289797155106419 0.355603101199228
0.28377106531332 0.380353287870664
0.282090484433889 0.386478981876119
0.284219502193262 0.378766358280306
0.2840250022643 0.378991998324679
0.286057259023753 0.368780636511574
0.283964822494859 0.378835704236922
0.285604079208237 0.369323816622678
0.273308811967964 0.422484273888032
0.286238976834054 0.368985313015959
0.285263454038495 0.374241044201746
0.292589768878722 0.342715588376262
0.284345620773484 0.374465463864763
0.286306946746094 0.36968199474944
0.284511278271691 0.376709508740301
0.279557405508812 0.396988257166965
0.280107153831377 0.397253729341534
0.282065283951727 0.387808342798546
0.289340817894938 0.357592684692294
0.281832698964624 0.389177101563525
0.286351663973448 0.368864101533383
0.28797210524924 0.362076844240747
0.287722870069725 0.363373863863778
0.286876021289241 0.365924854254947
0.281744037361499 0.387795321638875
0.287148249113898 0.365467375266823
0.278380954203037 0.402729349237393
0.290022695661269 0.354100068080808
0.281776174531852 0.387811405291529
0.290473905502755 0.351700894152272
0.272031794581307 0.426159986332253
0.272814728780802 0.425121599986523
0.278837655110428 0.401080922638073
0.284419169617779 0.378869495170749
0.290042405435116 0.355617900687405
0.283721003565548 0.379053103267333
0.288834624653403 0.358748883213004
0.288017315613911 0.36385494349208
0.276234790763522 0.411792999372427
0.276014977519668 0.410603329712986
0.284005666878522 0.378508686501392
0.282857138681687 0.384302553062219
0.280753037852085 0.390773014568396
0.282149933884124 0.385809259240696
0.28994846683809 0.353645462980107
0.290206817510763 0.353457058158716
0.286040657976948 0.371168836344075
0.282675938450035 0.383833191571322
0.282327726196276 0.385916456085267
0.284130915379785 0.378421686203943
0.282745022728851 0.384357646138854
0.273958993831138 0.421479658411471
0.285519332324222 0.37245099493503
0.281556339288048 0.388365461217864
0.287861083850919 0.362929472762342
0.279436755403758 0.397329517639369
0.284789781599724 0.373939725886792
0.276507702409447 0.408873136480263
0.291072003737268 0.350890021781076
0.276352563132202 0.407976734415572
0.280682556031664 0.392683174732006
0.289651496193421 0.354537125184245
0.277447213727231 0.402670359327712
0.294316121290471 0.335997647472991
0.276916785859398 0.407449325588
0.289649919381296 0.355871360463815
0.286594740352107 0.367613586784263
0.295509083369599 0.333525036378753
0.287072956862119 0.366392684720972
0.27892024297987 0.398715076432971
0.282903383585681 0.385626783887126
0.28294888144995 0.381813543483038
0.281864308547891 0.388731314019099
0.28332936864571 0.382393796946353
0.285079175778959 0.372921175295023
0.284404359305957 0.378758894998089
0.286134042961842 0.369566453039113
0.279241090473434 0.397443126312387
0.284521248086091 0.376992255807409
0.277192700265688 0.40629846996145
0.282689284782314 0.383483531891901
0.287190853523111 0.365923777190696
0.284321359554166 0.378195835948907
0.282469603067021 0.384375213645779
0.283090154837305 0.381672424938217
0.287052761415561 0.365208761664494
0.281726599198207 0.389780740738391
0.284500423499285 0.376707236177534
0.278564903164374 0.400169492248659
0.286995382561346 0.36676742940344
0.277278849830842 0.4080178275179
0.276693529597667 0.407687662284555
0.286172522808381 0.371036300451877
0.288453742423441 0.359828488772984
0.278946244236806 0.397544388488152
0.293066305556474 0.339067725124976
0.279182743348407 0.398917801434175
0.280198263937804 0.393099454406998
0.2863986184012 0.367826010737892
0.28816315538582 0.360206360924216
0.276530130605415 0.408298392354959
0.286254828582302 0.369332162141556
0.277835658611381 0.402249034535079
0.281927666240041 0.390053274044729
0.283031873491161 0.38340528170039
0.287126728686937 0.367087591695843
0.288481874941298 0.361397451715389
0.280669959301256 0.392911091247626
0.280832906726629 0.391248957109142
0.29072044305469 0.350428786920904
0.284486851749596 0.378020224080102
0.287054843880821 0.368784074784246
0.283133876249561 0.383983012254452
0.284026113627666 0.378456644117698
0.27584178886336 0.412594605798993
0.281694808065172 0.388818358055871
0.280719103220119 0.392843628489071
0.282482633200888 0.385277618504732
0.277374098858505 0.405792155440567
0.285880868701788 0.371825826939224
0.2862616952943 0.370439767558298
0.283833116993572 0.379956904591598
0.288617272260749 0.358712005961111
0.283520208697431 0.381968157775697
0.279844809020214 0.394799851875186
0.284791168877158 0.375149138935842
0.283280602421957 0.383266485412488
0.283270409301269 0.381941425873017
0.29129881330322 0.347942457708715
0.281434561941944 0.388988171186278
0.281859975459189 0.388385326580069
0.27874791972765 0.39942731958792
0.282716820819785 0.382373300933528
0.283294632651917 0.381837232155891
0.286368316433837 0.369272706799907
0.289880207754753 0.356193068291837
0.290086094784643 0.354008880699719
0.271235358842062 0.432424927394964
0.289365831843784 0.356338204955687
0.276819051660903 0.408410177870878
0.273542128531511 0.421962699434728
0.287058626728077 0.365986877602076
0.28949462286734 0.357433396389966
0.27578673044959 0.411265519209331
0.279626880474864 0.397254716353578
0.273148564843247 0.423091319550914
0.291127429244192 0.348663744068353
0.287600039161313 0.363713182390935
0.28163196125293 0.3880980745781
0.276588891879512 0.410833994877451
0.285039075470772 0.375362072404179
0.277485870222584 0.40625498529824
0.290057246244851 0.3527551835235
0.28827005909486 0.36430457601037
0.280661561876655 0.391478516045905
0.280619609903235 0.3964421092509
0.28382457051425 0.378898365433582
0.272505012876428 0.426408673355013
0.279001503997081 0.400441951606151
0.283940447048727 0.379004797391918
0.282747832365812 0.382879052709783
0.286721822623012 0.368395808572606
0.285736140586224 0.370803521064828
0.282009177690014 0.387906549962827
0.287483332994224 0.364160095337876
0.28644793508594 0.368906626048087
0.273721880672338 0.420099533646751
0.287330198863118 0.364793416367182
0.289148625841113 0.35867845234961
0.27696675484108 0.407933108818069
0.281363187354173 0.38877147798659
0.281562839998565 0.388861535591947
0.281932372849173 0.388517232782266
0.287929590552328 0.364378348255848
0.275847377863247 0.41428871378019
0.288152000859 0.363935616802697
0.282687204395322 0.385615602315914
0.284993138466724 0.373251429737916
0.281380279301046 0.391193657741579
0.280543566137504 0.393824646259014
0.278805269463834 0.399390780959625
0.280847286049288 0.391166848212588
0.286835460806257 0.36503294855178
0.284134404320947 0.3793088181354
0.288273367863049 0.36084131048016
0.281769014056398 0.389688368499008
0.28808280069223 0.361524583990157
0.281877118094622 0.389957806023606
0.280733386122549 0.392080049279266
0.27498892749204 0.415785500114982
0.27821109154778 0.40355430971844
0.297424065932292 0.322687268836254
0.285169667026947 0.374839148437922
0.282134824430019 0.385495145753653
0.287617779361925 0.366435766942244
0.284742710704588 0.375321936602272
0.286899918656608 0.366442164320725
0.289619809660065 0.355645299948039
0.286120685622861 0.368271003982698
0.287780086647917 0.362263387674239
0.282872963046099 0.38170870852708
0.280077503094634 0.396597879350362
0.2802604321569 0.394592858472609
0.286991697003157 0.365970934981388
0.285908749724709 0.372381890629242
0.283609744624327 0.381509723234658
0.289518290400865 0.357887821159869
0.286045413059991 0.369445632127642
0.287049149992845 0.367136953263476
0.284540661619208 0.37682315699235
0.273479007216773 0.423234644842536
0.283747763078867 0.380687034649494
0.291507312459313 0.347757760196433
0.277341288035883 0.404944122144796
0.282644471986012 0.384801980183213
0.29404705636108 0.337782401776453
0.282926012728113 0.381487382873338
0.281741706422262 0.388072023361759
0.274407277128728 0.418959373465575
0.28291490880886 0.382888723640454
0.287560163026801 0.364261685434081
0.285118354073102 0.375891134592589
0.280709218018452 0.39081569856357
0.287076689879165 0.366027105972023
0.281266295304119 0.389609242313943
0.287823655872214 0.362907103507159
0.278353340330887 0.4010785702821
0.285925583209304 0.372684054163399
0.292533485800596 0.345660794281735
0.283549725176969 0.381348491887822
0.279036041409959 0.396207962984962
0.275775873993494 0.412811081819399
0.281318321259403 0.391091278770275
0.287466812030189 0.36484174310853
0.2744523637065 0.417751150970709
0.281295290713312 0.389418183088432
0.289719488592418 0.357074170871126
0.285502836551103 0.371992174041431
0.280908812077843 0.392878358563487
0.289778523997289 0.35364326230565
0.285493738411263 0.373254760161173
0.286020306238318 0.369472461053067
0.282303854114033 0.386524390550825
0.284855408519203 0.376260494400816
0.278844357487412 0.400765335911318
0.282647536448491 0.386098199939834
0.296143095009173 0.327805748882458
0.282329089299905 0.38371355057547
0.285986020621565 0.366755798982027
0.285526570385097 0.372846153898571
0.2833599778383 0.381971381020438
0.274293378777954 0.41773625104512
0.286257239837507 0.368702250828893
0.280344653954039 0.397442669790664
0.28916179306085 0.357999137864951
0.280449385473946 0.39312673119478
0.291681630789966 0.345746474045663
0.293150106315892 0.342140634466094
0.278933372210967 0.399796096424458
0.284655666687224 0.374474969577487
0.290394523261825 0.352489437847021
0.282579101361495 0.383641758389803
0.280549399009883 0.394428849292892
0.274409074128475 0.418088371762542
0.288046391620355 0.364577445247563
0.280788400368566 0.391138956285691
0.281941117972158 0.385308122930542
0.277230661358977 0.408258721546098
0.284182606410419 0.379427427219582
0.283684727179151 0.380458912190982
0.273846246341424 0.420613940084416
0.286760027896968 0.367150764525463
0.275983104768567 0.411573510882832
0.284552368520668 0.375100105974532
0.287723139978007 0.363333829203211
0.279520799387406 0.398661044899719
0.281927534218415 0.388607325467005
0.284899832658052 0.371922679559053
0.285060448432965 0.375683032995331
0.280456242478327 0.391979685533903
0.286585568338099 0.368685141769188
0.279677438973534 0.3971476870192
0.291831509045173 0.348106572726498
0.279613292113125 0.396994994472444
0.293369101139147 0.340269917158563
0.284448214549585 0.375386691646581
0.285979481558218 0.370629394534655
0.28564397354317 0.374887737397347
0.2808627139875 0.391842958726603
0.274126477993492 0.41857231241478
0.285794961579465 0.371532326065864
0.283859270946141 0.382808480472639
0.282421846651387 0.385322773438452
0.282867174345103 0.382078365052897
0.287454239581688 0.363517250988255
0.275982742491107 0.413106869131843
0.276396146031069 0.413817045033182
0.284503858589722 0.376084014043896
0.28310678800465 0.382933507411586
0.276816588064457 0.406914512695447
0.280049115049018 0.395985239991982
0.286510563790638 0.368186074869364
0.285638404879278 0.374253893808087
0.286188581338017 0.37009526474541
0.27910622080063 0.397280265250547
0.292248612254779 0.342160091925345
0.281185809221332 0.39211990867651
0.292338708894522 0.346120924296396
0.279566459112037 0.398268290900053
0.275479452478598 0.413501615357622
0.289664259732715 0.356410124692754
0.279713957604697 0.396368989032017
0.277064134508094 0.408032743909035
0.289771958672076 0.35712892739328
0.277304042564486 0.406562288204021
0.288544166690736 0.357007287520981
0.281029078431938 0.391913960879493
0.275723809770808 0.4120708216116
0.280364028176839 0.392094252697416
0.285899350217086 0.370017933449771
0.284433836722848 0.376845821787837
0.278496323912537 0.400988580614686
0.291020357286656 0.349346942089297
0.278770538371883 0.401194859649901
0.287013541927288 0.363937020337329
0.275536108771003 0.41389914463779
0.290660827288069 0.351879123675836
0.277870187426384 0.402620148647836
0.273909897686649 0.419356744700556
0.278932009126362 0.39837196985053
0.274644330383941 0.41499698148511
0.276981217645882 0.407143632237151
0.283894722842346 0.379974372293593
0.273855519059356 0.418244242071203
0.287361969357179 0.364875559343259
0.289075111263182 0.359541430957843
0.278596137154936 0.400344842381618
0.287637003779939 0.365398895321457
0.285609826927976 0.372018043599686
0.286752769502203 0.367834021849437
0.282018891552989 0.386050907286335
0.291415001875229 0.348708727305131
0.28809111940216 0.363597070547298
0.286045745097186 0.369909904363587
0.273250015587091 0.421646783626122
0.285653725700899 0.374114058420725
0.284765583766874 0.374543129040967
0.287556474705645 0.367717883132398
0.282454720292568 0.385357210571206
0.280888247131573 0.389418167434912
0.293634317734683 0.338406078252504
0.284628646300061 0.375047031478715
0.278291392135808 0.402251515450906
0.289889331332433 0.355390731659934
0.289613019989049 0.356197721323216
0.28571168297855 0.374022751303034
0.279177353175532 0.40030750404065
0.273021252597986 0.423311222561057
0.291350397247105 0.347119967282558
0.278308530178394 0.404938378246466
0.287115079632882 0.365992777845944
0.278965869867349 0.397686482932989
0.288881818504233 0.35897554995335
0.279555567934501 0.397052187843902
0.282103198514474 0.387050519250532
0.284985408866994 0.375974876094099
0.286917842589031 0.366505728561217
0.287349310468857 0.363856368679252
0.275740352048908 0.410721676365768
0.278595793710777 0.398605357738582
0.285284602946578 0.372779095684287
0.277785469227923 0.40315953068273
0.287997109436008 0.361864318972355
0.284145277424903 0.378900796016121
0.283778704338105 0.379322251215905
0.277078542842288 0.406822861151593
0.282496035128803 0.383511481301387
0.287018597154868 0.36635334030195
0.284538327298621 0.375622184818069
0.282486552715022 0.385510418210149
0.28404358544821 0.379827369433664
0.285302924046532 0.374789760631293
0.288183396977996 0.360957836727417
0.283698812962345 0.380388059103656
0.27782167458293 0.403974174568345
0.289100684960016 0.356921755443019
0.279728417374711 0.398335052906395
0.285082005348362 0.374199548178328
0.28863570009952 0.356793903832358
0.275504959076907 0.415469623106881
0.289504832826903 0.35608301036966
0.284925633840829 0.375925951456671
0.282974545792036 0.383559738552418
0.283137137387269 0.382071901248755
0.282009085160622 0.386058306948484
0.284277455467878 0.378912367974247
0.28284094357648 0.381542289520034
0.277157168887146 0.407226102392969
0.275965371930363 0.412340145033725
0.281710227538088 0.391037338095926
0.276526361763376 0.409717269246729
0.28253113293514 0.383196259723333
0.285685867710379 0.372622391762373
0.288624422685968 0.359997409075453
0.27796277776184 0.403284139727306
0.286857572330102 0.368478688104669
0.283149778482487 0.379574177431262
0.288311674082982 0.360485838278199
0.278206114132687 0.4010362042671
0.289937611083578 0.354298732697551
0.292125678724368 0.345704075332122
0.289742555711181 0.354999363103009
0.283175253004552 0.381340941383288
0.28607873843791 0.369491892498446
0.28626124912873 0.371967810748638
0.277965965472299 0.405693301053305
0.283287502375388 0.382612905441076
0.277454815994572 0.405799288582481
0.283670189705876 0.379281839782301
0.283811436990672 0.380226069846132
0.287774512708329 0.365655006175197
0.286681115697133 0.367509323156176
0.286619171178404 0.367970665222551
0.274279580008876 0.419809866372728
0.284165718534998 0.37836993320361
0.281674098730219 0.387186367993577
0.287026162662009 0.366853585375866
0.279775905674793 0.396127027482919
0.275983542632056 0.409597557242659
0.277504604658103 0.402877251703717
0.285142681002805 0.376336398665263
0.280701255258102 0.392342594264579
0.282570428316749 0.386469581550007
0.285753841397325 0.370467665993455
0.285965372433528 0.370409243851688
0.274316066548815 0.418520000377528
0.282923610271235 0.383412606981936
0.27793698097301 0.404087662076051
0.278460558331998 0.400004674780008
0.287049533363114 0.366367295559922
0.279124532675128 0.397379502071196
0.276769786625112 0.406332710469492
0.285686109234064 0.371628845781146
0.28646245513628 0.367243240895536
0.270213601271944 0.434476830880674
0.282260747549597 0.388109325900474
0.277725424946773 0.404502282519848
0.280458131891929 0.392683637511361
0.283298172726839 0.380211911405188
0.287684713924166 0.364413363468089
0.285594265157776 0.372175365158351
0.278040074959793 0.40212867719861
0.279967522965189 0.394650162432172
0.274768981619943 0.417006306567427
0.286127659200431 0.370675747971369
0.284457755935984 0.375296326229989
0.285725510875281 0.37123223009401
0.283850021847607 0.379975571416364
0.28201640710461 0.387412039433922
0.292917271986469 0.343012977413507
0.290161735089249 0.351692281336834
0.282211010239884 0.383885056370017
0.285784811023302 0.370623002763497
0.280850896739536 0.390352024880841
0.288570388525084 0.36020676010546
0.28437901563882 0.375761729945093
0.287422150762674 0.364462399192656
0.278892204728788 0.39997593790711
0.276948520688153 0.408763937340551
0.290223339092616 0.355711081590136
0.284698801610305 0.376212701521446
0.276953164222577 0.410158370477563
0.28578387791872 0.371112419636468
0.281563197922248 0.390265840253004
0.281002784995173 0.394045444569708
0.276785302647002 0.409067751316924
0.273422611304253 0.421989373077029
0.276714759847726 0.406936511257457
0.284957201613179 0.374110206180084
0.277821561274907 0.404538483032134
0.286812217056083 0.36535844192595
0.281325795497113 0.391473267759542
0.28329651225023 0.381845433885008
0.281297423101051 0.387488008243876
0.295400838535247 0.333264207092719
0.274431700795847 0.416031582464588
0.277116505364659 0.407246550659491
0.290191969534858 0.354363561499471
0.279457450851178 0.398368669058146
0.278185615025088 0.402435760891488
0.284743351744375 0.375448608467394
0.281050974609779 0.393341517270573
0.283749068621399 0.381138132289769
0.291224163019021 0.349534342382731
0.279175462330346 0.39831964168059
0.282536523354624 0.384939226496681
0.278332654782872 0.400031348643458
0.282212478873174 0.386129228787712
0.285144595425415 0.374414764388497
0.278921593666847 0.39788140213551
0.284083923081811 0.377339420131936
0.289479687492522 0.356043270300756
0.289111336826416 0.357364285813822
0.2838661891639 0.379028575932043
0.285708379486994 0.371820867167341
0.288400291169658 0.361126986735274
0.288596720301443 0.362171054020591
0.283265838916016 0.38198406348613
0.279452684953533 0.396848472782139
0.276685255069822 0.408401939603734
0.290091660154376 0.352976840758741
0.282211482355423 0.383188008046464
0.288356580929969 0.358712479282084
0.286061942014847 0.368214355518389
0.274340371271641 0.418157759879441
0.2844486799312 0.376728043123856
0.283978193127651 0.378104411954715
0.284830345813146 0.375098837162303
0.278017555660304 0.40128852724903
0.284781788993146 0.375029715333222
0.283811844138732 0.378444125561549
0.285224363118393 0.373210216352407
0.28594689676571 0.370888499321554
0.285496706469657 0.371876911007372
0.286938211742194 0.368687087309653
0.282836088165001 0.383465123824917
0.287116733117788 0.365080202314889
0.291621823880226 0.34783887337662
0.286559910071568 0.36955348971782
0.281253421561649 0.390200748481478
0.277926845668227 0.40314576487393
0.286912121081779 0.370455647918395
0.279445386565364 0.398171907252284
0.277701719471825 0.406698162241988
0.286301887095804 0.370971221189439
0.277541583945476 0.40090856768359
0.288264288637484 0.360918510833047
0.286550169360493 0.368964232293173
0.284130681171535 0.379624417706357
0.276735139323758 0.41064326794534
0.287118578807191 0.368939091507834
0.28831185972082 0.361247420834259
0.288027981692966 0.361172565603641
0.275877158909952 0.410099722653603
0.285725687010309 0.371359506127223
0.283277021111441 0.381775302494803
0.288227223586191 0.359795484383953
0.287482499245862 0.364308167662102
0.28964830701007 0.356523315302676
0.289691464536071 0.354136727864054
0.275329313041247 0.415443501732319
0.282256590791532 0.387282265161051
0.28373703289222 0.379529165444769
0.293332207887475 0.337651650784472
0.276937113214086 0.409587854046982
0.285645702286284 0.372300612756615
0.279552558475773 0.398420513528242
0.275163726968299 0.414721519115228
0.283283171303565 0.383443829898055
0.281859759512806 0.387940386597218
0.284628794176022 0.378458181842695
0.281500980727468 0.387861829560594
0.286883322830082 0.366269381469047
0.292131080903498 0.345883278975135
0.285777015556694 0.370728739757925
0.283569841172217 0.381420069112883
0.28259926813297 0.38527348885991
0.278043138314311 0.404845260573618
0.28546400278403 0.373310046873823
0.273707547224173 0.422374077996383
0.271483866250219 0.431694228963764
0.289466108654348 0.35812928348662
0.276624017890288 0.409793995921003
0.284733332309754 0.377512090909668
0.285386705046366 0.372175582903624
0.286031354119417 0.370004409181272
0.286696681923475 0.367425017033825
0.286157274695729 0.369053682366007
0.287224622990535 0.363426617508223
0.274434724111435 0.420387504659896
0.286727725356895 0.368463313777559
0.278283085621341 0.404101269169889
0.286171097268293 0.372231160913772
0.280306318286604 0.392034978355202
0.284086848195393 0.375086854688464
0.278172153285685 0.402339701431434
0.282850768870924 0.384859514988118
0.286611337029537 0.370471424364432
0.279421331255965 0.396312244534559
0.282147767226725 0.385287717596304
0.283042109788632 0.384070795307536
0.280864489780281 0.391554300215892
0.274054163147618 0.420960623923411
0.280237037185072 0.392272916016226
0.280490114715003 0.392029595887002
0.278696764500541 0.398693957872079
0.283408500062854 0.382548801581726
0.269103034868267 0.438506440700885
0.281609464024745 0.388268254169344
0.280500112557453 0.394784373450009
0.281941989739277 0.385968496259335
0.282635991198108 0.384252603866767
0.270668748751646 0.433599954018755
0.28387607421875 0.379118515153798
0.283305630344685 0.381581529051255
0.29004351885948 0.352616610045848
0.278010932526593 0.405043206868704
0.296828438345147 0.329451114453196
0.288004671401867 0.362120854045827
0.286189601540103 0.368068645873084
0.288478220319411 0.36009274598046
0.28280943136015 0.383599458166217
0.272413054958751 0.426043047935551
0.278609878130129 0.400781301244552
0.287177211565115 0.365997248221604
0.281744700653846 0.385598040802615
0.282302156483085 0.386727884336119
0.284487123453318 0.375373114086363
0.283617817395443 0.381994581871806
0.283193787409168 0.380932098263175
0.287327563923253 0.363536380115835
0.28077475197416 0.392672363135335
0.284688008279195 0.376822973043034
0.277795090773246 0.403719058999343
0.278087188173329 0.402440669279437
0.282476404246018 0.384530800452957
0.283720274500163 0.378873503332912
0.281003032146796 0.390066773673802
0.290315068535912 0.352737844383526
0.287485445295376 0.363985017879983
0.288433208749875 0.358939439237811
0.284420209513494 0.377038923396677
0.283940113868559 0.380499698033759
0.282443240058758 0.383674874953596
0.282041512166546 0.387124805269945
0.284559274792188 0.375924056568858
0.284343972145357 0.380844708877336
0.286081170859192 0.370436034257257
0.283529545556851 0.379678687389611
0.277644048668398 0.40063272838598
0.286763524546952 0.368793708825482
0.280721875548025 0.394609473287641
0.28414215248291 0.376469345622172
0.284795445070286 0.374299022009504
0.282401968839954 0.385708018017244
0.272777645054871 0.424364787892476
0.276869048921966 0.407076577877615
0.283748174246363 0.377076651733279
0.28237768361944 0.386099517016413
0.283372539797494 0.38014485331329
0.28447650963267 0.377902178805052
0.280059874194068 0.394024080897513
0.281130029531907 0.390622304558845
0.286820695192929 0.367014975111534
0.282506649263174 0.385862813955252
0.280786924411247 0.393126359261586
0.285631588395842 0.372425494320024
0.285690199125281 0.3729630080508
0.286805273235676 0.369772964531524
0.286842537378873 0.365912171569799
0.280532221180136 0.394878097477177
0.283413806278739 0.380850536009383
0.276808607718363 0.40976322606891
0.282327353114248 0.385944233304384
0.285689846131762 0.371056502399847
0.278931293617782 0.400006363634287
0.287084651542571 0.364280936956656
0.285810484296367 0.37128803455659
0.273188727366342 0.42294514050674
0.27684517836536 0.411269692265785
0.287942332487083 0.360857828471344
0.2875966517273 0.366450711733055
0.285956584901628 0.369749133307994
0.286612238970509 0.366574296979627
0.282703715812381 0.382192027154232
0.285942153170538 0.372683805824767
0.281009322576283 0.391314286057909
0.276372276715628 0.410021354870274
0.281840795333376 0.388023093966883
0.282690854933767 0.384423502708332
0.278425637333241 0.400742519292397
0.285529311755869 0.37400586794432
0.285166518398821 0.375107089975653
0.288925008011422 0.357091429349411
0.282083766918638 0.388343292741804
0.281910807738264 0.387870809655502
0.277361728545487 0.405415769419078
0.278055062987294 0.404079973540782
0.288221517370515 0.360378446635445
0.287866376855852 0.361930727259122
0.281662255689264 0.38628996033819
0.280269395651303 0.395569820032223
0.278635784376708 0.401125140105255
0.280054188356139 0.393111365739134
0.287943645924352 0.363832063814515
0.276009874534617 0.41244329492767
0.280175226655815 0.393192613349934
0.285417264063133 0.370842027447555
0.278841156259082 0.401515759272319
0.280905247359469 0.394108126382654
0.278521790074614 0.40201526172049
0.277453003199333 0.406834690346296
0.275213268327879 0.415649768546468
0.285813530078108 0.371974139789774
0.282297030876756 0.388454362512767
0.28692262598824 0.366997286657318
0.283463938903548 0.379311878537127
0.285893960892248 0.373792362840952
0.287167460477133 0.367546831988027
0.284547286011932 0.375818411614734
0.28774882359348 0.36250493810302
0.282068525292651 0.386631133066531
0.280269697886779 0.39277312841925
0.285778442413638 0.371679220676661
0.275401652736964 0.415609829124404
0.294136650908034 0.337458655038825
0.282036305965787 0.390215552358361
0.282721140045672 0.385485329196991
0.285138932123335 0.373805627610944
0.283945467891941 0.378151666155151
0.295058748041286 0.333929546563597
0.286281275536422 0.36884590900497
0.274223104898035 0.419481844173211
0.283518290556685 0.380008381142767
0.284073224532369 0.378882121924269
0.284250159509488 0.378218044466005
0.282562610413125 0.38642894675592
0.287134602356563 0.364225514055141
0.282918875850504 0.383066501773089
0.274553191477852 0.418307647726417
0.276037870834034 0.41160822634471
0.278959165236624 0.399750396981633
0.29214643134397 0.343276421187247
0.289009568048034 0.355870498763925
0.29178467325144 0.347018054724514
0.274231912829722 0.420814324539592
0.288285422192505 0.362201828311802
0.287436966144098 0.364047468172235
0.284994603651876 0.374401036936429
0.289690177372681 0.353762230495816
0.289153814521854 0.355404542660417
0.282143544095649 0.385598754992026
0.277833612199784 0.399877680507355
0.283309712065391 0.382852603184201
0.279285322036419 0.399804672368134
0.284984769803631 0.37345178181816
0.27847329234691 0.398497766299651
0.274318381711772 0.41709421378444
0.279196490232559 0.397509409928914
0.280049457725802 0.396333285876497
0.285622464205585 0.372551991746216
0.281331381683863 0.392803334654365
0.279287252021461 0.399106240398545
0.291799575415031 0.347986006036266
0.279300532767266 0.397893652683966
0.2871064503937 0.367663410462535
0.293391203888226 0.341366642424106
0.279591909087362 0.395719814118402
0.28829102107567 0.360514733152499
0.286063916401447 0.370329472456192
0.285749368943096 0.373320421704782
0.285837375853455 0.372116527600143
0.286151556442295 0.370550590776555
0.282438323371361 0.385976940348595
0.289331603065528 0.355091223089816
0.286627542474113 0.368122635762665
0.284960387884791 0.375553241640885
0.280105584983046 0.39378250655062
0.281548926395219 0.387740668301837
0.29139222993383 0.348160991856822
0.281253099501657 0.388637318322797
0.277614251794036 0.404372806251776
0.28860312516366 0.359570188796452
0.289524773720973 0.355156206057288
0.281011945936227 0.391203048322749
0.281578488213671 0.386287419704839
0.288308745705992 0.361072477028097
0.287104291441443 0.367615429884293
0.282012821763206 0.386793905335637
0.286025962873122 0.371191707662067
0.28790595487708 0.362742936863338
0.281425680683121 0.390346481521091
0.285876516437626 0.372686986448516
0.286648573220311 0.36874539556875
0.287960108615031 0.365112996012649
0.280005659232986 0.396761610529701
0.279242320514112 0.399942620332204
0.281390050286301 0.387180304241792
0.287035405835608 0.366185249051377
0.283546803245877 0.37842120947023
0.277420137886563 0.405401301458114
0.284984120367397 0.37171585924212
0.281493731898154 0.386683198493861
0.290277314973422 0.353982426019337
0.291383258730104 0.347918822344036
0.291017196397665 0.350748599347609
0.280655035150782 0.393071048256124
0.283669684910632 0.379774080324125
0.283215652785973 0.381967709931962
0.287764673169004 0.365056762325326
0.273106719589322 0.422823812042067
0.282120378453074 0.386088018039288
0.282545275283173 0.381479401705127
0.281261839361204 0.388558359440515
0.284142383357144 0.376682060230251
0.285227228134563 0.373487042235415
0.288898747985966 0.356880186947799
0.29160014623702 0.347607443998683
0.282432008491001 0.386344263995462
0.288578789984432 0.361607106885282
0.279725630198898 0.398282258403814
0.285369406455666 0.374904121666355
0.284290358699449 0.375656455686916
0.276772110306671 0.408714433158503
0.280874772433641 0.391150429053184
0.28436962323612 0.378052392507004
0.293381762480531 0.340321961922703
0.29137059460711 0.34855789206595
0.293585865954543 0.340025659075685
0.289161971325803 0.358520890540994
0.278122786441266 0.402352417227649
0.283525868483068 0.382450639757066
0.291342055015611 0.350259306138328
0.2723833144635 0.426396593989495
0.276432474556997 0.41043014773294
0.282038485565554 0.388149219407231
0.280677814333828 0.391814009720324
0.286563185105376 0.367352725140286
0.285697967555158 0.370403721054201
0.283118710863944 0.382439043657844
0.293523515329363 0.337910339914344
0.285129081022056 0.375455042863627
0.282643329550197 0.383893614253692
0.282484952434574 0.383540027818861
0.289489743822223 0.356215138776904
0.281587365621616 0.387660743207361
0.281649897117696 0.388281146313503
0.285848424279738 0.370461122899983
0.276815550317833 0.407079709762891
0.287638874632354 0.363553859007661
0.285004368254183 0.376000798456688
0.29452419083229 0.335357092968759
0.281717188848368 0.388237938004358
0.289099714833313 0.357134301010473
0.288594613174669 0.358453569116494
0.288474076304271 0.359910606387125
0.290116089304998 0.353534753872951
0.28512305037493 0.372265622880349
0.271739930415173 0.430223112949947
0.277505174038359 0.405422459032049
0.282796575849398 0.384808036607038
0.273797977133724 0.423416828788518
0.28259404252891 0.387325120599379
0.281343737885736 0.386307048767758
0.281371620120557 0.386779607883744
0.277304696895986 0.406189894663322
0.280214220464552 0.394284627370804
0.284777922407509 0.377916636114958
0.273119614073975 0.424444134176786
0.281808216758895 0.389801447686394
0.280189436300559 0.395614130647133
0.28367666631327 0.379154178312501
0.290029447507496 0.354106220278727
0.279502920408679 0.397191990284467
0.280638763608469 0.392491105960383
0.284719040036819 0.378171242762438
0.284406442750764 0.377408831262119
0.285468649989901 0.373548027381739
0.280459619570037 0.394536277450136
0.279061909471711 0.399486871477215
0.280297924141822 0.396491175041453
0.28769030066626 0.364516152574887
0.290862709721711 0.349229463846212
0.285439905609771 0.373206021628117
0.281552496289338 0.388765049782734
0.278416826362216 0.400033735197133
0.279375902467139 0.395893585189705
0.289035552877378 0.357331049493289
0.287471336060418 0.363615589742226
0.27844245252775 0.403865007969905
0.28283619362898 0.384835072936162
0.282300175286265 0.387479485596039
0.293701077369186 0.341615307478495
0.281859077994923 0.386273307934564
0.285366062034653 0.373678085124148
0.284834969960677 0.376507380449688
0.285578445929629 0.370890626831071
0.282677374777734 0.38378624212673
0.28624018903364 0.3694341990133
0.288154445463156 0.362806259412373
0.284617047259531 0.377973499444547
0.284742103391668 0.37460428357464
0.283180966270352 0.383435570267519
0.286614219056713 0.369331384158001
0.282526487695725 0.384013524570256
0.286591270929059 0.369556010634096
0.287798600405311 0.363540880644945
0.28953941332105 0.356789413926618
0.283265430247682 0.380483135741585
0.286507097989131 0.368411610026806
0.283142133697557 0.382465283610913
0.290699458156373 0.351685654973471
0.283445403174747 0.379779564043396
0.282727802534425 0.382787120665341
0.28405199976577 0.380065548985836
0.280043089708492 0.395905322918171
0.288366654316612 0.36007581698881
0.288972473046103 0.358433917742398
0.284447118360332 0.374486079772593
0.285506112120641 0.375504279603321
0.282993127788449 0.383667471607913
0.28659328547788 0.369139108933464
0.282457337526394 0.386004790104277
0.283550165637982 0.38207101501191
0.278716485165888 0.399693519059916
0.286810373734947 0.368512245309948
0.277938394519476 0.404380552150463
0.277579441487216 0.405799459240109
0.278712426777671 0.40138145747464
0.282092181329656 0.38842009172108
0.277633579650971 0.405594910452637
0.28517606238355 0.373999366545175
0.288056179116279 0.362765458935698
0.281514820762726 0.391527481477224
0.291134451766669 0.348474894616596
0.28100316342376 0.39300445884473
0.286341870175118 0.368837419694142
0.287916115359523 0.362531801621528
0.281610412436943 0.3892424739871
0.275384360319756 0.411999461875023
0.278472214514799 0.401135486504765
0.282300581027691 0.387102695565581
0.285431419497893 0.372972262685766
0.2806674592404 0.389865605335813
0.278040470356281 0.402393750215574
0.281964121934905 0.387539014891387
0.283101429854587 0.381258408018103
0.280556045505062 0.393551543344192
0.274436973689534 0.417917458598717
0.280776469076581 0.391299388866052
0.278778771446912 0.399303796872476
0.282029418830897 0.387295251477801
0.285051118253929 0.374256036328995
0.28264272011085 0.383599286203493
0.282314585405138 0.387728725957357
0.282337586479503 0.387364250209168
0.285048378806655 0.377368259759065
0.277912457606989 0.404004258732941
0.2786850200911 0.401327552005851
0.29242920744063 0.345663690344739
0.277022094364828 0.407286862542804
0.277007002846159 0.406594542730766
0.285313390348238 0.372334008816867
0.285595146686096 0.374193969344751
0.279516923498026 0.399383386564194
0.292095871643646 0.344627762833594
0.287602264704754 0.36696403353924
0.287367520473428 0.368066902058117
0.285176757962897 0.372317462457662
0.28614455778781 0.370576736626681
0.280497007094499 0.394202191667098
0.28064033795697 0.390736281435271
0.286719262854745 0.369026239889639
0.278692087728132 0.404328647906865
0.289198730172217 0.356280255984103
0.274520903651036 0.417484542240991
0.285543000027469 0.374597277137138
0.285337873279807 0.371703443729043
0.28026226032302 0.394243714599029
0.282841060730019 0.383355597209366
0.272035941383814 0.429766966426443
0.280440722101048 0.392435436797948
0.283252109090971 0.382202201616302
0.278690222745233 0.401035784304916
0.284791412586814 0.375827983234956
0.28300122654939 0.382677389309976
0.286100982845883 0.370944062700886
0.284235653262795 0.378522426292458
0.283521200775305 0.38000870689589
0.279670365664412 0.395600692705995
0.284408016246444 0.377760298191895
0.284449663907412 0.374590944466323
0.286928948079494 0.366618743423351
0.280623304601338 0.394730964867622
0.279007280661545 0.400780466241057
0.286266932983836 0.370249710645287
0.286959380974119 0.365698681921902
0.282483886964852 0.38480450766756
0.283107369798462 0.384459524364848
0.280757567621246 0.389309711667107
0.284033078140288 0.381482179028147
0.279806037477279 0.397777031146972
0.287705630377814 0.364917531850885
0.28441642665514 0.376487720524372
0.284909141761521 0.375819837947937
0.284008075789711 0.379038250111891
0.282133327791234 0.384054102619642
0.283821451779116 0.377971309375182
