0.299013476953206 1.85559271044322
0.288087793766396 2.06571444002804
0.299320771602627 1.8358974058882
0.296719281997791 1.89555409190342
0.299028062861398 1.8505333607123
0.289183936592055 2.04287092707537
0.287920964705656 2.07012480556646
0.30042287064172 1.81837937888922
0.297159408564711 1.88205760710675
0.29600114237718 1.91713311881103
0.296126475893315 1.90866750315266
0.292775104059896 1.98179922281301
0.300281541427234 1.81416321965252
0.296619914594322 1.89368466512532
0.292530261309768 1.96978728196689
0.292799217318498 1.97217376425176
0.309816823138092 1.62529552149291
0.298858395203261 1.85413754548271
0.285742747697392 2.11140158860008
0.306492943073759 1.69503615871676
0.303724043267347 1.76167787266507
0.297849971166626 1.86638057914911
0.300230377050846 1.82577254885728
0.289973395292381 2.02747576346889
0.30145933226552 1.79837997528665
0.288530735603085 2.05973986616491
0.304145136554852 1.74472609509228
0.300248164083672 1.83583866117004
0.29243449906267 1.97385895878133
0.299608225412223 1.82412854892735
0.304572212032243 1.75242560714578
0.301121120117583 1.80655123859191
0.294972902789562 1.92551871024179
0.297462465360231 1.88401529906807
0.304417141824118 1.7457765683479
0.29382066254729 1.9525748515318
0.29891596638741 1.83811399548103
0.303890394569657 1.76241786126374
0.299378714722013 1.8399332642759
0.293758394455667 1.95427256892869
0.300125480490632 1.82995380943303
0.292589264586387 1.98169532765228
0.299142769297738 1.84624677331181
0.29860419463552 1.86943343274054
0.28500554316441 2.12924588897145
0.297925699062223 1.86349100456642
0.283382185216137 2.15130717996461
0.29939764577631 1.84987240459397
0.309661409215107 1.64341998949332
0.289123937833052 2.04694846362032
0.30302874099436 1.77242429756337
0.29056119721797 2.01625769009125
0.294638431123474 1.93937282751378
0.29476756628087 1.93279390845815
0.295704647607982 1.92009671589855
0.296498323044583 1.90483122379008
0.299692837467244 1.83476781878944
0.300137088898592 1.82799771794947
0.301759926339838 1.79249143873868
0.284608244689047 2.13185008270718
0.294610839904892 1.93782475898887
0.283581614466919 2.1671039061886
0.301253155665407 1.81076508555149
0.301680652210708 1.79492275926774
0.290619785805853 2.01936354068379
0.291589048593039 1.9899673460687
0.299103357268583 1.85391140554566
0.304022811543531 1.75651208590379
0.29967617636675 1.83348099251517
0.294620884486725 1.93137653038855
0.301816476455896 1.79790114077128
0.302052789468459 1.80250184824015
0.296670653721092 1.89297555023641
0.292742101520474 1.96949506832535
0.30471290363919 1.74243258543019
0.305558006089859 1.73257921296437
0.2829976219458 2.1687243302582
0.299066261496627 1.84381416903527
0.2971038685479 1.88891461121381
0.298189197715013 1.87655579171347
0.293700730780761 1.9504359175644
0.299996550468304 1.82929623638299
0.293139634072012 1.96251840785599
0.297239122824473 1.88152895139408
0.303959045993804 1.75287608136667
0.300943396376117 1.80888701293867
0.289040686986453 2.04730553443284
0.301191214865018 1.8026735109618
0.303957705952246 1.74951502144279
0.299871884651014 1.83711779838688
0.276828296850552 2.28606002568423
0.300786298999896 1.81765979533944
0.291868753487311 1.99494629105225
0.30409536297886 1.75626757080694
0.285491782927259 2.12259165712063
0.297772908059511 1.88044072957635
0.305324769708995 1.71007626008061
0.293066597739076 1.98328329343119
0.298513036191954 1.86488320449805
0.300506235189503 1.83202340513476
0.309825226117726 1.63721510461202
0.291298680492397 1.99373256725897
0.293107154090133 1.97378478775196
0.303195659042526 1.77462064934821
0.296079464223911 1.91411529986829
0.295382781854175 1.92030543531153
0.301087196790197 1.81735531326908
0.303731871693642 1.75454404677477
0.284994743490521 2.11882853279077
0.294775321860757 1.92382237744839
0.297431991492899 1.87289261196561
0.286842303098298 2.09067276212848
0.291921889593585 1.99876655295068
0.308296644847331 1.6649869161669
0.293511534747879 1.94761069677689
0.288744008198065 2.05702812523172
0.303592934738403 1.75983670663015
0.301433206467299 1.80573404457717
0.295633527237757 1.91505131429486
0.302513952907195 1.77656228750967
0.300592883647006 1.82409432509489
0.298945670525761 1.85305106663454
0.293437333706673 1.95836064282355
0.297159966043264 1.8925608048184
0.307588409038478 1.67964033745956
0.295575982608341 1.91978169681439
0.295905011335607 1.91801954171401
0.289873467299987 2.0304039512022
0.288848029436892 2.03982480508733
0.307561530320734 1.67400110459531
0.295593059101178 1.91070918937328
0.300561925034602 1.8158877266128
0.286219923381354 2.11511398022707
0.295770274539551 1.9183403952684
0.295434573524559 1.94028707370833
0.288517409872994 2.05428891748211
0.302560110036046 1.7814984143238
0.29708616115452 1.88838570946014
0.289385647762642 2.04162761203599
0.281544481937703 2.19137929666187
0.292838098418192 1.97919742392447
0.2959293763357 1.91273656080409
0.304899408671418 1.72367658699687
0.288165857114097 2.06155221983434
0.292293854578912 1.98541341125597
0.30423371001111 1.74920055693259
0.299271099906268 1.84874124814798
0.298716023877198 1.85204118671259
0.290645380167791 2.01773460131268
0.284630775719185 2.13043741862597
0.286542601507588 2.09311637434908
0.297755121558046 1.87772664316688
0.293633063057337 1.94882837234848
0.293002450688695 1.96963988393447
0.296462971642073 1.90530795554673
0.297654545291981 1.88397380928865
0.289524839853331 2.0451118249238
0.294100559035855 1.94588450315583
0.296601170409349 1.89213279476377
0.301065032589442 1.80049296720369
0.291184068240792 2.01110230371067
0.290725151418163 2.00880609607232
0.304122512126086 1.74258702830573
0.294552878944045 1.94188201224497
0.295177325463511 1.91708149039306
0.29452604101021 1.92725860508778
0.298094189154832 1.88075190162085
0.288912256460003 2.04909850025958
0.294826372836341 1.93834393633719
0.297232112998387 1.88258380660696
0.302967172914525 1.77729269603188
0.294808308912584 1.94248359208813
0.297682404633718 1.87154573127728
0.293641318642405 1.95640975774876
0.302661713978758 1.78855882215398
0.294808598469452 1.92697136683252
0.296212150726431 1.90489145192965
0.300473126542081 1.82888048138189
0.303322711566879 1.76660086978699
0.293831419372101 1.95468996715189
0.290066362452062 2.02244992748391
0.29591746346468 1.90748425153011
0.301502480181255 1.80063434450735
0.283784736113758 2.15306940097056
0.295368201100043 1.92672595465619
0.295646754361701 1.91236020329334
0.298244714976089 1.87362736382304
0.301761191383866 1.79438875711231
0.296671769907907 1.89313078623873
0.293285845395972 1.96842355188176
0.295008404428105 1.93426364823433
0.291215886889773 1.99335301163657
0.290764506807691 2.0184826848934
0.297771871260572 1.87480309281051
0.293078961264415 1.96106377525347
0.30024879289913 1.83017204121441
0.292439293042944 1.97403130935053
0.291890860579705 1.99403335603685
0.296056774698379 1.91832746350458
0.294947296617845 1.9318664612753
0.299177163015899 1.84565877832221
0.302632395866679 1.77403483943499
0.298753477461649 1.85770311455863
0.300410030946784 1.81527161595605
0.287885416506343 2.06294491874402
0.297184212739706 1.88010268575433
0.303458621805205 1.76211333416658
0.296151015260084 1.91811818519375
0.295466445093229 1.92044969104735
0.304764876360267 1.72634389156303
0.296094750721276 1.91529915514918
0.291979537145286 1.98993183719608
0.298602082187899 1.87005564251594
0.289816408805917 2.0211470637253
0.294220073694027 1.94566611454159
0.295576612040898 1.90772215488552
0.302200755916888 1.77707419880567
0.28720099526658 2.08434694515298
0.302854557031807 1.77556874395536
0.284153920058788 2.14872744655648
0.296793846618268 1.89075401962488
0.30033236055521 1.8074220685377
0.311469020503108 1.60318154109888
0.301040660181772 1.81073524654142
0.288941870658337 2.04558892822504
0.292472242119045 1.97981953693376
0.30783700542882 1.66216090492809
0.298316361983305 1.86472975563895
0.298987892022914 1.84869229327215
0.292093886500715 1.99001964166334
0.289280212742179 2.04178720032217
0.295620229753873 1.91486016345276
0.2984612419074 1.86169931468534
0.29956836830523 1.84040878306655
0.298490547929661 1.86240744957705
0.299223308870545 1.85393338961783
0.297057660728907 1.89477744691722
0.304896490871504 1.74369591658145
0.292558910644453 1.98292621971181
0.299687422303119 1.8296606261267
0.301712400016562 1.78967481001551
0.306162731623852 1.71197861081576
0.286517102003776 2.09625934405957
0.298689458500117 1.85048877693163
0.291933721336085 2.00054610163476
0.29920941190029 1.86150006660262
0.296274798814804 1.90041665871192
0.293359152520108 1.96072099794427
0.28691692157812 2.08963873999985
0.293454943774068 1.95361843146343
0.303650662399213 1.76784579636193
0.304849769957756 1.73715464469199
0.292201691895373 1.99899307060472
0.298897851435527 1.8521117821763
0.29549065123142 1.92236462266461
0.291146721837109 2.00677610542242
0.294080238377824 1.94841295948777
0.296444658562351 1.89369373261451
0.294943589518457 1.93976783053835
0.294879863412925 1.94321336615432
0.285807596079555 2.11459713236314
0.297130787047515 1.88730640276915
0.303181315356786 1.76283166862159
0.284472138735376 2.135617483958
0.300041588583772 1.83017412453006
0.294082298010454 1.95043597934706
0.298789653896214 1.85715215237781
0.293799013124527 1.95972248997816
0.280594590400329 2.21607329778963
0.289402001501355 2.05157278651948
0.296576431476584 1.8932744208638
0.295594014696959 1.90882120956394
0.300828619774744 1.8154921600643
0.294240745743472 1.95937088326472
0.305863792595574 1.71026625378635
0.296831111148491 1.89055218578541
0.285099386780872 2.12308341695234
0.302053260326074 1.79118914379831
0.291239655720852 2.00486548726641
0.295485748984345 1.91416819116096
0.301925622281081 1.78747922123774
0.293093732500295 1.98261208121975
0.294969708222776 1.92347691189885
0.296502121495554 1.89785305281926
0.299644887143667 1.84354259145585
0.294116730006862 1.94443645533929
0.281471948035531 2.19615924845438
0.304246396140266 1.74034813472357
0.299509787193562 1.84642063035702
0.294492303199399 1.94899743178465
0.297710196995487 1.87894362117588
0.294973644491399 1.92968343362684
0.292432958041827 1.97482140053493
0.291208873673576 2.00664245294996
0.289761887734708 2.03870405735511
0.299934827176193 1.83049051321996
0.299772176110864 1.83586272413493
0.295657196522433 1.9141038728604
0.282807431579276 2.17109107201151
0.291908552399358 2.0013620683113
0.299978992671148 1.8214848582486
0.286176979759677 2.09996215280248
0.290527659131015 2.01253637886474
0.302594735347013 1.77987328910333
0.303388955991907 1.75882006374592
0.299719544957509 1.83727554941396
0.292879240756631 1.97021195721404
0.302216894102579 1.79127326730159
0.287888913473797 2.07288946049624
0.298603753419535 1.85746837338736
0.298291826688139 1.8616408391677
0.293805368144792 1.9615909250508
0.292334685323886 1.98550257957409
0.304021080251564 1.74803189947213
0.29461393453441 1.93497542421392
0.29205578049154 1.9779066842698
0.28886196315256 2.0561733638645
0.296437798626094 1.89295548296321
0.309324378834079 1.6525036489123
0.290419214438647 2.00891613011665
0.28861893891738 2.05915116070298
0.299299024104306 1.83979581352623
0.285889014782853 2.10930605761522
0.301162900242466 1.79979019304963
0.299131162819191 1.85291830807853
0.300496609808347 1.8268022242089
0.302784188912116 1.77551076215416
0.302794150018102 1.77884156782049
0.288865164585585 2.05743206491327
0.286756825049109 2.09342621106763
0.2952567843559 1.92454572751295
0.28639098132547 2.1019716006184
0.297136738991302 1.87619285496192
0.289864299735543 2.03754871717652
0.298988167682756 1.84772003046782
0.293813567070388 1.96211471134126
0.302284872993043 1.78244718598319
0.303890648658873 1.76482354363675
0.298760848583046 1.84980113832564
0.28696738125339 2.08221262705205
0.294627360821473 1.93694430115213
0.30105025882595 1.81641908328757
0.297465021825236 1.88105888525127
0.293782285582158 1.94399900476714
0.287926791144381 2.0771575364797
0.300870307485924 1.81793689031073
0.294603713873337 1.94764010019351
0.297118656817367 1.87158435494093
0.298737581990603 1.85671194493225
0.292651788977863 1.9727282108581
0.29473134550467 1.93330559871822
0.307104566470433 1.68301480144819
0.306198423685266 1.71143244438554
0.298517155615384 1.86357410796699
0.286673817015774 2.09811752054087
0.294031799708149 1.94506896839821
0.304854374397649 1.74058513452872
0.29618062224702 1.90722828763453
0.286593395065628 2.09848822728943
0.293837097092725 1.95227614463855
0.291990855415773 2.00149952258089
0.302228424948106 1.78730998618027
0.297272217121233 1.88048356319015
0.304083992680664 1.74971105657792
0.28758044460707 2.07499861267022
0.297488011654183 1.87646356861179
0.294363379532619 1.94057407709134
0.29347714448345 1.9722001968864
0.286826091256607 2.09120205399986
0.299785869504645 1.84431880632874
0.289502824746471 2.03212929378162
0.29976275242536 1.8346674922746
0.289458746876549 2.04631300743172
0.291328097821269 2.00026165485141
0.299375093231072 1.8450368161191
0.304389770825039 1.74627799408872
0.298471096746849 1.85733478767342
0.300974281126556 1.81122020566507
0.295286705963706 1.92885473094143
0.30278737553623 1.77314240135846
0.294207286920522 1.96040658869771
0.297829124439095 1.87364586038364
0.29528820338014 1.93031501444141
0.297547502627008 1.87601748639158
0.305095152452557 1.72963933359785
0.2886020635516 2.04945125283312
0.303363296474006 1.76402230404509
0.290695618890218 2.01450604652781
0.29671198928792 1.8934962820607
0.295815156749832 1.9165562076914
0.29148376640122 1.99468088284678
0.299384227370929 1.83513546533178
0.301744582061303 1.79438931865595
0.29804590986848 1.87033641434884
0.297955514725563 1.877385987555
0.296867304845223 1.89141538202771
0.295585190540012 1.9210655991522
0.292003318902604 1.98130348465595
0.286482298685284 2.10202197649642
0.291455954529576 1.99442516365077
0.286187078064151 2.11073005712479
0.301763209458573 1.80270755857674
0.294157857320399 1.94676394061426
0.296400570617407 1.90410841118739
0.297697893356202 1.87676286659723
0.298849153230897 1.85839986468915
0.2976268983008 1.87594446236031
0.292338604130794 1.98559642130621
0.296261488287844 1.91602268266189
0.295005729600178 1.92910445985418
0.290306254737202 2.02643854867352
0.289829171917901 2.04275671733742
0.292177579732245 1.97971261600868
0.297924405480205 1.86052307029101
0.302005446446178 1.79158688059122
0.302461372785018 1.78226371543549
0.299450182787987 1.84260946801192
0.29647432702687 1.89870614109125
0.296641128960498 1.90009457642471
0.294315517156057 1.93779059866866
0.300185797995945 1.81700532449422
0.283804665754852 2.14916671846246
0.291386352815656 2.00201872502116
0.297477503239198 1.87875061590867
0.291044724898711 2.0030464643967
0.288826283510219 2.05013552720019
0.309072265489952 1.65427503038002
0.289552898580405 2.03748685713296
0.294142313221564 1.94210885352761
0.298197033756156 1.86379768357726
0.30344685792991 1.75836105323013
0.296887333711816 1.89085694730637
0.299232253105705 1.83431615692972
0.288589062075522 2.05456373494417
0.294456473430071 1.9411151209022
0.293685173468795 1.95747483454182
0.296348609920687 1.91304274765127
0.305301202739731 1.73011422998971
0.301799653978107 1.77973282513408
0.29851974108913 1.86552512962689
0.290117737949763 2.03412679625239
0.291262375510531 2.00470300223688
0.298541925983526 1.85900601868903
0.298872099521372 1.84452008858299
0.291379355081262 2.00444564535007
0.298207319231457 1.8553446891822
0.29311238206031 1.96068220112554
0.30509475717578 1.72389546540641
0.301818646436647 1.80020960766836
0.300285997984101 1.82932493185686
0.296258734777582 1.90017660606825
0.298837249272748 1.86969232490111
0.299453280210838 1.84628394521915
0.30570628844293 1.71174771842609
0.297186241894792 1.87369963501425
0.306292266142977 1.70005145726549
0.302471568010014 1.78173772829861
0.307376967814335 1.69310594429469
0.282000635885857 2.1975381799498
0.299502768310643 1.85446775702364
0.296807010425001 1.90190444617197
0.30015323833461 1.82635265738242
0.295392422726258 1.91937146479136
0.298981251539921 1.84888290234263
0.300053086045782 1.83649700883397
0.304717854173021 1.74582848243185
0.289666566859398 2.03850715136446
0.294851579862028 1.94162857861261
0.294935133798694 1.92806174626465
0.289764679983041 2.02886364382731
0.292178842986303 1.9906512753691
0.302582627154733 1.78656672013874
0.30577792899694 1.71200022547861
0.294886967260614 1.9451326560388
0.299159848227337 1.84409150587678
0.302716534125774 1.77152405481066
0.293791082899025 1.95091910722496
0.299663753222989 1.83971363480783
0.299630033102156 1.84133441437229
0.29005004283366 2.03184753506303
0.2975150997509 1.87964892600277
0.303026287440898 1.76470270004602
0.292656890810994 1.96451520300995
0.290449174484129 2.02248672389802
0.288434387799363 2.05569026344622
0.298694290189624 1.85860552176102
0.289980030802006 2.02374345536862
0.300716854535745 1.81541089679423
0.290985893345122 2.00242554108727
0.287742041454862 2.07954352482569
0.291394313542794 2.00396202776551
0.29830164506231 1.87077901568166
0.30152948487576 1.79401612282274
0.297834210939094 1.87904286195558
0.294533928273216 1.94821308510207
0.309098586549407 1.65105738042366
0.301232479766579 1.80160485034174
0.300157153638483 1.83225919385775
0.299038303422053 1.85222253129447
0.299008218086096 1.85040844156382
0.292275475917235 1.98448306430205
0.285505612259399 2.11478036593014
0.301938249334977 1.79782430653546
0.296629472068996 1.90104041495659
0.290613572210488 2.0140876846691
0.296804105619366 1.89901046209573
0.294135451980783 1.94762269370575
0.304184066155754 1.74165794200063
0.304046435804079 1.74900226672622
0.292943546033955 1.95966698995402
0.292847123598254 1.97011364591665
0.298795634748485 1.85004155748309
0.291050543003401 2.01080895987034
0.298601008082018 1.85631479614306
0.295706584191528 1.90344065536619
0.299322305491336 1.84428034081467
0.296098689507265 1.90791765291787
0.287502333256532 2.07777101688476
0.294469574624731 1.95190694824027
0.292175446003996 1.98981536158003
0.283389958377845 2.1660863242913
0.294840179889751 1.93855411605866
0.294175976805848 1.9460882410298
0.293503087566105 1.95742074418749
0.293082854833037 1.96809296651396
0.29925110764826 1.83983832087808
0.299289843194442 1.84181229383466
0.292980329958246 1.96997889810704
0.298710427533682 1.86046270047401
0.29600771684823 1.9106749805368
0.29417467215463 1.94310179040422
0.298958164904374 1.84884437144632
0.305894752789279 1.70338849982611
0.296457937836139 1.90195646532503
0.286948873658814 2.09431964610934
0.299367331439564 1.85179381580329
0.29131201738627 2.01073112944069
0.292536424362966 1.97500267330052
0.303961729468063 1.75143077807246
0.304173562166342 1.75524308788221
0.303531087665267 1.76399547418678
0.288054757284811 2.06516477711367
0.277630247754302 2.27319140241648
0.293731642339246 1.95814054066551
0.293847403570935 1.94532861247275
0.299931505051242 1.82922310215325
0.290439512493754 2.01705190092111
0.300864438776466 1.81602540138679
0.290413405605252 2.02524002568132
0.296432568117921 1.90116289592252
0.292076611849429 1.98729697800375
0.292752254816461 1.97419658972922
0.294280988610054 1.9460504486315
0.29546567953193 1.92685953851414
0.301759799979537 1.79534208260378
0.299145055941752 1.84674161173731
0.301495172254653 1.8031036624178
0.300845481281021 1.81344153975542
0.287409025197195 2.07395065539137
0.290807773192854 2.00802719698612
0.29277860525944 1.97980300496838
0.280596587460698 2.20715041933875
0.287051391897664 2.08857380139184
0.302900349174161 1.7678245341713
0.300412342003158 1.81005989577733
0.288912514941919 2.05049357104399
0.286928268623902 2.08826167720163
0.301648043291793 1.80051090342444
0.295839318004504 1.91071804108948
0.287173505222288 2.09596424808505
0.301642911435165 1.79785491134611
0.284502977026186 2.13585731960627
0.291711100763755 2.0038401441368
0.283879606105436 2.14494223828339
0.298317982550171 1.87038378398723
0.291116571095843 2.01197992634315
0.29480538274169 1.92659584891912
0.29316899655343 1.97350869515599
0.301097644426466 1.80502081128574
0.292478172267456 1.97768247202101
0.302011055457775 1.793588383194
0.292780686961914 1.9712162793403
0.294112028992099 1.94549784025113
0.299847777619816 1.83403562154942
0.297819919014581 1.8769769080193
0.287804632476364 2.06714805094303
0.304306254029804 1.74011960011299
0.300272760947994 1.82050457298983
0.302718618676982 1.78278973357077
0.289352637892386 2.04101818320337
0.291180626087807 2.0013501460446
0.296631697042335 1.89833398208607
0.294708157087067 1.94031093288321
0.298996593059593 1.84456574228665
0.294974339360633 1.93794232919757
0.307328933746054 1.68176662289819
0.291846900927198 1.98272455263812
0.286172954453224 2.09636637327105
0.289361746995153 2.04408962466171
0.293096695309161 1.96219397659014
0.304589353319043 1.73291113557253
0.293506721402496 1.9531832748013
0.303518595857955 1.75318918716765
0.299053474371729 1.8466472300019
0.303275328370611 1.75962070578336
0.295669633322414 1.92659807059651
0.295284068173781 1.92891655810812
0.307563224792028 1.68490632765007
0.297151200308181 1.89129754378215
0.296502647743073 1.90336067217024
0.28873436479798 2.05107412646273
0.295133447940572 1.92361382557475
0.300109750950983 1.83287857583174
0.289440135693405 2.05271815112938
0.299566858795147 1.8477328073985
0.295404412576097 1.92046381546557
0.29672971070187 1.89474115937746
0.294385187211554 1.94602908100643
0.298808240963274 1.85735376974722
0.296185844679778 1.90692881337768
0.293755825915794 1.9507035666384
0.296805935156169 1.89799880709121
0.300124919376687 1.83047545347455
0.300691460587858 1.81878203766364
0.30747199636313 1.67692118587998
0.304993942939304 1.73717480215732
0.304993893377155 1.72691666577351
0.300694584571145 1.81607225213584
0.296997382509177 1.89610786710919
0.281799280443454 2.19297378734144
0.292921884752849 1.96968740150286
0.295618380379465 1.91549084930363
0.294305938886852 1.948029398214
0.290473129407289 2.01528222096279
0.293646875846194 1.94787822298311
0.294893254348658 1.9302555955616
0.29336801268903 1.96382290540217
0.295237268723335 1.9327345865758
0.292501875279865 1.97966982969432
0.313945683426223 1.55685326691839
0.292080294238142 1.98899076831332
0.292897751734815 1.97136915348537
0.294332133239948 1.94231093293282
0.300260286183873 1.82463942233921
0.298471582399858 1.86703199351541
0.297008946104921 1.88240426446357
0.288805646919901 2.05450941702951
0.303582263654024 1.75800231925047
0.290440571623305 2.01591469621207
0.295163522985509 1.92484933913601
0.302207101898465 1.78347625035335
0.296609337387615 1.90560303626669
0.288069671778936 2.07089951266433
0.2913686764932 2.00432804410003
0.288082877610137 2.06200946822191
0.300051973203311 1.84271265775878
0.303234976170028 1.75971333482504
0.296375026818795 1.92082870251422
0.288120681565059 2.06438612872482
0.296992621736603 1.88924822105555
0.291139769818727 2.00976348963999
0.297570125011076 1.87947396055826
0.29741376128074 1.87883440224646
0.289329567703166 2.04740216563191
0.295836341302628 1.90886121632753
0.293983238453789 1.95490481705089
0.302042650111554 1.78618740046522
0.293185435213473 1.96804111701484
0.30209076996278 1.78073060241293
0.296185972151293 1.90214271009473
0.293889683510578 1.95686681372676
0.295222925902732 1.92530806860475
0.305722638772121 1.71219098965663
0.296971423580977 1.88923894129959
0.292407933117837 1.98552963950862
0.296398513659908 1.90947535099055
0.291518869347894 2.00796060645558
0.293569445353775 1.96734763003252
0.293731751825574 1.96026742843343
0.298303330589091 1.85776427780887
0.304668683379861 1.7443801744166
0.293828521328879 1.95655091726443
0.292722427862114 1.97377297430461
0.292938036793969 1.96834985570951
0.305136624354303 1.72103678229056
0.298258787695664 1.87077631095302
0.300733909284113 1.81502249186306
0.296941337870395 1.89904195028641
0.298187004039721 1.86630177767618
0.3033236486231 1.77401150406494
0.293642814376582 1.95646243880814
0.289063396067728 2.04739677417759
0.290135257971221 2.03089274159414
0.304100890996558 1.74624269360202
0.298203838366587 1.87118552545568
0.2949129621608 1.92869492365364
0.293889359296875 1.96298711077258
0.299142110288774 1.84415971490217
0.294088500746715 1.94611897814007
0.301069782509855 1.81075215140836
0.302511537569388 1.77311034583073
0.29703598456325 1.88407147075903
0.289982659909816 2.02224194740579
0.298973629050683 1.85558440218713
0.300089813667355 1.82889777106928
0.294188421202878 1.94255307599777
0.310147624501363 1.63844923938562
0.29324783081753 1.96826915294366
0.298071322875443 1.87519561458277
0.297195061233554 1.88090225729201
0.291286926865022 2.00660178998624
0.288554418684153 2.05809717191647
0.29793402141187 1.87510165171126
0.304826721206793 1.73928679191806
0.303536002648052 1.75994624585087
0.295004419647108 1.92612155103599
0.294660601320071 1.94034319469481
0.299616482336469 1.83783382433847
0.297020851605563 1.88173693368939
0.293166099667349 1.96511669212488
0.302698766416926 1.77621926652077
0.286999502233264 2.08831553497819
0.299699427732081 1.83845376404639
0.292389203049215 1.98990703619522
0.301339742772407 1.79731268046571
0.290492565823705 2.02079583704298
0.303478844407121 1.7579861693268
0.29946515050359 1.84005302942776
0.280392818066027 2.21883227735604
0.302256784458491 1.79405377616549
0.283963413613988 2.1587638452191
0.293520623136608 1.96435335796009
0.296653085771734 1.88338011602135
0.293878558992719 1.95189249388948
0.296497666231494 1.90605242588783
0.298875700412757 1.85685018799218
0.292474891715369 1.9769156727046
0.297272076046857 1.88208269708415
0.298749506138745 1.86367537690516
0.294706250397102 1.9328615485272
0.29022500413262 2.03134264820745
0.296843419689099 1.88838909361031
0.296769525516981 1.89691442306015
0.299177019768507 1.8422297951597
0.299025908913505 1.85407051609791
0.295656947860197 1.92001302927549
0.299060205629671 1.85391233131144
0.298901234664697 1.85999927882037
0.29184371448097 1.98937383584572
0.304704332350887 1.72803781843688
0.297735594341024 1.85704271795275
0.301530108294664 1.80049049078153
0.295517048181764 1.92145794773473
0.307027999595903 1.68707445482668
0.298699637371957 1.85211100289943
0.300421732463459 1.83699830322982
0.306237448970301 1.70853880404001
0.292999397251302 1.9661843925484
0.296992976587428 1.88531792236128
0.300864877260054 1.81766649495487
0.289602951627579 2.03714517828555
0.291522073698833 1.99118067708401
0.294774142920575 1.93484675690675
0.300502887039413 1.81517757202081
0.300228629682277 1.83559770361627
0.291322273461913 1.99958532197453
0.302385469705677 1.79307679522202
0.290423179105119 2.01536597826802
0.291645477429829 1.98991804579871
0.294687597823142 1.94135272522757
0.295168137391956 1.93079840774106
0.294104184318888 1.95068575543103
0.29812586518602 1.86859944440555
0.287564333038558 2.07636607676747
0.300353254768549 1.82096165963719
0.300766498843609 1.80632482387414
0.289798423467058 2.0326866336083
0.297318031371861 1.89074666739886
0.300048147784221 1.83495074503568
0.299862761484526 1.82247436466325
0.294205987374734 1.9529166978523
0.301127965433229 1.80233182482557
0.290406082022229 2.02577915567476
0.297555669828807 1.88043398044513
0.29029742562356 2.03295668795605
0.300941636944417 1.81115050953943
0.292856521490446 1.97083371803068
0.29555288960024 1.91245339139615
0.296382421253678 1.90229385791302
0.300418702156475 1.8357221264885
0.290835216555193 2.01407940229505
0.296087824455738 1.90473546165921
0.288799399962949 2.05540408195653
0.291483575072545 2.01759681523511
0.304934555686052 1.73259496757045
0.301436957046713 1.79519084740474
0.295393521752667 1.91701922292806
0.301396149881245 1.80728726805053
0.297939737665219 1.88733113327357
0.296414226628823 1.89974314775495
0.293483362547576 1.96105470002044
0.302473224081766 1.77604292845108
0.287658195452095 2.07843285290146
0.294470491369871 1.93908031104502
0.2935343925046 1.96940989898761
0.305825120051103 1.71628078353793
0.29653548069555 1.88952289503233
0.296138101049984 1.89598218084784
0.295701342001091 1.92158554541331
0.312687583720653 1.58499575933943
0.290497866209418 2.02414057662989
0.301099767718971 1.80629010039076
0.299921017253538 1.83451617104408
0.297885493437629 1.87053528502652
0.302349261672741 1.78617634074701
0.302501494634814 1.790884411963
0.302914085723718 1.77004072571631
0.297288062346844 1.86940310681561
0.29469204068547 1.94140864907528
0.296281185712592 1.9023777284344
0.309419675060913 1.63450283783089
0.284055903392571 2.14520412522321
0.294177553006516 1.94706469485282
0.29599164662863 1.90794439740334
0.291146751239826 2.00719018223055
0.29473169497611 1.93913974922183
0.286028719497089 2.09742490329109
0.29684515632966 1.89637100047013
0.295942799992876 1.91175726207731
0.305202590932022 1.72088606163644
0.302724157688189 1.77218885017163
0.291315147190086 1.99785596695678
0.29927391378768 1.83514313100492
0.297944874577927 1.8708692288817
0.295570347176829 1.9226049012156
0.295772339922274 1.90375998933415
0.294533821573303 1.93858452074551
0.302867787397889 1.78329990755381
0.295713944743796 1.91272068018904
0.294506164289638 1.94579614180653
0.306654987261408 1.69670470109412
0.295587341990072 1.91898932375695
0.300635637989142 1.81561501057179
0.304718515838633 1.7372316423568
0.284185690936407 2.1511486938894
0.296834592725986 1.89183175787373
0.287908141066781 2.06339848647927
0.299582632315775 1.8494432633731
0.292057797216373 1.98212504092441
0.293816835382554 1.97090760623662
0.286856815257887 2.09085589908894
0.308334530604724 1.65421348146972
0.297822058311132 1.86993600869287
0.29070601054675 2.01163708372202
0.30427414965272 1.74447946607344
0.289976806956394 2.03481746828926
0.294195751921397 1.94667252111111
0.292428189560953 1.99032011235829
0.295924172367864 1.9181457937084
0.2871809684847 2.08285414974993
0.293915671344716 1.94540592134198
0.294288461306006 1.95518733383677
0.281339584925411 2.1994505834032
0.299095342973945 1.83975125214818
0.284342690648184 2.1440687220551
0.296343978127434 1.90278729392154
0.302704271730711 1.77690762441306
0.296292301059366 1.91185237563378
0.297121910859873 1.88686112653206
0.286223163915047 2.09929050766092
0.287638212927009 2.06707302219269
0.306631590547371 1.68796675534459
0.302940102986209 1.76855871540576
0.298776696504317 1.84903249513528
0.300764726024809 1.81305486717999
0.297528996617435 1.88366417616108
0.295568282353009 1.9170077504447
0.294013015436036 1.94594369413913
0.301368833920335 1.7957430465278
0.295752464488674 1.91555328212933
0.293722061213633 1.95217378310122
0.295107689067776 1.9298614132373
0.298619836476811 1.86451857200008
0.311009522339394 1.61514863591644
0.291485920050581 1.99661326085617
0.29631101801919 1.90362501208669
0.296653277250652 1.8927993971237
0.281925586306356 2.18547560480757
0.303145611711581 1.77647316403637
0.298449656370378 1.86096236316748
0.291812774019986 1.98047627694878
0.293710687982244 1.96403121557723
0.311163542814871 1.60878736812549
0.306412935904175 1.70775122315368
0.285767091760686 2.115743430995
0.30040822827137 1.82252567827462
0.299780620833128 1.83136729040986
0.295426504941901 1.9289521260768
0.299048525069478 1.83949081240147
0.286264154176685 2.10477920042736
0.310013283252288 1.63488590634059
0.289771312846268 2.04677505800592
0.297172051384445 1.88701341952255
0.297713804441413 1.87015656237954
0.300790212567552 1.81864991091965
0.299115205137205 1.84976709524983
0.289029526895202 2.0471862337865
0.299644861229717 1.84421475982235
0.296286934680201 1.89072150609191
0.29233803410332 1.9797991336589
0.299639980817016 1.83137727869797
0.294531097560307 1.94043024975984
0.296076998836175 1.90771983687055
0.301084254594941 1.80860026852917
0.300217875125874 1.82193974391091
0.290449632382119 2.01698661159798
0.30346394068049 1.77294071195994
0.299989723656313 1.83916692038866
0.295018586147246 1.93421489759067
0.301999166381451 1.7905252378745
0.296028796497085 1.90706869792176
0.302640822252624 1.78160044678471
0.296831348855458 1.90488670802891
0.293399653206114 1.96062795867726
0.301793861785717 1.79320382270906
0.306707556321234 1.70236501020189
0.295957869745729 1.91041986834235
0.30231823210286 1.77988301266893
0.29894610107638 1.85455443230854
0.29535753644304 1.92147424563858
0.287147955876468 2.07727266963314
0.291414733144456 1.98881464545421
0.29493991309227 1.94176614423905
0.30099477712762 1.80875153335392
0.287874831678578 2.07992444349971
0.295851517389266 1.90762424303252
0.290409121120588 2.01875252796389
0.291348791469653 2.00273555824692
0.293881576175357 1.95073613201184
0.309148477282722 1.64958244324145
0.295547679612437 1.91275999233726
0.297768714067472 1.87817146179073
0.301261903399622 1.79940147408839
0.302165784320166 1.77729571522051
0.302971547731568 1.77120505426275
0.303625558959078 1.75082372998997
0.306805750176073 1.68907860698706
0.290988589967706 2.01946511810721
0.294200864073275 1.94289671502315
0.289588921900202 2.03341832483931
0.302853651110187 1.76761005471997
0.293251420954611 1.96819738381811
0.293660660681798 1.95245084726903
0.304175631756108 1.74035049534677
0.303451522485598 1.76042978421495
0.30006726794396 1.82810516388446
0.286063275645521 2.11105869058471
0.287770383971674 2.06600558146878
0.292957267303607 1.96803320570007
0.305927382428976 1.71450935216
0.295826189299049 1.91377444436109
0.304528827702375 1.74445782133613
0.293703911537091 1.94611293320453
0.300599321672598 1.80612433991458
0.295005648888091 1.92698766224363
0.302235437031505 1.77861891451329
0.29146943039112 2.00087678091092
0.305288291055819 1.71748281742013
0.301984663765159 1.7894674721715
0.295713763149708 1.91727160655482
0.293454627136495 1.96378262347819
0.297313420205007 1.89435051888815
0.299594885288054 1.84051608655575
0.298623233222419 1.86760778964418
0.310647700963367 1.61723126722263
0.295684005213499 1.92221417213616
0.313631850658637 1.57421431850258
0.29217038118816 1.98659973481904
0.294387012565545 1.93858970888715
0.299023207456465 1.84015836595475
0.293355269097377 1.9579024427414
0.29587415961029 1.91250476163722
0.293889221091109 1.94407366579134
0.292259103708724 1.99022364282798
0.302074624866819 1.79130776065035
0.291454453544929 1.98747203839554
0.288883980133642 2.0582020577339
0.301602507285067 1.78840860138634
0.298767727186015 1.85185501316184
0.30084377747661 1.81894497467788
0.299625979917302 1.84103574077359
0.302918522825682 1.76840712523995
0.29465512421497 1.93786499863687
0.294807798395809 1.94405382280816
0.289981367985665 2.03568468386726
0.297430370893954 1.88145255721216
0.294158925300126 1.9434645409054
0.287458968551899 2.08145160782651
0.293777387420679 1.94639260696718
0.297427558632511 1.87925917450102
0.286475264453631 2.10163190215813
0.300824235222922 1.80688413714387
0.285142137976242 2.12166125525914
0.295150722764521 1.92785492914537
0.293402643736793 1.95987903452843
0.297029751597158 1.88790570038166
0.293282366038103 1.96434334053356
0.294886414931662 1.93449809260826
0.29412299991219 1.9559887276724
0.301171052512474 1.80597231016984
0.294100765417299 1.94593746016306
0.295255099732266 1.92032073195827
0.294108128135317 1.94522528075706
0.292212261471339 1.97331296012447
0.300602078552319 1.81129175075669
0.303480779219678 1.75249673301935
0.290288851363047 2.02132299515377
0.296683473048186 1.89563781821577
0.296490471734042 1.89925024333882
0.293068287655974 1.96835372944191
0.298168083043449 1.85551976782184
0.288999020862074 2.04418527576798
0.298442861537686 1.85627539779303
0.300415129232556 1.81954361389402
0.301503181259427 1.80330368980872
0.300542572442964 1.81409307072092
0.290522611879219 2.02792269763862
0.299430797419553 1.84166080640664
0.285994162412375 2.10598433850748
0.29884158559299 1.85474289342438
0.29897201749575 1.85607511428146
0.293403350268534 1.96414945398982
0.308444513448368 1.66071720593223
0.297796795111547 1.8924777543541
0.291082441088485 2.01190075264935
0.298989254368845 1.85872667955482
0.287303577629066 2.090584674641
0.300378927647993 1.80433125317798
0.295607986943043 1.92137846490515
0.29610255174462 1.91201703982505
0.29662705394743 1.90520218114668
0.297090518663418 1.89447963714968
0.299721010198746 1.84987941132199
0.292338035286101 1.98339970161065
0.298404912022888 1.85834383495151
0.290860693594986 2.00114214057007
0.299157545640241 1.84631450454507
0.294217300240127 1.9472917776463
0.298832518929297 1.8471282123969
0.295833747854569 1.91006596910767
0.299419917767311 1.84596647575103
0.29563988879287 1.91315270304483
0.292400142075102 1.98565280308275
0.293889319370969 1.95757959759048
0.298277735601588 1.86117437342208
0.30138174212034 1.79202068479305
0.293150952399339 1.97170366989812
0.294424441972767 1.94131615326861
0.287895712335777 2.07863729463172
0.292426340229807 1.97801823975597
0.294162954610645 1.95661733941464
0.290491840184593 2.01954077079047
0.299057659441039 1.85925484871349
0.298495023475318 1.85695326358097
0.293093461649726 1.96572195505591
0.292310637694853 1.98716901382621
0.292016051213245 1.98495358377829
0.29735344898641 1.88705046596962
0.298746329911935 1.85679046184055
0.299741976240781 1.84053842898848
0.288709694567068 2.05639488033626
0.292257525836807 1.98698050335245
0.300362820839842 1.8280000896867
0.29522174300925 1.93627343223462
0.292664011757525 1.98015254461498
0.298249637843163 1.87271527243034
0.303395459945028 1.7579506257862
0.3039884041117 1.74888269864321
0.29875533982488 1.85308221374178
0.299733218883386 1.83171313191002
0.296153092320705 1.89803111949843
0.304999739318125 1.73861078874074
0.29688036558296 1.89701804398475
0.306470954551864 1.70922941798889
0.290219386449987 2.03634874857521
0.298367815017527 1.85584973744025
0.291766405467788 1.98037007991953
0.293624018692548 1.9536114597448
0.293981731351859 1.95731221742455
0.288687380245105 2.06499746239772
0.29248050418262 1.97320420709041
0.294233998485472 1.93924148938379
0.298274809952063 1.8673548684703
0.292949468576936 1.9690540383988
0.297259431702086 1.89046343177001
0.292679297410102 1.96681540118961
0.301091259466377 1.8026473744357
0.293157323795414 1.95552842397793
0.303327013446069 1.77072172561433
0.292476488978525 1.97292823311904
0.29609719271764 1.90717435997957
0.295256294865202 1.93159390181528
0.293505102920138 1.95172799660678
0.285665598819318 2.11406654884544
0.311484183028171 1.60092706113731
0.297169117671774 1.8861997116112
0.294423861955082 1.9398082193205
0.309796006782486 1.63005681394109
0.298307267623429 1.87047951940832
0.290689890673891 2.03123151790557
0.309100741285338 1.64908303143654
0.300810242851671 1.80689041837434
0.293130791236544 1.9657244126768
0.29617650187749 1.9075028088711
0.297318624553882 1.88173378888967
0.29777310973732 1.87546987060993
0.288479449864084 2.05961546523434
0.29966586638065 1.82501771696689
0.287027696971725 2.09204301143951
0.293308581360633 1.9561455402856
0.29065513227178 2.02312628231762
0.29173834295726 1.98873173764482
0.298192236220915 1.86101914370438
0.300411895823858 1.82269507292822
0.297436945067601 1.88800397595656
0.294241685252037 1.93976436525089
0.295631483538185 1.91379916681649
0.301305676483355 1.80048792419116
0.297002661250128 1.88714058906148
0.305608729367544 1.71504720298783
0.292769382288752 1.97544540221971
0.296351413106633 1.9024117172068
0.295791460343633 1.90961845718999
0.288237905146268 2.0609655654288
0.292306326678913 1.98945399045476
0.302145962630812 1.7799682180508
0.294076808788563 1.94753361479399
0.2923845052502 1.98124327234886
0.292617553233905 1.98933226903425
0.292264757167778 1.98473809910511
0.294074069441944 1.94172503233224
0.290700491068407 1.99619136595917
0.301280569396837 1.80995058285913
0.293619941208094 1.96971097407621
0.2933722055498 1.95580725310874
0.297052216828867 1.88356118738488
0.298344701530592 1.86391315444556
0.297814974419517 1.86957116524409
0.30368057401285 1.75376432906951
0.294341966357819 1.92907454509886
0.299748509886443 1.84090061533599
0.295160577265138 1.92124390984865
0.297699280542178 1.87976658495115
0.294690250227133 1.92868325899039
0.28859768571731 2.0584962535026
0.293520190331813 1.95740345244664
0.301644300021451 1.80156680897495
0.29070811714478 2.01846501453419
0.291922363863835 1.99257564525349
0.298035765158749 1.87330975094109
0.305139400064407 1.74068320841431
0.297976549627716 1.86507442723348
0.298413416992821 1.86844753242685
0.305955010333732 1.71067288282888
0.284960042215583 2.13319103596084
0.294985029934453 1.92969794300052
0.298988840794943 1.84800335705828
0.297085378871114 1.89031008592059
0.28890555445311 2.04244686997676
0.297717584927729 1.87609406121122
0.297700061444445 1.8742184342602
0.28245274062531 2.19158508772839
0.292797253915099 1.96623484001126
0.303123431660456 1.78005955918974
0.303146184784443 1.76388278300412
0.293570000230553 1.95187458672936
0.296992394776804 1.88094859050364
0.295726620368242 1.92307946563886
0.299922615480433 1.83058487977159
0.292076484773926 1.98574923031251
0.298913930003744 1.85301429341915
0.3002075207353 1.82783601209201
0.296420429563303 1.8948280516503
0.297018074623264 1.89595845234416
0.292926470737381 1.97431800696555
0.303212041793948 1.7601781528196
0.292528655393346 1.9889451680922
0.285374696944907 2.12192751790683
0.293875904545909 1.94943078324816
0.2996552721407 1.841271768723
0.289095510925617 2.04183039352315
0.2965457856166 1.89505109872223
0.285173543041432 2.1167307107872
0.298494005456803 1.86457184292053
0.298372006993159 1.86431282215319
0.290015635390138 2.02022510647792
0.29447227359689 1.94572367350156
0.29617968766592 1.90835952629217
0.293663271159921 1.95243712443996
0.28795370048906 2.05758941078244
0.2909718408088 2.01668477126193
0.301096976604058 1.81749520933031
0.294375480910404 1.94454866011151
0.294436844715223 1.94356052447591
0.299313494526547 1.84560632343426
0.290383307594249 2.02537004080042
0.299203835367572 1.85918501260459
0.290951066271294 2.01183491851705
0.30397793903333 1.74284833877106
0.293698950574736 1.96907562751986
0.28074887100046 2.22301938825435
0.293992394429 1.94709437583858
0.285670687194915 2.11321369640801
0.295384863751317 1.92063191132511
0.294578601967339 1.93214847679734
0.299377564163578 1.84620530984357
0.29434363420674 1.94973739084592
0.300422414972562 1.82513664555862
0.303748596213182 1.77135903057386
0.291653269002397 2.00173951510843
0.302982332726593 1.76940371044037
0.301550919538908 1.79641950561544
0.299315060085871 1.84978644873662
0.284623531890248 2.13680990879258
0.291181439317497 2.00813890091708
0.300411918530049 1.81897361810535
0.300656679134979 1.81782267801763
0.305165217706334 1.73188161943037
0.295747961482861 1.92208681915576
0.298390131109902 1.85541279276479
0.294267635026705 1.94352993770675
0.299540604915308 1.84408875103008
0.300838330512165 1.81385272265203
0.295468366005022 1.92082485506308
0.290516502725038 2.0103557821303
0.293152763018826 1.95737025831146
0.296365800112187 1.90217687746658
0.309962555654414 1.63759364153004
0.302633257540935 1.78271951143591
0.295646444540368 1.91411320272394
0.298480940759376 1.8590612156906
0.295616370666623 1.91083365409544
0.291591626291713 1.98810482752958
0.286883477365714 2.08758258311913
0.292047142333308 1.96664799430427
0.300178797243592 1.83180615645292
0.31031180104639 1.6290489224571
0.299940811652787 1.82713977271694
0.293224957142415 1.95074329495277
0.291530680032145 1.9939739970273
0.288924169636254 2.04344543681596
0.293316126633901 1.96935116916095
0.293895228004146 1.95259910341235
0.295224475350097 1.93621372139167
0.289432909772892 2.04304798974814
0.292799232366466 1.9810680172834
0.299165698928819 1.84647208835103
0.295861905865398 1.92166675857571
0.303533481553847 1.76354303267396
0.297587663138698 1.87132793001623
0.299326789201069 1.84282965767712
0.300724372517065 1.81804123282462
0.298813675356081 1.8587982008096
0.298495501428822 1.86505006548521
0.295013353077905 1.93192189250044
0.290428028612442 2.02424066201629
0.291143751244203 1.99833501315125
0.293720541176954 1.95630353903935
0.29623240131073 1.90816183456955
0.292170724149879 1.98281602463853
0.29398667399271 1.94659909233656
0.292648038729092 1.97581595555425
0.297581912497143 1.86979701733941
0.289291967394931 2.04031459629111
0.301946682148477 1.79126663754927
0.305762586041951 1.71121296843817
0.293702906626416 1.95670037985699
0.291985878202905 1.97767270136346
0.290891848401165 2.01119023628161
0.296661266199823 1.9032607667282
0.293161122695661 1.96472333603768
0.301292402984743 1.80856543992835
0.293564519646571 1.96070522555322
0.304477298458561 1.74624357380765
0.30024690174173 1.83413306547195
0.301705735615144 1.79997218808853
0.29365366362386 1.96794019079966
0.289667046944402 2.04252342902531
0.293650143019703 1.96250081130673
0.289590162752891 2.02766378845896
0.302263266657594 1.78611796384465
0.299842188493035 1.82459632352586
0.295358461516925 1.92020992871959
0.298164138332266 1.85290764024782
0.307688158073695 1.66598479155318
0.300370809578158 1.82951785679671
0.292339333414693 1.98211807352317
0.297036156713699 1.89121129472808
0.296071052679195 1.90899220631032
0.292133863842884 1.98442589815328
0.30313368915186 1.76780353706584
0.301508366387783 1.80957174671866
0.296659224546762 1.89448540962123
0.292524561470603 1.97648595005572
0.293782438276037 1.94220401504299
0.300630844929103 1.81135522090425
0.286377586020423 2.09498898565627
0.295917055695349 1.91160429417929
0.285262044477915 2.11822985203642
0.29638520838921 1.90228379867465
0.304812498707257 1.74049498219215
0.287047141341069 2.09553337167355
0.301043434426363 1.81736471440329
0.298609598104846 1.86644096745718
0.291351651672466 1.99393778867201
0.289201905174005 2.04461998494534
0.288771691365398 2.05277655887358
0.294862454759768 1.93650461236501
0.294510466574047 1.9402125026092
0.30112399895749 1.80804721012151
0.30062991893654 1.82060305758204
0.303580980241256 1.76344516064094
0.300585132317425 1.81548681363173
0.293673516841071 1.96414236586208
0.299782523950783 1.84276137155503
0.300549293424829 1.81646498562125
0.30163885250422 1.80111113443099
0.283591960660095 2.16390393788698
0.292662359365074 1.97432483451735
0.295693989227045 1.91295990884066
0.281096082330061 2.19981749791226
0.302000161150259 1.79064319154149
0.304545238480314 1.73246911360501
0.306816508785795 1.7010460989919
0.294377224241968 1.93947459476687
0.297404525447104 1.87345450034446
0.298404204252936 1.86218863704841
0.301327080449784 1.79928647652166
0.301886012016867 1.79234737177776
0.290632200494846 2.010685531742
0.298478241723504 1.8543264843403
0.295308945589785 1.92254380942856
0.289148378763013 2.0520357745224
0.295170757923977 1.9267783957358
0.297176112017652 1.88680415979112
0.298113869713779 1.86436635455178
0.295218915711478 1.91950341529215
0.29498926375758 1.9273939788349
0.296429086125304 1.90293919369652
0.291597558041624 1.98652127561374
0.304320049863313 1.74821949261106
0.291905617366285 1.99350959121445
0.287879388353118 2.0773983145092
0.289764420393833 2.04457241773798
0.294347851726527 1.95306628724679
0.289535711360804 2.02210710986067
0.302596967911806 1.76736773331809
0.307296235991882 1.68278560167222
0.288358056809295 2.06113076624084
0.303217133180273 1.7766729327373
0.298729451162841 1.86052682845196
0.295380314195639 1.92969477226717
0.301094211104915 1.81383047164911
0.30585680635175 1.70915947782775
0.291124005748825 2.0065081254865
0.303230832723994 1.76410291716323
0.304050388204476 1.74820623046287
0.288024931945916 2.07884306622887
0.289305609045287 2.04454640645848
0.304936614970796 1.73723649251997
0.288391797641442 2.06860738569606
0.289673419928209 2.0377237219064
0.297505727236823 1.89103723263457
0.306620634489241 1.70108609366257
0.296134670907608 1.90421278548996
0.291367097342314 2.00221175518898
0.302408736242114 1.77857849661728
0.303203818465817 1.75947495286342
0.290689984665537 2.00740864705499
0.299381676701398 1.84109445293189
0.294845760635274 1.92903477520603
0.300892316639789 1.82063330587267
0.294634852193028 1.94356572489031
0.300688024590431 1.82300725362065
0.29166625404231 2.00814981086902
0.299826818490242 1.82853315799658
0.298239741498847 1.86545172382966
0.289060874798288 2.05278947115671
0.300295520233872 1.81465762769989
0.291924534893643 1.98945951365805
0.307157814386116 1.68629114657592
0.296092685928907 1.91344104292615
0.30572905083336 1.72493784008139
0.302306649408096 1.77966131079092
0.308272073432769 1.66787209947076
0.29142827274285 2.00719786691762
0.291087898933358 2.00292885178204
0.30091954392453 1.81808442223078
0.293438590456051 1.96209858211023
0.289149840794453 2.05078655594216
0.296243324298467 1.89941867409805
0.297117253755059 1.88974468494332
0.309167691906531 1.64951934558616
0.298567665991148 1.85946703401577
0.284540296085228 2.13252374554774
0.299877154229682 1.82681332796432
0.297518439992254 1.88620918377617
0.292067092405307 1.99048663675155
0.288362276568531 2.05992304363839
0.289488285019382 2.03797412126429
0.300119587984742 1.81584422876631
0.290121289577837 2.03936418637265
0.302276571443432 1.78936215131385
0.297778303826621 1.87631305083654
0.295262872654532 1.92577905832189
0.300268442851839 1.83180037754362
0.297092561240846 1.88373283831258
0.292087778220894 1.99524133486739
0.295419361492949 1.92415881980783
0.292547639731673 1.97908274387086
0.295784695989375 1.91865836710207
0.294102989492425 1.95464712502845
0.296902040718754 1.89396886974355
0.289006396820191 2.04950617196414
0.300181036907573 1.82860900292055
0.298498019196048 1.87070144045415
0.295773631592561 1.9122724968425
0.299939784614992 1.84026168771046
0.30198235583169 1.78908834351242
0.294806571696995 1.9345676900812
0.275896610215948 2.31143852128758
0.29845440808824 1.85079818579399
0.287094050057736 2.08553526332507
0.293062980095322 1.97533153917115
0.298435840440759 1.86225642900036
0.288268019117891 2.0512461455413
0.300460865590615 1.81756876055423
0.293890361656045 1.95485482878116
0.290855986215016 2.00597596824344
0.286948585658793 2.09372234094284
0.297297044142327 1.88399815291292
0.298178063244677 1.86456325382292
0.292298153405272 1.980191198611
0.299300744509281 1.84503434088552
0.297770364180798 1.87343625902509
0.298187554477238 1.86347428517754
0.296630548094275 1.90808885478784
0.2950189738208 1.93700026015098
0.288322853087076 2.07517233377715
0.293367692360851 1.96385101147583
0.293394270904659 1.96246153494886
0.296474844577191 1.91083838530614
0.303508211631913 1.75747202799837
0.294458087916739 1.93590242212882
0.292897329107457 1.96857138989235
0.292093250732341 1.99637636982267
0.285628542618179 2.12489240796689
0.299236511140218 1.84128282287555
0.302158362166521 1.80113476335964
0.298162887270731 1.88119286360621
0.297859138750332 1.86652250835418
0.30386502472934 1.75439728322484
0.293949803957501 1.95559144865152
0.289770122585783 2.02495658511552
0.296863846497126 1.9000170901742
0.287180123919664 2.10086568682109
0.304617270345419 1.73397715741757
0.298086154501853 1.86445098238436
0.299162309491778 1.85753366888764
0.293517800612456 1.95183526140363
0.290622964673613 2.01479616592375
0.301671086224715 1.79642793822154
0.29074774773873 2.02234317393985
0.293655102827029 1.95542098015782
0.297728421150126 1.87737844614388
0.291215168656534 2.00581464449351
0.306588900311151 1.70063452437182
0.294871251073435 1.93215626328172
0.300827952282281 1.81593693832217
0.292860692629886 1.97633217790366
0.300804820846922 1.8096923403584
0.293306046276746 1.95774957576735
0.2966903455971 1.89981668772543
0.291465339335735 1.98972690779534
0.304094696561315 1.74847826998422
0.298767343621625 1.86338341713531
0.303623392681123 1.76589534306964
0.302541260750259 1.7845643872586
0.298434142212473 1.85747699780444
0.291979657383055 1.9858418189173
0.298095822793886 1.87474930535686
0.289948614157773 2.01667722834427
0.307795401986074 1.68609762723176
0.296223372622448 1.91143758004081
0.295771191119571 1.92358305855219
0.294857728011891 1.92928744996763
0.299632350085183 1.83985844205871
0.289536005809047 2.03994658690344
0.299098876813724 1.83757116625403
0.292686005065216 1.97185964344423
